89.860016 44.767693 42.562141 42.690243 52.497864 0.000000 
91.322968 58.205463 60.138901 53.987907 47.100819 0.000000 
86.602852 48.517143 50.556786 59.690334 49.377106 0.027976 
85.073410 60.949005 58.409725 53.729382 52.084469 0.027976 
84.246353 54.028328 57.466381 55.631821 48.026623 0.000000 
88.922394 46.951263 49.075665 51.094181 45.226341 0.019782 
86.499863 47.237343 43.574532 44.479301 53.300327 0.027976 
83.351868 42.370712 38.238495 45.078430 55.001431 0.000000 
87.766426 42.463638 31.965250 31.512091 41.071484 0.039565 
88.851334 50.100224 46.198677 44.509541 41.997158 0.027976 
82.225090 39.729042 36.929119 42.178913 57.119801 0.000000 
85.907288 62.666012 62.568531 68.684143 48.896061 0.000000 
89.493111 49.740551 46.652943 39.946785 43.587158 0.027976 
90.434433 85.004883 92.197472 78.308815 53.873051 0.000000 
89.078903 61.509472 51.608070 54.229271 51.926868 0.034264 
87.678841 97.938232 89.710388 80.396225 68.545403 0.000000 
87.731110 43.145733 44.893200 47.531010 52.317730 0.000000 
85.444656 89.039474 79.680939 66.500298 53.076714 0.027976 
93.475197 38.083904 37.224274 39.155014 43.982533 0.000000 
85.837135 78.574402 76.077446 78.565987 59.259811 0.000000 
86.728195 39.720848 41.595303 39.751122 43.771008 0.027976 
80.879692 48.899616 46.517563 45.468273 49.700981 0.019782 
82.347420 43.964935 40.153141 42.915215 44.849472 0.034264 
89.103958 60.496143 57.745857 62.334751 55.752766 0.027976 
82.457870 57.034344 60.122303 54.057819 53.271004 0.019782 
82.558418 47.828743 37.978756 42.312542 41.781479 0.019782 
85.109138 34.168129 40.191872 39.953308 44.383591 0.019782 
86.933197 43.106270 50.438572 49.873959 44.706043 0.000000 
86.743187 64.492172 60.381424 69.825195 41.653851 0.000000 
88.668007 49.380928 47.061028 44.713017 49.898884 0.000000 
87.679161 55.190746 56.472294 49.843323 51.546276 0.000000 
87.926178 80.426132 72.255203 62.010967 42.824215 0.027976 
92.592094 46.040543 52.956867 49.773388 45.719173 0.039565 
92.446304 62.630402 58.581203 58.777657 57.716152 0.039565 
91.647980 69.501610 72.229942 70.455826 54.105091 0.039565 
82.650604 68.514099 61.575600 54.179459 52.282925 0.027976 
87.668503 55.351730 58.632092 58.463997 61.872200 0.000000 
84.306763 52.482918 44.935551 45.995277 42.978283 0.019782 
85.206955 48.815639 43.755016 38.990940 43.874939 0.000000 
86.529129 53.644970 47.996704 48.893272 44.963047 0.019782 
83.727699 72.231773 62.952168 57.509438 45.654560 0.000000 
98.467339 40.985107 34.578060 38.914028 47.477989 0.000000 
83.542984 49.437321 53.285278 51.612602 44.420994 0.000000 
84.481621 69.254196 62.366611 62.743469 51.385159 0.019782 
90.282845 44.850067 48.013443 50.971397 48.947861 0.000000 
93.570709 50.732647 52.101856 49.320126 57.403996 0.000000 
87.541718 44.790840 45.218079 45.940334 39.870010 0.034264 
84.472092 37.855999 33.097500 32.773975 38.467236 0.000000 
86.326546 59.304993 62.032356 66.417953 54.505680 0.000000 
82.889900 45.211155 33.893620 38.163025 41.978962 0.027976 
