32052.214844 1997.961792 1895.781494 1444.794189 553150.562500 
5310.473145 1867.487061 1747.861816 1334.603638 485187.656250 
8962.072266 1972.481567 1711.214233 1722.689453 558399.375000 
8384.075195 1512.168579 1477.446655 1196.469727 427550.437500 
13315.607422 1526.581177 1555.613403 1043.675171 450523.781250 
8310.199219 1314.866089 887.290649 685.898315 348967.031250 
9325.066406 1423.010864 881.944336 638.128967 359988.343750 
11516.008789 1328.039429 1186.601440 986.194275 415838.968750 
2160.550293 1186.358643 803.168701 797.322449 185239.687500 
7648.508301 1372.191406 1021.776123 763.679138 362629.500000 
3544.404297 2256.277588 1450.466309 1680.051392 425673.343750 
5378.750488 1116.357056 1051.761597 735.159485 327087.156250 
18229.841797 1590.834717 1142.800537 781.231445 385181.906250 
27956.859375 1609.105591 1279.618164 1113.332031 428003.437500 
4397.091797 1756.636475 1413.058838 1089.645630 399640.750000 
35776.515625 1242.708252 995.102905 633.410156 374902.312500 
19593.394531 2395.449707 1543.721313 1109.244385 431447.812500 
13169.840820 1530.219727 1063.179321 765.957825 354913.468750 
17277.187500 1290.446289 990.993469 737.540527 357854.125000 
6367.527832 1602.990845 1875.530884 1390.958130 446491.250000 
