30788702.000000 2029.560547 1779.104126 8445740.000000 122265.664062 
34188568.000000 2988.867188 1494.883179 9317925.000000 92908.968750 
34179896.000000 1862.375000 1428.683105 7775886.000000 175051.531250 
33747492.000000 2486.791260 1783.274902 8899127.000000 183055.437500 
30921310.000000 708.723328 1617.464111 9022127.000000 92134.609375 
42029272.000000 1493.633301 1544.084595 8521936.000000 141055.609375 
31238286.000000 1063.536255 1011.585449 9544398.000000 85787.992188 
32021606.000000 1656.106934 1373.190063 7821063.500000 173621.609375 
36195328.000000 2034.342285 1609.458252 8227587.500000 141031.781250 
38433176.000000 822.720215 852.227966 266839.156250 86162.492188 
35766744.000000 1189.166016 1721.669312 10327717.000000 121132.273438 
34418364.000000 1019.328125 1255.413818 9422848.000000 103277.085938 
32232154.000000 1284.027100 1118.579956 5677768.500000 128538.445312 
28493498.000000 1452.468140 2838.928223 7031423.500000 152374.468750 
31122598.000000 914.938232 1336.564819 5701555.500000 102480.328125 
33848056.000000 702.738770 1114.907349 9031604.000000 155061.515625 
42932900.000000 1347.822632 1884.350586 8199675.500000 144986.765625 
34143988.000000 1708.153931 1174.277344 4843703.500000 144727.125000 
41258292.000000 1992.098511 1509.133301 8496619.000000 80756.445312 
32229088.000000 1454.846680 2007.669922 10571531.000000 139701.953125 
