Episode: 1: [[0. 0. 0.]
 [0. 0. 0.]
 [0. 0. 0.]] 
Episode: 2: [[ 0.0003  0.0003  0.0003]
 [ 0.0003  0.0003 -0.0003]
 [-0.0003 -0.0003 -0.0003]] 
Episode: 3: [[ 2.1915135e-04  2.5147101e-04  2.5749081e-04]
 [ 5.4404413e-04  9.4455769e-05 -1.5682180e-04]
 [-1.0132765e-04 -1.6773543e-04 -1.8361748e-04]] 
Episode: 4: [[2.19275389e-05 3.91788140e-04 2.69911718e-04]
 [7.67657300e-04 1.01368314e-04 5.53156424e-05]
 [1.30016531e-04 4.72036336e-05 2.61435343e-05]] 
Episode: 5: [[-0.00021446  0.00047078  0.00013147]
 [ 0.00101938  0.0002715   0.00029235]
 [ 0.00038679  0.00027958  0.00026376]] 
Episode: 6: [[-0.0004014   0.00063163  0.00013514]
 [ 0.00122896  0.00043153  0.00050757]
 [ 0.000532    0.00048336  0.00044841]] 
Episode: 7: [[-0.00055659  0.00080075  0.00016594]
 [ 0.00140924  0.0005705   0.00069362]
 [ 0.00064478  0.00065511  0.00060168]] 
Episode: 8: [[-0.0006698   0.00099394  0.00024612]
 [ 0.00157602  0.00069735  0.00085385]
 [ 0.00075037  0.00079941  0.00072953]] 
Episode: 9: [[-0.00074713  0.001195    0.00035338]
 [ 0.0017116   0.00079649  0.00098339]
 [ 0.00082375  0.00091135  0.00082024]] 
Episode: 10: [[-0.00080113  0.00139696  0.00047376]
 [ 0.00183633  0.00088361  0.00109594]
 [ 0.00088939  0.00100567  0.00089434]] 
Episode: 11: [[-0.00084357  0.00160948  0.0006097 ]
 [ 0.00196173  0.0009792   0.00120988]
 [ 0.00095253  0.00110601  0.00096925]] 
Episode: 12: [[-0.00086365  0.00183052  0.00076308]
 [ 0.00205848  0.00104711  0.00129879]
 [ 0.00098217  0.00117704  0.00101258]] 
Episode: 13: [[-0.00086036  0.00205553  0.00093031]
 [ 0.00214295  0.00109861  0.00137167]
 [ 0.00099828  0.00123112  0.00103801]] 
Episode: 14: [[-0.00083949  0.00228528  0.00110967]
 [ 0.00219661  0.00113614  0.00142815]
 [ 0.00096854  0.00126683  0.00103538]] 
Episode: 15: [[-0.00080052  0.00252384  0.00129968]
 [ 0.00225     0.00120325  0.00148634]
 [ 0.00093235  0.00130522  0.00102777]] 
Episode: 16: [[-0.00075229  0.00275828  0.00150012]
 [ 0.00228661  0.00124709  0.00152227]
 [ 0.00088377  0.00132083  0.00100188]] 
Episode: 17: [[-0.00067305  0.00301642  0.00173235]
 [ 0.00228483  0.00126668  0.00153364]
 [ 0.00085433  0.00130818  0.00097303]] 
Episode: 18: [[-0.00054683  0.00329286  0.00198935]
 [ 0.00236269  0.00129777  0.00153847]
 [ 0.00093176  0.00127453  0.00092488]] 
Episode: 19: [[-0.00042135  0.00356115  0.00223693]
 [ 0.00242935  0.00132736  0.00154164]
 [ 0.00098622  0.00123844  0.00086808]] 
Episode: 20: [[-0.00030502  0.00380579  0.00246227]
 [ 0.00248949  0.0013704   0.00154365]
 [ 0.00102842  0.00120104  0.00080789]] 
Episode: 21: [[-0.00018699  0.0040526   0.00267158]
 [ 0.00251215  0.00144521  0.00156265]
 [ 0.00098472  0.00115563  0.00071379]] 
Episode: 22: [[-6.9949558e-05  4.2890883e-03  2.8744042e-03]
 [ 2.5269948e-03  1.5288903e-03  1.5786523e-03]
 [ 9.3061593e-04  1.1090121e-03  6.1170891e-04]] 
Episode: 23: [[4.2935280e-06 4.4554654e-03 3.0175745e-03]
 [2.5291138e-03 1.5557768e-03 1.5656716e-03]
 [9.0044190e-04 1.0404583e-03 5.2165746e-04]] 
Episode: 24: [[5.5280008e-05 4.6074302e-03 3.1414623e-03]
 [2.5439532e-03 1.6239873e-03 1.5917250e-03]
 [8.7040075e-04 1.0204790e-03 4.8937055e-04]] 
Episode: 25: [[0.00011302 0.00476088 0.00326776]
 [0.00258097 0.00169653 0.00162774]
 [0.0008611  0.00101436 0.00047721]] 
Episode: 26: [[0.00015678 0.00490003 0.00337471]
 [0.00257517 0.00171739 0.00164645]
 [0.00080367 0.00098761 0.00044132]] 
Episode: 27: [[0.0001812  0.0050247  0.00343128]
 [0.00266154 0.00186073 0.0017244 ]
 [0.00085894 0.00102915 0.00045125]] 
Episode: 28: [[0.00020381 0.00512685 0.00347542]
 [0.00271415 0.00198956 0.0017826 ]
 [0.00088177 0.00105016 0.00043567]] 
Episode: 29: [[0.00019977 0.00520635 0.00349732]
 [0.00277435 0.00213398 0.00186421]
 [0.00090764 0.00109952 0.0004457 ]] 
Episode: 30: [[0.00018451 0.00527392 0.00351923]
 [0.00287711 0.0022906  0.00196186]
 [0.00099482 0.00118328 0.0005191 ]] 
Episode: 31: [[0.00023102 0.00542472 0.00362272]
 [0.0030303  0.00249401 0.00210536]
 [0.00109938 0.00130696 0.00062543]] 
Episode: 32: [[0.00023193 0.00554951 0.00369268]
 [0.00313999 0.0027049  0.00224667]
 [0.00115628 0.00142851 0.00071797]] 
Episode: 33: [[0.00018266 0.00559151 0.0036887 ]
 [0.00323552 0.00292053 0.00239354]
 [0.00122353 0.0015678  0.00082928]] 
Episode: 34: [[0.00011432 0.0056106  0.00366003]
 [0.00327774 0.00313499 0.0025192 ]
 [0.00123523 0.00167857 0.00088684]] 
Episode: 35: [[1.6641687e-05 5.5708964e-03 3.5879293e-03]
 [3.3300761e-03 3.3164416e-03 2.6324166e-03]
 [1.2874600e-03 1.7957665e-03 9.6750847e-04]] 
Episode: 36: [[-9.6408257e-05  5.5185580e-03  3.5261519e-03]
 [ 3.3842577e-03  3.4874259e-03  2.7337675e-03]
 [ 1.3589201e-03  1.9148107e-03  1.0513793e-03]] 
Episode: 37: [[-0.00020476  0.0054871   0.00347968]
 [ 0.0034519   0.00362897  0.0028398 ]
 [ 0.00144233  0.00203358  0.0011639 ]] 
Episode: 38: [[-0.00031923  0.00542763  0.00341638]
 [ 0.0035251   0.00375385  0.00293579]
 [ 0.00154502  0.00215289  0.00128604]] 
Episode: 39: [[-0.00044069  0.00534823  0.00333487]
 [ 0.00356481  0.0038535   0.00300803]
 [ 0.00161624  0.00224731  0.00138205]] 
Episode: 40: [[-0.00055825  0.00526753  0.00325319]
 [ 0.00359929  0.00394688  0.00307592]
 [ 0.00168116  0.00233838  0.00147222]] 
Episode: 41: [[-0.00065171  0.0051795   0.00317164]
 [ 0.003618    0.00408816  0.00312911]
 [ 0.00170462  0.00238347  0.00146354]] 
Episode: 42: [[-0.00074227  0.00508352  0.00308715]
 [ 0.00364987  0.00423303  0.00319784]
 [ 0.00173458  0.00245449  0.00147548]] 
Episode: 43: [[-0.00081245  0.00501246  0.00303522]
 [ 0.00370318  0.00433108  0.00324468]
 [ 0.0018005   0.00250549  0.00151549]] 
Episode: 44: [[-0.00088397  0.0049287   0.00298083]
 [ 0.00376144  0.00442921  0.00328905]
 [ 0.00187818  0.00256658  0.00156493]] 
Episode: 45: [[-0.0009137   0.00489766  0.00298309]
 [ 0.00390863  0.00456594  0.00340125]
 [ 0.0020318   0.00269644  0.00170263]] 
Episode: 46: [[-0.0009419   0.00485584  0.0029809 ]
 [ 0.00403407  0.0046813   0.00348367]
 [ 0.00217092  0.0027951   0.00181698]] 
Episode: 47: [[-0.00114593  0.00505713  0.00277814]
 [ 0.00383268  0.0044805   0.0032814 ]
 [ 0.0019719   0.00259272  0.00161521]] 
Episode: 48: [[-0.00133246  0.00523908  0.00259293]
 [ 0.00364983  0.0042975   0.00309767]
 [ 0.00179157  0.00240884  0.00143219]] 
Episode: 49: [[-0.00150473  0.00540292  0.00242323]
 [ 0.00348332  0.00413077  0.00293061]
 [ 0.00162735  0.00224168  0.00126579]] 
Episode: 50: [[-0.00165766  0.00555601  0.0022714 ]
 [ 0.00333161  0.00397912  0.00277848]
 [ 0.00147686  0.0020895   0.00111401]] 
Episode: 51: [[-0.00179648  0.00569543  0.00213373]
 [ 0.00319382  0.00384147  0.00264029]
 [ 0.00134019  0.00195124  0.0009761 ]] 
Episode: 52: [[-0.00192476  0.00582304  0.00200847]
 [ 0.00306906  0.00371463  0.00251518]
 [ 0.00121624  0.00182576  0.00085183]] 
Episode: 53: [[-0.00203326  0.00594424  0.00189956]
 [ 0.00295717  0.00359915  0.00240162]
 [ 0.00110696  0.00171172  0.00073923]] 
Episode: 54: [[-0.0021292   0.00605529  0.00180192]
 [ 0.00285602  0.00349392  0.00229844]
 [ 0.00100882  0.00160814  0.0006371 ]] 
Episode: 55: [[-0.00221682  0.00615454  0.00171232]
 [ 0.00276405  0.00339837  0.00220465]
 [ 0.00091958  0.00151404  0.00054411]] 
Episode: 56: [[-0.00229955  0.00624283  0.00162981]
 [ 0.00268061  0.00331344  0.0021198 ]
 [ 0.00083791  0.00142882  0.00045983]] 
Episode: 57: [[-0.00237503  0.00632257  0.00155464]
 [ 0.00260512  0.00323618  0.00204284]
 [ 0.0007649   0.00135154  0.00038374]] 
Episode: 58: [[-0.00244052  0.00639915  0.00148903]
 [ 0.00253808  0.00316575  0.00197361]
 [ 0.00070157  0.00128177  0.00031568]] 
Episode: 59: [[-0.00250233  0.00646656  0.00142798]
 [ 0.0024764   0.00310171  0.00191032]
 [ 0.00064213  0.00121812  0.00025291]] 
Episode: 60: [[-0.00255527  0.00653494  0.00137687]
 [ 0.00242326  0.00304827  0.00185529]
 [ 0.00059097  0.00116185  0.0001996 ]] 
Episode: 61: [[-0.00260591  0.00659537  0.00132882]
 [ 0.00237636  0.0030014   0.00180656]
 [ 0.00054678  0.00111177  0.00015301]] 
Episode: 62: [[-0.00265318  0.00665162  0.00128532]
 [ 0.00233549  0.00296283  0.00176377]
 [ 0.00050934  0.00106728  0.00011223]] 
Episode: 63: [[-2.6885576e-03  6.6981995e-03  1.2514433e-03]
 [ 2.3060106e-03  2.9414413e-03  1.7324010e-03]
 [ 4.7990654e-04  1.0328235e-03  8.2188359e-05]] 
Episode: 64: [[-2.7223153e-03  6.7385188e-03  1.2191914e-03]
 [ 2.2793103e-03  2.9204388e-03  1.7039130e-03]
 [ 4.5302807e-04  1.0013045e-03  5.5352015e-05]] 
Episode: 65: [[-2.7647025e-03  6.7626070e-03  1.1799084e-03]
 [ 2.2512993e-03  2.9006300e-03  1.6768225e-03]
 [ 4.1981929e-04  9.7207900e-04  2.9001534e-05]] 
Episode: 66: [[-2.8159029e-03  6.7678364e-03  1.1334979e-03]
 [ 2.2164693e-03  2.8838990e-03  1.6520203e-03]
 [ 3.5518664e-04  9.4658730e-04 -6.1159299e-06]] 
Episode: 67: [[-2.8528485e-03  6.7805713e-03  1.0997707e-03]
 [ 2.1867924e-03  2.8661082e-03  1.6301466e-03]
 [ 2.9885294e-04  9.2361047e-04 -3.6817339e-05]] 
Episode: 68: [[-2.8829530e-03  6.7932382e-03  1.0709029e-03]
 [ 2.1616048e-03  2.8519083e-03  1.6111344e-03]
 [ 2.5099303e-04  9.0341922e-04 -6.3656982e-05]] 
Episode: 69: [[-2.9060880e-03  6.8072691e-03  1.0470035e-03]
 [ 2.1389630e-03  2.8351578e-03  1.5940968e-03]
 [ 2.0534411e-04  8.8494981e-04 -8.7966349e-05]] 
Episode: 70: [[-3.1512796e-03  6.5620784e-03  8.0181187e-04]
 [ 2.3841506e-03  3.0803485e-03  1.8392870e-03]
 [-3.9848412e-05  1.1301395e-03  1.5720807e-04]] 
Episode: 71: [[-0.00337359  0.00633977  0.0005795 ]
 [ 0.00260645  0.00330265  0.00206159]
 [-0.00026216  0.00135244  0.0003795 ]] 
Episode: 72: [[-0.00357513  0.00613823  0.00037796]
 [ 0.00280799  0.00350419  0.00226313]
 [-0.0004637   0.00155398  0.00058103]] 
Episode: 73: [[-0.00375782  0.00595553  0.00019527]
 [ 0.00299068  0.00368689  0.00244582]
 [-0.00064639  0.00173667  0.00076371]] 
Episode: 74: [[-3.9234194e-03  5.7899384e-03  2.9672548e-05]
 [ 3.1562732e-03  3.8524806e-03  2.6114176e-03]
 [-8.1198761e-04  1.9022684e-03  9.2929084e-04]] 
Episode: 75: [[-0.00407351  0.00563951 -0.00012048]
 [ 0.00330675  0.00400253  0.00276151]
 [-0.00096184  0.0020524   0.00108074]] 
Episode: 76: [[-0.00420952  0.00550319 -0.00025656]
 [ 0.00344311  0.00413852  0.00289753]
 [-0.00109764  0.00218846  0.001218  ]] 
Episode: 77: [[-0.00433278  0.00537966 -0.00037987]
 [ 0.00356668  0.00426175  0.00302079]
 [-0.0012207   0.00231175  0.00134238]] 
Episode: 78: [[-0.00444446  0.00526772 -0.00049161]
 [ 0.00367864  0.0043734   0.00313248]
 [-0.00133221  0.00242346  0.00145502]] 
Episode: 79: [[-0.00454565  0.00516631 -0.00059284]
 [ 0.00378007  0.00447456  0.00323366]
 [-0.00143324  0.00252467  0.00155708]] 
Episode: 80: [[-0.00463732  0.00507443 -0.00068455]
 [ 0.00387197  0.00456621  0.00332534]
 [-0.00152477  0.00261636  0.00164954]] 
Episode: 81: [[-0.00472033  0.00499122 -0.00076761]
 [ 0.00395535  0.00464923  0.00340841]
 [-0.00160762  0.00269948  0.00173411]] 
Episode: 82: [[-0.00479554  0.00491583 -0.00084286]
 [ 0.00403078  0.00472441  0.00348363]
 [-0.0016827   0.00277472  0.00181026]] 
Episode: 83: [[-0.00486366  0.00484754 -0.00091102]
 [ 0.00409909  0.00479251  0.00355176]
 [-0.0017507   0.00284288  0.00187924]] 
Episode: 84: [[-0.00513318  0.00511443 -0.00118057]
 [ 0.00383129  0.00452569  0.00328409]
 [-0.00201866  0.00257515  0.0016114 ]] 
Episode: 85: [[-0.00537727  0.00535615 -0.0014247 ]
 [ 0.00358875  0.00428399  0.00304166]
 [-0.00226134  0.00233268  0.00136884]] 
Episode: 86: [[-0.00559834  0.00557502 -0.00164581]
 [ 0.00336911  0.00406515  0.00282213]
 [-0.00248111  0.0021131   0.00114917]] 
Episode: 87: [[-0.00579853  0.00577322 -0.00184603]
 [ 0.00317022  0.00386695  0.00262333]
 [-0.00268011  0.00191427  0.00095026]] 
Episode: 88: [[-0.0055247   0.00604724 -0.00157217]
 [ 0.00344387  0.00414073  0.002897  ]
 [-0.00240651  0.0021879   0.00122387]] 
Episode: 89: [[-0.00527678  0.00629533 -0.00132422]
 [ 0.00369163  0.00438861  0.00314477]
 [-0.00215879  0.00243563  0.00147159]] 
Episode: 90: [[-0.00505233  0.00651993 -0.00109975]
 [ 0.00391594  0.00461302  0.00336909]
 [-0.00193453  0.00265991  0.00169586]] 
Episode: 91: [[-0.00484915  0.00672325 -0.00089654]
 [ 0.00411899  0.00481617  0.00357215]
 [-0.00173151  0.00286294  0.00189888]] 
Episode: 92: [[-0.00466498  0.006907   -0.00071239]
 [ 0.00430396  0.00500353  0.00375727]
 [-0.00154681  0.00304798  0.00208365]] 
Episode: 93: [[-0.00438362  0.00718835 -0.00043104]
 [ 0.00458533  0.00528488  0.00403864]
 [-0.00126542  0.00332936  0.00236503]] 
Episode: 94: [[-0.00458041  0.00743866 -0.00058575]
 [ 0.00494335  0.00563677  0.00440517]
 [-0.00093834  0.00358734  0.00266528]] 
Episode: 95: [[-0.00475851  0.00766519 -0.00072578]
 [ 0.00526738  0.00595525  0.00473691]
 [-0.00064228  0.00382086  0.00293705]] 
Episode: 96: [[-0.00491969  0.00787021 -0.00085251]
 [ 0.00556063  0.00624348  0.00503713]
 [-0.00037435  0.0040322   0.00318301]] 
Episode: 97: [[-0.00506555  0.00805574 -0.00096719]
 [ 0.00582601  0.00650431  0.00530881]
 [-0.00013188  0.00422344  0.00340559]] 
Episode: 98: [[-5.1975413e-03  8.2236230e-03 -1.0709630e-03]
 [ 6.0661486e-03  6.7403307e-03  5.5546639e-03]
 [ 8.7530789e-05  4.3965024e-03  3.6069981e-03]] 
Episode: 99: [[-0.00531697  0.00837553 -0.00116486]
 [ 0.00628344  0.0069539   0.00577712]
 [ 0.00028606  0.0045531   0.00378925]] 
Episode: 100: [[-0.00542505  0.00851306 -0.00124983]
 [ 0.00648017  0.00714727  0.00597855]
 [ 0.00046615  0.00469524  0.00395459]] 
Episode: 101: [[-0.00552283  0.00863748 -0.00132671]
 [ 0.00665817  0.00732222  0.0061608 ]
 [ 0.00062908  0.00482384  0.00410419]] 
Episode: 102: [[-0.00561129  0.00875005 -0.00139626]
 [ 0.00681921  0.0074805   0.00632569]
 [ 0.00077648  0.00494019  0.00423953]] 
Episode: 103: [[-0.00569132  0.00885189 -0.00145919]
 [ 0.00696489  0.00762369  0.00647485]
 [ 0.00090984  0.00504544  0.00436197]] 
Episode: 104: [[-0.00576372  0.00894402 -0.00151611]
 [ 0.00709669  0.00775323  0.00660979]
 [ 0.00103048  0.00514066  0.00447273]] 
Episode: 105: [[-0.00582921  0.00902736 -0.0015676 ]
 [ 0.0072159   0.00787041  0.00673186]
 [ 0.0011396   0.0052268   0.00457293]] 
Episode: 106: [[-0.00588845  0.00910274 -0.00161417]
 [ 0.00732374  0.0079764   0.00684227]
 [ 0.00123831  0.00530471  0.00466356]] 
Episode: 107: [[-0.00594203  0.00917092 -0.0016563 ]
 [ 0.00742128  0.00807227  0.00694214]
 [ 0.00132759  0.00537518  0.00474553]] 
Episode: 108: [[-0.00599049  0.00923259 -0.0016944 ]
 [ 0.0075095   0.00815898  0.00703247]
 [ 0.00140835  0.00543892  0.00481968]] 
Episode: 109: [[-0.00603432  0.00928837 -0.00172886]
 [ 0.00758929  0.00823741  0.00711416]
 [ 0.00148138  0.00549657  0.00488674]] 
Episode: 110: [[-0.00607396  0.00933881 -0.00176003]
 [ 0.00766145  0.00830833  0.00718804]
 [ 0.00154744  0.0055487   0.00494738]] 
Episode: 111: [[-0.00610981  0.00938442 -0.00178821]
 [ 0.00772671  0.00837247  0.00725486]
 [ 0.00160717  0.00559585  0.00500223]] 
Episode: 112: [[-0.00614223  0.00942568 -0.0018137 ]
 [ 0.00778572  0.00843048  0.00731528]
 [ 0.00166119  0.00563849  0.00505183]] 
Episode: 113: [[-0.00617155  0.00946298 -0.00183675]
 [ 0.00783908  0.00848293  0.00736992]
 [ 0.00171004  0.00567705  0.00509668]] 
Episode: 114: [[-0.00619805  0.00949671 -0.00185759]
 [ 0.00788734  0.00853036  0.00741933]
 [ 0.00175421  0.00571191  0.00513723]] 
Episode: 115: [[-0.00622202  0.00952721 -0.00187643]
 [ 0.00793097  0.00857325  0.00746401]
 [ 0.00179415  0.00574344  0.00517391]] 
Episode: 116: [[-0.00624369  0.00955479 -0.00189347]
 [ 0.00797042  0.00861202  0.0075044 ]
 [ 0.00183026  0.00577194  0.00520707]] 
Episode: 117: [[-0.00626329  0.00957972 -0.00190888]
 [ 0.00800609  0.00864708  0.00754092]
 [ 0.00186291  0.00579771  0.00523704]] 
Episode: 118: [[-0.006281    0.00960227 -0.00192281]
 [ 0.00803834  0.00867878  0.00757394]
 [ 0.00189243  0.00582101  0.00526414]] 
Episode: 119: [[-0.00629702  0.00962264 -0.0019354 ]
 [ 0.00806749  0.00870743  0.00760378]
 [ 0.00191911  0.00584206  0.00528864]] 
Episode: 120: [[-0.0063115   0.00964107 -0.00194678]
 [ 0.00809384  0.00873333  0.00763077]
 [ 0.00194323  0.00586109  0.00531078]] 
Episode: 121: [[-0.00632459  0.00965772 -0.00195707]
 [ 0.00811767  0.00875674  0.00765516]
 [ 0.00196503  0.0058783   0.0053308 ]] 
Episode: 122: [[-0.00633642  0.00967277 -0.00196638]
 [ 0.0081392   0.00877791  0.00767721]
 [ 0.00198474  0.00589385  0.00534889]] 
Episode: 123: [[-0.00634711  0.00968638 -0.00197479]
 [ 0.00815867  0.00879705  0.00769714]
 [ 0.00200256  0.00590791  0.00536525]] 
