17364.644531 12283.288086 9704.253906 6481.809082 55112.296875 
17171.675781 8388.475586 6722.197266 6490.596680 46958.023438 
12496.740234 7452.234375 6053.843750 5073.350586 55739.828125 
16630.109375 9024.900391 6783.908691 6157.531738 64830.984375 
13537.375000 8132.836914 6852.209961 3266.972168 39165.457031 
17711.289062 10559.476562 8468.483398 7393.426758 45907.496094 
15786.599609 10054.029297 6256.212402 5992.269531 40745.320312 
15106.510742 11147.533203 12916.739258 6962.827148 47142.582031 
16691.976562 6698.396973 5707.658691 2975.262451 66478.328125 
16019.107422 8883.483398 7646.821289 4335.132324 21205.533203 
26291.966797 10426.550781 9606.612305 6044.918945 66703.117188 
12337.053711 7724.130371 5365.736816 4076.716553 60592.968750 
18782.775391 11793.841797 8510.207031 6458.359863 34928.070312 
16388.570312 7813.959961 5251.229980 4405.526367 37147.511719 
17855.902344 11482.173828 7880.623047 6606.068848 47704.023438 
15369.045898 8046.108398 4017.949219 3259.677002 27397.332031 
16818.712891 10351.096680 6508.331543 6626.125488 37919.445312 
12146.608398 6867.752441 4152.287598 3639.365723 55869.027344 
12825.128906 7042.599609 5628.418945 5287.789062 35817.828125 
11742.631836 5801.208496 4697.390625 4386.475098 50301.566406 
