449.512726 237.929932 203.418472 244.610748 56077.738281 
501.637726 266.136932 172.708740 140.276215 46468.847656 
473.498688 300.273956 236.893860 231.143539 74755.796875 
400.076752 204.827377 130.563019 100.705872 54118.933594 
363.485596 205.616379 164.451981 210.975723 36850.566406 
457.757812 216.035019 130.450317 126.919052 52453.812500 
479.005341 255.688995 124.968140 86.972786 39655.796875 
374.469177 190.113998 135.293243 95.740738 52408.453125 
394.746307 198.380508 168.533401 112.653053 66233.140625 
402.010193 197.399429 149.816101 145.335541 44725.265625 
480.371613 348.074677 254.118759 197.954269 59342.859375 
496.306122 200.097168 177.307098 136.114594 51040.789062 
468.048798 209.486786 164.580215 130.542831 41176.140625 
451.073425 211.047699 132.222015 168.829376 64666.855469 
566.143372 295.976135 196.075943 158.444382 70519.859375 
373.259583 148.348892 108.484299 82.916458 52511.949219 
481.194824 230.327026 212.519760 388.032379 72885.945312 
482.087341 249.591797 189.224274 144.147934 49486.851562 
475.563354 265.310394 141.862610 93.520966 47004.320312 
478.364197 252.582703 235.654068 511.604034 78936.835938 
481.647980 218.983841 171.031921 193.748825 61496.558594 
400.181671 181.052505 128.067368 75.783882 43682.257812 
466.423737 252.051651 175.949661 109.512115 65388.699219 
509.632050 234.741074 166.181320 99.816673 56838.515625 
423.275177 223.405838 233.746048 295.474030 62022.855469 
642.282532 218.408142 167.911057 121.376770 69389.250000 
425.346252 238.921677 149.764862 117.297737 41422.390625 
447.858917 194.362625 190.041794 200.229645 38553.511719 
433.168976 237.619553 168.751770 143.722595 48141.320312 
430.980072 199.465973 124.834953 74.683739 49620.710938 
527.761597 223.021790 112.032135 92.849846 56967.957031 
497.506226 305.140228 298.438995 161.645599 65651.960938 
408.063690 223.937469 118.733246 111.919868 65558.140625 
389.129303 232.724197 153.238022 121.365005 55423.910156 
370.864136 181.056458 131.557587 106.887581 47430.652344 
436.006226 234.859650 170.022003 148.449203 42213.386719 
530.611816 294.669281 239.598328 121.046082 77633.695312 
464.380280 269.172974 233.947968 284.883636 66620.515625 
596.745239 234.972733 148.825027 123.054596 40467.914062 
471.361237 175.045776 129.697845 68.343857 34313.546875 
474.275726 217.942642 134.898514 66.470100 58314.039062 
515.608459 204.466324 133.170654 93.718491 40526.820312 
501.527679 216.845917 138.188568 98.735657 54691.292969 
445.073517 226.575653 136.619141 95.920319 53097.117188 
465.211487 215.629684 132.103210 87.171394 50204.886719 
572.578613 246.178452 203.383453 332.344421 59674.566406 
420.528046 195.604919 285.720551 332.536316 66591.210938 
507.230927 213.262863 142.415054 78.835060 37596.363281 
429.900543 213.018036 147.037704 95.001083 67496.828125 
438.353180 237.884827 228.746002 226.667816 47950.425781 
