93.527046 89.085762 88.116905 90.230125 49.539825 0.000000 
95.071983 90.130478 84.886444 77.686646 39.277946 0.019782 
92.456207 82.362221 79.778267 77.347504 45.805706 0.000000 
92.113525 79.886528 85.538063 67.651466 33.405540 0.000000 
91.287743 88.673859 84.211411 74.481895 50.061985 0.000000 
92.287865 81.711456 82.664726 71.855263 43.242733 0.000000 
83.859055 87.953056 90.665016 74.895905 38.355156 0.000000 
86.993668 77.581322 82.301056 57.474415 43.099216 0.000000 
93.638916 80.730461 80.565498 65.574692 32.911274 0.000000 
89.223167 77.150017 82.477119 77.539352 34.332916 0.027976 
94.603867 81.989647 82.397270 71.825394 50.438652 0.000000 
97.138695 99.195724 85.760033 79.311462 44.162308 0.000000 
89.293961 82.733910 86.004715 78.219513 41.879513 0.019782 
90.793259 78.401405 72.517097 68.989975 31.661285 0.027976 
91.466156 88.574509 78.392868 65.563454 46.825047 0.000000 
88.447319 84.845215 80.346138 71.726433 50.228542 0.000000 
90.953125 85.457199 95.171089 70.014282 50.121044 0.000000 
86.730484 84.842705 88.767937 60.882347 36.845291 0.000000 
90.147621 85.494194 84.233932 66.935310 40.060307 0.000000 
86.695435 92.229988 77.304909 66.805405 47.141262 0.027976 
94.971855 78.513802 86.571556 67.966057 37.506046 0.027976 
83.841904 91.155487 94.913849 83.885529 35.813095 0.000000 
93.159630 89.471199 85.027214 71.383179 43.211468 0.000000 
85.063911 89.619949 89.840569 65.611626 45.958256 0.000000 
85.920341 87.512352 87.465393 76.531036 41.668369 0.019782 
89.850044 83.167625 88.484268 75.734627 38.693172 0.019782 
93.391785 97.669937 94.006493 73.702026 56.887524 0.019782 
95.198959 83.408134 76.246628 69.296379 37.563046 0.000000 
89.914009 90.577507 73.601868 63.838852 33.378178 0.000000 
88.974297 89.080231 77.914879 77.202232 44.453083 0.000000 
90.051170 95.548393 85.335594 76.145706 38.839005 0.000000 
92.469650 95.280945 87.668571 77.078644 47.343563 0.027976 
86.105537 86.993713 92.959343 81.172173 41.906181 0.000000 
89.931091 89.326805 80.876465 69.148438 41.720314 0.000000 
86.194839 89.503174 86.595291 80.982491 56.714191 0.000000 
87.718613 92.513245 80.794060 72.682487 44.773182 0.000000 
86.884315 84.588394 74.905052 69.203018 46.848698 0.027976 
95.432724 85.244186 79.120354 65.746971 32.720448 0.000000 
89.795975 83.674911 79.684303 65.655441 39.324768 0.000000 
84.443436 85.137283 82.731033 69.966301 55.095455 0.000000 
86.105026 81.107094 82.386749 72.758972 41.577560 0.019782 
93.673882 86.842079 83.498177 63.342999 36.014496 0.027976 
93.919060 76.914894 78.774734 63.280445 38.488003 0.019782 
97.352646 83.527184 73.478218 77.976402 39.881191 0.000000 
91.460007 78.062744 82.746819 78.183273 44.127949 0.000000 
87.966331 93.661835 86.752037 76.732422 52.574856 0.000000 
92.914688 88.618401 88.739601 71.875443 31.479939 0.000000 
94.310532 82.825134 75.717667 69.530128 34.006340 0.027976 
85.377571 87.802849 81.767426 77.647110 44.220924 0.027976 
91.969589 88.895851 91.599823 80.547775 46.825481 0.000000 
