1.850494 
1.960462 
1.734186 
1.757440 
2.223743 
1.790538 
1.718258 
1.744151 
2.046902 
1.951610 
1.883132 
1.664661 
1.727565 
1.799054 
1.943899 
1.191325 
1.659906 
1.983385 
2.031808 
2.002367 
1.935101 
2.076069 
2.038355 
1.677550 
1.878855 
1.906619 
2.153661 
1.941302 
1.797695 
1.767659 
1.718589 
1.530937 
1.659809 
1.792044 
1.955471 
1.779812 
1.858562 
1.955567 
1.901988 
1.792767 
1.901449 
1.886207 
1.834388 
1.695364 
1.929139 
1.515391 
1.608409 
1.400012 
1.400459 
2.093158 
