3995.140869 2289.215576 1943.992065 1331.254639 495951.718750 
4525.890137 2312.900879 1314.627075 1464.012817 333161.812500 
10140.761719 2172.056885 1547.886841 2660.046143 356575.250000 
14181.516602 2356.371582 1950.734009 1492.855347 460415.093750 
3638.921143 2383.013672 1520.318115 1132.556274 324931.375000 
9106.308594 2212.497314 1474.664673 1062.701172 374840.781250 
12440.892578 1608.119751 1165.180176 1007.503357 243411.812500 
24984.830078 2817.281250 1391.076782 995.024353 393017.656250 
9003.326172 2943.132080 1789.166626 2705.864502 339016.062500 
7792.535156 2773.251221 1459.112427 1301.692749 333055.093750 
10144.019531 2377.611084 1677.695923 1733.391113 401999.093750 
9965.917969 2312.466797 1180.576904 910.620117 312560.625000 
9963.665039 2044.088501 2462.966309 1756.225586 442862.062500 
10073.544922 1718.922974 1298.757935 746.975525 273094.781250 
9455.714844 1836.848877 1503.636841 2236.282227 291645.343750 
4456.777832 2143.082031 1391.285645 1123.689453 355029.625000 
6448.643066 1590.375244 1372.457397 1422.934570 283286.281250 
3834.557129 1989.411011 1914.952148 1791.594971 347041.718750 
3482.310547 1471.248169 1033.722168 740.411987 242014.968750 
9316.501953 2058.411133 1769.572876 1730.006348 464074.937500 
