93.806061 74.475960 86.730049 87.706841 96.184700 0.000000 
91.101585 66.473503 82.151474 87.507233 87.672104 0.019782 
100.832420 62.519642 85.990379 82.552559 86.595757 0.000000 
98.244453 63.935963 83.177086 88.768227 92.290695 0.000000 
89.564789 80.391251 73.544212 75.170082 93.316635 0.000000 
96.529831 64.816879 73.756210 76.517975 88.734192 0.019782 
95.116379 86.123878 72.597870 81.968369 87.361427 0.000000 
107.137794 70.612785 91.188339 90.986649 102.346542 0.000000 
87.121017 98.322044 96.788536 92.901497 100.692406 0.000000 
88.631599 68.993225 86.783478 87.992561 89.555099 0.034264 
95.841141 79.895271 100.592140 99.256599 99.885330 0.000000 
88.676498 76.596954 86.208069 86.209091 93.105598 0.019782 
95.057449 65.872711 66.709633 79.081749 86.632317 0.019782 
89.171692 73.301826 68.871719 75.756256 75.840355 0.000000 
93.036102 78.042969 78.218880 82.270050 94.473160 0.019782 
85.380127 76.621338 73.467453 84.618797 86.478668 0.027976 
92.851204 65.194183 74.220955 90.969910 95.823601 0.019782 
90.218300 73.532501 69.937668 83.167244 83.310020 0.019782 
94.502632 72.478165 77.608322 83.075470 88.565964 0.000000 
98.506767 69.563423 71.113113 78.113884 88.841476 0.034264 
