110.001907 89.376465 93.668869 88.852875 93.940018 0.019782 
108.271049 93.575447 101.006035 85.237801 94.945351 0.000000 
62.084656 80.558403 78.423050 89.517036 86.869598 0.000000 
113.243034 96.867249 99.208733 96.133522 101.154655 0.027976 
70.118660 87.458115 87.289787 89.167816 90.967064 0.000000 
87.427872 85.831284 95.463478 97.308662 98.331367 0.000000 
94.090187 52.597401 69.722183 76.394867 83.457863 0.000000 
104.080322 69.520912 83.726295 82.834679 94.672440 0.000000 
96.249756 98.520966 94.955437 95.941605 92.205475 0.000000 
69.589493 99.290764 94.825211 102.078873 91.461136 0.039565 
78.966583 93.174042 96.088684 98.960243 95.155769 0.000000 
90.693954 81.174217 84.687874 87.233032 94.377129 0.027976 
90.649879 69.099388 73.065956 82.002045 92.682854 0.034264 
88.776184 81.881340 79.374222 86.742264 88.417473 0.000000 
96.800568 85.589378 86.551476 87.635094 89.193596 0.027976 
108.433899 85.035782 92.713753 96.612488 97.647919 0.019782 
90.196175 77.973953 81.670807 88.079620 89.591911 0.027976 
83.341576 75.475243 80.872902 86.859741 91.263649 0.000000 
96.911842 84.394287 88.268997 88.725670 84.929085 0.000000 
92.380478 93.573441 93.995667 93.762085 96.333885 0.027976 
