0.000000 0.000000 0.000000 0.000000 0.000096 
0.100087 0.000021 0.000008 0.000004 0.000118 
0.324177 0.000089 0.000034 0.000014 0.000144 
0.871874 0.000227 0.000077 0.000032 0.000208 
0.953779 0.000414 0.000139 0.000058 0.000202 
2.102305 0.000739 0.000220 0.000092 0.000234 
4.833826 0.001382 0.000321 0.000133 0.000274 
7.687860 0.002201 0.000443 0.000184 0.000304 
8.665373 0.003080 0.000587 0.000243 0.000407 
15.431310 0.005375 0.000757 0.000313 0.000592 
14.648609 0.006312 0.000947 0.000390 0.000430 
19.457693 0.008959 0.001165 0.000479 0.000520 
29.412615 0.015340 0.001419 0.000577 0.000587 
34.585369 0.021873 0.001703 0.000688 0.000657 
49.650383 0.034495 0.002028 0.000810 0.000761 
54.362206 0.039876 0.002366 0.000953 0.001730 
60.498848 0.054105 0.002754 0.001088 0.000982 
194.739227 0.325735 0.003538 0.001243 0.000886 
141.059540 0.237723 0.003891 0.001411 0.000995 
162.442093 0.348140 0.004538 0.001595 0.001070 
163.372025 0.373290 0.005094 0.001790 0.001129 
403.308746 12.160817 0.015235 0.002039 0.001182 
219.019989 0.854381 0.006989 0.002234 0.001481 
368.208038 11.865210 0.017616 0.002519 0.001370 
279.791290 1.904500 0.010174 0.002753 0.001672 
297.749268 4.560049 0.014463 0.003053 0.001666 
303.161835 8.484234 0.019671 0.003378 0.001845 
255.288452 3.326833 0.015449 0.003682 0.002026 
292.445038 8.724444 0.027137 0.004099 0.002190 
389.152008 43.795761 0.099004 0.004771 0.002339 
255.079041 9.643544 0.033412 0.004924 0.003046 
327.297943 48.245766 0.140835 0.005860 0.003681 
176.904037 108.124092 0.372270 0.006819 0.003007 
285.780853 153.817612 1.682705 0.009830 0.002980 
225.692871 66.151283 0.234127 0.007719 0.003794 
143.116180 238.414490 3.460602 0.013668 0.003209 
179.877060 112.718132 0.798847 0.010572 0.003331 
194.686218 220.467346 12.317510 0.049370 0.004009 
108.485970 133.737000 1.619372 0.014011 0.003930 
31.168592 187.809326 24.077419 0.047835 0.004765 
84.438828 169.094849 1.495057 0.014787 0.004290 
109.585838 219.239548 17.297583 0.049472 0.004769 
64.485458 214.387558 17.735344 0.047726 0.004800 
91.519012 171.956863 5.637002 0.028793 0.005306 
144.035370 164.960388 7.428545 0.038249 0.005735 
168.560715 157.638000 13.505728 0.062814 0.008577 
36.501335 172.700256 181.172455 9.207446 0.023050 
25.980698 150.801575 209.859665 13.884520 0.047372 
84.341217 210.417938 192.054871 7.551124 0.034220 
91.391312 173.407928 40.181568 0.256906 0.009107 
160.613495 198.525772 84.099098 1.664142 0.013968 
95.873566 204.625946 124.680611 2.655328 0.016806 
28.807194 121.853409 152.473770 58.598495 0.377973 
25.042313 129.718536 141.411438 50.908134 0.213963 
55.748192 207.509903 181.392426 41.341621 0.282461 
11.361094 114.192429 136.961029 115.261696 5.122858 
77.697426 143.743439 130.701767 41.297993 0.241063 
16.771620 125.789383 144.050659 98.077187 1.239918 
7.176804 117.434425 140.611710 123.801315 2.926136 
91.052490 177.044876 135.769974 76.130959 3.245929 
12.484423 87.100761 124.422829 154.368973 5.625435 
4.659286 49.799473 106.636719 17.964159 0.090496 
138.738693 74.057625 84.365318 106.220802 48.417847 
5.852283 40.282448 55.030514 80.587440 31.681713 
6.555223 76.918846 88.597496 114.128029 24.227604 
7.451974 60.497593 58.592449 58.531204 44.993587 
5.315796 147.670334 151.959641 119.675201 6.767360 
69.460030 48.737988 48.131359 50.485729 138.309769 
8.759105 57.669559 109.982742 101.272888 6.125744 
33.909744 102.684052 107.347992 104.013344 102.606369 
834.310059 1.231035 2.477142 11.554661 181.459167 
17.868603 23.294056 20.067541 18.919600 329.763855 
23.074108 6.514869 5.318099 8.664536 109.736183 
91.144440 43.426853 40.548359 38.150333 230.475464 
3.715847 64.870399 91.209351 100.344078 14.576271 
5.707070 47.147438 47.186985 48.046597 98.781052 
340.066681 0.009680 15.845840 45.640820 473.828217 
51.624599 39.082817 36.928246 35.926331 202.564377 
71.025887 52.525196 51.549953 50.486378 353.665771 
11.721860 26.785103 23.000381 17.448660 181.967484 
60.012127 29.102505 28.347702 28.006277 364.430878 
530.907715 4.239756 4.601244 5.207277 612.134766 
88.113388 35.750294 34.228569 31.479004 462.260498 
416.603607 7.307204 15.192490 22.913540 742.889648 
1706.677002 1.240603 0.387196 1.904751 596.552795 
380.483093 1.736155 3.560883 5.140099 465.959625 
69.632278 67.958603 50.451344 40.930363 435.401855 
101.038330 0.134572 2.309834 3.254197 543.498962 
1752.260620 36.485256 39.094704 34.382088 820.389954 
457.815582 0.099547 5.854709 6.418113 825.468750 
993.888977 16.561195 6.282104 1.030286 2574.584229 
208.245880 9.205535 9.503531 9.593655 756.811157 
59.561413 28.094542 26.525673 25.450476 554.539917 
1330.804565 0.949627 0.048537 0.025025 1284.097900 
344.789856 19.775881 17.306273 17.122950 1528.353516 
1943.879395 69.425507 5.126767 1.514688 2921.194092 
945.238770 1.043432 1.794356 2.799257 1515.478394 
107.109459 1.523233 3.141970 4.109882 702.322876 
281.017303 0.276096 0.344221 0.613438 1004.402405 
323.823486 3.056488 13.445024 11.144671 1432.549561 
2473.215576 0.721424 10.724172 9.412429 1524.939087 
205.552002 3.140526 4.438049 4.625475 936.309265 
617.439941 0.532279 0.380991 0.421222 1259.797241 
777.423889 10.298067 1.533704 1.235309 1990.897705 
395.539246 0.818794 0.730253 0.274330 1326.005859 
740.298706 0.320097 0.527102 0.805599 1118.140869 
96.580383 33.695763 11.217770 10.076459 582.799500 
90.525848 17.779610 17.229309 16.358273 1066.466553 
426.440430 7.461432 0.245437 0.209983 1818.809204 
174.594208 1.405536 1.951550 1.653549 1618.164673 
782.043396 20.343616 17.441212 7.427385 2516.995117 
252.005630 104.510597 50.555946 33.526699 1170.314941 
2075.593018 46.299488 25.146225 22.803913 2315.944092 
1988.799194 44.882725 0.028344 0.803899 3102.748047 
1656.484497 35.283890 26.638876 18.276327 1268.853394 
1205.726685 9.092420 14.194304 13.451445 1811.786865 
259.945862 12.652971 2.594260 0.506867 1672.153931 
362.396362 37.665024 0.832847 2.658989 1528.422119 
467.441010 14.328358 7.216418 4.508869 1856.000000 
480.427887 5.865922 8.196272 8.280303 2354.665039 
552.625977 36.199108 12.315401 9.409736 2640.955078 
582.117798 18.156981 0.020696 0.004184 2921.037842 
1007.676025 24.475559 0.055697 0.027260 2374.631348 
278.498566 14.047097 7.337098 7.372783 2040.197754 
289.009674 2.710891 5.375801 5.949781 1869.022827 
305.944519 8.543156 0.191527 0.228890 2232.304443 
407.007050 9.448796 6.643255 6.658563 1535.722656 
242.083755 68.489067 9.021651 3.254488 1449.993530 
575.820557 41.225628 0.627546 0.778602 3395.920654 
219.250275 43.701286 22.398083 25.541807 1950.974243 
182.503723 34.226788 4.601301 1.035826 3641.326172 
709.780396 10.008155 5.729818 6.319480 3105.064941 
724.140320 80.273178 0.067754 1.762617 3566.349609 
119.529625 52.256195 0.362168 0.149425 2138.539551 
380.208649 20.295086 1.716361 3.756136 3223.836914 
543.710205 14.052493 6.180648 6.934185 3351.756348 
159.892014 9.845050 5.016037 4.654048 1775.306274 
865.593445 0.699005 2.476805 3.088411 3279.834717 
108.501747 40.837078 8.481307 6.530563 1943.016602 
306.506805 63.341160 4.744357 2.322788 3604.320801 
454.454559 39.318211 5.182818 8.758350 4176.683594 
419.233917 50.948647 10.073076 9.244507 2919.450684 
180.529907 32.867401 0.046026 0.298764 2838.308350 
181.274643 54.577717 6.594485 5.951337 2299.885254 
6520.489746 186.425507 27.510324 5.186956 10358.943359 
104.092552 107.845177 3.849494 5.727248 2959.212402 
700.279053 38.373810 18.201321 10.941773 3564.512695 
236.948929 45.970535 2.583999 4.680272 4930.932129 
196.362625 27.050022 5.246567 5.585195 2852.227539 
686.791992 71.123474 1.879095 0.176766 5573.383789 
1049.673584 57.060371 2.247037 8.282914 7352.651855 
624.273254 45.233562 9.626904 7.453879 8222.648438 
1317.535400 60.024738 27.412920 40.680744 7844.459473 
382.575806 73.036110 9.582531 1.999860 4761.660156 
180.723145 51.653534 26.928574 7.366527 5474.069336 
380.332214 83.776520 8.596764 9.741000 6259.240723 
793.580688 73.401405 6.973185 14.537692 8653.175781 
282.402069 55.369736 19.360899 12.916665 5965.961914 
266.566193 192.614456 47.518394 4.961679 1337.695801 
248.215103 71.977081 28.822325 24.888540 5205.815430 
414.460052 81.193649 25.029755 15.560739 5059.464355 
409.838135 66.258492 35.058563 1.549762 6178.387695 
266.607788 90.133492 16.220600 21.030207 11986.815430 
185.858963 110.428596 70.697525 7.048065 4653.541992 
201.208588 100.289154 44.446529 14.831762 5780.220703 
255.895309 96.416626 29.448629 2.138078 7248.323242 
815.484009 220.849838 79.326233 17.946751 11639.851562 
425.136841 68.888863 42.559193 2.329553 7401.386719 
147.925598 78.444984 40.157726 6.408220 5188.875977 
318.959106 78.028534 48.678154 1.762562 7838.083496 
301.494263 49.028488 30.382328 42.576317 7497.371582 
262.180420 60.890312 23.226679 42.598099 4632.008301 
190.410004 37.581436 13.521147 27.680742 6805.263184 
251.527756 77.276627 43.632839 6.407234 8747.064453 
233.621246 69.953804 28.741037 21.316660 11413.955078 
426.877838 146.612274 53.103157 14.004105 12653.293945 
1276.256714 151.585251 41.248875 27.370211 13107.519531 
354.094177 60.803387 35.351028 11.056941 13306.581055 
222.868149 63.445312 34.399281 16.653595 12202.284180 
370.920410 73.108047 32.509953 35.571865 11127.675781 
1820.775635 430.263428 429.381683 90.749924 31776.347656 
283.989380 69.258057 45.725914 23.744331 17492.306641 
216.268158 85.422508 34.239647 35.339199 11881.300781 
592.175720 135.468277 59.832500 40.689575 21787.333984 
460.825165 67.188454 30.926109 22.076773 21730.595703 
926.988464 256.845184 104.858650 52.245270 37422.164062 
648.789001 133.545303 74.409920 29.717281 39653.164062 
376.143036 97.348122 48.606930 8.263083 27505.521484 
312.521240 111.193001 76.362709 34.163101 34076.777344 
359.027557 169.742844 179.648071 48.866096 49428.492188 
590.539307 125.082581 57.420998 32.645996 30868.746094 
293.000793 131.528610 80.656700 64.791893 51293.976562 
869.931580 377.439819 115.731064 80.798386 77787.351562 
278.136017 135.676392 50.959133 40.383327 64453.933594 
240.253571 136.645172 100.874687 65.550110 43957.484375 
312.107666 130.358734 74.498650 47.752151 62706.394531 
384.910980 201.223999 137.633438 108.008774 80035.390625 
515.878845 309.929962 246.176956 100.740326 119237.835938 
955.645203 526.833008 303.972504 260.584686 99172.804688 
1764.741211 952.992065 664.295227 475.093201 232293.500000 
1953.490723 1120.723389 975.399719 691.054565 103364.390625 
2195.595215 1185.094238 832.671082 563.529968 128102.500000 
4421.964844 2365.308594 1806.120605 1245.257080 184412.734375 
6047.427246 3998.122070 2802.490723 2558.890869 247849.093750 
6991.961426 4436.026367 5215.930176 3669.645508 264175.937500 
15435.978516 11201.674805 8636.981445 7733.625000 253885.765625 
11493.143555 9924.017578 6424.448242 6693.489746 294132.312500 
12206.715820 8720.355469 6963.187500 4999.019043 265927.750000 
14062.941406 10924.879883 10309.880859 13218.355469 292294.125000 
7934.293945 5618.403320 4332.301270 3974.855469 331750.343750 
6674.351074 3455.472168 3122.018066 2036.161987 318334.750000 
5197.175293 3560.464111 2158.730469 1591.087891 189165.031250 
2262.234863 1416.549072 949.983582 647.217896 118327.101562 
1786.512695 1174.272705 858.647339 637.255371 126774.984375 
2875.150146 1309.296631 820.659180 779.535583 140813.500000 
1686.064331 987.261230 777.304016 786.740845 273144.406250 
1160.340698 739.036621 341.513702 279.320648 125041.750000 
674.087646 425.579407 280.801453 271.069550 161774.406250 
678.846863 353.102264 279.223511 163.040268 106380.945312 
646.275330 346.760345 221.623260 181.239716 96646.093750 
640.113037 319.506134 182.437302 127.439362 92106.007812 
749.177612 547.565430 401.751556 275.587952 107800.742188 
741.999329 409.577606 273.395294 260.072601 150784.078125 
853.375488 465.676636 324.628998 267.458679 116702.757812 
1170.585327 657.269531 413.836426 247.497849 146857.546875 
1131.237671 668.915527 482.106873 333.991852 101085.359375 
1720.463745 1058.235840 873.474915 725.533936 180892.671875 
2392.356689 1197.176514 977.546692 586.875488 158992.234375 
2194.090576 1342.891846 1023.031982 760.260986 118505.960938 
3411.678955 1961.106812 1612.911133 994.597351 234290.984375 
3867.246826 2333.579346 1525.172974 1192.356934 152053.140625 
5213.648438 3716.218262 3852.737061 2218.976562 259071.859375 
5148.631836 3772.187988 2354.555176 1932.316528 250622.187500 
5888.819824 4251.694336 2914.633545 2481.146729 205215.531250 
5305.438477 3432.828857 2655.258301 1969.552002 147701.125000 
6130.159180 3932.654541 3288.438721 2379.798584 260070.125000 
5744.635254 3710.470947 3739.021729 3294.119629 182893.265625 
4443.608887 2779.748047 2252.189453 1687.898438 229307.734375 
3441.451172 1869.830078 1678.069702 1046.144531 191915.515625 
2367.189453 1732.542480 1254.454956 925.941528 139580.343750 
2181.296631 1310.345825 1093.549438 622.740479 147408.359375 
1812.098022 934.507996 702.249268 681.594604 183849.093750 
1291.689819 710.483643 616.778992 299.990967 96261.937500 
1171.148193 648.969299 394.993408 283.660370 140945.875000 
840.007996 473.257660 337.012299 226.811798 82545.664062 
1175.109375 702.752625 473.549408 287.772400 156776.750000 
1266.122803 637.523376 446.820374 266.852631 116766.570312 
1780.412842 730.790955 578.086975 453.499115 173879.359375 
1068.669189 547.993530 466.225372 297.980896 109289.460938 
1241.949951 799.010376 512.088379 374.089325 174485.281250 
1551.793579 1053.582886 865.711731 615.624207 96801.726562 
2038.051758 1156.512329 829.803833 558.603882 194152.671875 
1649.924805 960.056885 804.432312 663.276245 136681.468750 
1967.502686 1233.688721 954.882141 695.215698 144646.078125 
2977.979004 2008.902832 1318.780518 1444.180054 170046.390625 
4129.714844 2690.939941 1978.122559 1955.275879 244497.015625 
4259.511230 2488.782227 2704.934082 2202.550293 199281.078125 
5174.971191 4093.640869 2491.431885 1924.096191 244410.781250 
5773.003906 3980.209473 3144.955566 2747.720703 266584.781250 
4063.401611 3088.086670 2919.127441 2611.055908 160492.328125 
4539.487305 2810.436523 2707.476562 1948.917114 199836.687500 
5003.263184 2795.342773 2234.837402 1616.002075 203884.187500 
3998.278320 2485.720947 1963.450317 1480.609985 204261.953125 
3678.843750 2490.065430 1833.514771 1992.311646 133194.921875 
3059.779541 1746.419800 1225.226440 915.346863 128699.179688 
1940.331177 1217.723633 944.067261 690.917236 115018.375000 
1541.264526 829.428772 523.263611 387.043823 162230.750000 
970.545044 550.408630 420.101898 311.887238 121797.359375 
868.575623 440.610291 328.077484 231.411209 95979.929688 
717.308716 332.650848 297.368927 198.017731 92518.968750 
809.768188 434.476471 343.027008 253.976425 125496.085938 
1040.667114 686.115845 529.536743 291.167572 157441.875000 
831.433167 542.755493 377.992371 173.789261 126260.156250 
803.215942 425.907928 270.367126 182.746002 82190.367188 
813.495117 471.314026 250.755020 147.858459 91163.835938 
935.556763 525.929932 362.176483 237.662598 92405.390625 
796.240234 412.473907 276.047699 194.399582 89554.601562 
1326.041504 703.478149 432.057220 270.113098 123417.320312 
1416.533813 726.969788 533.742798 493.413788 118614.406250 
1450.452026 818.316162 533.439514 444.466522 125107.257812 
1928.312500 1155.662231 752.552063 517.775818 160629.281250 
1668.473389 1099.276245 856.733459 747.473755 224192.187500 
2740.133789 1779.719482 1281.234619 903.533020 201050.437500 
3280.563965 1886.072144 1500.871704 1067.923584 164639.875000 
2806.898926 1924.232056 1896.841675 1484.640137 183454.265625 
3597.511230 2019.604858 1687.545898 1324.742676 194062.937500 
3075.929932 2221.399902 1998.775635 1449.090820 182922.046875 
4299.281738 3197.627197 2382.891113 1705.356323 151053.640625 
5586.899902 3285.333008 2565.077881 2054.008057 177460.437500 
4983.249023 3024.160400 2514.557861 1939.795532 180856.218750 
4207.881836 2562.552002 2113.336670 1881.155396 139562.343750 
5182.589355 3677.440918 2704.604736 2782.417969 229059.343750 
5174.861328 3715.972656 3820.915771 2389.998291 220412.718750 
5594.364746 3524.430420 2867.246582 1913.572144 273697.125000 
4857.355957 3426.334717 2397.804443 2162.394775 198720.781250 
4606.200684 2924.038086 2154.970215 2068.537109 246605.500000 
2928.898193 1905.368896 1378.377563 1329.565796 111378.000000 
2692.656006 1907.400269 1538.461060 1164.737671 131422.031250 
2854.556152 1683.244141 1263.301514 944.182373 128413.414062 
3080.289307 2107.163574 1600.277710 1278.922363 148952.437500 
2661.072266 1712.836182 1433.306274 1068.730591 133496.453125 
2414.362305 1508.783325 1078.352905 897.790222 160296.687500 
2797.494873 1755.848022 1251.492676 969.867432 173577.046875 
2769.814941 1432.875122 1244.539185 947.905762 124887.304688 
2570.931885 1516.322266 1340.195190 958.547058 147650.625000 
3298.161133 2053.071533 1454.074097 1079.254272 175632.812500 
3423.168213 2289.857422 1538.651978 1189.752319 173252.093750 
3558.635986 2828.993652 2295.297852 1841.180298 274217.906250 
3488.031982 2388.245850 2020.107544 2189.885010 139419.421875 
4291.243652 2452.263672 1915.396484 1536.283936 190035.468750 
4334.619629 3083.793457 2651.007812 1682.218628 165573.296875 
3688.089355 2259.785156 1747.333984 1733.716431 163915.828125 
3368.676758 3103.508301 2472.151367 1826.689209 149480.406250 
3291.427002 2164.743408 1859.786011 1512.616943 193003.859375 
2859.795654 1596.978638 1266.923218 896.388550 197783.125000 
1789.315796 1162.404297 793.528809 756.371826 105536.828125 
2406.208496 1339.997192 1026.419922 739.296875 183301.781250 
2038.730347 1241.577881 900.203735 613.365295 142408.718750 
1922.291748 967.087708 758.258362 626.873169 147321.234375 
1578.095215 916.912964 597.939392 498.290436 113136.664062 
1449.313843 953.261597 647.414978 466.371094 153993.593750 
1656.377319 1002.290833 619.243042 425.072113 123592.093750 
1196.935547 743.271484 465.472992 384.954315 99969.109375 
1656.384521 1089.993164 769.635864 559.868164 128350.148438 
1054.084229 763.789612 555.922791 404.140594 127376.382812 
1611.032104 871.639465 674.945923 437.587341 137823.250000 
1737.459351 1057.074341 726.910339 540.058472 143461.203125 
1879.844238 1103.235474 798.520996 642.667114 146345.000000 
2424.131592 1404.688843 1036.913208 786.488037 154110.968750 
1681.891357 1115.353760 898.295044 734.815735 147377.656250 
2593.726562 1718.492798 1327.196045 809.839844 109356.460938 
2462.847412 1660.075684 1187.318848 1016.592896 99241.054688 
2756.959473 1723.380859 1558.023438 1015.055847 149768.390625 
3266.715332 1784.698608 1513.859009 1252.938110 183552.234375 
4189.805664 2247.584473 1714.860718 1363.525146 180518.343750 
3612.999756 2139.424805 1836.844971 1498.837891 175815.093750 
4472.371582 2875.431641 2935.305908 1691.110596 245514.625000 
3930.117188 2304.556641 1987.382324 1599.118408 236500.328125 
4360.659180 2601.098145 2279.979004 2258.464355 163577.734375 
5132.994629 3775.420410 3334.010986 3307.666748 210009.125000 
4524.517578 2797.930420 2447.296387 1470.756592 176846.281250 
2566.811768 1744.600098 1613.092773 1217.120972 209681.843750 
4036.331299 2967.415771 1898.114868 1842.387573 148435.296875 
4715.203125 3200.120361 2375.315918 1832.611328 286807.968750 
4058.526123 2607.837891 2035.414673 1720.351074 139508.296875 
6423.422363 3889.825439 4765.805176 3400.555420 222175.062500 
3997.956055 2850.511475 2468.327881 2076.931641 170280.312500 
5182.143555 3004.447266 2665.820801 2863.696289 225702.187500 
4165.825195 2721.248291 2064.928711 2046.616333 155551.140625 
4193.491211 2230.922607 1995.729736 1652.741455 259613.734375 
3822.475098 2647.573730 2398.929688 2513.832764 184199.156250 
2675.674072 1766.357300 1199.204956 892.448608 114307.015625 
2674.134277 1659.157227 1516.749512 1113.546875 176211.140625 
1963.919556 1245.499146 1073.046997 770.811707 151579.953125 
1895.857910 1158.499146 871.057373 636.992432 132687.015625 
1626.371216 994.156189 693.717712 618.621948 132405.687500 
1319.417603 812.830200 570.793701 391.278687 116149.539062 
1812.301636 1120.059204 748.700012 496.263397 148845.781250 
1414.884888 843.894348 653.092163 377.302673 114280.867188 
1240.034668 722.816284 441.043976 288.267975 127139.968750 
1162.516479 776.622681 561.636047 373.577087 113663.429688 
1221.200195 818.991333 682.663513 394.970062 130066.148438 
1089.194336 606.012390 347.227264 295.048615 79846.000000 
1036.356689 621.731018 471.854065 307.800049 80139.515625 
1405.719849 869.226013 624.563843 537.129761 80737.718750 
1447.880249 872.483521 614.004639 498.087189 132656.171875 
1982.264160 1128.444702 946.643738 752.213013 104591.070312 
2208.521973 1386.956909 956.950806 758.091125 146748.328125 
2677.997803 1435.969482 1133.295288 1357.450684 139406.765625 
3435.166260 1999.713013 1493.891602 1264.180298 252413.640625 
4360.929199 3230.947266 2489.333984 2354.002686 310342.093750 
5106.568359 2882.631104 3183.897949 2119.202637 243517.968750 
5168.308105 3237.289307 2590.632568 1607.286743 164645.593750 
5802.805664 4130.329590 3358.147705 2411.603027 382339.468750 
5015.114746 3295.871826 3110.962402 2143.553467 220722.125000 
4511.238770 2919.432373 2711.664551 1587.288574 185873.656250 
4979.995605 2997.889893 2534.761963 2099.399414 241999.890625 
4340.750977 2695.916016 2388.680176 1718.143677 279201.500000 
3260.960449 1909.040649 1836.775879 1388.212524 210413.234375 
2042.982178 1390.369263 1068.723999 976.456299 158872.109375 
3410.318604 2136.100098 2050.515869 1532.992065 186165.921875 
1940.883057 1219.911499 998.365112 641.601379 150611.078125 
1645.004517 1040.359009 857.223511 779.619385 125100.179688 
2293.052734 1280.604980 1159.507690 939.255188 187556.421875 
2309.390381 1422.090088 1133.973511 847.036926 192589.093750 
2300.983154 1679.995728 1223.910522 738.193481 158035.578125 
2195.518555 1379.091675 969.267334 980.963989 182732.687500 
2085.347656 1119.258301 926.560425 690.742981 117557.492188 
2522.974609 1578.439209 1637.466553 1365.597168 157522.296875 
2549.374268 1540.450195 1097.598511 958.950439 140943.296875 
2805.449219 2149.574707 1651.860718 1401.809204 221638.000000 
2991.582275 1809.769165 1942.650391 1688.110718 156962.703125 
3222.003906 1769.631348 1401.752686 1131.953735 198374.828125 
3409.885254 2087.820312 1747.249878 1203.516724 179605.906250 
3318.465088 2183.382812 1710.197754 1397.916260 234962.468750 
3746.007324 2268.297119 1623.355469 1079.509888 209292.562500 
3528.454102 2000.654419 1554.736938 1375.692505 161237.203125 
2293.498047 1357.355957 1294.708618 1121.416748 203651.343750 
3269.607910 1937.548218 1761.473022 1070.145752 167933.625000 
1728.892456 1068.152222 875.191223 656.964600 116741.023438 
2938.473877 1877.027588 1638.117432 1618.650513 204293.218750 
2724.341553 1746.352173 1312.016113 1100.040283 174131.734375 
3698.362793 2444.039307 2133.111328 2158.597168 182634.109375 
4340.776367 2720.922363 2489.585205 1734.752441 192765.828125 
3960.666504 2627.992676 2306.430908 1764.043213 152020.406250 
4168.267090 2828.376221 2401.160645 1772.191772 155911.171875 
6357.137207 4166.475586 3975.739746 3151.225098 275409.125000 
3618.757324 2530.933594 2060.052246 1752.671387 163328.390625 
5849.734863 4065.102051 3594.899170 2909.522705 236271.078125 
4429.734375 2795.204590 2493.196045 1666.411255 233159.421875 
4263.289551 2823.440430 2137.242188 1805.733887 209179.796875 
3218.148682 2032.154297 1867.434326 1435.822632 169781.171875 
2826.764648 1865.412842 1525.415771 1198.707275 158690.406250 
2895.282227 1866.444458 1553.585327 871.082825 172785.218750 
2507.192139 1632.617310 1338.339600 1025.791260 206614.531250 
2504.731201 1382.763428 1280.982910 942.694397 199155.890625 
2338.072754 1513.005615 1088.204834 977.180115 154593.812500 
1734.120239 920.658875 867.134399 690.549744 104909.882812 
2064.205566 1077.583130 865.495300 614.603943 143141.781250 
1540.307617 1046.154907 791.843445 651.848938 127665.617188 
1517.509155 982.137024 669.651184 637.017944 128409.851562 
1367.469360 851.200745 720.794983 471.302856 128769.101562 
1539.870239 1040.502686 784.714172 555.416138 164796.453125 
1392.242920 939.121216 833.743469 719.344421 87672.445312 
1682.579102 1103.922119 761.359558 573.927551 194746.968750 
1588.440186 951.489990 655.266968 571.371338 215717.671875 
1827.480347 1093.261841 673.436523 557.275635 173582.593750 
2260.217773 1415.483276 1206.119629 804.019287 168312.125000 
2944.204102 1869.289062 1470.057129 1154.391968 217297.328125 
3078.032959 2352.188965 1547.811523 1037.141724 196971.218750 
3399.352539 2260.160400 1881.984985 1447.040161 205867.328125 
3012.958008 1728.074097 1404.769287 979.464783 178743.156250 
3770.453369 2254.295898 1790.541382 1889.318604 175981.625000 
4851.395020 3118.264893 3002.593750 3399.678955 291741.750000 
5135.454590 3605.249756 3066.190430 2563.946777 275281.093750 
4923.467773 3363.187500 3165.680664 2693.259033 213864.296875 
4501.110840 2936.246338 2619.479980 2143.611084 184077.953125 
6308.532227 4424.469238 3015.599609 2406.582031 217714.453125 
4759.074707 2986.701172 3009.071289 1773.593628 198051.000000 
5574.349609 3233.794922 2763.949463 2407.513672 243705.359375 
5202.358887 3459.676025 3089.109131 2095.499512 211171.406250 
4203.601074 2830.588867 2112.601807 1522.503296 173497.359375 
4992.163574 3872.119873 3587.709473 2645.524414 170640.765625 
5314.376953 3139.584229 3673.324707 2150.206055 266431.000000 
3239.943604 2373.423584 1669.609497 1491.028198 228600.796875 
3841.839600 3003.837158 2357.333252 2538.500000 238528.265625 
3673.995850 2338.692871 1825.297119 1314.715576 152324.890625 
2765.433594 1898.789062 1441.927246 1086.135986 156421.890625 
2844.511963 2071.804199 1631.631226 1127.168213 158200.031250 
2698.574219 1828.176392 1334.731812 1072.156006 172194.093750 
3428.764404 2249.052490 1834.256470 1354.641479 199364.437500 
2387.267334 1712.014648 1455.611816 1248.252686 174206.343750 
2039.832886 1486.137451 1035.883667 818.179993 169218.296875 
2300.310547 1349.532837 1300.245605 1149.995483 152269.500000 
2244.184326 1326.983154 1123.969482 970.819946 120506.421875 
2427.767578 1438.734741 1161.152466 1017.516907 159216.968750 
2284.503662 1476.277954 1170.482788 1278.309937 137997.062500 
2688.953125 1957.592285 1312.016479 918.637085 151142.953125 
3057.091797 2289.963623 1992.248047 1386.852051 210537.562500 
2707.409668 1984.953979 1808.783569 1418.827026 163528.265625 
2993.036133 1747.367798 1668.900635 1341.135498 182353.468750 
3793.493164 2227.830078 1886.412109 1651.969604 203629.562500 
3411.353271 2340.962158 1515.217041 1769.718994 157001.046875 
3334.459229 2399.319580 2030.772583 1562.144043 139309.703125 
3570.722656 2034.721436 1930.572998 1677.445312 270245.000000 
4659.078125 2957.240479 2494.894043 1771.337280 224380.921875 
4578.970703 3093.378418 1869.962036 1548.772705 244009.859375 
2792.048584 1836.641235 1532.922729 1072.927124 123482.257812 
3174.086426 1942.685425 1946.359863 1327.778687 161406.000000 
2547.237305 1669.871948 1451.575562 1111.197754 110448.273438 
2855.726562 1877.563477 1544.651245 1246.048462 183089.078125 
2972.009521 1974.382935 1410.531860 923.173706 139189.218750 
2435.319092 1631.695312 1248.208008 1108.483276 136453.093750 
2648.126465 1608.020020 1302.157471 1115.409790 134991.203125 
2827.336426 2053.562256 1613.547485 1125.978271 176691.359375 
2646.082764 1810.067749 1263.157837 1144.874268 158054.875000 
2289.405762 1560.048706 1152.952515 881.966431 115384.921875 
2510.413574 1418.346558 1222.695557 1174.912720 183533.140625 
1933.476074 1276.391846 1015.967468 749.968140 124698.625000 
2263.196289 1679.217163 1244.110229 863.800415 146315.406250 
2503.562256 1464.123779 1328.271118 980.135132 163609.750000 
2645.612793 1546.443359 1127.222778 844.539307 168154.484375 
2025.625610 1231.630249 877.976868 543.317810 131192.812500 
2347.324219 1442.793579 1068.194580 721.823547 142211.703125 
2366.918457 1586.878540 1119.087891 924.614014 151968.828125 
2545.111816 1775.418579 1624.016479 957.106689 154983.031250 
3056.531250 1549.538208 1109.089600 994.570251 155290.937500 
3050.069336 1856.815796 1334.514404 1004.116882 177023.250000 
2760.050781 1457.516357 1224.016235 1123.646973 161024.468750 
2817.263428 1926.492798 1391.639404 1210.229004 199047.890625 
3522.092285 1839.444702 1427.461182 1116.781494 155217.343750 
2802.049805 2021.734985 1546.865601 1147.167725 163828.718750 
3155.315918 1951.838379 1500.556641 1174.505127 150611.531250 
3125.091553 2028.292114 1433.448730 907.347961 143818.000000 
2490.049805 1725.889526 1329.263428 1127.833740 152344.375000 
2827.841064 1653.429443 1371.481079 1039.756958 199888.921875 
2802.482422 1467.265991 1398.952148 1272.046387 182141.343750 
3387.266846 2105.683105 1530.239136 1426.437744 282529.156250 
2528.571289 1764.214722 1355.105103 973.779297 191006.828125 
2428.455811 1396.194702 1065.086914 880.652100 139723.890625 
3134.286133 2251.732422 1807.463257 2184.563477 298848.656250 
2942.103516 2082.055664 1364.763916 1071.269043 231306.046875 
2423.549561 1687.495728 1548.650269 1170.152344 199797.218750 
2042.275635 1156.997925 786.318909 618.968872 148195.625000 
1262.408691 767.061523 619.836670 377.722321 110834.578125 
1644.517456 944.451599 688.878174 499.942749 142344.750000 
1623.641968 830.125122 685.000366 684.956482 168470.218750 
1113.635010 640.452820 465.529877 376.598175 211819.953125 
928.100220 570.986572 437.681366 375.166718 137821.062500 
636.519287 363.692230 292.843109 216.524384 95546.718750 
528.809265 356.895050 204.627106 156.384766 108219.773438 
731.226929 399.730865 306.155487 205.790573 142614.093750 
462.863678 302.626587 201.198929 134.507019 76671.257812 
721.748108 441.171204 302.421021 252.042816 189600.453125 
586.759277 392.132202 268.986816 188.630234 102258.523438 
756.748352 444.673798 314.132172 187.849106 122805.757812 
893.507385 512.521667 364.656006 275.674133 193046.500000 
882.496277 542.054688 406.713348 334.825958 118403.929688 
1173.550903 651.617432 504.379242 442.782440 148933.359375 
1584.516968 994.394165 825.161255 528.233643 170957.890625 
2421.499023 1445.706421 1420.645874 1242.764160 209370.375000 
2712.966309 1571.158081 1248.801025 973.479065 204714.218750 
2862.531738 1824.256714 1425.391968 1593.560303 124698.992188 
3505.466309 2399.338867 1830.097900 1483.433960 202265.312500 
4362.308594 2778.692627 2816.188721 2348.135254 174859.625000 
5209.739746 3801.051025 3576.909668 2420.001709 207099.015625 
6177.122559 4314.767578 3732.865234 3093.964600 215217.046875 
7230.304199 4886.380371 4692.930664 3455.380615 235083.812500 
6882.841309 4403.437012 3499.001465 3028.833984 155384.609375 
7689.903320 5454.270996 4703.651855 2743.175293 242116.671875 
7223.351562 6016.437500 4998.723633 4082.163574 237180.593750 
5001.964844 3509.153076 2950.303467 1945.276245 230607.640625 
3049.671143 1874.619751 1637.187744 1185.782959 159823.578125 
2839.819824 1747.117432 1519.268188 1225.362427 152172.140625 
1837.820801 1197.935303 975.905518 678.947021 194131.140625 
1614.546509 973.248108 762.592529 549.146790 150621.218750 
1401.276245 894.431030 590.918396 405.125885 140373.546875 
702.836060 492.556549 291.740082 242.186752 103705.070312 
742.570618 426.765778 265.181213 199.364273 109603.125000 
733.297363 408.932831 298.770813 255.969116 139360.156250 
766.118835 396.229248 289.696320 197.627655 108343.734375 
758.803345 469.500122 328.794586 265.696198 152672.703125 
609.903992 364.027924 204.358063 150.463150 90949.656250 
579.291504 354.492249 318.671326 247.790100 76800.140625 
715.800903 396.002838 340.516541 276.015259 96154.062500 
1001.043701 706.715942 420.078064 327.242096 123012.757812 
1331.325317 833.154053 584.331909 477.492188 184871.781250 
1320.938599 796.529541 652.275940 533.378662 143688.453125 
1216.827637 757.926147 580.609985 515.333862 144411.812500 
2044.105835 1236.781738 966.629272 696.985229 155235.968750 
2592.263184 1713.646484 1453.322510 874.558960 188547.250000 
2273.635010 1351.098633 1122.669434 696.058838 139143.781250 
2093.325439 1349.622803 1188.164917 800.861450 133834.750000 
2297.329590 1550.997803 1196.305298 1004.626709 148707.578125 
2525.178223 1520.002808 1402.957153 1162.987549 199730.437500 
2294.117432 1484.242188 1330.317505 909.896912 178645.765625 
1906.350830 1392.972290 882.992554 678.794678 124802.960938 
2494.968018 1606.591553 1597.956909 1332.195190 167455.218750 
2340.634766 1477.479004 1059.184570 790.790222 166202.062500 
2207.749023 1379.858521 1059.941284 975.609985 166814.515625 
1640.006226 1020.240784 913.855164 608.708679 114334.023438 
2427.786377 1457.371582 1371.019653 1249.276611 199821.109375 
2757.690186 1836.993408 1627.050659 1155.228394 269530.812500 
1602.526978 1270.840698 1032.520386 649.452576 153098.515625 
1326.744995 925.131470 1007.742065 738.599670 202384.171875 
1161.600708 746.566650 533.209961 394.029938 144699.296875 
1016.930237 703.072632 465.245728 477.927765 132751.125000 
835.877197 456.072662 347.349182 224.500854 115523.289062 
855.963013 508.510284 334.968506 278.078308 149496.015625 
741.325562 437.124725 287.375000 248.231964 92027.968750 
725.245972 383.071503 288.805298 188.577942 156388.000000 
811.304016 489.464386 336.808136 331.758148 126711.750000 
765.863342 418.536652 302.895599 246.378189 112311.648438 
913.676453 514.218140 308.579437 247.267334 92731.789062 
920.703369 541.795044 346.080444 273.660339 120563.406250 
817.090149 442.984344 360.047241 253.013763 138327.500000 
932.041321 562.282349 397.720245 277.809235 126277.468750 
1036.240234 584.294373 387.624542 307.334686 95616.351562 
1064.811768 720.779724 430.587341 426.122803 142470.656250 
1343.005615 862.125916 720.561035 532.220764 146008.640625 
1330.751953 825.460205 683.920532 441.438477 171406.984375 
1441.816895 778.790710 648.886169 531.863098 157523.109375 
1702.040283 1114.311035 828.156677 522.764160 158839.593750 
1816.044556 1237.242188 935.282898 653.384644 130649.312500 
1832.243286 1078.638550 855.205139 720.958252 152451.906250 
1698.369019 1152.683105 1047.338745 891.616699 187954.156250 
1687.887207 1208.570435 1059.567505 765.841309 113187.421875 
2437.434082 1604.814087 1366.943726 1001.372864 165483.296875 
1908.718628 1246.335327 1022.072693 756.501465 163708.828125 
2041.048706 1309.440430 1151.312256 928.906799 187693.031250 
2349.463867 1489.917480 1284.151489 1250.995483 195491.171875 
2440.903564 1615.368164 1314.000610 1195.793091 144919.437500 
2374.530762 1488.047729 1451.308472 1021.291931 151531.359375 
2780.095703 1721.870972 1135.513184 1016.141602 160296.531250 
3313.113037 2095.743408 2057.436523 1404.859619 159689.328125 
3248.197754 2258.104004 2202.830322 1503.605713 174356.093750 
3299.812256 2318.449951 2031.669434 2003.029907 197256.671875 
2399.430420 1415.531860 1423.020142 961.915405 152322.343750 
2351.496582 1524.148804 1137.562378 799.227234 164582.218750 
1763.976562 1111.544189 1005.555115 693.104004 257067.406250 
1472.838257 891.258240 674.046021 557.459229 156745.000000 
1304.222534 744.789124 575.815430 557.701294 117018.531250 
1584.061768 897.696655 669.586609 527.709717 134801.250000 
1497.079834 956.999573 808.980286 574.414368 145657.281250 
1175.422241 784.461182 666.975098 494.793640 186220.406250 
1282.657349 775.187622 568.850159 439.694000 156269.265625 
998.066467 604.989502 530.448608 316.951263 107727.210938 
1456.535034 925.182251 615.229858 522.033936 132762.531250 
1304.403809 733.979126 602.939636 569.531311 145426.359375 
1574.369507 898.703491 681.716309 631.496704 168241.218750 
1464.799927 991.192261 728.806885 593.610718 122143.445312 
1751.992676 1000.465393 713.067871 715.551086 207227.187500 
1702.371460 1106.038696 952.730530 654.683411 203773.109375 
2029.743774 1256.644653 1128.055420 777.085144 207837.453125 
1807.774902 1185.399414 833.415283 739.388245 147704.828125 
1831.399780 1281.627686 1057.782959 1089.772095 244485.156250 
1701.779663 1079.192627 867.640076 732.366699 138920.453125 
2279.462646 1596.600342 1437.935547 1174.498047 169490.234375 
1460.658325 828.233765 579.823730 447.630646 122557.773438 
2132.942627 1468.486450 956.655457 831.580139 187070.796875 
1923.814087 1138.583862 854.056702 746.206604 123186.109375 
2014.706909 1486.560059 1112.796753 746.768555 205065.312500 
2239.590820 1188.629150 1053.459595 1067.431274 164690.765625 
1870.702393 1159.682007 938.608643 596.114990 157872.859375 
1769.051147 1149.815186 858.326233 822.685425 214849.796875 
2062.798584 1121.610596 974.122131 774.434143 200496.343750 
1478.676270 924.360840 694.241394 601.358643 153084.562500 
1485.942749 815.311340 695.453125 482.146729 144080.687500 
1231.765991 883.417908 618.868958 493.731079 105198.929688 
1838.715454 1214.951294 711.814758 752.763672 222040.578125 
1333.202271 970.438599 611.844604 447.681030 120006.867188 
1283.011719 720.235291 628.962280 496.293732 133396.484375 
1063.870728 644.936340 453.100433 330.450195 100759.320312 
1057.709961 572.574646 429.144806 280.756836 114261.617188 
1231.153687 729.169556 506.941681 361.659271 125954.789062 
1024.082520 644.094788 528.037964 419.663849 119660.593750 
1325.818359 746.714966 631.248962 405.494904 151334.375000 
1030.848877 676.264954 527.191406 484.479828 101974.156250 
1030.786621 591.660034 411.819061 318.977295 120220.960938 
1148.294922 735.374878 576.175537 430.482391 116310.515625 
1985.807251 1123.092529 815.562866 660.913818 156505.109375 
1573.404053 894.178467 656.859009 598.520020 156346.906250 
1491.463379 951.343140 928.416199 726.473633 140160.593750 
1445.232178 997.854614 736.298096 828.628784 182349.437500 
1683.576904 995.945923 891.165894 727.255371 113299.937500 
2127.562744 1335.003296 1061.369507 725.068787 182172.718750 
2223.674072 1697.248657 1222.191895 872.502563 184407.359375 
2387.851318 1450.603149 1148.317261 846.160095 163114.578125 
1857.639771 1261.707031 966.600342 881.252441 158020.437500 
2333.789062 1522.619385 1153.716309 1241.620117 171070.562500 
2786.625488 1666.338989 1429.204834 1299.541626 154182.453125 
2864.009521 2021.961670 1988.237793 1375.654785 147778.750000 
3251.217773 2312.919678 1677.627197 1663.122192 178276.578125 
3634.042480 2860.487061 2607.300293 2579.450928 257656.750000 
4182.906250 2736.604492 2825.549561 2048.396973 228379.953125 
4549.130371 2707.047363 2364.876953 2598.223633 191248.328125 
4281.843750 3397.841553 2873.191406 2190.916260 186860.171875 
4878.487305 3648.792969 2763.561035 2500.061523 196724.437500 
5178.862793 3863.482422 3457.681641 3388.665039 202520.375000 
7368.099121 5404.917480 4529.939453 3545.110840 254165.125000 
6110.854980 4523.042969 4520.852051 4323.654297 300141.531250 
5158.683105 4393.612793 3417.993896 2440.826660 174138.625000 
5258.626465 4354.184570 3615.225342 2866.394775 202259.328125 
5113.672852 3609.109863 3179.663330 2231.272217 257961.593750 
3547.426514 2547.416260 2036.939087 1999.567749 196757.078125 
3483.151855 2318.702148 1871.411621 1517.853882 174248.687500 
2228.210205 1438.867798 1395.690063 1171.665161 152057.968750 
2247.610352 1409.009644 1032.361694 859.990356 174462.203125 
1355.611206 779.875793 712.040649 617.133240 152123.046875 
1085.315674 631.130981 538.185669 313.049774 114035.796875 
821.604065 561.634521 336.604156 434.916595 106513.148438 
854.952698 753.931519 614.392273 474.811951 201716.250000 
742.758240 432.556732 300.318909 223.585419 118051.796875 
689.392883 400.893585 299.457825 225.872055 136212.312500 
701.817688 364.505005 261.476929 241.051697 98517.382812 
718.134888 392.760864 298.308441 197.401169 156147.187500 
652.478210 326.214783 259.103210 196.832779 146819.078125 
688.031616 351.384796 257.743195 182.377579 124040.703125 
642.026672 355.706238 214.154922 176.286011 139240.484375 
469.693573 260.797058 192.242584 164.557800 114226.734375 
582.666809 272.865997 195.563431 147.391769 127051.648438 
551.354797 334.949463 197.100281 176.647858 124567.164062 
633.687988 428.120392 298.667572 199.915771 130669.273438 
723.956848 425.469238 283.102936 202.351501 168608.125000 
762.073608 392.030212 291.887756 221.552750 120438.507812 
811.245850 504.829987 381.956268 358.060608 128740.476562 
742.890076 451.544495 327.485535 242.877655 135176.937500 
619.404419 415.564484 323.420441 256.151337 106383.515625 
818.791809 493.677948 345.035400 238.017700 133957.343750 
819.075317 414.123749 284.035461 185.595154 98734.015625 
951.199951 520.932922 347.680206 289.978577 133036.375000 
925.266602 560.084106 482.298279 368.274933 175485.265625 
915.501953 615.679626 459.681396 347.193420 154160.687500 
1097.487305 667.156799 494.822510 352.795837 160682.781250 
987.427124 626.510559 448.244659 292.875885 128636.562500 
1397.905396 748.359253 629.097839 446.155243 183461.453125 
1401.612061 819.149292 710.111694 481.989777 180047.812500 
1462.276733 851.049011 628.536743 538.669556 177440.000000 
1465.240845 895.219421 670.405762 450.503235 146883.140625 
1452.969360 873.063721 672.484680 484.730255 183697.031250 
1287.058105 800.476440 655.078125 466.762482 126404.640625 
1572.118042 1117.073242 822.444824 614.277710 164194.375000 
1614.095825 931.030029 670.606140 530.014648 128238.085938 
1726.297852 1145.836060 943.351624 605.958130 194207.593750 
1767.519165 1071.678955 978.240967 755.777466 163925.968750 
2033.147705 1260.013794 1034.075439 925.087708 197990.562500 
1806.093384 1125.817017 1094.486450 998.545227 149355.328125 
1392.652832 1000.202148 782.611877 788.668823 216261.562500 
2116.123779 1392.489136 1036.934082 815.328918 163017.875000 
1974.192383 1074.526367 913.546509 684.212463 197115.562500 
1567.816650 987.436707 926.633484 660.681335 150105.453125 
1616.435059 1038.849609 788.248962 556.454346 147379.796875 
1921.998779 1187.374756 952.937073 793.536743 213785.187500 
1489.873901 841.605591 662.581970 595.893738 133744.437500 
1504.890869 869.591553 658.551697 455.054993 114264.585938 
1164.477661 694.842773 678.560852 427.020020 126424.039062 
1160.630737 694.726685 659.955322 602.117310 152861.140625 
894.991638 533.452454 470.216278 311.541595 98048.453125 
1062.711670 624.364807 439.661133 401.073944 159102.437500 
1058.470093 646.970459 506.885773 408.705536 163176.500000 
914.134827 495.841125 380.355408 320.902496 121330.062500 
771.455139 475.683655 355.514832 248.243774 98055.960938 
755.757874 417.564880 307.998199 239.368881 114508.812500 
728.064148 417.723053 277.161896 227.499191 113578.132812 
625.247009 367.183807 312.770081 232.906723 120184.710938 
686.745483 443.379211 341.974182 313.131226 184662.921875 
620.313110 364.633270 244.222443 197.270432 131411.078125 
719.452148 362.535370 294.789001 228.442551 101381.820312 
845.826660 520.318176 318.420502 204.237732 106247.507812 
814.889038 449.687622 352.205811 225.769958 115171.062500 
932.507935 591.116455 432.702576 422.945129 225279.171875 
917.636658 570.364746 439.013458 295.589447 118788.625000 
974.239990 591.556580 443.382751 298.768860 108858.734375 
1110.032471 775.904419 716.470947 471.061310 229796.796875 
1225.471558 799.483887 640.173157 539.407227 148305.984375 
1654.275269 974.039429 864.998779 653.727539 146271.250000 
1578.075195 1002.281311 892.806458 704.326294 155858.046875 
1820.120972 1272.502319 977.367798 792.101868 126624.343750 
2060.687256 1384.617798 1214.161133 862.631104 159346.812500 
2248.235840 1386.162598 1030.610474 808.980957 125980.476562 
2397.563477 1912.684570 1390.817017 1366.149292 159477.203125 
3090.441162 2137.755371 1872.384399 1716.618408 173198.031250 
3548.299805 2590.750244 1820.432495 1401.233398 166768.937500 
4600.812012 3434.669434 2915.917969 3306.872559 372587.906250 
4331.769043 3147.345459 3124.951416 2280.840088 187410.140625 
5798.213867 4254.827148 4135.109375 3144.952393 196557.421875 
5505.441406 4265.074707 2827.661621 2901.751953 168043.000000 
6713.122559 5197.232910 4039.017822 4602.702148 232825.218750 
5732.615234 4806.672363 4220.644043 3387.775635 226093.437500 
5317.792480 3724.604004 3785.576904 2620.242676 314645.593750 
4500.111328 2974.327393 2467.700195 2525.077881 171463.203125 
3799.385010 2653.378174 2603.897705 2345.491455 216682.015625 
4115.795410 2593.774414 2948.096680 1864.379395 229786.515625 
3083.294434 2076.054688 1927.371216 1548.502808 160863.265625 
2859.180176 1793.199585 1374.570923 1599.344238 136373.078125 
2570.164795 1671.231201 2131.639404 1222.310669 153121.906250 
2158.456787 1468.391724 1444.494019 1194.872070 209846.500000 
2120.511475 1514.910522 1268.742798 896.446106 144456.359375 
1792.259277 1113.689453 906.857605 682.536743 138054.875000 
1979.470581 1223.449585 1118.528198 929.804932 186522.812500 
1422.486572 856.704102 689.608521 544.106567 130396.718750 
1307.301392 858.244385 754.649475 568.310669 145636.390625 
1451.860474 943.808594 742.960144 549.938110 127759.562500 
1390.518799 858.715393 711.738220 457.038635 118759.406250 
1244.108276 758.910278 545.886292 333.764282 96857.562500 
1587.753662 1047.717285 797.973511 605.241028 159047.984375 
1455.126343 1007.604248 843.569031 885.135559 113865.773438 
1675.797974 1098.619629 866.343384 621.702759 139747.968750 
1457.665283 951.716064 915.922363 731.786255 151797.125000 
1414.711060 851.035889 740.890442 608.573975 123594.562500 
1724.242798 1031.003906 891.610840 683.100525 120568.742188 
1892.605835 1271.624146 1005.868958 994.801392 155510.250000 
1874.674194 1229.513672 984.072876 720.907898 164627.125000 
1908.364014 1120.460083 1136.975708 1199.312500 148603.781250 
1517.599487 936.569702 697.541992 651.148865 123030.960938 
1782.496338 1203.781128 1035.239624 904.783203 149921.421875 
1649.471436 1151.148926 912.249634 812.250671 159746.750000 
1953.663330 1264.496094 1200.307007 891.066711 162357.578125 
1871.732422 1006.066284 971.207214 663.937500 152305.093750 
1827.438232 1219.795776 1260.261108 885.587769 133326.156250 
1768.352905 1129.000366 1056.655640 854.267456 189368.578125 
1962.061768 1298.538574 957.066956 679.737488 150860.171875 
1763.605835 1098.898560 974.823425 716.880188 116495.656250 
1624.148926 1040.503906 842.248108 588.525513 108220.437500 
1680.684692 1148.926636 904.825928 742.595581 122159.359375 
1807.823608 1267.885254 1009.328552 926.259949 150714.078125 
2340.643066 1374.673096 1223.035767 831.638245 136046.109375 
1780.163696 1337.043701 1064.564087 986.227600 127596.296875 
2178.935547 1422.496094 1391.168091 867.700195 138993.875000 
1965.732910 1286.676025 1374.955933 967.798096 137166.718750 
1977.797119 1173.530518 1181.662598 862.224792 126475.742188 
2069.564697 1313.264404 1110.508179 964.696289 138027.781250 
2386.496338 1535.380981 1244.445801 1145.283691 182870.921875 
1881.777466 1287.717773 1092.767212 831.405701 163423.890625 
2600.868164 1587.609253 1256.586548 1147.631958 140935.562500 
2285.451172 1600.247559 1319.850220 834.841675 161865.812500 
2286.352539 1303.967651 1220.149170 897.689880 183367.265625 
1742.219116 1104.658569 915.326782 782.262939 157234.375000 
1611.883301 1001.995117 921.694214 613.317871 146473.031250 
1651.604614 1025.865112 907.602051 691.662476 137035.750000 
