Episode: 1: [[0. 0. 0. 0.]
 [0. 0. 0. 0.]
 [0. 0. 0. 0.]
 [0. 0. 0. 0.]] 
Episode: 2: [[ 4.9999999e-05  4.9999544e-05  4.9999457e-05  4.9999555e-05]
 [ 4.9999959e-05  4.9974209e-05  4.9980197e-05  4.9975126e-05]
 [ 4.9999981e-05  4.9960177e-05  4.9922146e-05  4.9977327e-05]
 [ 4.9999988e-05 -4.9990071e-05 -4.9996728e-05 -4.9990802e-05]] 
Episode: 3: [[ 8.9564885e-05  8.9007277e-05  8.8268956e-05  8.8936380e-05]
 [ 8.9403773e-05  9.2240283e-05  9.1390306e-05  9.1420879e-05]
 [ 8.8653826e-05  9.0160065e-05  8.8234134e-05  9.0557500e-05]
 [ 8.8077235e-05 -2.5399217e-05 -7.5572192e-05 -1.8411227e-05]] 
Episode: 4: [[ 6.92448011e-05  7.17321600e-05  6.97840514e-05  7.04247941e-05]
 [ 6.98218064e-05  1.09287488e-04  1.07514388e-04  9.82367274e-05]
 [ 6.67935456e-05  8.49266144e-05  8.43512680e-05  8.70555596e-05]
 [ 6.50263755e-05 -5.30076104e-05 -1.09796296e-04 -4.38983443e-05]] 
Episode: 5: [[ 8.7173619e-05  9.2382346e-05  8.9064291e-05  8.9798588e-05]
 [ 8.9707333e-05  1.4028170e-04  1.3845577e-04  1.2780919e-04]
 [ 8.5028914e-05  1.1218034e-04  1.1185126e-04  1.1424752e-04]
 [ 8.2183498e-05 -4.0180796e-05 -1.2041598e-04 -3.0040201e-05]] 
Episode: 6: [[ 1.17885123e-04  1.23347389e-04  1.19723321e-04  1.20576573e-04]
 [ 1.20968696e-04  1.73034859e-04  1.71083200e-04  1.60190102e-04]
 [ 1.16005358e-04  1.44006568e-04  1.43508747e-04  1.46039703e-04]
 [ 1.12899892e-04 -1.12146108e-05 -9.54348143e-05 -7.07153845e-07]] 
Episode: 7: [[ 1.4700799e-04  1.5613461e-04  1.5047473e-04  1.4983762e-04]
 [ 1.5494424e-04  2.1129237e-04  2.0934542e-04  1.9839141e-04]
 [ 1.4883290e-04  1.8187086e-04  1.8126832e-04  1.8365309e-04]
 [ 1.4459691e-04  2.3212093e-05 -7.0420254e-05  2.9928227e-05]] 
Episode: 8: [[ 1.8289198e-04  1.9164222e-04  1.8543430e-04  1.8489717e-04]
 [ 1.9226229e-04  2.4789249e-04  2.4516595e-04  2.3369241e-04]
 [ 1.8659314e-04  2.1804046e-04  2.1715133e-04  2.1955681e-04]
 [ 1.8207599e-04  6.0383085e-05 -4.1109884e-05  6.5626606e-05]] 
Episode: 9: [[ 2.2289112e-04  2.3150416e-04  2.2494153e-04  2.2451268e-04]
 [ 2.3298235e-04  2.8838374e-04  2.8491754e-04  2.7318936e-04]
 [ 2.2697441e-04  2.5801326e-04  2.5675789e-04  2.5957654e-04]
 [ 2.2128553e-04  1.0057710e-04 -2.2360309e-05  1.0543120e-04]] 
Episode: 10: [[ 2.6202013e-04  2.7411492e-04  2.6723216e-04  2.6675392e-04]
 [ 2.7475078e-04  3.3164243e-04  3.2767199e-04  3.1583931e-04]
 [ 2.6466284e-04  3.0040572e-04  2.9884937e-04  3.0248231e-04]
 [ 2.5292899e-04  1.3853524e-04 -3.2019681e-05  1.4722640e-04]] 
Episode: 11: [[ 2.9925987e-04  3.1754433e-04  3.1028353e-04  3.0977908e-04]
 [ 3.1554687e-04  3.7637490e-04  3.7175356e-04  3.5997893e-04]
 [ 2.9771717e-04  3.4313631e-04  3.4078996e-04  3.4655220e-04]
 [ 2.7593732e-04  1.6983964e-04 -5.4558412e-05  1.8859064e-04]] 
Episode: 12: [[ 3.3729960e-04  3.6010335e-04  3.5282111e-04  3.5278147e-04]
 [ 3.5533003e-04  4.1952182e-04  4.1346374e-04  4.0180658e-04]
 [ 3.3055499e-04  3.8409911e-04  3.8052961e-04  3.8848701e-04]
 [ 2.9961191e-04  2.0084926e-04 -7.6525146e-05  2.2872251e-04]] 
Episode: 13: [[ 0.00037443  0.0004013   0.0003942   0.0003949 ]
 [ 0.00039318  0.00045978  0.00045268  0.00044148]
 [ 0.00036101  0.00042261  0.00041776  0.00042828]
 [ 0.00032069  0.00022843 -0.00010107  0.00026718]] 
Episode: 14: [[ 0.00041046  0.00044081  0.00043409  0.00043603]
 [ 0.0004289   0.0004975   0.00048923  0.00047822]
 [ 0.0003894   0.00045844  0.00045138  0.00046486]
 [ 0.00033997  0.00025162 -0.00012912  0.00030338]] 
Episode: 15: [[ 0.00044526  0.000478    0.00047178  0.00047562]
 [ 0.00046239  0.00053169  0.00052175  0.00051102]
 [ 0.00041608  0.00049065  0.00048058  0.0004975 ]
 [ 0.00035818  0.00027078 -0.00016008  0.00033612]] 
Episode: 16: [[ 0.00047658  0.00051174  0.00050658  0.00051242]
 [ 0.00049227  0.00055648  0.00054846  0.00053929]
 [ 0.00044083  0.00051768  0.00050585  0.00052623]
 [ 0.00037567  0.00028711 -0.00019186  0.00036474]] 
Episode: 17: [[ 0.00050409  0.0005428   0.00053846  0.0005456 ]
 [ 0.00051866  0.00057915  0.00057502  0.00056569]
 [ 0.00046274  0.00054427  0.00053101  0.00055237]
 [ 0.00039118  0.00030233 -0.00022067  0.00038925]] 
Episode: 18: [[ 0.00052814  0.00057055  0.00056757  0.00057585]
 [ 0.0005406   0.00060055  0.00059536  0.00058745]
 [ 0.00048123  0.00056425  0.00054965  0.00057409]
 [ 0.00040415  0.00031077 -0.00025282  0.00040698]] 
Episode: 19: [[ 0.00055022  0.00059582  0.00059417  0.00060362]
 [ 0.00056007  0.00061814  0.00061307  0.0006067 ]
 [ 0.00049715  0.00058108  0.00056564  0.00059279]
 [ 0.00041482  0.00031404 -0.00028699  0.00042018]] 
Episode: 20: [[ 0.00057101  0.0006193   0.0006189   0.00062961]
 [ 0.0005777   0.00063463  0.00062932  0.00062388]
 [ 0.00051171  0.00059646  0.0005795   0.00060897]
 [ 0.00042473  0.00031439 -0.00032308  0.0004297 ]] 
Episode: 21: [[ 0.00059039  0.0006402   0.00064123  0.00065409]
 [ 0.0005931   0.00065224  0.00064204  0.00063782]
 [ 0.00052416  0.00060791  0.00058811  0.00062196]
 [ 0.00043277  0.00031014 -0.000361    0.00043757]] 
Episode: 22: [[ 0.0006077   0.00065862  0.00066129  0.00067661]
 [ 0.00060604  0.00066793  0.00065165  0.00064938]
 [ 0.00053293  0.0006146   0.00059254  0.00063183]
 [ 0.0004365   0.0002972  -0.00040265  0.00044066]] 
Episode: 23: [[ 0.00062326  0.00067527  0.00067946  0.0006971 ]
 [ 0.00061712  0.00068068  0.00065956  0.00065947]
 [ 0.00053923  0.0006187   0.00059518  0.00063967]
 [ 0.00043762  0.00027998 -0.00044544  0.00043914]] 
Episode: 24: [[ 0.00063812  0.00068966  0.00069508  0.00071589]
 [ 0.00062683  0.00069256  0.00066509  0.00066712]
 [ 0.0005447   0.00061882  0.00058945  0.00064287]
 [ 0.00043821  0.0002511  -0.00048865  0.00042756]] 
Episode: 25: [[ 0.00065306  0.00070353  0.00071021  0.0007344 ]
 [ 0.00063599  0.00070473  0.00067014  0.00067374]
 [ 0.00054951  0.00061854  0.0005828   0.00064462]
 [ 0.00043831  0.000222   -0.00053107  0.00041396]] 
Episode: 26: [[ 0.0006677   0.00071701  0.00072531  0.00075293]
 [ 0.00064423  0.00070909  0.00067323  0.00067925]
 [ 0.00055386  0.00061669  0.00057609  0.00064579]
 [ 0.0004384   0.00019441 -0.00057079  0.00040167]] 
Episode: 27: [[ 0.00068083  0.00072961  0.000739    0.00076995]
 [ 0.0006508   0.00071635  0.00067749  0.00068415]
 [ 0.0005553   0.00061441  0.00056845  0.00064497]
 [ 0.0004351   0.00016365 -0.00061121  0.00038619]] 
Episode: 28: [[ 0.00069282  0.00074044  0.00075153  0.00078574]
 [ 0.00065523  0.00071751  0.00067754  0.00068628]
 [ 0.0005552   0.000608    0.0005584   0.00064181]
 [ 0.00043093  0.00013218 -0.00065067  0.00036776]] 
Episode: 29: [[ 0.00070579  0.00075162  0.00076444  0.00080206]
 [ 0.00065992  0.00071779  0.00067696  0.00068777]
 [ 0.00055583  0.00060149  0.00054793  0.00063755]
 [ 0.00042793  0.00010075 -0.00069078  0.00034839]] 
Episode: 30: [[ 7.1950193e-04  7.6299359e-04  7.7760656e-04  8.1846735e-04]
 [ 6.6494115e-04  7.1471033e-04  6.7635585e-04  6.8941806e-04]
 [ 5.5865513e-04  5.9707556e-04  5.4005231e-04  6.3516141e-04]
 [ 4.2832113e-04  7.7858305e-05 -7.2393043e-04  3.3504152e-04]] 
Episode: 31: [[ 7.3426141e-04  7.7517488e-04  7.9254305e-04  8.3658204e-04]
 [ 6.6887221e-04  7.0934003e-04  6.7453843e-04  6.9002912e-04]
 [ 5.6224584e-04  5.9235271e-04  5.3162017e-04  6.3262158e-04]
 [ 4.3091996e-04  5.9044280e-05 -7.5331028e-04  3.2580885e-04]] 
Episode: 32: [[ 7.5097725e-04  7.8798272e-04  8.0753915e-04  8.5519516e-04]
 [ 6.7390362e-04  7.0403522e-04  6.7265332e-04  6.9112511e-04]
 [ 5.6595565e-04  5.8745744e-04  5.2304950e-04  6.3061953e-04]
 [ 4.3310155e-04  4.0075924e-05 -7.8180735e-04  3.1626635e-04]] 
Episode: 33: [[ 7.6711102e-04  7.9959485e-04  8.2081667e-04  8.7214744e-04]
 [ 6.7896355e-04  7.0127187e-04  6.7086908e-04  6.9178111e-04]
 [ 5.6996703e-04  5.8283733e-04  5.1302899e-04  6.2845467e-04]
 [ 4.3567389e-04  2.1113385e-05 -8.1056659e-04  3.0766139e-04]] 
Episode: 34: [[ 7.8259874e-04  8.1110082e-04  8.3484338e-04  8.8982744e-04]
 [ 6.8182166e-04  6.9171080e-04  6.6515140e-04  6.9027877e-04]
 [ 5.7235738e-04  5.7349913e-04  4.9881771e-04  6.2383735e-04]
 [ 4.3719949e-04 -2.4987728e-06 -8.4324484e-04  2.9513534e-04]] 
Episode: 35: [[ 7.9768675e-04  8.2397496e-04  8.5011881e-04  9.0870622e-04]
 [ 6.8412774e-04  6.8351807e-04  6.6141837e-04  6.8999192e-04]
 [ 5.7161972e-04  5.6399242e-04  4.8496548e-04  6.1939104e-04]
 [ 4.3404353e-04 -2.9900963e-05 -8.7670347e-04  2.8165977e-04]] 
Episode: 36: [[ 8.1687898e-04  8.4080163e-04  8.6965074e-04  9.3162886e-04]
 [ 6.8856979e-04  6.7232311e-04  6.5583590e-04  6.9097191e-04]
 [ 5.7263440e-04  5.5422017e-04  4.7345614e-04  6.1843824e-04]
 [ 4.3218321e-04 -4.9765971e-05 -9.0145104e-04  2.7536502e-04]] 
Episode: 37: [[ 8.3432993e-04  8.5676496e-04  8.8852609e-04  9.5393806e-04]
 [ 6.9143547e-04  6.6073146e-04  6.4915436e-04  6.9138873e-04]
 [ 5.7127763e-04  5.4179505e-04  4.5981302e-04  6.1662053e-04]
 [ 4.2733477e-04 -7.4117299e-05 -9.2930003e-04  2.6712936e-04]] 
Episode: 38: [[ 0.00085065  0.00087347  0.00090792  0.00097601]
 [ 0.0006939   0.00065415  0.00064607  0.00069345]
 [ 0.00056749  0.00053078  0.00044702  0.00061453]
 [ 0.00041911 -0.00010231 -0.00095905  0.00025513]] 
Episode: 39: [[ 0.00086595  0.00089289  0.00092952  0.0009999 ]
 [ 0.00069833  0.00065341  0.00064873  0.00070093]
 [ 0.00055963  0.00052133  0.00043555  0.0006149 ]
 [ 0.00040349 -0.00013902 -0.00099592  0.0002374 ]] 
Episode: 40: [[ 0.00088033  0.00091023  0.00094876  0.0010206 ]
 [ 0.00070293  0.00065376  0.00065037  0.0007068 ]
 [ 0.00055426  0.00051303  0.00042341  0.00061498]
 [ 0.00039147 -0.00017097 -0.00103018  0.0002232 ]] 
Episode: 41: [[ 0.00089668  0.000931    0.00097101  0.00104459]
 [ 0.00071032  0.00065771  0.00065547  0.00071728]
 [ 0.0005482   0.00050667  0.00041282  0.00061932]
 [ 0.0003763  -0.00020723 -0.00106889  0.00020995]] 
Episode: 42: [[ 0.00091489  0.00095368  0.00099475  0.00107014]
 [ 0.00071811  0.00066059  0.00066007  0.0007271 ]
 [ 0.0005421   0.00049924  0.00040024  0.00062081]
 [ 0.00036135 -0.00024659 -0.00111139  0.00019211]] 
Episode: 43: [[ 0.00093319  0.00097715  0.00101903  0.00109596]
 [ 0.00072532  0.00066237  0.00066484  0.00073626]
 [ 0.0005346   0.00049118  0.00038732  0.00062002]
 [ 0.00034488 -0.00028899 -0.00115669  0.00016851]] 
Episode: 44: [[ 0.00095242  0.00100007  0.00104253  0.00112149]
 [ 0.00073244  0.00066475  0.00066854  0.00074386]
 [ 0.00052752  0.00048212  0.00037224  0.00061694]
 [ 0.00032933 -0.00033227 -0.0012034   0.00014273]] 
Episode: 45: [[ 0.00097122  0.00102333  0.00106662  0.00114767]
 [ 0.00073846  0.00066583  0.00067167  0.00075104]
 [ 0.00051923  0.00047144  0.00035635  0.00061227]
 [ 0.00031286 -0.00037761 -0.00125172  0.00011395]] 
Episode: 46: [[ 9.9445414e-04  1.0499734e-03  1.0936478e-03  1.1771836e-03]
 [ 7.4851920e-04  6.7337422e-04  6.7875028e-04  7.6027855e-04]
 [ 5.1588222e-04  4.6773083e-04  3.4354851e-04  6.0994120e-04]
 [ 3.0174846e-04 -4.1535852e-04 -1.2956106e-03  9.1961469e-05]] 
Episode: 47: [[ 1.0172591e-03  1.0771907e-03  1.1215790e-03  1.2073453e-03]
 [ 7.5710641e-04  6.7787670e-04  6.8448466e-04  7.6937571e-04]
 [ 5.1089464e-04  4.6246391e-04  3.3234805e-04  6.0830673e-04]
 [ 2.8907420e-04 -4.5210696e-04 -1.3361512e-03  6.9416521e-05]] 
Episode: 48: [[ 1.0388875e-03  1.1036575e-03  1.1488496e-03  1.2369824e-03]
 [ 7.6468824e-04  6.8557839e-04  6.9154589e-04  7.7868591e-04]
 [ 5.0390913e-04  4.5673386e-04  3.2094747e-04  6.0637866e-04]
 [ 2.7392825e-04 -4.9173023e-04 -1.3785743e-03  4.4976357e-05]] 
Episode: 49: [[ 1.0583452e-03  1.1286527e-03  1.1750124e-03  1.2647476e-03]
 [ 7.7108742e-04  6.8548071e-04  6.9431472e-04  7.8635715e-04]
 [ 4.9735844e-04  4.4935328e-04  3.1091762e-04  6.0559809e-04]
 [ 2.5980466e-04 -5.2639976e-04 -1.4151431e-03  2.3862764e-05]] 
Episode: 50: [[ 1.0729254e-03  1.1509577e-03  1.1986477e-03  1.2888710e-03]
 [ 7.7363884e-04  6.8197539e-04  6.9528242e-04  7.9195137e-04]
 [ 4.8559561e-04  4.3672798e-04  2.9801577e-04  6.0131092e-04]
 [ 2.4049285e-04 -5.6727917e-04 -1.4549863e-03 -3.6087990e-06]] 
Episode: 51: [[ 1.0854288e-03  1.1709034e-03  1.2203718e-03  1.3111969e-03]
 [ 7.7393348e-04  6.7182095e-04  6.9256691e-04  7.9608371e-04]
 [ 4.7368044e-04  4.2141584e-04  2.8408653e-04  5.9694430e-04]
 [ 2.2207056e-04 -6.0634990e-04 -1.4925778e-03 -2.8786410e-05]] 
Episode: 52: [[ 1.0863990e-03  1.1818984e-03  1.2343556e-03  1.3245742e-03]
 [ 7.6531846e-04  6.5919687e-04  6.8924477e-04  7.9845462e-04]
 [ 4.5137957e-04  3.9643561e-04  2.6496765e-04  5.8902055e-04]
 [ 1.9342595e-04 -6.5455167e-04 -1.5349569e-03 -6.0254821e-05]] 
Episode: 53: [[ 1.0926041e-03  1.1994948e-03  1.2544269e-03  1.3454445e-03]
 [ 7.6016271e-04  6.4824836e-04  6.8850018e-04  8.0288132e-04]
 [ 4.2897192e-04  3.7234783e-04  2.4454982e-04  5.7960552e-04]
 [ 1.6357291e-04 -7.0656941e-04 -1.5822838e-03 -9.4647992e-05]] 
Episode: 54: [[ 0.00109605  0.00121486  0.0012714   0.00136398]
 [ 0.00075277  0.000634    0.00068699  0.00080799]
 [ 0.00040316  0.00034541  0.00022277  0.00057015]
 [ 0.00013013 -0.00076161 -0.00163121 -0.00013089]] 
Episode: 55: [[ 1.1018800e-03  1.2320811e-03  1.2904073e-03  1.3847554e-03]
 [ 7.4688683e-04  6.1988883e-04  6.8567065e-04  8.1337220e-04]
 [ 3.7890722e-04  3.1942941e-04  2.0176114e-04  5.6095101e-04]
 [ 9.8295503e-05 -8.1495958e-04 -1.6790327e-03 -1.6529215e-04]] 
Episode: 56: [[ 1.1130269e-03  1.2527388e-03  1.3133790e-03  1.4092138e-03]
 [ 7.4401015e-04  6.1417982e-04  6.8451022e-04  8.1809965e-04]
 [ 3.6204560e-04  2.9882754e-04  1.8104735e-04  5.5327918e-04]
 [ 7.5458600e-05 -8.5902959e-04 -1.7228344e-03 -1.9149503e-04]] 
Episode: 57: [[ 1.1273857e-03  1.2755656e-03  1.3384498e-03  1.4364411e-03]
 [ 7.4154470e-04  6.0409750e-04  6.8258028e-04  8.2262722e-04]
 [ 3.4756953e-04  2.7953487e-04  1.6060892e-04  5.4526172e-04]
 [ 5.5803856e-05 -9.0102601e-04 -1.7667608e-03 -2.1747148e-04]] 
Episode: 58: [[ 1.1416186e-03  1.2994099e-03  1.3646268e-03  1.4639668e-03]
 [ 7.3908636e-04  5.9624785e-04  6.8352930e-04  8.2855759e-04]
 [ 3.3335047e-04  2.6389150e-04  1.4646159e-04  5.4029754e-04]
 [ 3.6464655e-05 -9.3792478e-04 -1.8032066e-03 -2.3883936e-04]] 
Episode: 59: [[ 1.1574684e-03  1.3244823e-03  1.3923488e-03  1.4923108e-03]
 [ 7.3612778e-04  5.8700208e-04  6.8360579e-04  8.3301816e-04]
 [ 3.1810219e-04  2.4607213e-04  1.3185806e-04  5.3059508e-04]
 [ 1.6927614e-05 -9.7541785e-04 -1.8388785e-03 -2.6453575e-04]] 
Episode: 60: [[ 1.1637920e-03  1.3467636e-03  1.4178099e-03  1.5187103e-03]
 [ 7.2337897e-04  5.7807955e-04  6.8783510e-04  8.4109622e-04]
 [ 2.8626711e-04  2.1526846e-04  1.1003867e-04  5.1673793e-04]
 [-1.9840558e-05 -1.0263188e-03 -1.8869519e-03 -3.0319934e-04]] 
Episode: 61: [[ 1.1693534e-03  1.3731517e-03  1.4476959e-03  1.5490465e-03]
 [ 7.0901029e-04  5.7569955e-04  6.9801835e-04  8.5570588e-04]
 [ 2.4850509e-04  1.8259736e-04  9.3400151e-05  5.1221583e-04]
 [-6.3576736e-05 -1.0788208e-03 -1.9271582e-03 -3.2956759e-04]] 
Episode: 62: [[ 1.17489870e-03  1.39946502e-03  1.47788669e-03  1.58040330e-03]
 [ 6.93927868e-04  5.76587569e-04  7.09853892e-04  8.70970136e-04]
 [ 2.10849597e-04  1.51280925e-04  7.93535146e-05  5.08748577e-04]
 [-1.06878746e-04 -1.13026798e-03 -1.96600100e-03 -3.56732169e-04]] 
Episode: 63: [[ 1.17678661e-03  1.42214133e-03  1.50471972e-03  1.60815835e-03]
 [ 6.77744392e-04  5.75424114e-04  7.21843331e-04  8.86194292e-04]
 [ 1.73223467e-04  1.20398676e-04  6.73736577e-05  5.06036333e-04]
 [-1.49757892e-04 -1.18066382e-03 -2.00343621e-03 -3.83792678e-04]] 
Episode: 64: [[ 1.1690925e-03  1.4358126e-03  1.5244493e-03  1.6276870e-03]
 [ 6.5392233e-04  5.8223028e-04  7.3510036e-04  8.9943752e-04]
 [ 1.3295951e-04  8.7767730e-05  5.4699540e-05  5.0181901e-04]
 [-1.9342978e-04 -1.2310921e-03 -2.0396113e-03 -4.1008013e-04]] 
Episode: 65: [[ 1.1639796e-03  1.4518055e-03  1.5461391e-03  1.6495791e-03]
 [ 6.3178403e-04  5.9042376e-04  7.4861880e-04  9.1297360e-04]
 [ 9.3080183e-05  5.5585202e-05  4.1166109e-05  4.9731956e-04]
 [-2.3706220e-04 -1.2824580e-03 -2.0780324e-03 -4.3737830e-04]] 
Episode: 66: [[ 1.1637955e-03  1.4717201e-03  1.5712555e-03  1.6748710e-03]
 [ 6.1444851e-04  6.0100906e-04  7.6338009e-04  9.2763372e-04]
 [ 5.7668582e-05  2.8101551e-05  2.8659249e-05  4.9384107e-04]
 [-2.7662315e-04 -1.3308795e-03 -2.1167481e-03 -4.6252916e-04]] 
Episode: 67: [[ 1.1605929e-03  1.4938907e-03  1.5991621e-03  1.7021545e-03]
 [ 5.9356430e-04  6.1409426e-04  7.8535796e-04  9.4756956e-04]
 [ 1.4879413e-05 -2.8608790e-06  1.5835827e-05  4.9358053e-04]
 [-3.2404801e-04 -1.3864372e-03 -2.1608414e-03 -4.8812223e-04]] 
Episode: 68: [[ 1.1592928e-03  1.5202600e-03  1.6307889e-03  1.7328685e-03]
 [ 5.7466677e-04  6.2728015e-04  8.0737146e-04  9.7092765e-04]
 [-2.8996523e-05 -3.1724932e-05  5.2418632e-06  5.0101191e-04]
 [-3.7390858e-04 -1.4432899e-03 -2.2071907e-03 -5.0860632e-04]] 
Episode: 69: [[ 1.1562206e-03  1.5474865e-03  1.6633511e-03  1.7643592e-03]
 [ 5.5405649e-04  6.3189660e-04  8.2613394e-04  9.9349779e-04]
 [-7.5199052e-05 -6.2695886e-05 -3.0615986e-06  5.1064021e-04]
 [-4.2600848e-04 -1.4999432e-03 -2.2498216e-03 -5.2742683e-04]] 
Episode: 70: [[ 1.1506025e-03  1.5750825e-03  1.6970038e-03  1.7966148e-03]
 [ 5.3101237e-04  6.4116810e-04  8.4969599e-04  1.0193635e-03]
 [-1.2360222e-04 -9.2755567e-05 -7.4293821e-06  5.2486290e-04]
 [-4.8004012e-04 -1.5563269e-03 -2.2883578e-03 -5.3969660e-04]] 
Episode: 71: [[ 1.1491876e-03  1.6050218e-03  1.7325345e-03  1.8306052e-03]
 [ 5.1110773e-04  6.5042864e-04  8.7231334e-04  1.0450730e-03]
 [-1.6834144e-04 -1.1991715e-04 -1.0107031e-05  5.3941261e-04]
 [-5.3041964e-04 -1.6089733e-03 -2.3246235e-03 -5.5127352e-04]] 
Episode: 72: [[ 1.1489179e-03  1.6343414e-03  1.7666367e-03  1.8630630e-03]
 [ 4.9229636e-04  6.5792812e-04  8.9476770e-04  1.0708800e-03]
 [-2.1225166e-04 -1.4604119e-04 -1.2301086e-05  5.5403361e-04]
 [-5.7989865e-04 -1.6607733e-03 -2.3604599e-03 -5.6304963e-04]] 
Episode: 73: [[ 1.1490709e-03  1.6627756e-03  1.8000292e-03  1.8949566e-03]
 [ 4.7451729e-04  6.6607451e-04  9.1661135e-04  1.0959405e-03]
 [-2.5339186e-04 -1.6931273e-04 -1.2257709e-05  5.7114428e-04]
 [-6.2637753e-04 -1.7071824e-03 -2.3895439e-03 -5.6707067e-04]] 
Episode: 74: [[ 1.1494120e-03  1.6901696e-03  1.8319917e-03  1.9253392e-03]
 [ 4.5814115e-04  6.7543378e-04  9.3816436e-04  1.1204269e-03]
 [-2.9314973e-04 -1.9115774e-04 -1.1334696e-05  5.8871630e-04]
 [-6.7154667e-04 -1.7519797e-03 -2.4172307e-03 -5.6945859e-04]] 
Episode: 75: [[ 1.1454765e-03  1.7159798e-03  1.8625484e-03  1.9542798e-03]
 [ 4.3928321e-04  6.7387224e-04  9.5325854e-04  1.1438358e-03]
 [-3.3601225e-04 -2.1756194e-04 -1.0316384e-05  6.1030895e-04]
 [-7.1987003e-04 -1.7976308e-03 -2.4414207e-03 -5.6481780e-04]] 
Episode: 76: [[ 1.1402945e-03  1.7401517e-03  1.8915797e-03  1.9821145e-03]
 [ 4.2048618e-04  6.6801009e-04  9.6699642e-04  1.1662538e-03]
 [-3.7714321e-04 -2.4318382e-04 -9.0826716e-06  6.3019077e-04]
 [-7.6596817e-04 -1.8422069e-03 -2.4667236e-03 -5.6437898e-04]] 
Episode: 77: [[ 1.1253415e-03  1.7582844e-03  1.9169506e-03  2.0070318e-03]
 [ 3.9462995e-04  6.7214528e-04  9.8975201e-04  1.1922165e-03]
 [-4.2251521e-04 -2.6683448e-04 -1.8249855e-06  6.5515656e-04]
 [-8.1520638e-04 -1.8868195e-03 -2.4862536e-03 -5.5379624e-04]] 
Episode: 78: [[ 1.1127630e-03  1.7769428e-03  1.9420270e-03  2.0322520e-03]
 [ 3.7168531e-04  6.7707564e-04  1.0132476e-03  1.2184082e-03]
 [-4.6511981e-04 -2.8756837e-04  7.4676695e-06  6.8104011e-04]
 [-8.6189318e-04 -1.9282438e-03 -2.5029532e-03 -5.3993147e-04]] 
Episode: 79: [[ 1.1023976e-03  1.7981785e-03  1.9694213e-03  2.0594576e-03]
 [ 3.5081722e-04  6.9114630e-04  1.0398552e-03  1.2465741e-03]
 [-5.0709595e-04 -3.0491292e-04  1.9483405e-05  7.0954859e-04]
 [-9.0834382e-04 -1.9683780e-03 -2.5173891e-03 -5.2184245e-04]] 
Episode: 80: [[ 1.0828977e-03  1.8137571e-03  1.9934333e-03  2.0825649e-03]
 [ 3.2254212e-04  7.0494518e-04  1.0704214e-03  1.2766573e-03]
 [-5.5308663e-04 -3.2252775e-04  3.5404715e-05  7.4170000e-04]
 [-9.5752673e-04 -2.0089904e-03 -2.5279762e-03 -4.9728184e-04]] 
Episode: 81: [[ 1.0649000e-03  1.8293939e-03  2.0169660e-03  2.1056370e-03]
 [ 2.9601826e-04  7.2238181e-04  1.1031152e-03  1.3082445e-03]
 [-5.9760711e-04 -3.3707754e-04  5.3560558e-05  7.7615940e-04]
 [-1.0053694e-03 -2.0470752e-03 -2.5353113e-03 -4.6779076e-04]] 
Episode: 82: [[ 1.0496628e-03  1.8460928e-03  2.0419811e-03  2.1301787e-03]
 [ 2.7077176e-04  7.3581358e-04  1.1346121e-03  1.3392280e-03]
 [-6.4012565e-04 -3.5093186e-04  7.2176481e-05  8.1093010e-04]
 [-1.0511066e-03 -2.0829514e-03 -2.5408091e-03 -4.3646959e-04]] 
Episode: 83: [[ 1.0316770e-03  1.8623224e-03  2.0690297e-03  2.1562527e-03]
 [ 2.3879088e-04  7.4634585e-04  1.1635114e-03  1.3703683e-03]
 [-6.8571809e-04 -3.6855595e-04  9.1132955e-05  8.4839266e-04]
 [-1.0984797e-03 -2.1187027e-03 -2.5425355e-03 -3.9902813e-04]] 
Episode: 84: [[ 0.00101013  0.00187302  0.00209016  0.00217685]
 [ 0.0002064   0.00076634  0.00120139  0.00140591]
 [-0.00073121 -0.0003787   0.00011663  0.0008894 ]
 [-0.00114556 -0.00215216 -0.00254044 -0.00035762]] 
Episode: 85: [[ 0.00099407  0.00188436  0.00211127  0.00219797]
 [ 0.00017909  0.00077676  0.00123242  0.00143857]
 [-0.00077048 -0.00038899  0.00013875  0.00092799]
 [-0.00118665 -0.00218112 -0.00253787 -0.00031569]] 
Episode: 86: [[ 0.00097574  0.00189574  0.00213293  0.00221902]
 [ 0.00015016  0.00080049  0.00126723  0.0014741 ]
 [-0.00081134 -0.00039637  0.00016334  0.00097074]
 [-0.00122926 -0.00220949 -0.00253228 -0.00026924]] 
Episode: 87: [[ 0.00096176  0.00191002  0.00215726  0.00224181]
 [ 0.00012434  0.00082682  0.00130236  0.00150808]
 [-0.00084866 -0.00040076  0.00018774  0.00101095]
 [-0.00126832 -0.00223499 -0.00252606 -0.00022554]] 
Episode: 88: [[ 9.4512460e-04  1.9210241e-03  2.1779549e-03  2.2617381e-03]
 [ 9.6852644e-05  8.5160270e-04  1.3356602e-03  1.5408014e-03]
 [-8.8717300e-04 -4.0503024e-04  2.1498061e-04  1.0523297e-03]
 [-1.3082981e-03 -2.2586784e-03 -2.5155095e-03 -1.7960499e-04]] 
Episode: 89: [[ 9.3260367e-04  1.9339918e-03  2.2001422e-03  2.2829766e-03]
 [ 7.2632189e-05  8.8127452e-04  1.3701043e-03  1.5728608e-03]
 [-9.2143082e-04 -4.0600999e-04  2.4010177e-04  1.0908291e-03]
 [-1.3437903e-03 -2.2797536e-03 -2.5060426e-03 -1.3470009e-04]] 
Episode: 90: [[ 9.2234206e-04  1.9491337e-03  2.2243741e-03  2.3062979e-03]
 [ 4.8130012e-05  9.1411156e-04  1.4041337e-03  1.6033594e-03]
 [-9.5518446e-04 -4.0593135e-04  2.6352709e-04  1.1280183e-03]
 [-1.3783824e-03 -2.2999439e-03 -2.4964758e-03 -8.9451874e-05]] 
Episode: 91: [[ 9.0763147e-04  1.9600273e-03  2.2454397e-03  2.3281588e-03]
 [ 2.0937983e-05  9.5860928e-04  1.4477791e-03  1.6397701e-03]
 [-9.8961219e-04 -3.9738705e-04  2.9420221e-04  1.1697868e-03]
 [-1.4129009e-03 -2.3181662e-03 -2.4837886e-03 -3.9406561e-05]] 
Episode: 92: [[ 8.9243631e-04  1.9684993e-03  2.2643507e-03  2.3465236e-03]
 [-6.5637246e-06  9.9413644e-04  1.4814094e-03  1.6696928e-03]
 [-1.0209030e-03 -3.9326487e-04  3.2029234e-04  1.2052258e-03]
 [-1.4431807e-03 -2.3342376e-03 -2.4729643e-03  1.3844580e-06]] 
Episode: 93: [[ 8.8023563e-04  1.9779520e-03  2.2824653e-03  2.3646085e-03]
 [-2.9843080e-05  1.0197674e-03  1.5110767e-03  1.6991118e-03]
 [-1.0503235e-03 -3.8991202e-04  3.4766877e-04  1.2409962e-03]
 [-1.4726474e-03 -2.3496363e-03 -2.4627100e-03  4.0625913e-05]] 
Episode: 94: [[ 8.7069854e-04  1.9894424e-03  2.3023444e-03  2.3842461e-03]
 [-5.0871586e-05  1.0525301e-03  1.5429927e-03  1.7283860e-03]
 [-1.0777612e-03 -3.8318799e-04  3.7382130e-04  1.2742116e-03]
 [-1.5001784e-03 -2.3648932e-03 -2.4552927e-03  7.6852462e-05]] 
Episode: 95: [[ 8.62056040e-04  2.00205622e-03  2.32365611e-03  2.40487861e-03]
 [-7.16786381e-05  1.09657622e-03  1.57762819e-03  1.75840559e-03]
 [-1.10489456e-03 -3.73154704e-04  3.99768818e-04  1.30733440e-03]
 [-1.52723037e-03 -2.37942534e-03 -2.44743843e-03  1.11904694e-04]] 
Episode: 96: [[ 8.5961062e-04  2.0150656e-03  2.3438665e-03  2.4248676e-03]
 [-8.9768429e-05  1.1355622e-03  1.6107492e-03  1.7874738e-03]
 [-1.1290058e-03 -3.6246041e-04  4.2433740e-04  1.3362985e-03]
 [-1.5511372e-03 -2.3942955e-03 -2.4448191e-03  1.3631805e-04]] 
Episode: 97: [[ 0.00085711  0.00202683  0.0023621   0.00244348]
 [-0.00010679  0.00117637  0.00164664  0.00181763]
 [-0.00115227 -0.00034871  0.00045033  0.00136533]
 [-0.00157431 -0.00240853 -0.00244243  0.00016012]] 
Episode: 98: [[ 0.00085907  0.00204277  0.00238426  0.00246549]
 [-0.00012129  0.00121721  0.00168276  0.00184919]
 [-0.00117283 -0.00033311  0.00047791  0.00139496]
 [-0.00159492 -0.00242047 -0.00243894  0.00018384]] 
Episode: 99: [[ 0.00086246  0.00205906  0.00240681  0.00248791]
 [-0.00013498  0.00126036  0.00172069  0.00187969]
 [-0.00119269 -0.00031499  0.00050527  0.00142342]
 [-0.00161488 -0.00243159 -0.00243517  0.00020877]] 
Episode: 100: [[ 0.0008672   0.00207537  0.00242945  0.00251084]
 [-0.00014638  0.00129587  0.00176254  0.00191209]
 [-0.00121002 -0.00029185  0.00053757  0.00145077]
 [-0.00163223 -0.00244141 -0.00243249  0.00022987]] 
Episode: 101: [[ 0.00087011  0.00208882  0.00244967  0.00253142]
 [-0.00015945  0.00133492  0.00180575  0.00194342]
 [-0.001227   -0.00026697  0.00056867  0.00147638]
 [-0.0016485  -0.00245055 -0.00242995  0.0002494 ]] 
Episode: 102: [[ 0.00087323  0.00210314  0.00247026  0.00255356]
 [-0.00017125  0.00137692  0.00185112  0.00197609]
 [-0.00124478 -0.000239    0.0006027   0.00150518]
 [-0.0016663  -0.00245884 -0.00242473  0.00027444]] 
Episode: 103: [[ 0.00087901  0.00211906  0.00249154  0.00257589]
 [-0.00018052  0.00141281  0.00189101  0.00200639]
 [-0.00126185 -0.00021401  0.00063531  0.00153473]
 [-0.00168428 -0.00246595 -0.00241756  0.00030156]] 
Episode: 104: [[ 0.00088359  0.00213374  0.00251133  0.00259693]
 [-0.00018954  0.00144614  0.0019313   0.00203721]
 [-0.0012796  -0.00018819  0.00066931  0.00156589]
 [-0.00170316 -0.00247283 -0.00240914  0.00033113]] 
Episode: 105: [[ 0.00088649  0.00214957  0.00253304  0.00261972]
 [-0.000201    0.00148201  0.00197356  0.00207048]
 [-0.0012999  -0.00015949  0.00070834  0.00160225]
 [-0.00172444 -0.00247701 -0.00239364  0.00036784]] 
Episode: 106: [[ 0.0008887   0.00216361  0.00255267  0.00264044]
 [-0.00021172  0.0015201   0.0020157   0.00210211]
 [-0.00131944 -0.00013004  0.00074492  0.00163588]
 [-0.00174487 -0.0024814  -0.00237959  0.00040122]] 
Episode: 107: [[ 8.8876515e-04  2.1768957e-03  2.5713718e-03  2.6606075e-03]
 [-2.2452617e-04  1.5573418e-03  2.0581540e-03  2.1356330e-03]
 [-1.3417321e-03 -9.9745535e-05  7.8545336e-04  1.6753754e-03]
 [-1.7682216e-03 -2.4838869e-03 -2.3592382e-03  4.4245736e-04]] 
Episode: 108: [[ 8.8842929e-04  2.1920686e-03  2.5921070e-03  2.6828356e-03]
 [-2.3571169e-04  1.5894088e-03  2.0987450e-03  2.1720950e-03]
 [-1.3638665e-03 -7.0441973e-05  8.2978833e-04  1.7200892e-03]
 [-1.7922777e-03 -2.4850755e-03 -2.3362513e-03  4.9150101e-04]] 
Episode: 109: [[ 8.8295370e-04  2.2023264e-03  2.6091211e-03  2.7006431e-03]
 [-2.5084632e-04  1.6222819e-03  2.1388978e-03  2.2073009e-03]
 [-1.3853790e-03 -4.2207354e-05  8.7176327e-04  1.7598179e-03]
 [-1.8137912e-03 -2.4873936e-03 -2.3181136e-03  5.2995747e-04]] 
Episode: 110: [[ 8.7984797e-04  2.2137265e-03  2.6269110e-03  2.7192947e-03]
 [-2.6315195e-04  1.6559786e-03  2.1791561e-03  2.2415174e-03]
 [-1.4048463e-03 -1.3278626e-05  9.1134437e-04  1.7975149e-03]
 [-1.8336789e-03 -2.4899947e-03 -2.3023025e-03  5.6618388e-04]] 
Episode: 111: [[ 8.7310816e-04  2.2216055e-03  2.6423638e-03  2.7354322e-03]
 [-2.8009314e-04  1.7032768e-03  2.2322868e-03  2.2871390e-03]
 [-1.4278743e-03  2.7564292e-05  9.6293743e-04  1.8436848e-03]
 [-1.8558966e-03 -2.4927347e-03 -2.2847969e-03  6.0395530e-04]] 
Episode: 112: [[ 8.6268299e-04  2.2314461e-03  2.6597986e-03  2.7548971e-03]
 [-2.9854869e-04  1.7444114e-03  2.2901627e-03  2.3398024e-03]
 [-1.4579918e-03  7.5393058e-05  1.0266369e-03  1.9034824e-03]
 [-1.8869705e-03 -2.4893687e-03 -2.2502108e-03  6.5980927e-04]] 
Episode: 113: [[ 0.0008518   0.00224247  0.00267797  0.00277543]
 [-0.00031782  0.0017897   0.00235065  0.00239635]
 [-0.0014914   0.00012679  0.00109528  0.00196984]
 [-0.00192205 -0.00248327 -0.00220831  0.00072402]] 
Episode: 114: [[ 0.00084388  0.00225537  0.00269689  0.00279714]
 [-0.00033473  0.00183335  0.00240676  0.00245083]
 [-0.00152485  0.00017595  0.00116188  0.00203735]
 [-0.00195821 -0.00247576 -0.00216358  0.00079108]] 
Episode: 115: [[ 0.00083787  0.0022719   0.00271904  0.0028215 ]
 [-0.0003496   0.00187175  0.00245658  0.00250141]
 [-0.00155731  0.00022042  0.00122437  0.00210306]
 [-0.00199404 -0.00246736 -0.00211818  0.00085993]] 
Episode: 116: [[ 0.00083358  0.00228959  0.00274208  0.00284646]
 [-0.00036359  0.00190841  0.00250191  0.00254718]
 [-0.00158823  0.00026113  0.00128144  0.0021643 ]
 [-0.00202823 -0.00245934 -0.00207488  0.0009256 ]] 
Episode: 117: [[ 0.0008278   0.00230696  0.00276505  0.00287115]
 [-0.00037932  0.0019406   0.0025435   0.00259156]
 [-0.00162059  0.00029842  0.00133653  0.00222603]
 [-0.00206371 -0.00245192 -0.00203148  0.00099264]] 
Episode: 118: [[ 0.00082266  0.00232366  0.00278701  0.00289484]
 [-0.00039406  0.00196909  0.00258374  0.00263473]
 [-0.00165233  0.00033521  0.00139206  0.00228759]
 [-0.00209889 -0.00244353 -0.00198712  0.00106063]] 
Episode: 119: [[ 0.0008174   0.00233854  0.00280686  0.00291538]
 [-0.00040749  0.00199921  0.00262116  0.00267282]
 [-0.00168167  0.00036946  0.00144128  0.00234277]
 [-0.00213145 -0.00243602 -0.00194638  0.00112314]] 
Episode: 120: [[ 0.00081266  0.00235347  0.00282652  0.00293627]
 [-0.00042157  0.00202735  0.00265921  0.00271211]
 [-0.00171114  0.00040473  0.00149277  0.00239928]
 [-0.0021639  -0.00242752 -0.00190446  0.00118655]] 
Episode: 121: [[ 0.0008065   0.00236859  0.0028467   0.00295759]
 [-0.00043827  0.00205584  0.0026981   0.00275462]
 [-0.00174311  0.00044206  0.00154964  0.0024614 ]
 [-0.00219872 -0.00241548 -0.00185598  0.00125528]] 
Episode: 122: [[ 0.00080312  0.0023847   0.00286702  0.00297917]
 [-0.00045362  0.00208513  0.00273803  0.00279881]
 [-0.00177493  0.00048135  0.00160861  0.00252477]
 [-0.00223367 -0.00240293 -0.00180692  0.00132339]] 
Episode: 123: [[ 0.00079675  0.00240008  0.00288633  0.00300032]
 [-0.00047201  0.00209629  0.00276118  0.00283705]
 [-0.00180799  0.00050353  0.00166034  0.00258857]
 [-0.00226969 -0.00238996 -0.0017557   0.00139392]] 
Episode: 124: [[ 0.00079002  0.0024139   0.00290413  0.00301995]
 [-0.00048872  0.00210682  0.0027842   0.00287486]
 [-0.00183863  0.00052581  0.00171064  0.00264922]
 [-0.0023032  -0.00237841 -0.00170906  0.00145749]] 
Episode: 125: [[ 0.00078082  0.00242554  0.00292033  0.00303786]
 [-0.00050692  0.00212839  0.00281379  0.00291593]
 [-0.00187026  0.00055465  0.00176382  0.00271136]
 [-0.00233725 -0.00236669 -0.0016622   0.00152123]] 
Episode: 126: [[ 0.00077369  0.00243634  0.00293568  0.00305431]
 [-0.00052175  0.00215797  0.00284859  0.00295832]
 [-0.00189841  0.0005891   0.00181775  0.00276998]
 [-0.0023678  -0.0023558  -0.00162014  0.00157846]] 
Episode: 127: [[ 0.00076537  0.00244677  0.00295062  0.00307103]
 [-0.00053658  0.00217828  0.00288056  0.0030005 ]
 [-0.00192665  0.00062163  0.00187319  0.00283003]
 [-0.00239867 -0.00234331 -0.00157559  0.0016377 ]] 
Episode: 128: [[ 0.00076051  0.00245923  0.00296693  0.00308907]
 [-0.00054905  0.00220518  0.00291309  0.00304113]
 [-0.00195316  0.00065507  0.00192524  0.00288765]
 [-0.0024281  -0.00233099 -0.00153276  0.00169597]] 
Episode: 129: [[ 0.00075468  0.00247203  0.00298407  0.00310752]
 [-0.00056332  0.00223306  0.00294369  0.00307962]
 [-0.0019802   0.00068663  0.00197456  0.00294451]
 [-0.00245755 -0.00231757 -0.00148823  0.00175574]] 
Episode: 130: [[ 0.00074419  0.00248226  0.00299995  0.00312404]
 [-0.00058154  0.00225041  0.00297227  0.00312037]
 [-0.00201061  0.00071641  0.00202884  0.00300676]
 [-0.00249015 -0.00230231 -0.00143859  0.00182123]] 
Episode: 131: [[ 0.00072357  0.00248418  0.00300919  0.00313445]
 [-0.0006049   0.00228191  0.00301029  0.00316367]
 [-0.00204162  0.00075443  0.00208616  0.00306788]
 [-0.0025215  -0.00228594 -0.00138894  0.00188481]] 
Episode: 132: [[ 0.00069814  0.00248597  0.00301958  0.00314638]
 [-0.00063244  0.00232162  0.00305273  0.00321233]
 [-0.00207632  0.00079719  0.00214842  0.00313533]
 [-0.00255609 -0.00226674 -0.0013336   0.0019548 ]] 
Episode: 133: [[ 0.00066947  0.00248487  0.00302724  0.00315631]
 [-0.00066329  0.00235189  0.00308832  0.00325988]
 [-0.00211292  0.00083328  0.00220978  0.00320503]
 [-0.00259226 -0.00224591 -0.00127491  0.00202751]] 
Episode: 134: [[ 0.00063988  0.00247943  0.00303008  0.00316175]
 [-0.00069372  0.00236853  0.00311714  0.0033054 ]
 [-0.00214678  0.00086194  0.00226667  0.00327165]
 [-0.00262543 -0.00222628 -0.0012199   0.00209472]] 
Episode: 135: [[ 0.00061522  0.00247598  0.00303387  0.00316819]
 [-0.00071964  0.00238307  0.003144    0.00334829]
 [-0.00217773  0.00088961  0.00232002  0.00333509]
 [-0.00265654 -0.00220684 -0.001167    0.00215986]] 
Episode: 136: [[ 0.00059038  0.00247099  0.00303556  0.00317259]
 [-0.00074322  0.00240245  0.00316869  0.00338705]
 [-0.0022054   0.00091503  0.00236847  0.00339248]
 [-0.00268439 -0.0021884  -0.0011181   0.00221943]] 
Episode: 137: [[ 0.00056846  0.00246771  0.00303859  0.0031782 ]
 [-0.00076523  0.00241853  0.00319572  0.00342803]
 [-0.00223236  0.00094366  0.00242048  0.00345097]
 [-0.00271177 -0.00216901 -0.00106886  0.0022791 ]] 
Episode: 138: [[ 0.00054919  0.00246659  0.00304513  0.0031887 ]
 [-0.00078739  0.00245817  0.00324307  0.00348429]
 [-0.00225985  0.00099306  0.00248586  0.00351774]
 [-0.00273895 -0.00214611 -0.00101672  0.00234086]] 
Episode: 139: [[ 0.00053397  0.00246791  0.00305356  0.00320111]
 [-0.00080808  0.00248586  0.00328323  0.00353703]
 [-0.00228419  0.00103455  0.00254706  0.0035798 ]
 [-0.00276249 -0.00212485 -0.00096902  0.00239566]] 
Episode: 140: [[ 0.00051511  0.00246916  0.00306327  0.00321488]
 [-0.00083218  0.00251409  0.00331912  0.00358871]
 [-0.002311    0.00107259  0.0026057   0.0036445 ]
 [-0.00278818 -0.00210108 -0.00091675  0.00245618]] 
Episode: 141: [[ 0.00050029  0.00247122  0.00307236  0.00322687]
 [-0.00085241  0.00254316  0.00335603  0.00363674]
 [-0.00233471  0.00111165  0.0026613   0.00370269]
 [-0.00281108 -0.00207937 -0.00086987  0.00250967]] 
Episode: 142: [[ 0.0004876   0.00247382  0.00308112  0.00323849]
 [-0.0008704   0.00257041  0.00339339  0.00368389]
 [-0.00235766  0.00115236  0.00271817  0.00376057]
 [-0.0028339  -0.0020566  -0.00082242  0.00256351]] 
Episode: 143: [[ 0.00047838  0.00247959  0.00309297  0.00325263]
 [-0.00088504  0.00260023  0.00343513  0.00373241]
 [-0.00237978  0.00119844  0.0027782   0.0038188 ]
 [-0.00285672 -0.00203263 -0.00077423  0.00261736]] 
Episode: 144: [[ 0.000473    0.00248525  0.00310371  0.00326561]
 [-0.00089576  0.00262772  0.00347471  0.00377683]
 [-0.0023991   0.00124263  0.00283418  0.00387156]
 [-0.00287731 -0.00201105 -0.00073111  0.00266564]] 
Episode: 145: [[ 0.00046744  0.00249171  0.00311557  0.00328002]
 [-0.00090943  0.00265342  0.00351013  0.00381936]
 [-0.00242091  0.00128409  0.00288821  0.00392651]
 [-0.00290023 -0.00198721 -0.00068421  0.00272005]] 
Episode: 146: [[ 0.00046007  0.0024995   0.00312933  0.00329707]
 [-0.00092751  0.0026689   0.0035389   0.00386247]
 [-0.00244504  0.00131945  0.00294194  0.00398504]
 [-0.00292468 -0.00196198 -0.00063496  0.0027785 ]] 
Episode: 147: [[ 0.00045378  0.00250815  0.00314374  0.00331478]
 [-0.00094238  0.00268607  0.00356922  0.0039046 ]
 [-0.0024676   0.00135681  0.00299518  0.00404152]
 [-0.00294834 -0.00193735 -0.00058771  0.00283551]] 
Episode: 148: [[ 0.0004517   0.00251839  0.00315839  0.00333242]
 [-0.00095189  0.00270182  0.00359604  0.00394222]
 [-0.00248725  0.00139132  0.00304427  0.00409381]
 [-0.00297039 -0.00191368 -0.00054297  0.00289008]] 
Episode: 149: [[ 0.00044784  0.00252751  0.00317283  0.0033498 ]
 [-0.00096242  0.00272781  0.00362927  0.00398133]
 [-0.00250684  0.00143196  0.00309307  0.00414486]
 [-0.00299171 -0.0018898  -0.00049897  0.00294351]] 
Episode: 150: [[ 0.00044553  0.00253889  0.00318915  0.00336898]
 [-0.00097476  0.00274527  0.00365235  0.00401495]
 [-0.00252744  0.00146282  0.00313584  0.00419505]
 [-0.00301383 -0.00186477 -0.00045255  0.00299953]] 
Episode: 151: [[ 0.00044519  0.00255107  0.00320665  0.00338913]
 [-0.0009867   0.00276812  0.00368039  0.0040493 ]
 [-0.00254678  0.00149801  0.00317874  0.00424121]
 [-0.00303394 -0.00184273 -0.00041202  0.00304868]] 
Episode: 152: [[ 0.00044259  0.00256008  0.00322062  0.00340606]
 [-0.00099879  0.00278893  0.00370599  0.00408152]
 [-0.00256468  0.00152989  0.00321776  0.00428373]
 [-0.00305225 -0.00182292 -0.0003754   0.00309257]] 
Episode: 153: [[ 0.00043928  0.00256857  0.00323501  0.0034241 ]
 [-0.00101285  0.00281032  0.00373401  0.00412331]
 [-0.00258388  0.00156451  0.00326479  0.00433511]
 [-0.00307156 -0.00180054 -0.00033515  0.00314049]] 
Episode: 154: [[ 0.00043797  0.00257889  0.00325098  0.00344437]
 [-0.00102583  0.0028342   0.00376543  0.00416749]
 [-0.00260459  0.00160429  0.00331668  0.0043909 ]
 [-0.00309325 -0.00177423 -0.00028928  0.00319471]] 
Episode: 155: [[ 0.00043975  0.00258955  0.00326661  0.00346404]
 [-0.0010361   0.0028564   0.00379735  0.00421162]
 [-0.00262385  0.0016451   0.00336992  0.0044464 ]
 [-0.00311413 -0.0017474  -0.00024346  0.00324802]] 
Episode: 156: [[ 0.00044203  0.00260043  0.00328342  0.00348503]
 [-0.00104872  0.00288396  0.0038347   0.00425978]
 [-0.00264542  0.00169237  0.00342755  0.00450578]
 [-0.00313672 -0.00171744 -0.00019344  0.00330581]] 
Episode: 157: [[ 0.00044281  0.00261219  0.00330193  0.00350743]
 [-0.00106541  0.00292352  0.00387754  0.00431258]
 [-0.00267122  0.00174607  0.00349074  0.00457121]
 [-0.00316311 -0.00168301 -0.00013684  0.00337066]] 
Episode: 158: [[ 4.4131457e-04  2.6215559e-03  3.3185538e-03  3.5279377e-03]
 [-1.0826855e-03  2.9663369e-03  3.9200913e-03  4.3626851e-03]
 [-2.6961223e-03  1.7991174e-03  3.5485472e-03  4.6323566e-03]
 [-3.1880096e-03 -1.6503580e-03 -8.3390994e-05  3.4310955e-03]] 
Episode: 159: [[ 4.4243439e-04  2.6308221e-03  3.3337581e-03  3.5468196e-03]
 [-1.0969676e-03  3.0075901e-03  3.9592250e-03  4.4091400e-03]
 [-2.7188323e-03  1.8484456e-03  3.6018852e-03  4.6897167e-03]
 [-3.2112948e-03 -1.6196041e-03 -3.3219199e-05  3.4877229e-03]] 
Episode: 160: [[ 4.48104227e-04  2.64189462e-03  3.35005717e-03  3.56636895e-03]
 [-1.10743940e-03  3.05041182e-03  3.99946980e-03  4.45459504e-03]
 [-2.73956987e-03  1.89891667e-03  3.65485204e-03  4.74475510e-03]
 [-3.23327095e-03 -1.59022515e-03  1.40989305e-05  3.54112545e-03]] 
Episode: 161: [[ 4.4701382e-04  2.6535057e-03  3.3716885e-03  3.5910958e-03]
 [-1.1257202e-03  3.1046050e-03  4.0515317e-03  4.5108912e-03]
 [-2.7639002e-03  1.9608289e-03  3.7178115e-03  4.8066797e-03]
 [-3.2561906e-03 -1.5574939e-03  6.5452507e-05  3.5978777e-03]] 
Episode: 162: [[ 0.00044792  0.00266491  0.00339231  0.0036148 ]
 [-0.00114107  0.00315648  0.00410312  0.00456511]
 [-0.00278677  0.00202262  0.00378029  0.00486641]
 [-0.00327844 -0.00152546  0.00011515  0.0036527 ]] 
Episode: 163: [[ 0.00044884  0.00267621  0.00341092  0.00363508]
 [-0.00115485  0.00319236  0.00413632  0.00460746]
 [-0.00280662  0.00206368  0.0038264   0.00491787]
 [-0.00329808 -0.00149758  0.0001595   0.00370178]] 
Episode: 164: [[ 0.00044965  0.00268661  0.00342821  0.00365401]
 [-0.0011685   0.00322556  0.00416752  0.00464766]
 [-0.00282632  0.0021031   0.00387168  0.00496847]
 [-0.00331771 -0.00146879  0.00020492  0.00375139]] 
Episode: 165: [[ 0.00045178  0.00269627  0.00344382  0.0036711 ]
 [-0.00117933  0.00325521  0.00419631  0.00468429]
 [-0.00284365  0.00213967  0.00391348  0.00501471]
 [-0.00333547 -0.00144235  0.00024646  0.00379704]] 
Episode: 166: [[ 0.00045314  0.002706    0.00346294  0.00369169]
 [-0.00119822  0.00326503  0.00422524  0.0047301 ]
 [-0.00286459  0.00217642  0.00396429  0.00507044]
 [-0.00335442 -0.00141267  0.00029282  0.00384759]] 
Episode: 167: [[ 0.00045783  0.0027169   0.0034826   0.00371272]
 [-0.00121331  0.00328023  0.00425712  0.00477539]
 [-0.00288305  0.00221599  0.0040143   0.00512282]
 [-0.0033714  -0.00138518  0.00033495  0.00389385]] 
Episode: 168: [[ 0.0004625   0.00272684  0.00350021  0.00373163]
 [-0.00122613  0.00329693  0.00428701  0.00481637]
 [-0.00290045  0.00225368  0.00405988  0.00517132]
 [-0.00338803 -0.00135902  0.00037499  0.00393854]] 
Episode: 169: [[ 0.00046446  0.00273681  0.00351852  0.00375236]
 [-0.00124248  0.00331005  0.00431599  0.00485815]
 [-0.00292066  0.00229147  0.00410783  0.00522259]
 [-0.00340691 -0.00133063  0.00041848  0.00398656]] 
Episode: 170: [[ 0.00046694  0.00274587  0.00353583  0.003772  ]
 [-0.00125703  0.00333299  0.00435191  0.0049017 ]
 [-0.0029403   0.00233655  0.0041585   0.00527326]
 [-0.00342549 -0.00130228  0.00046075  0.00403316]] 
Episode: 171: [[ 0.00046558  0.00275413  0.00355273  0.00379059]
 [-0.00127022  0.00336915  0.00439782  0.00495044]
 [-0.00296051  0.00239214  0.0042142   0.00532751]
 [-0.00344544 -0.0012713   0.00050547  0.00408356]] 
Episode: 172: [[ 0.00045838  0.00275898  0.00356865  0.00380819]
 [-0.00128557  0.00341894  0.0044614   0.00501351]
 [-0.00298166  0.00246447  0.00428674  0.00538964]
 [-0.00346501 -0.00123737  0.00055165  0.00413044]] 
Episode: 173: [[ 0.00044922  0.00276347  0.00358526  0.00382598]
 [-0.00130571  0.0034641   0.00451885  0.00507357]
 [-0.00300498  0.00253066  0.00435417  0.0054509 ]
 [-0.00348551 -0.00120383  0.00059816  0.00417848]] 
Episode: 174: [[ 0.00043724  0.00276813  0.00360234  0.003844  ]
 [-0.00132931  0.00350109  0.00456943  0.00513271]
 [-0.00303279  0.00259233  0.0044231   0.00551871]
 [-0.00351116 -0.00116249  0.00065573  0.00423776]] 
Episode: 175: [[ 0.00042376  0.00277688  0.00362558  0.00387058]
 [-0.00135833  0.00355216  0.00463491  0.00520568]
 [-0.00306892  0.00267051  0.0045068   0.00560102]
 [-0.00354493 -0.00110586  0.00072985  0.00431306]] 
Episode: 176: [[ 0.00041515  0.00278588  0.00364809  0.00389653]
 [-0.00138253  0.0036021   0.00469744  0.00527371]
 [-0.00310087  0.00274478  0.00458474  0.00567598]
 [-0.00357515 -0.0010554   0.00079526  0.00437981]] 
Episode: 177: [[ 0.00040856  0.00279583  0.00367053  0.00392293]
 [-0.00140523  0.00364756  0.0047579   0.00533998]
 [-0.00313255  0.00281772  0.00466297  0.00575038]
 [-0.00360561 -0.00100401  0.00086141  0.00444704]] 
Episode: 178: [[ 0.00040759  0.00280732  0.00369266  0.00394858]
 [-0.00142289  0.00368953  0.00481412  0.00540108]
 [-0.00316035  0.00288574  0.00473574  0.00581908]
 [-0.00363308 -0.00095614  0.00092265  0.00450945]] 
Episode: 179: [[ 0.00040935  0.00281903  0.00371377  0.00397348]
 [-0.00143797  0.00373288  0.00487054  0.00546169]
 [-0.00318767  0.00295466  0.00480886  0.00588823]
 [-0.00366098 -0.00090651  0.00098554  0.00457371]] 
Episode: 180: [[ 0.00041516  0.00283166  0.00373414  0.003997  ]
 [-0.00144818  0.00377099  0.00492148  0.00551738]
 [-0.00321147  0.00301772  0.004877    0.00595261]
 [-0.00368643 -0.00085968  0.00104468  0.0046335 ]] 
Episode: 181: [[ 0.00042034  0.00284276  0.0037521   0.00401873]
 [-0.00145564  0.0038085   0.00496831  0.00557013]
 [-0.00323308  0.00307667  0.00494224  0.00601561]
 [-0.00371066 -0.00081227  0.00110457  0.00469362]] 
Episode: 182: [[ 0.00042707  0.00285423  0.00377011  0.0040408 ]
 [-0.00146298  0.00384672  0.00501643  0.0056231 ]
 [-0.00325455  0.00313695  0.00500782  0.00607729]
 [-0.00373436 -0.00076649  0.0011618   0.00475148]] 
Episode: 183: [[ 0.00042762  0.00286603  0.00378957  0.0040646 ]
 [-0.00147463  0.0038804   0.00506013  0.00567566]
 [-0.00327815  0.00319266  0.00507229  0.00614134]
 [-0.00375962 -0.00071851  0.00122244  0.00481388]] 
Episode: 184: [[ 0.00042969  0.00287793  0.00380847  0.00408711]
 [-0.00148328  0.00391115  0.00510145  0.00572457]
 [-0.00329935  0.00324551  0.0051335   0.00620103]
 [-0.00378301 -0.00067338  0.0012792   0.00487163]] 
Episode: 185: [[ 0.00043171  0.00289015  0.00382693  0.00411055]
 [-0.00149105  0.00393761  0.00513913  0.0057708 ]
 [-0.00332035  0.00329506  0.00519238  0.00626003]
 [-0.00380674 -0.00062747  0.00133713  0.00493173]] 
Episode: 186: [[ 0.00043717  0.00290295  0.00384424  0.00413265]
 [-0.00149544  0.00395747  0.00517231  0.0058133 ]
 [-0.00333924  0.00333961  0.00524759  0.00631597]
 [-0.00382924 -0.00058423  0.00139181  0.00498915]] 
Episode: 187: [[ 0.00044512  0.00291624  0.00386075  0.00415398]
 [-0.00149607  0.00397276  0.0052043   0.00585429]
 [-0.00335637  0.00338324  0.00530363  0.00637074]
 [-0.00385106 -0.00054141  0.0014456   0.00504553]] 
Episode: 188: [[ 0.00045263  0.00292903  0.00387509  0.00417528]
 [-0.00149648  0.00398236  0.00523066  0.00589374]
 [-0.00337321  0.00342105  0.00535685  0.0064265 ]
 [-0.00387324 -0.0004985   0.00149984  0.00510508]] 
Episode: 189: [[ 0.00045666  0.0029425   0.00389147  0.00419841]
 [-0.00150172  0.00399752  0.00525893  0.00593635]
 [-0.00339385  0.00346184  0.00541076  0.00648698]
 [-0.00389838 -0.0004511   0.00155964  0.00516989]] 
Episode: 190: [[ 0.00046118  0.00295576  0.00390703  0.00422098]
 [-0.0015047   0.00401438  0.00528941  0.00597954]
 [-0.0034136   0.00350525  0.00546687  0.00654696]
 [-0.00392321 -0.00040383  0.00161864  0.00523238]] 
Episode: 191: [[ 0.0004667   0.00296872  0.00392202  0.00424299]
 [-0.00150585  0.0040293   0.00531923  0.00601977]
 [-0.00343133  0.00354759  0.00551969  0.00660261]
 [-0.00394606 -0.00035949  0.00167359  0.00529144]] 
Episode: 192: [[ 0.00047527  0.00298119  0.00393544  0.00426242]
 [-0.00150369  0.00404133  0.00534406  0.00605406]
 [-0.00344514  0.0035833   0.00556487  0.00665019]
 [-0.00396513 -0.0003219   0.00171996  0.0053414 ]] 
Episode: 193: [[ 0.00048312  0.00299558  0.00395093  0.00428379]
 [-0.00150312  0.00405042  0.00536763  0.00608919]
 [-0.00346079  0.00361874  0.0056116   0.00670088]
 [-0.00398602 -0.00028102  0.00177069  0.00539555]] 
Episode: 194: [[ 0.0004933   0.003011    0.00396701  0.00430527]
 [-0.00150181  0.00405986  0.0053894   0.00612136]
 [-0.00347538  0.00365192  0.00565428  0.00674811]
 [-0.00400568 -0.0002423   0.00181881  0.00544704]] 
Episode: 195: [[ 0.00049983  0.00302915  0.00398829  0.00433094]
 [-0.0015051   0.004067    0.00541215  0.00615806]
 [-0.00349214  0.00368587  0.00570033  0.00680054]
 [-0.00402644 -0.00019995  0.00187176  0.00550503]] 
Episode: 196: [[ 0.00050794  0.00304642  0.00400802  0.00435466]
 [-0.0015069   0.00407356  0.00543266  0.00619057]
 [-0.00350706  0.00371686  0.00574178  0.00684787]
 [-0.00404535 -0.00016113  0.0019203   0.00555846]] 
Episode: 197: [[ 0.00050654  0.00305776  0.0040259   0.00437503]
 [-0.00151777  0.00408822  0.00546408  0.00623219]
 [-0.00352638  0.00375854  0.00579271  0.00690065]
 [-0.00406573 -0.00012017  0.00197117  0.00561237]] 
Episode: 198: [[ 5.0729385e-04  3.0688886e-03  4.0427842e-03  4.3939101e-03]
 [-1.5263335e-03  4.1041072e-03  5.4933610e-03  6.2701995e-03]
 [-3.5438065e-03  3.7977181e-03  5.8391318e-03  6.9489526e-03]
 [-4.0844972e-03 -8.2613158e-05  2.0176638e-03  5.6617013e-03]] 
Episode: 199: [[ 5.0659693e-04  3.0788933e-03  4.0584300e-03  4.4126492e-03]
 [-1.5375965e-03  4.1193208e-03  5.5279117e-03  6.3135251e-03]
 [-3.5640032e-03  3.8432640e-03  5.8941892e-03  7.0032766e-03]
 [-4.1056704e-03 -4.0273688e-05  2.0697138e-03  5.7161883e-03]] 
Episode: 200: [[ 5.0848396e-04  3.0882421e-03  4.0720897e-03  4.4293823e-03]
 [-1.5449792e-03  4.1315788e-03  5.5558584e-03  6.3486611e-03]
 [-3.5808845e-03  3.8808594e-03  5.9392597e-03  7.0489035e-03]
 [-4.1242694e-03 -5.1215425e-06  2.1132352e-03  5.7637007e-03]] 
