88.617767 78.186066 94.912064 91.440643 93.307198 0.039565 
86.834686 90.638779 88.458145 93.341560 78.711060 0.027976 
86.861023 80.836281 96.144127 81.794952 86.979156 0.000000 
91.635368 95.371284 93.198181 97.101791 90.253227 0.019782 
90.674591 94.591423 89.641434 103.447205 85.108955 0.000000 
91.083740 94.706467 94.624596 92.049492 77.303009 0.039565 
95.996246 82.877449 94.308655 91.774368 89.826767 0.000000 
93.622894 76.433968 92.844933 106.812660 82.107033 0.027976 
84.683571 75.128548 80.822968 89.423782 74.355377 0.000000 
86.186867 65.427826 79.613579 73.639847 82.862511 0.039565 
91.847969 73.993355 55.192394 55.394375 58.713139 0.000000 
86.965645 65.364952 65.105034 45.411171 54.228466 0.000000 
92.853249 84.224106 78.431381 75.554359 73.536804 0.000000 
91.293915 88.514481 80.887260 73.772980 85.812553 0.000000 
88.961655 77.964584 81.663666 84.206268 100.710823 0.000000 
91.792183 80.609680 75.625900 86.467529 77.269127 0.000000 
89.880203 85.228615 82.494118 102.991760 87.490356 0.019782 
87.814537 91.134575 85.761055 95.497177 100.220131 0.039565 
92.997406 96.878166 98.890450 80.296700 98.235008 0.000000 
89.175346 85.670990 87.250633 90.017815 80.723442 0.000000 
87.726952 93.063347 91.315941 91.763779 84.298698 0.000000 
88.276512 86.174362 84.947746 81.308739 72.266190 0.027976 
87.012695 91.401939 85.583031 83.004112 77.327766 0.000000 
91.985428 93.054710 106.564697 92.387680 93.667877 0.000000 
92.585342 80.728981 86.224648 110.357513 94.025330 0.000000 
89.660942 91.252754 90.855270 88.696655 77.718330 0.019782 
91.448898 92.268745 102.089607 80.915100 91.276604 0.027976 
88.294777 91.555237 100.595169 78.846268 78.509811 0.019782 
85.289757 94.218826 97.613304 89.447220 97.763016 0.000000 
88.106171 88.541534 91.002365 97.024948 91.511421 0.000000 
87.019554 91.365784 80.134819 85.466736 90.329361 0.048457 
89.973343 81.633583 89.794052 98.991333 100.092003 0.019782 
87.418251 92.291931 90.252846 81.638039 71.835632 0.019782 
89.021667 84.482269 93.806252 81.678169 81.011711 0.000000 
92.189049 93.076180 94.575478 98.484123 87.385330 0.019782 
83.155968 88.678070 98.452034 96.355202 98.686943 0.019782 
91.657043 84.194176 90.560066 95.074966 100.415237 0.000000 
85.658508 82.972229 88.730423 87.311279 61.647865 0.000000 
85.490234 89.352280 78.417168 85.257240 77.888268 0.000000 
91.787621 89.252007 92.450447 78.830399 76.915970 0.000000 
90.747856 84.684914 81.108131 90.026909 69.449562 0.000000 
90.682899 89.176285 92.402023 92.565674 72.421562 0.019782 
95.981842 84.960159 100.650482 83.887138 77.482422 0.034264 
87.667450 83.424103 87.295830 90.390739 80.087860 0.027976 
88.407547 85.823143 76.554474 80.689194 96.242538 0.000000 
95.675880 83.870560 85.311600 89.687859 84.218742 0.019782 
85.572647 88.180328 82.900803 83.908127 82.636536 0.034264 
90.312675 80.511497 99.501953 94.506660 72.247192 0.000000 
90.856674 98.866943 85.471901 89.688805 70.348915 0.034264 
86.344543 91.504013 85.061020 68.322151 72.906418 0.000000 
90.918213 75.909821 82.007797 74.146698 66.147064 0.019782 
89.781189 79.759094 73.002319 79.145607 70.136681 0.019782 
87.778679 84.272018 76.149063 83.362869 59.802273 0.000000 
86.793358 91.013184 86.221535 73.508316 69.983788 0.000000 
98.077477 95.487206 97.068832 83.983559 74.783249 0.000000 
91.310173 84.790062 85.171089 73.383957 74.584976 0.000000 
90.434509 80.752861 92.905640 80.331711 86.232803 0.000000 
86.549103 95.118256 82.428772 90.969276 53.403870 0.000000 
89.327545 92.549919 84.521805 89.996376 64.083977 0.000000 
90.296989 79.562027 68.432556 66.708542 69.454468 0.019782 
86.427002 84.633171 81.179611 90.788643 73.611397 0.027976 
86.684830 94.647964 87.084122 80.186249 78.038689 0.000000 
83.019897 79.564041 68.016594 64.384094 67.855179 0.027976 
91.258209 93.148537 93.559830 93.809433 79.108200 0.000000 
91.400871 74.361000 81.961555 73.420387 74.626434 0.027976 
87.203323 93.459694 87.290771 78.202812 63.559109 0.000000 
91.461021 70.742279 81.992508 73.343040 66.367081 0.019782 
87.292717 82.234322 76.647453 81.078171 57.603802 0.019782 
85.284355 88.792503 98.783432 80.635254 63.843666 0.000000 
84.946220 78.028038 70.762695 64.668411 60.649864 0.000000 
94.472450 88.486862 96.337296 81.426208 67.226051 0.019782 
80.783066 81.283295 84.970543 72.376793 67.909119 0.019782 
90.124825 78.003860 72.922806 70.282700 51.456287 0.000000 
92.871384 88.681175 84.127113 75.685966 55.474064 0.000000 
91.240982 85.477356 75.803513 69.386917 59.348915 0.019782 
88.598503 82.711205 71.227928 83.310875 56.784405 0.034264 
91.804810 97.073959 89.147476 82.912727 77.647377 0.000000 
94.724731 74.699738 92.667526 83.543007 67.770439 0.000000 
92.478119 87.976204 90.485062 82.115807 70.217926 0.034264 
89.110794 94.457214 84.463112 89.305573 61.659107 0.019782 
86.806854 75.855141 75.691963 78.931541 53.106159 0.000000 
92.530128 75.692764 78.869095 68.152840 52.458847 0.019782 
93.480186 80.284508 95.540977 90.459831 80.052856 0.000000 
85.431190 79.225670 96.369080 83.237709 68.179825 0.000000 
88.592133 84.671463 91.477509 95.143608 77.722305 0.000000 
93.023323 82.431641 76.638771 76.210320 57.863781 0.000000 
91.975525 65.671013 63.379345 67.217888 60.588810 0.000000 
91.215172 82.484894 83.285789 87.295494 71.166924 0.000000 
84.338570 83.416336 84.010254 78.456573 57.030022 0.019782 
88.545029 74.834801 73.142761 70.056458 57.321621 0.019782 
90.895958 75.976921 79.626106 72.056183 61.903927 0.000000 
93.464493 84.361969 72.421150 77.037628 58.386375 0.000000 
86.010979 77.468445 81.675919 74.956200 61.653149 0.019782 
89.024284 65.080345 70.364700 72.281136 49.793930 0.000000 
93.036278 69.901627 76.533257 72.913101 60.644573 0.027976 
91.942802 80.821983 82.340904 74.746422 53.322693 0.000000 
88.316780 80.902710 84.828506 72.872322 69.143425 0.000000 
92.814957 72.072258 69.753593 70.486717 51.717033 0.000000 
88.775330 80.545822 81.301750 66.589394 55.808189 0.027976 
88.432358 93.913330 89.506927 86.498268 60.934242 0.000000 
89.473442 85.647293 87.284859 71.867638 54.327473 0.027976 
90.733246 87.483765 81.230240 72.531662 57.199181 0.000000 
91.685799 76.428864 74.499397 75.169151 54.327065 0.027976 
90.221634 82.263222 75.949829 71.479210 54.347351 0.019782 
89.384903 74.346260 79.863930 80.904305 43.680843 0.000000 
86.047279 69.811119 82.957115 74.766731 59.374706 0.000000 
89.232407 84.131310 72.083755 59.677303 50.665966 0.000000 
94.014259 84.086693 78.912849 78.158524 50.114071 0.027976 
92.961044 81.292648 72.253036 71.151489 56.156399 0.027976 
87.069046 85.873085 79.203308 69.676414 44.065792 0.000000 
89.055183 79.402969 72.660110 63.216980 39.316711 0.000000 
87.206436 75.457504 74.603729 84.707771 44.384048 0.000000 
95.200607 71.502823 71.018044 71.315514 52.100605 0.000000 
88.236122 76.604256 70.800903 65.542175 52.704060 0.000000 
91.547371 75.869576 77.895096 67.493698 52.285275 0.000000 
84.718544 71.678009 68.596336 55.438366 48.595825 0.000000 
96.029175 69.737816 72.606384 69.410561 47.226704 0.000000 
89.862534 88.411499 76.102608 85.220146 49.461826 0.000000 
92.525879 91.191086 94.177109 68.286774 53.264011 0.027976 
84.057053 79.837959 75.214211 62.079769 48.050346 0.000000 
89.931534 68.299881 68.613251 66.130959 28.997736 0.027976 
91.612267 63.292107 66.479515 64.341042 39.282284 0.000000 
85.927048 73.511726 57.125107 61.803082 43.605217 0.027976 
86.195686 68.348206 55.723255 71.205978 51.908669 0.027976 
82.074448 66.003281 64.429634 54.234009 47.359737 0.027976 
91.104622 63.406784 59.701469 59.643314 46.911366 0.034264 
87.898941 76.756042 61.951099 59.153118 31.623707 0.000000 
91.287521 73.800751 68.113472 64.582840 35.450504 0.000000 
87.353058 64.112907 62.467941 66.556870 40.796886 0.019782 
80.536896 63.004936 63.383240 57.115452 49.684303 0.019782 
90.023491 69.990250 54.319813 50.080940 40.910652 0.027976 
89.031326 70.739838 75.205635 69.666313 36.485416 0.000000 
86.858131 59.941288 53.048706 47.489025 41.323227 0.000000 
85.079964 64.854485 57.810448 57.411015 39.093559 0.000000 
87.478813 74.397835 67.288002 48.713669 40.410015 0.000000 
85.425285 75.343483 60.302505 50.755917 36.785809 0.000000 
88.403137 70.845772 62.506294 56.460964 37.112320 0.027976 
95.721436 80.175255 75.825874 71.407074 41.432076 0.000000 
91.070557 68.566475 65.833870 61.579414 47.487839 0.000000 
92.960373 83.975777 75.834496 70.161362 37.278835 0.027976 
92.548607 73.838722 76.705917 75.448074 48.418243 0.000000 
91.252853 89.109512 71.863823 60.976677 32.930653 0.000000 
86.390678 73.116669 66.896210 62.049999 35.522633 0.027976 
88.402130 65.402901 64.712952 57.231388 42.454437 0.000000 
89.153488 79.837433 62.110424 66.821457 45.978413 0.000000 
93.210426 83.349625 82.732536 59.052628 44.275066 0.019782 
85.516731 81.271965 69.581680 68.601929 48.620667 0.000000 
86.968063 73.448647 74.048096 69.927231 38.627766 0.000000 
89.640968 70.843727 57.187515 59.233707 36.267918 0.000000 
91.072685 74.626022 62.210217 63.880550 45.236423 0.034264 
86.694458 63.047615 69.310959 50.934303 38.297623 0.000000 
86.339783 66.558876 59.619690 67.816170 44.814983 0.027976 
85.179184 69.997490 65.232704 58.413811 48.038933 0.027976 
81.083260 73.266930 79.138916 68.926346 47.919479 0.000000 
84.331413 69.487083 68.942673 56.597271 51.470287 0.034264 
91.946342 71.905251 67.244148 63.673420 54.915066 0.000000 
88.795601 70.944153 72.442650 60.447247 41.116276 0.000000 
90.721413 78.330322 73.690453 58.550396 51.620949 0.000000 
87.235039 64.378494 66.577576 55.572803 41.928875 0.027976 
90.115128 87.145981 77.940590 72.730133 30.442617 0.000000 
89.124336 73.941422 75.411438 73.727943 38.915962 0.000000 
86.950676 75.936974 72.344124 57.597713 46.878536 0.000000 
92.401344 76.578484 82.422035 63.918839 41.076019 0.019782 
92.008400 64.685646 67.821602 55.608345 33.979362 0.000000 
86.883774 70.552803 65.752388 53.537033 36.462955 0.000000 
82.770134 63.387016 63.927780 53.825932 37.328590 0.000000 
89.457344 72.483665 62.528152 49.222363 37.515018 0.027976 
85.645737 60.441334 57.389111 48.863865 32.153881 0.000000 
96.055672 66.170792 62.168762 50.721062 35.604797 0.000000 
81.338081 59.179409 69.587616 67.639801 41.850502 0.000000 
92.699173 63.388321 64.336685 50.773827 37.177780 0.000000 
90.943436 65.966751 71.744255 65.119720 38.005112 0.000000 
85.777206 80.849037 70.064117 76.868011 51.801563 0.019782 
88.919243 76.087654 73.722946 71.873367 47.288231 0.019782 
86.345352 61.329823 53.558521 48.682178 38.142742 0.000000 
86.926262 69.241493 57.170876 59.745319 39.727165 0.027976 
90.306702 65.641937 76.164215 86.364647 59.705128 0.019782 
87.740707 56.853672 53.044533 46.084164 38.516033 0.000000 
93.096062 57.331085 49.609890 42.365978 38.254665 0.000000 
86.459610 81.546127 77.353165 66.822205 42.771267 0.000000 
83.246132 54.955101 55.084808 49.398258 37.817474 0.027976 
86.857140 64.850327 46.802242 46.667011 38.047607 0.000000 
90.130928 65.017677 61.725090 42.270359 33.763000 0.019782 
80.362450 68.809937 61.295521 59.957218 41.079777 0.000000 
80.830276 56.261124 49.869598 48.173923 34.772118 0.000000 
88.661674 59.654980 56.247417 45.491699 27.659346 0.000000 
88.982231 66.077103 63.750362 52.633560 34.073311 0.019782 
88.494713 66.421135 61.161274 49.100029 30.386002 0.000000 
84.984337 64.555260 64.333618 52.110603 37.049564 0.000000 
77.665123 59.334862 58.876770 55.587265 33.977184 0.000000 
88.114983 88.195030 81.490997 74.465942 38.943180 0.019782 
87.435616 87.667068 71.245880 65.018845 41.653812 0.019782 
89.593933 53.339523 61.298462 64.005821 46.637047 0.000000 
84.862099 77.977928 84.644753 74.553574 45.309620 0.027976 
84.220688 72.748795 67.264175 62.060078 43.255493 0.000000 
86.359398 64.852577 62.185669 55.943089 30.123133 0.000000 
91.153297 90.133202 72.369255 67.598907 54.755417 0.027976 
91.903397 87.971222 92.730202 83.734306 57.321125 0.019782 
85.344658 81.129929 66.534882 53.840572 34.166443 0.000000 
94.454704 78.596542 76.846367 69.044151 43.163239 0.027976 
84.181885 67.461334 61.594288 51.650528 39.619461 0.019782 
93.280731 93.435585 84.482353 78.148941 39.818180 0.000000 
84.642807 68.975227 75.519409 64.625237 38.901989 0.019782 
86.256714 84.638000 68.565125 63.177948 41.630623 0.019782 
82.457481 77.945168 83.949875 68.552063 40.415802 0.019782 
92.619148 63.390774 61.862804 57.873302 34.949387 0.000000 
83.322670 62.493744 65.546623 52.095989 43.761749 0.000000 
93.105721 82.650558 75.885147 68.575233 40.302193 0.000000 
86.918900 65.953186 69.174484 69.192078 48.783482 0.019782 
90.248894 84.209320 75.559402 61.800610 47.665211 0.000000 
85.803429 81.420074 77.375259 91.062973 68.039040 0.000000 
86.147530 83.358917 79.060921 61.865925 32.068966 0.000000 
90.412178 79.925827 71.865562 62.579353 38.885902 0.000000 
91.557083 76.578918 64.347389 62.971146 41.024677 0.019782 
90.324837 66.396011 67.224289 71.399979 52.253014 0.027976 
86.095345 66.519775 70.861786 64.256485 43.474838 0.000000 
84.042267 61.675186 62.806202 56.583923 47.051926 0.000000 
84.262390 70.102707 60.963093 54.570583 37.050400 0.000000 
82.097008 58.015602 59.254318 56.045853 43.691925 0.027976 
91.026657 81.000084 81.670387 60.582001 49.870495 0.019782 
86.694183 70.311844 68.683838 50.243488 38.145885 0.019782 
89.507210 85.901184 76.128067 62.270512 37.365261 0.019782 
86.642700 72.849258 73.339378 80.866829 61.346447 0.000000 
81.517624 67.388077 68.122383 50.596340 41.069786 0.000000 
89.619339 63.525101 62.064548 55.546715 32.443253 0.000000 
91.172264 56.532631 54.279411 44.244598 33.031410 0.000000 
91.203232 71.430359 78.608070 66.051781 47.037266 0.000000 
87.844528 67.360413 65.865265 54.407368 37.982616 0.019782 
90.256004 60.597095 58.196659 47.374279 40.202667 0.019782 
93.539848 93.809250 82.822914 79.890045 43.434757 0.000000 
87.539261 69.752167 61.886200 64.752426 37.665569 0.000000 
89.423317 64.910233 66.590904 52.287872 43.309563 0.019782 
85.126602 71.893898 67.227486 54.105442 35.625919 0.000000 
85.997810 81.887550 71.365479 53.021397 42.928116 0.019782 
87.220139 62.994434 59.081974 47.393101 30.416512 0.027976 
84.516052 64.542168 64.223740 47.233459 36.685444 0.039565 
88.223450 57.393326 48.170334 45.087868 39.519161 0.000000 
90.713593 76.503769 60.067345 44.221428 38.328205 0.027976 
85.203453 73.712540 71.120995 67.520134 48.100113 0.000000 
91.419296 72.735321 76.060356 55.308834 41.753979 0.034264 
92.854599 66.677025 76.823814 59.219666 34.347027 0.000000 
88.260712 61.573132 66.241051 49.098557 35.173710 0.000000 
88.976227 58.450935 65.986084 66.596664 43.621830 0.000000 
88.565208 76.294975 68.354218 66.666138 35.114521 0.000000 
85.833443 67.380257 69.344666 52.224396 34.879097 0.000000 
90.176514 68.201637 62.215267 55.660507 35.783516 0.019782 
80.074547 60.214931 46.802139 51.391613 29.755541 0.000000 
83.848785 54.429611 50.309391 53.202007 36.420937 0.000000 
92.448891 68.789658 64.872917 67.024811 40.138512 0.027976 
83.761215 67.424782 58.638649 51.842430 32.451595 0.000000 
89.988800 65.088615 55.438297 51.564163 30.364664 0.027976 
93.798866 88.938721 98.881493 71.070686 56.564552 0.027976 
85.630806 85.516212 69.906479 74.954826 44.834717 0.019782 
89.488380 68.310974 72.596237 56.150707 38.538540 0.000000 
89.643425 62.821732 56.896835 52.251751 32.966824 0.000000 
88.171776 73.435989 73.599884 63.576981 36.281265 0.000000 
83.739929 85.449493 86.994614 66.304466 49.954105 0.019782 
93.667595 66.908409 60.898052 52.683132 45.464909 0.019782 
88.690491 78.313507 67.216858 71.168701 39.883091 0.000000 
83.162086 68.880302 55.140259 49.279861 40.146160 0.000000 
88.290054 69.368095 72.531113 55.534985 40.173138 0.000000 
83.026344 84.422943 83.138817 81.844131 38.146053 0.019782 
90.140327 72.982483 73.220566 63.197327 40.121162 0.000000 
89.747734 60.470013 52.308140 60.034931 33.932232 0.000000 
95.153595 86.592728 82.862938 79.117332 38.932446 0.000000 
88.786316 69.336456 61.852558 60.931557 40.296276 0.034264 
88.051895 60.559723 55.548805 44.868420 34.727928 0.000000 
85.817955 57.944702 53.558010 70.022377 40.003254 0.019782 
88.224701 49.917095 49.014320 54.582741 39.254940 0.000000 
85.204643 54.441135 63.395557 59.238365 35.987732 0.000000 
87.631142 59.024971 57.056923 45.168129 33.839348 0.034264 
85.689156 60.489738 62.339874 57.368866 39.343544 0.000000 
86.966248 73.462135 71.788277 65.227173 40.028248 0.019782 
88.469627 65.773148 46.121605 51.222363 37.293514 0.034264 
93.111771 69.471825 67.670197 48.033962 27.601023 0.000000 
86.023300 56.524521 45.298916 36.102955 29.826395 0.019782 
84.355682 46.845264 47.393074 43.149445 27.039307 0.000000 
88.379814 51.078823 51.991402 47.302498 37.797653 0.019782 
84.767044 67.788376 65.656586 55.818008 39.023960 0.019782 
90.621696 55.079750 49.119930 47.318295 30.157448 0.000000 
88.844162 64.957794 79.714775 52.338757 33.383194 0.000000 
89.081879 69.038811 61.286724 57.842796 36.043320 0.019782 
81.243080 54.884697 54.852543 43.850086 32.961662 0.039565 
78.991356 59.147381 46.344357 38.420853 29.752270 0.000000 
87.024872 73.123589 76.461433 63.946293 39.648064 0.019782 
89.608620 77.106712 63.219669 50.736607 32.586132 0.000000 
91.723114 74.022903 66.844757 57.611107 36.523663 0.000000 
96.542999 103.889427 94.654541 74.585007 31.658535 0.000000 
85.941605 68.384758 51.501904 45.034943 32.170460 0.019782 
86.836571 60.269592 48.132259 45.732407 39.447346 0.000000 
87.365425 54.086273 52.465668 54.610764 37.223557 0.000000 
84.902359 56.823730 56.394417 48.621391 33.935982 0.000000 
85.006142 51.952213 47.035332 48.805958 28.622705 0.000000 
85.270988 67.212830 73.409775 58.379578 31.925875 0.027976 
88.241127 60.785419 55.014484 51.075821 36.356827 0.000000 
86.873047 66.000710 62.779366 53.047703 39.932568 0.000000 
88.057533 70.717934 81.440422 75.221397 45.665279 0.000000 
91.184204 74.676537 80.758171 70.618164 41.563618 0.000000 
90.638153 79.373116 80.267822 57.227833 33.413330 0.000000 
86.923157 77.699043 78.216347 59.012619 30.338934 0.019782 
92.663712 77.528603 74.240852 64.984863 37.693684 0.019782 
85.275215 58.492043 56.258438 54.850727 31.482244 0.000000 
78.459511 70.129745 65.031609 57.897911 37.047230 0.000000 
94.984673 68.187859 67.603378 61.827496 44.899448 0.000000 
92.562019 89.334976 91.366348 73.093201 40.466125 0.000000 
85.845795 77.305435 82.315140 69.998703 53.809719 0.000000 
90.031029 88.309067 92.988777 78.634720 49.854919 0.000000 
91.095367 85.693481 90.965401 85.536514 54.123508 0.019782 
93.525711 95.784462 84.525963 72.870605 51.612152 0.027976 
87.408226 89.967285 93.442558 70.546494 48.761906 0.000000 
84.457741 86.695221 88.683113 87.633675 65.212013 0.000000 
90.970978 89.603447 81.042160 78.280685 48.189354 0.000000 
87.588310 72.517525 60.049328 66.707237 38.438602 0.019782 
92.573456 76.789284 61.981144 62.059856 42.064148 0.019782 
91.210480 79.783493 69.706680 66.184929 32.736679 0.000000 
89.459023 65.553787 62.241505 56.591415 43.922245 0.000000 
89.309387 82.254227 70.966286 68.642456 50.151310 0.000000 
91.771858 69.185486 64.398323 49.173943 35.438538 0.019782 
87.423401 77.774933 62.243511 62.822979 32.498047 0.027976 
87.552567 54.823486 48.556755 43.577423 28.465492 0.000000 
88.784279 62.949833 58.386539 51.035923 28.173201 0.000000 
91.006912 66.704071 62.320202 53.487499 37.251907 0.000000 
91.131096 73.702324 67.165520 42.029213 29.886520 0.034264 
86.051033 72.936829 62.667171 47.666412 27.151325 0.000000 
80.770477 55.695499 38.316269 31.569136 27.630207 0.000000 
86.448936 52.161793 52.619274 42.293739 29.037010 0.027976 
88.383759 73.002678 73.630600 60.677177 31.365799 0.027976 
81.765266 61.865688 78.467896 65.481583 54.813282 0.000000 
87.769791 65.667267 63.044834 47.432510 23.666365 0.000000 
89.813705 75.501259 77.076004 69.442490 33.160412 0.000000 
90.147171 59.320232 58.520725 49.093422 37.028671 0.000000 
88.191780 60.880180 58.918850 70.462410 45.738369 0.027976 
89.011673 61.643173 56.245907 47.959423 26.057644 0.027976 
89.528397 59.109776 56.492966 45.314095 35.670197 0.000000 
87.595879 63.757629 49.029861 44.439777 25.237455 0.034264 
91.347755 37.886906 36.537880 39.915810 34.239281 0.000000 
85.752289 66.767967 51.236088 44.138325 25.283773 0.027976 
90.708054 75.940430 67.537270 53.565773 26.441656 0.000000 
86.906235 55.682697 53.820564 46.272869 32.839737 0.000000 
83.488228 58.243797 59.634808 46.798153 27.238085 0.027976 
89.121368 63.937809 49.439388 34.875328 20.365871 0.027976 
85.327324 67.869217 65.010139 48.556492 28.484011 0.000000 
89.481445 57.096668 44.008434 39.885906 32.167648 0.027976 
90.537186 87.253891 75.670723 53.729454 36.494209 0.019782 
80.542252 46.714577 36.821316 37.891216 28.324127 0.027976 
87.416290 56.689049 41.132545 37.710384 23.240217 0.000000 
86.812286 58.652077 51.549259 42.737858 34.071804 0.000000 
85.332497 63.609161 51.107075 39.527149 22.312519 0.000000 
84.110626 76.791481 71.236122 46.932129 31.539778 0.019782 
93.271751 70.593605 48.308975 46.402828 28.328964 0.000000 
92.915497 59.669235 62.353619 47.948494 21.673410 0.000000 
89.551971 64.065910 63.519520 47.595657 31.635685 0.019782 
92.258049 64.295105 52.075703 53.651161 36.426060 0.000000 
88.924538 48.300259 46.278114 38.987595 31.127260 0.000000 
92.197006 64.409828 51.112801 37.383812 31.440800 0.000000 
85.356453 51.033386 49.204250 39.051849 26.482201 0.000000 
89.402138 58.093399 49.481926 46.979149 31.473200 0.000000 
89.469254 48.369865 45.531178 36.603424 17.587208 0.000000 
83.308578 55.681774 60.794857 54.298252 37.053509 0.019782 
85.475182 62.465870 62.769295 36.272976 22.429611 0.027976 
92.106216 74.723465 65.745438 60.722004 36.143349 0.000000 
83.286194 46.535286 50.228592 40.482487 21.322119 0.000000 
84.742989 50.734245 44.795563 42.124649 32.026970 0.019782 
88.398399 58.756538 59.270702 59.035175 40.861000 0.000000 
82.902832 54.442909 55.335289 47.078239 36.281948 0.019782 
83.975815 60.989052 59.857494 46.652596 35.586250 0.000000 
85.981697 72.652679 67.042679 72.848648 29.049360 0.019782 
91.354645 56.009716 47.881866 40.176765 34.290070 0.000000 
87.119339 58.828465 68.668732 47.450996 25.496265 0.027976 
88.955544 53.794437 48.011600 41.312382 27.045706 0.000000 
83.078011 61.003864 56.526112 44.578205 34.057362 0.019782 
84.908363 60.007965 45.888393 45.551083 26.616268 0.000000 
93.025810 53.532455 56.414307 46.324810 33.703789 0.000000 
91.996117 59.134602 49.338139 40.582024 25.409277 0.027976 
93.570473 63.157837 54.333267 41.693287 26.502655 0.027976 
93.563354 75.465691 55.221725 37.320698 20.989433 0.027976 
94.339516 74.971794 57.408955 45.122978 31.947102 0.000000 
89.280640 63.291958 53.860420 37.182663 21.758850 0.000000 
86.827751 56.128998 54.756721 44.159046 24.622932 0.000000 
87.233498 58.817070 53.289711 37.772457 22.566341 0.000000 
86.999710 83.238190 63.672779 41.934525 22.368572 0.000000 
85.691002 63.718292 52.798862 53.869804 34.080330 0.027976 
88.603218 69.170677 64.558365 48.251099 31.946371 0.000000 
92.512138 67.034424 45.824738 32.452549 27.291758 0.000000 
81.309174 50.966236 41.859386 27.903917 21.465471 0.000000 
88.724083 59.752831 48.964283 39.967754 29.208261 0.000000 
84.988213 59.660831 47.697887 42.168240 27.371828 0.019782 
89.331673 62.964779 57.956657 46.728508 39.341080 0.019782 
89.975410 62.938755 53.587009 49.332138 35.460846 0.000000 
85.958298 63.232853 54.843349 45.538242 30.640129 0.019782 
82.397179 57.565876 43.788048 47.912998 31.078863 0.039565 
88.398705 61.921913 61.424553 38.948395 25.914436 0.000000 
90.863556 58.662014 63.969570 69.653976 50.390388 0.019782 
86.052696 64.719574 59.947823 44.970463 25.050886 0.000000 
88.055084 69.236214 50.906673 49.580101 28.641266 0.019782 
84.513634 57.690090 50.466637 44.717857 30.352158 0.000000 
85.084267 73.628250 56.360909 57.551437 28.119492 0.000000 
85.043716 51.382847 52.922462 47.633118 35.114285 0.000000 
96.065010 62.178928 51.318592 40.685970 23.721615 0.000000 
94.060898 71.330757 60.397900 47.347736 31.641640 0.019782 
81.431847 65.940414 60.811249 49.220711 26.082138 0.027976 
88.175880 52.894852 43.727882 45.517735 37.459320 0.000000 
88.310623 63.067398 51.537350 37.669144 22.936134 0.000000 
89.705849 54.404316 50.577408 39.253326 24.669399 0.027976 
83.690193 70.580292 63.653297 58.579662 36.817242 0.019782 
92.862907 73.950935 64.063545 57.400879 32.584755 0.000000 
94.418892 83.969902 69.848801 56.463017 21.437504 0.027976 
90.953781 69.725044 51.806335 49.593632 29.649940 0.027976 
89.461212 72.875542 64.648857 55.721661 36.851128 0.000000 
91.925575 76.691193 72.285812 57.559845 43.068985 0.019782 
87.026825 59.221428 62.455578 60.309769 38.299622 0.000000 
84.139145 58.431583 58.621231 49.815544 23.485193 0.000000 
87.942566 61.399166 59.022881 63.726360 40.485855 0.000000 
86.300484 80.868759 68.564293 56.675526 34.743546 0.000000 
84.985893 45.556988 46.287411 46.810406 38.587147 0.027976 
85.736641 65.611565 61.526814 49.984875 42.553738 0.000000 
85.906456 65.120712 71.707405 58.034027 26.908497 0.000000 
91.708099 59.211296 46.319370 42.055828 26.756042 0.000000 
88.891266 77.466179 74.954422 72.070763 29.215670 0.019782 
97.510452 67.309914 54.854206 44.602962 31.706711 0.019782 
85.449883 67.985229 72.883339 48.506866 32.466564 0.000000 
88.837563 62.463322 46.645100 53.129478 33.741375 0.000000 
87.387070 68.728615 67.138519 50.820015 28.068514 0.000000 
89.495918 77.409035 73.073120 60.359787 37.024872 0.000000 
84.754959 68.260811 67.180481 49.688396 37.896252 0.000000 
84.699883 72.768341 74.270393 70.760742 41.170124 0.034264 
93.846420 61.217510 56.497856 47.422298 38.498398 0.000000 
86.940598 64.064148 52.285709 38.036266 34.740566 0.000000 
81.113045 65.540565 59.406403 52.051048 37.476555 0.027976 
89.208382 64.676033 65.267197 58.442482 33.779495 0.027976 
89.767220 69.368553 69.389908 63.787914 31.991581 0.000000 
85.075607 65.169884 55.847210 55.866467 38.957916 0.000000 
89.342773 85.408867 82.410355 88.352310 49.389988 0.000000 
87.135880 66.315292 55.123852 72.947304 44.101948 0.000000 
92.518028 70.485672 65.455788 53.540138 33.136703 0.000000 
91.973602 79.345650 78.987289 60.121769 35.681297 0.000000 
84.250702 65.504517 51.231819 49.529602 31.077452 0.019782 
90.815948 67.594856 65.237282 59.247021 35.487240 0.027976 
86.854805 77.335625 68.677399 71.851692 32.465378 0.034264 
88.510445 59.182995 62.181469 54.323875 37.012192 0.000000 
86.225021 59.992767 55.814213 55.809959 34.857502 0.000000 
85.249794 81.908897 74.700729 67.203957 34.208698 0.000000 
84.410454 72.838158 83.691162 63.203220 42.616722 0.000000 
89.381935 67.667603 63.432507 69.827576 42.628826 0.027976 
90.226891 79.439178 76.351463 80.076630 41.891113 0.000000 
87.004761 70.839104 69.946320 74.263893 39.953838 0.027976 
85.911087 69.796898 66.103317 50.760963 34.493382 0.000000 
82.771873 68.601906 64.523293 59.448887 32.591217 0.000000 
89.085213 67.773148 65.327553 49.213539 29.659187 0.000000 
94.102707 57.369080 55.796444 47.627583 29.365843 0.000000 
89.537071 65.917908 63.421509 51.462109 38.498852 0.000000 
87.116463 81.093140 97.746552 91.265701 80.197525 0.019782 
84.796387 62.186096 65.261078 64.210533 47.115971 0.027976 
89.659958 70.303055 69.617073 55.764877 29.098345 0.000000 
87.927536 61.517410 57.136711 47.109222 31.601490 0.000000 
88.343437 53.507496 55.537525 48.202263 33.605995 0.000000 
83.557762 73.700081 57.077232 47.652313 38.169071 0.000000 
89.617622 71.965385 65.297737 65.547325 40.451164 0.000000 
88.662117 72.158607 65.029610 63.131725 31.148195 0.000000 
88.005241 61.233501 58.341518 49.930538 40.182602 0.000000 
83.404472 72.725143 68.965157 60.282661 43.325516 0.000000 
82.968559 82.163170 69.540771 64.915642 44.851379 0.019782 
87.670555 78.488106 75.590614 77.810234 51.956364 0.000000 
88.843513 65.325211 53.584209 47.039375 33.991737 0.000000 
87.157524 71.779236 53.643955 43.822308 41.341133 0.027976 
86.357895 69.427498 66.270851 49.817612 37.771057 0.000000 
83.328346 80.186691 86.991112 77.869904 56.427776 0.000000 
89.334442 77.378067 68.446976 58.472252 33.732315 0.000000 
87.755005 79.239998 70.667633 58.215675 29.856781 0.000000 
88.915192 62.691856 66.399483 54.501717 31.001717 0.000000 
86.841682 58.818314 45.810867 36.570160 29.828995 0.000000 
88.317467 70.877586 68.201302 53.981007 29.619452 0.000000 
93.475822 67.074745 62.279743 57.231705 35.896088 0.019782 
86.877213 69.470985 71.789886 64.234978 34.521278 0.000000 
83.371925 61.230179 53.910545 58.255501 31.478518 0.000000 
89.719948 90.342796 72.537979 58.336712 36.711067 0.000000 
93.345184 75.040146 65.854332 62.874176 55.736935 0.027976 
86.420082 59.343975 56.236015 41.580929 36.177376 0.000000 
81.745430 76.313828 64.523003 53.135071 28.363201 0.027976 
88.720543 60.106266 46.640697 45.116692 37.113682 0.000000 
81.635117 70.335556 59.020332 53.673954 27.338970 0.027976 
93.482590 74.279709 61.641773 52.106060 40.608490 0.000000 
85.535019 66.800766 69.900696 56.425224 33.890633 0.000000 
83.665260 60.422146 55.962681 53.495678 29.406713 0.000000 
89.727898 81.972061 77.835770 72.561584 55.836124 0.000000 
87.622681 71.187325 63.346951 56.080074 55.309479 0.000000 
84.853401 63.567127 48.847374 39.171906 31.160488 0.000000 
89.894051 72.884903 70.096756 79.421219 36.243786 0.000000 
88.533600 64.602440 65.632980 51.504673 33.667519 0.000000 
89.868317 60.629620 61.053623 65.001389 59.723961 0.034264 
88.359863 72.181587 74.480827 61.705883 53.361599 0.027976 
87.396744 65.491982 52.045471 46.282299 31.682476 0.000000 
85.985153 66.699448 74.075546 64.200287 63.782669 0.000000 
87.396217 74.870071 69.910538 47.426655 36.725685 0.000000 
89.033813 68.657379 60.514858 60.355522 38.292816 0.027976 
87.395325 69.635056 66.873741 59.249592 33.879326 0.000000 
89.535866 71.346413 77.369316 67.213898 35.049068 0.019782 
86.307442 70.139420 64.466316 52.561676 37.069004 0.019782 
85.580818 71.352882 80.304634 48.915134 33.234001 0.027976 
90.076508 67.330566 68.804207 55.957302 30.936323 0.000000 
