90.158066 94.997604 96.186935 86.550819 83.105415 0.000000 
93.149834 82.084755 87.268517 94.163559 97.709694 0.034264 
79.893318 55.608410 60.955009 62.679920 64.760612 0.019782 
87.592972 69.077316 74.620903 76.202286 75.700569 0.000000 
80.596916 95.156166 100.510963 92.935204 91.152588 0.000000 
100.154312 76.594910 78.911140 84.665344 87.718872 0.019782 
90.523972 47.588497 39.916306 40.910580 37.950062 0.027976 
71.013451 67.740410 80.739464 83.515182 86.333557 0.027976 
106.138466 53.330410 50.555977 48.579971 46.530434 0.000000 
107.039085 72.569130 72.759918 70.779343 71.050797 0.000000 
96.676552 63.290455 65.810471 68.913910 74.273117 0.019782 
92.865173 66.438980 59.729156 65.061699 71.603912 0.000000 
73.138550 63.899021 77.134712 86.470772 91.568138 0.034264 
83.979362 82.823921 76.551224 69.400215 58.781963 0.019782 
103.862106 57.952183 55.834297 59.341591 60.467773 0.027976 
102.275620 82.987335 83.136322 85.813713 83.847054 0.000000 
85.278748 69.749420 74.929085 79.318008 83.114052 0.000000 
80.617912 57.735031 66.339455 71.404549 73.225174 0.000000 
98.371765 60.795654 61.535000 67.913849 70.267570 0.000000 
80.616493 101.893867 104.763786 102.820335 101.332069 0.000000 
