151494.343750 10421.511719 8904.526367 9343.107422 195420.328125 
172490.625000 12871.462891 7923.909180 4973.837402 143216.281250 
150152.328125 11921.147461 7703.934082 5590.365234 271706.156250 
183198.031250 15615.995117 10843.669922 9841.719727 202560.046875 
137472.109375 11227.053711 8437.969727 5460.691406 204342.656250 
144130.937500 11855.322266 8340.345703 5966.782227 176424.000000 
150940.906250 15044.686523 9481.244141 10749.717773 252244.296875 
226424.625000 18255.726562 15122.504883 9072.910156 218614.578125 
196476.484375 16939.345703 8598.123047 6052.052246 232142.703125 
146422.281250 14399.732422 8679.266602 8193.027344 220401.281250 
186112.328125 15154.924805 7321.214355 4807.160156 179558.937500 
147829.812500 12667.536133 9605.621094 4910.015625 193912.781250 
201293.984375 14207.984375 9087.510742 7954.999512 284466.812500 
192245.531250 11538.100586 9724.554688 8441.804688 156222.515625 
126732.000000 10636.951172 12961.271484 8440.828125 222889.281250 
146118.937500 11637.771484 8800.962891 7292.713379 211895.937500 
166265.140625 11781.899414 10803.128906 6247.010742 180463.359375 
156586.250000 13290.930664 12536.606445 5878.958008 204564.765625 
176235.468750 12199.878906 9593.983398 8144.635742 192481.390625 
194637.312500 13518.437500 11294.928711 7698.207031 145982.765625 
207884.484375 13138.416992 7474.661133 7729.616211 152289.968750 
260654.218750 13245.981445 8666.851562 11050.598633 203518.468750 
161404.796875 15279.347656 11429.260742 7076.948730 270337.531250 
165199.968750 26500.263672 16744.871094 8394.224609 188414.125000 
151351.218750 10022.097656 9594.014648 5151.354004 120071.664062 
143069.781250 12471.341797 9578.000977 5517.093262 148198.546875 
150627.718750 9435.287109 8432.438477 7739.300781 227659.484375 
127073.406250 9965.831055 6782.366699 4790.552246 177962.968750 
161815.250000 10544.522461 10749.937500 7673.937500 187944.000000 
146798.890625 11515.946289 8375.189453 6911.405762 221401.000000 
183500.796875 8266.363281 6014.193359 4347.195312 142046.375000 
138873.484375 11575.574219 8661.973633 4418.366699 260192.609375 
158280.375000 13101.349609 9086.690430 8149.850098 212414.031250 
187671.828125 12093.100586 14157.241211 7419.187500 209013.078125 
131353.593750 9236.452148 5963.660156 5908.115234 188887.875000 
164144.093750 14420.905273 12763.576172 9672.452148 212226.500000 
134067.609375 13536.443359 10179.457031 7232.436523 187997.187500 
200130.812500 11013.458008 9429.119141 5033.322754 189714.156250 
127979.515625 10299.088867 7649.038086 7755.647461 185427.031250 
164714.343750 13828.180664 12582.452148 9501.714844 234888.218750 
171746.093750 11925.124023 7769.125977 4364.048340 116261.289062 
177661.140625 9937.379883 8740.788086 5799.790527 187409.015625 
181325.671875 14582.390625 9236.300781 5848.634277 171963.046875 
219761.093750 14154.507812 9350.018555 9516.440430 179949.890625 
139211.468750 11001.812500 10956.615234 6914.855469 217972.125000 
181947.671875 11699.332031 8804.242188 5904.992188 197034.234375 
214003.375000 15105.591797 8213.594727 7010.024902 277705.062500 
154458.156250 9178.746094 8778.711914 5645.858887 196485.687500 
180788.906250 8817.220703 9614.259766 6954.851562 276569.437500 
267614.562500 12574.406250 9028.866211 6335.512207 181069.656250 
