1095.474243 651.663086 425.347046 305.764526 88278.062500 
1348.149536 685.958618 524.848450 188.849655 72640.468750 
1013.993896 492.715454 302.177216 193.480713 81208.335938 
1357.931396 957.923096 586.271118 271.625580 66124.562500 
968.572815 433.154053 252.727203 159.368393 51129.851562 
1271.635864 593.105774 456.106323 275.205200 52516.042969 
1167.689453 637.206421 437.536438 223.068283 102509.656250 
1173.944824 506.372406 251.783585 189.343063 76662.234375 
1370.645142 1436.445679 1094.768066 291.555389 76738.109375 
1356.235229 763.671814 584.550781 474.932739 88340.632812 
1267.800781 607.715454 424.523956 249.327133 63573.316406 
1204.151733 618.512390 439.988251 267.817078 63222.359375 
1318.409790 437.344879 243.207367 221.874481 96129.328125 
1290.583130 764.692383 446.364502 208.069427 70116.273438 
1275.752563 609.042664 508.355377 294.325928 74511.140625 
1064.978638 484.097870 320.842560 263.436646 101071.601562 
1127.037598 681.192383 420.362701 210.845001 102640.984375 
1768.135742 1979.052368 1513.505981 299.575012 62910.445312 
1389.257690 643.689758 377.312286 182.206635 60634.679688 
1197.638794 888.831360 994.149963 362.097595 66837.320312 
1328.676514 972.779114 752.448975 183.473175 72076.273438 
1145.742310 417.527008 268.315674 228.210632 80065.289062 
1241.320923 564.855042 339.209686 252.041733 76392.351562 
1188.449829 582.286987 405.469482 235.342148 101081.539062 
1140.351074 427.298492 278.197662 145.565338 65496.414062 
1229.637329 1043.686523 541.329224 310.836456 48559.867188 
1307.738159 724.682007 450.235748 220.627838 65651.726562 
1198.094238 504.842407 430.798798 304.451324 81067.843750 
1215.834595 777.643433 559.481445 305.736450 71705.000000 
1169.371826 466.780548 357.124695 236.037003 89373.734375 
922.013428 451.793976 319.482758 199.679199 88049.062500 
1341.256836 645.567688 304.014587 210.596817 100452.726562 
1306.892944 497.859650 295.440125 219.189133 80275.398438 
1388.030884 859.779480 374.720856 175.423431 89623.710938 
1033.789429 641.855774 509.971832 471.720001 100558.390625 
1232.458252 570.272827 317.116455 193.529221 80472.437500 
1363.996216 712.675537 495.280060 200.597458 63472.871094 
1215.904053 624.694885 294.658081 293.532074 81364.031250 
1169.055420 526.876526 386.756073 171.478653 71359.562500 
1178.981812 659.830688 663.226440 380.490082 74209.203125 
1171.047363 489.356049 296.444824 199.613724 60966.246094 
1465.614746 1123.315308 935.749390 296.729340 81227.539062 
1290.256958 542.529541 397.339935 301.562347 56437.015625 
1220.629150 749.062317 632.958496 299.527863 63390.269531 
1024.145264 665.851074 549.347046 321.701416 47780.390625 
1231.378784 537.473877 384.053558 237.492844 78469.164062 
2407.519043 2709.959473 661.973694 786.934387 10336.875000 
3290.176270 710.320374 153.204544 0.066647 51.247253 
1218.497192 638.010376 490.996185 327.404083 103930.734375 
1217.884399 735.715942 703.197144 458.828827 61093.687500 
