1.165956 
1.419751 
1.137305 
0.985090 
0.958178 
1.558583 
1.301677 
0.862653 
1.105238 
1.338586 
1.191560 
0.968017 
0.654196 
1.229604 
1.125420 
1.282643 
1.496127 
1.643970 
1.131082 
1.967656 
1.244203 
1.214439 
1.192817 
1.088931 
0.952038 
1.151872 
1.066947 
1.429300 
1.693519 
0.969314 
1.225646 
1.517621 
0.744723 
1.725821 
1.496021 
1.389123 
1.603690 
1.113803 
1.283029 
1.558761 
1.312704 
1.115802 
1.225798 
1.236310 
1.066064 
1.633520 
1.146171 
1.210258 
1.490900 
2.139198 
