90.570107 85.763168 87.169327 89.267006 84.950027 0.000000 
90.839508 89.194267 86.899933 83.510841 84.732811 0.000000 
89.636734 91.742989 85.612648 96.951790 78.974709 0.000000 
91.693222 86.294029 99.538666 93.198494 92.009094 0.000000 
93.081322 91.277191 92.353958 92.636169 87.541023 0.000000 
87.042084 90.009972 82.457497 99.360115 77.990723 0.000000 
89.672935 84.122795 76.202011 73.460342 94.169235 0.000000 
81.495766 83.494377 98.910324 83.491501 68.892487 0.019782 
92.142853 75.003967 71.516190 61.933296 86.702896 0.027976 
88.867096 71.103325 76.815422 79.463966 81.017944 0.000000 
89.055077 82.812035 82.443138 89.294991 90.881119 0.000000 
86.494316 72.568802 64.719467 80.436317 64.675446 0.019782 
91.929169 70.819374 65.373947 73.773354 81.461418 0.000000 
93.314987 75.040192 75.695892 70.816872 80.547264 0.027976 
92.479790 86.040367 82.037872 92.774971 84.892441 0.019782 
87.472679 104.676163 95.995041 85.415085 78.737244 0.000000 
90.257317 87.275642 101.733765 103.871307 80.905853 0.019782 
85.560883 97.428207 95.817551 88.184509 95.954430 0.027976 
88.599876 90.257454 88.497284 87.156097 96.179222 0.000000 
89.988594 86.082535 79.121269 104.820282 92.042252 0.034264 
90.788719 93.285477 83.983109 88.432922 84.173035 0.000000 
91.813095 87.481018 87.931915 84.769943 58.803310 0.027976 
92.519402 92.618576 89.978081 97.559181 68.922173 0.000000 
97.416405 93.495483 81.532608 99.182175 82.270996 0.019782 
90.918976 87.931267 95.443588 72.078194 90.446571 0.000000 
89.878746 94.565765 84.830368 79.810837 80.765694 0.000000 
92.608032 83.921112 87.338585 83.954750 94.188980 0.027976 
95.049545 86.082336 76.144241 96.495323 82.528877 0.000000 
98.076790 85.974770 87.243484 91.864311 65.636139 0.019782 
99.054367 90.634422 84.912247 96.761749 73.845688 0.000000 
86.966644 97.315765 96.928253 92.923393 77.523781 0.000000 
84.039177 91.951317 77.551384 85.681244 73.350998 0.000000 
86.603378 96.097519 98.477188 89.378197 70.651039 0.000000 
88.483940 88.182091 93.714706 90.013153 60.515377 0.000000 
86.566956 87.936218 97.510315 93.991814 95.204163 0.000000 
88.332611 84.361801 91.668961 89.502449 74.031418 0.000000 
90.556412 86.565323 77.089737 83.428398 92.983452 0.019782 
92.903305 91.513985 80.192421 92.727295 82.417068 0.027976 
85.638405 85.595299 93.165512 98.026398 63.963066 0.000000 
88.724060 95.995827 86.453651 84.201523 79.078659 0.034264 
87.650551 83.249527 83.006012 94.455368 77.217041 0.027976 
86.819656 100.701553 94.221390 79.691544 80.430717 0.000000 
86.090057 100.364983 90.421799 94.854439 86.855652 0.019782 
84.864647 87.544106 91.239601 78.131203 67.571373 0.000000 
95.566681 91.804161 79.747482 94.101929 59.618793 0.000000 
82.253456 92.369156 89.599815 84.841171 67.337357 0.000000 
86.600258 94.249069 89.417007 86.103508 62.882545 0.019782 
90.048592 73.323563 80.568703 80.638039 74.482025 0.000000 
90.635422 95.362473 84.849678 90.351646 64.814201 0.000000 
84.602348 86.840775 90.115471 77.836479 75.204826 0.000000 
88.951347 92.137695 95.036392 86.022133 70.441765 0.000000 
83.471848 86.160568 96.304199 78.745155 72.994972 0.000000 
94.507164 103.567268 101.563850 88.935875 72.885216 0.000000 
85.913261 92.066856 81.391716 85.496399 68.250122 0.019782 
92.901115 89.892021 87.864639 96.006104 70.149666 0.000000 
90.106873 87.607262 84.577301 106.231575 66.245003 0.000000 
88.245605 79.587715 76.739929 78.245667 76.491348 0.000000 
86.288139 82.039116 86.159302 84.375427 69.738541 0.019782 
90.635452 89.451485 87.068512 83.177116 63.581547 0.000000 
86.839478 94.093933 78.102676 88.370178 71.671036 0.000000 
92.892815 83.486565 87.836548 78.199738 75.690567 0.000000 
89.667007 85.586571 88.856857 88.095718 62.491039 0.027976 
89.513527 77.825050 77.963280 94.365463 53.678204 0.000000 
95.824753 78.043419 79.925835 79.619408 70.271759 0.019782 
86.226189 86.784180 94.383202 82.838982 71.402061 0.000000 
89.213646 82.681580 95.600731 80.389786 60.263706 0.000000 
93.625916 93.888557 85.007805 84.854210 64.717735 0.000000 
88.169601 93.457779 95.830269 68.383026 69.523575 0.027976 
92.678337 98.483780 92.143364 86.710922 59.756191 0.027976 
90.164276 99.066177 81.452324 80.657967 64.559784 0.044235 
86.090668 86.503372 81.683228 85.274963 63.353329 0.027976 
94.151329 86.355408 81.709641 85.591278 55.364944 0.000000 
87.026566 87.479118 76.532967 59.920784 55.067787 0.000000 
87.917816 78.951752 74.645142 66.683411 64.097282 0.019782 
87.239471 102.238564 91.706520 84.555046 69.989731 0.000000 
85.936234 83.645302 98.432655 85.079147 72.384201 0.000000 
89.112564 81.026443 80.430573 65.001305 55.496571 0.000000 
84.809547 96.201225 93.877098 78.327461 54.186913 0.000000 
90.353172 69.106117 73.264252 86.089996 69.223969 0.027976 
89.120354 82.893234 80.330872 81.389130 57.309872 0.000000 
89.166077 77.023415 84.120834 71.169388 67.977638 0.019782 
93.660896 81.327782 93.070778 78.848854 56.908566 0.000000 
89.098389 87.847359 86.437332 89.535965 65.175781 0.000000 
89.196724 86.819824 84.920677 89.337730 64.991722 0.000000 
82.114029 80.393921 80.123672 79.515038 58.533298 0.027976 
87.180397 79.883789 93.530266 86.508888 66.667755 0.000000 
87.906837 77.556007 70.242073 58.876091 56.112606 0.019782 
88.773987 94.287285 88.910423 92.720070 59.410320 0.019782 
88.202980 82.848991 94.613693 72.794128 55.776077 0.034264 
92.376686 85.895836 73.355469 69.805061 50.923115 0.000000 
88.233513 78.924805 75.922195 80.611603 41.749088 0.000000 
90.000778 65.664536 70.791611 55.257984 51.064224 0.027976 
84.983017 77.699005 82.630699 85.349586 58.514393 0.000000 
87.537468 71.976364 83.002281 60.004631 47.339638 0.000000 
89.929146 84.660110 79.029358 80.959961 60.704956 0.000000 
86.499031 86.680222 82.332718 61.826092 42.700111 0.000000 
87.445068 88.846779 83.095184 92.797432 60.000244 0.019782 
89.585541 70.327217 64.688484 70.023643 55.422832 0.034264 
84.362114 77.213310 69.391289 61.599373 47.867928 0.000000 
85.291367 101.369125 105.228050 88.603584 57.588150 0.000000 
82.278023 64.706665 64.046089 67.430939 46.641521 0.000000 
88.227341 82.346794 70.317795 78.241364 55.327858 0.019782 
90.321045 92.549065 87.478767 78.295631 54.206200 0.000000 
89.078903 98.523994 88.316551 98.226837 68.957748 0.019782 
90.656487 85.830574 82.254478 68.967712 56.650589 0.000000 
83.223694 74.177841 73.668892 78.163155 48.773819 0.000000 
95.279877 83.081207 80.391220 78.221870 51.111958 0.000000 
90.310013 85.356720 85.465080 82.495827 55.248901 0.000000 
87.596161 82.306145 85.774689 75.174797 47.842556 0.000000 
95.967209 84.930618 85.827660 84.387032 58.806133 0.019782 
86.955307 84.583702 73.382294 74.520203 46.577015 0.019782 
84.116341 70.872154 62.000900 61.919945 49.192467 0.000000 
89.230217 74.236877 69.394119 66.289566 49.517448 0.000000 
90.423035 71.864998 79.238075 71.511627 59.533451 0.000000 
89.935555 73.505814 87.791046 76.857147 48.704304 0.000000 
88.693878 83.169907 80.226921 72.016518 44.879807 0.027976 
88.758255 88.077362 87.213936 74.442139 43.746880 0.000000 
90.957619 77.316345 65.267738 61.985466 53.171246 0.019782 
80.973526 59.949974 60.138706 55.823891 40.476246 0.000000 
83.628540 77.165062 72.280876 78.985901 55.022728 0.000000 
90.790070 82.713608 72.962677 57.854179 58.223080 0.000000 
87.539505 77.233521 69.765396 64.029869 47.215347 0.000000 
88.420052 85.024345 80.777946 69.548195 48.181767 0.027976 
95.622787 86.435188 85.558311 80.405792 53.079788 0.027976 
90.931839 77.117195 77.386436 68.966774 53.854561 0.027976 
87.330055 70.794571 73.657684 65.021965 62.365303 0.000000 
92.359161 83.319084 82.697685 78.103928 57.278927 0.034264 
91.123169 72.569832 70.544762 60.475414 48.796925 0.019782 
95.660599 77.760361 84.192230 84.262657 61.885406 0.000000 
89.132507 64.940453 67.505852 68.966240 54.375053 0.027976 
89.773018 73.858475 74.034233 57.378479 49.531815 0.027976 
91.498062 86.318947 84.285431 65.108521 47.895962 0.000000 
93.664452 69.671417 71.733795 74.376427 49.701748 0.000000 
85.224564 75.464539 70.959732 63.000938 47.866028 0.000000 
85.500404 67.740311 60.858788 64.943405 48.769173 0.000000 
86.517563 70.625763 81.659462 76.773186 47.093014 0.000000 
87.279030 75.968582 68.271584 70.444626 56.614838 0.034264 
85.653961 69.249481 70.524376 59.113861 49.730576 0.027976 
87.581299 82.989326 75.600365 62.179485 37.235374 0.019782 
89.220299 64.535957 68.608986 62.317867 47.394730 0.027976 
85.692596 56.795403 62.233688 68.629822 49.797569 0.000000 
85.788948 53.032768 52.488708 50.304836 47.606152 0.027976 
82.684799 49.090206 47.709316 47.997631 42.095825 0.019782 
88.099030 81.242798 72.275368 59.514374 41.991161 0.019782 
86.984131 66.935616 58.075825 58.293884 41.858051 0.000000 
80.479813 49.672306 50.802891 57.847992 37.362217 0.000000 
83.517715 74.614380 79.606834 69.270897 34.055248 0.000000 
83.489433 59.395866 60.750210 48.277302 41.940899 0.019782 
86.999748 68.206116 67.438408 57.837029 39.008785 0.019782 
88.847809 67.118317 74.931519 69.326942 48.914478 0.019782 
80.871078 65.562149 62.758564 66.159523 37.612045 0.034264 
91.595833 94.078453 77.078339 65.530037 42.277950 0.000000 
82.887016 86.490364 79.617119 71.378601 45.062103 0.000000 
86.520638 76.778168 74.588997 63.421028 53.839401 0.000000 
90.215828 75.223465 69.840813 73.414398 50.144825 0.000000 
84.205246 66.856293 69.881714 72.132561 51.558655 0.000000 
87.149635 71.974091 73.435905 51.544102 39.578293 0.000000 
90.266182 85.164467 82.520912 88.859543 50.310310 0.000000 
87.349731 90.533997 75.366814 76.744812 50.014805 0.027976 
93.656456 74.336182 73.602280 64.627388 39.516006 0.000000 
87.929337 63.909523 78.888954 61.098690 39.813339 0.000000 
86.613953 67.990356 74.493591 64.055321 54.611786 0.000000 
86.606918 66.670525 74.830772 74.643417 54.497356 0.000000 
89.522133 48.712223 51.193855 51.099712 36.507557 0.000000 
88.936020 68.911842 68.212227 67.155289 50.757198 0.000000 
89.144661 72.368279 72.989037 64.977287 44.008202 0.000000 
83.396484 61.111885 58.282665 48.962223 40.365044 0.034264 
84.724678 56.061962 53.686474 48.407715 34.796345 0.027976 
87.147507 72.155167 63.088650 63.084183 42.291836 0.000000 
85.434235 77.363342 87.437592 67.459312 44.177624 0.000000 
88.453011 72.323151 73.124222 63.046234 50.630905 0.000000 
87.126991 78.810478 79.756424 60.249371 37.922310 0.034264 
89.675491 76.830734 73.876167 66.979813 47.234852 0.019782 
85.401123 51.383427 59.575153 51.572906 42.808434 0.027976 
85.491600 72.204674 67.153282 64.136322 38.479561 0.000000 
82.739799 89.820091 88.186768 82.575943 55.093868 0.000000 
88.831703 64.492203 62.251980 50.176796 34.715408 0.034264 
89.822922 52.745228 58.292904 64.426949 43.023304 0.000000 
89.890907 61.910854 59.675426 55.139690 35.917984 0.000000 
91.456444 79.253410 74.301239 66.911537 44.663029 0.034264 
89.676140 69.582237 70.228333 62.344429 36.534393 0.027976 
90.557022 62.747593 64.266472 70.991104 46.915070 0.000000 
88.621025 70.952766 58.942688 60.282234 34.701176 0.019782 
84.520279 74.484756 75.817886 69.239937 46.892670 0.000000 
89.830246 63.892906 62.946041 60.723160 35.995152 0.000000 
92.546989 77.759010 82.725624 81.852234 56.582600 0.000000 
82.676064 56.557350 57.226372 57.192356 38.248108 0.019782 
86.667595 52.013683 55.338257 39.959538 31.135557 0.019782 
81.787521 55.282501 54.608692 58.903679 43.502365 0.000000 
87.523247 77.432045 78.315895 66.330284 41.425911 0.000000 
92.984291 63.762543 56.118027 53.349911 42.208801 0.019782 
86.575592 72.330460 82.449242 69.121758 44.155525 0.000000 
91.767311 54.936016 61.296532 49.143215 31.182194 0.000000 
82.630241 59.215141 60.691803 40.426239 32.092804 0.027976 
88.116127 61.903870 60.577965 55.601391 38.245880 0.000000 
92.903000 69.385071 68.384041 60.803432 46.239609 0.019782 
80.394379 51.557133 59.531300 64.154503 40.882328 0.027976 
78.355934 57.471287 67.044624 53.667179 33.131981 0.000000 
89.647583 55.560917 51.234264 49.737770 37.297279 0.000000 
85.901634 58.166023 61.063202 65.009682 39.228828 0.019782 
93.259499 67.996857 62.114723 65.404594 40.371780 0.027976 
86.789970 63.203049 61.835800 47.897526 35.918064 0.039565 
89.746140 59.234074 68.315521 60.214455 41.017025 0.000000 
84.649986 75.933777 78.454849 61.361229 46.839161 0.000000 
84.672028 72.157494 75.614029 63.826569 39.437847 0.019782 
84.163780 61.233532 62.632221 51.269688 39.755474 0.027976 
86.061264 66.622818 58.732849 57.481121 39.439331 0.000000 
90.810570 74.005135 86.101662 80.244217 55.613785 0.027976 
82.368896 65.040779 65.909225 59.062038 42.949818 0.000000 
82.612518 67.509644 70.812202 68.889038 42.923923 0.027976 
91.218918 61.830040 67.294350 56.649597 39.826157 0.000000 
90.356430 64.689156 67.178825 54.401623 41.601585 0.000000 
96.736816 74.214508 61.468231 62.085556 43.443863 0.019782 
88.694946 83.693039 80.934822 64.572014 33.187012 0.000000 
85.243004 85.451385 89.224548 57.823532 43.193867 0.019782 
85.202049 72.838776 67.608406 67.885635 39.440033 0.019782 
85.190872 73.879814 72.000290 66.987450 42.005936 0.000000 
87.710854 81.875229 84.410896 64.599548 43.423332 0.000000 
83.374901 67.425102 68.482826 62.353516 36.257679 0.000000 
82.416893 65.766388 66.957436 59.397072 47.526653 0.027976 
88.984261 80.793289 78.526047 66.048393 35.758751 0.019782 
81.566399 62.495380 77.490257 63.512081 43.375107 0.027976 
87.627304 69.565926 70.521545 58.205750 39.993481 0.000000 
87.692871 69.625519 75.013191 70.457001 32.912769 0.000000 
89.583115 64.477585 64.088631 61.073215 40.146145 0.019782 
92.803894 70.795486 58.854069 56.829781 46.639668 0.019782 
91.604996 54.979095 42.447052 48.015289 32.513866 0.000000 
89.671104 68.133965 59.339233 63.261688 42.507660 0.000000 
92.972565 78.597366 66.202560 71.600807 38.361992 0.019782 
91.147591 62.596741 69.031914 71.693695 46.290661 0.000000 
89.795433 81.732101 66.664719 65.042130 45.747181 0.027976 
92.934067 62.835583 62.944290 57.498875 46.822914 0.000000 
88.876022 58.308281 61.894459 49.136070 37.523449 0.000000 
86.400681 62.777161 67.587029 65.535072 37.701607 0.027976 
93.926933 85.122810 71.703720 56.662369 44.560894 0.034264 
88.672836 63.765003 61.859013 55.635830 42.614002 0.000000 
89.906151 55.068501 55.020729 50.633667 33.603970 0.000000 
84.366180 58.766075 66.699211 60.413235 42.121883 0.000000 
78.506264 61.098778 58.551907 56.129513 41.429634 0.000000 
88.251762 58.682796 60.914066 59.887856 36.286034 0.000000 
88.611923 63.229160 63.517666 57.016140 39.678699 0.000000 
92.225319 64.425316 64.147064 58.109364 48.299995 0.000000 
86.145126 67.164848 72.731079 64.630470 35.055729 0.000000 
85.365883 55.809956 67.058411 71.080719 59.346462 0.000000 
84.610382 56.570927 57.496693 52.802479 36.265640 0.034264 
88.136177 71.283821 69.104652 69.280830 33.852795 0.019782 
90.833244 58.210506 61.925793 57.640034 42.541931 0.019782 
84.069771 59.858093 62.783737 59.377182 43.057034 0.000000 
88.141418 65.419746 57.384365 53.435997 41.648872 0.027976 
85.116402 65.948936 57.668755 56.217896 37.542465 0.000000 
85.071480 57.393860 66.515114 69.143784 42.494106 0.027976 
87.844284 79.060654 75.900322 63.824856 42.697681 0.000000 
93.262459 71.831955 61.075439 53.806259 41.717545 0.027976 
84.764679 60.562901 57.643650 50.146210 36.173412 0.000000 
87.565964 63.297432 66.152946 59.794914 36.486103 0.000000 
90.582947 65.523140 67.487801 66.635895 37.692352 0.000000 
87.792038 77.767784 68.699677 62.856586 47.810417 0.000000 
90.462090 71.459114 53.883762 51.456562 34.370117 0.000000 
86.381897 76.044655 80.175735 65.116676 39.853863 0.000000 
88.470947 75.827660 78.412735 65.290215 36.724148 0.000000 
89.099693 70.552261 66.133095 56.339142 43.832676 0.000000 
86.953171 85.740227 80.551208 69.125145 48.381493 0.000000 
87.321770 67.937103 58.901897 48.475868 39.926567 0.000000 
84.025909 57.307240 51.948097 51.141155 35.102230 0.000000 
88.461693 66.599060 73.510010 58.182663 42.266705 0.000000 
89.135361 79.419250 77.292053 54.543941 38.244442 0.027976 
87.950211 51.030582 53.769302 51.449890 37.001762 0.000000 
92.290451 72.172409 69.289253 55.791027 39.637653 0.027976 
83.861900 59.172810 55.876431 66.286392 39.163090 0.019782 
91.367409 76.522491 70.173653 76.658791 38.696228 0.019782 
86.945030 53.454498 56.632084 52.303490 40.251122 0.019782 
83.618195 66.425415 63.520306 62.075714 39.126766 0.019782 
90.746582 83.471733 72.324799 64.331688 41.234322 0.019782 
90.873184 45.075745 48.541866 44.424850 35.899860 0.000000 
87.876350 57.274849 62.338169 59.924442 57.485531 0.039565 
80.829353 57.448231 48.417320 43.757446 34.540455 0.000000 
85.537628 74.240273 74.239525 66.708961 36.000141 0.027976 
88.069107 60.588844 62.768166 55.370296 34.502960 0.019782 
86.417725 50.646488 48.155823 51.301262 38.663601 0.000000 
90.475243 82.770844 70.239243 67.372726 48.826706 0.000000 
82.313004 76.806725 64.768059 49.180977 34.698303 0.000000 
90.732635 76.958214 59.068966 55.486206 35.275948 0.000000 
91.424622 50.805912 47.219368 42.983112 36.108978 0.000000 
80.605492 50.554085 49.117355 45.281197 40.504547 0.019782 
92.161354 68.702133 64.289299 67.904839 33.542343 0.000000 
84.228027 69.636620 75.117271 80.018776 35.786812 0.027976 
94.731209 66.731812 70.128494 71.950645 44.998611 0.019782 
87.560402 65.083794 69.531120 71.609772 47.023426 0.000000 
81.593277 64.965675 62.290627 49.848850 35.123062 0.000000 
86.947075 66.929977 70.484451 61.098827 41.322552 0.027976 
88.862701 56.723518 55.924576 48.844830 39.662010 0.000000 
86.445900 60.368599 67.222542 57.963593 32.739372 0.000000 
86.963051 59.342785 63.468895 55.563404 33.346619 0.000000 
89.983513 57.499832 51.403305 51.602409 42.892200 0.000000 
86.572952 67.604599 59.151321 57.067947 38.188835 0.000000 
88.899239 85.972809 66.707413 61.739819 46.121998 0.027976 
84.693771 79.709351 66.708038 61.760303 40.085247 0.000000 
89.154068 77.532524 75.971130 64.034775 40.924347 0.019782 
94.037209 73.165337 80.734116 66.770782 36.749641 0.027976 
87.246170 83.906326 67.890549 67.845894 42.532322 0.019782 
89.341316 77.402832 84.294312 70.928619 39.980042 0.000000 
83.403259 67.286827 74.349525 55.893353 49.365360 0.000000 
89.445869 66.914726 66.902069 63.420650 43.496460 0.000000 
87.943367 76.083832 68.224335 63.779961 42.720409 0.019782 
92.596123 67.924744 72.362160 50.406227 39.414474 0.000000 
84.477455 70.530182 74.772682 62.722691 37.519447 0.000000 
83.654160 72.695892 70.128471 62.371742 38.209362 0.019782 
87.902031 74.278114 79.128006 74.404037 43.086555 0.000000 
82.886032 65.130989 67.332932 59.186947 37.598244 0.000000 
89.489868 74.698357 63.099541 57.839252 37.346462 0.027976 
85.103325 78.172600 77.474739 74.556633 42.487953 0.019782 
92.278275 80.794945 75.723473 67.578331 55.096718 0.000000 
86.031578 72.458473 80.010780 61.670635 31.671648 0.000000 
94.931046 49.691433 57.415085 54.279449 44.774387 0.000000 
85.442772 50.444454 48.505264 44.728981 32.995995 0.027976 
84.924675 59.141907 64.149658 54.082088 35.250523 0.000000 
88.659904 50.945961 51.651955 50.780003 37.220276 0.000000 
86.779320 56.260250 58.668434 52.712685 40.466930 0.019782 
91.211487 54.114761 55.420425 52.691444 30.451803 0.019782 
92.567856 49.998440 50.583858 50.893391 41.115322 0.000000 
89.047249 68.437119 65.184685 66.534088 45.728764 0.000000 
86.139473 65.115913 69.731712 67.273903 43.811035 0.019782 
91.730530 67.949966 74.048714 72.877792 36.920025 0.044235 
83.435730 50.071980 51.839474 54.244740 37.441956 0.000000 
90.864685 52.099415 53.605076 47.761425 30.056015 0.019782 
83.756516 65.617798 56.494385 64.892090 38.247276 0.027976 
88.264175 63.370686 58.656452 43.237076 30.798038 0.027976 
90.540955 61.199654 57.456017 56.976978 40.116383 0.019782 
95.293251 57.795826 53.902500 55.247486 41.679932 0.000000 
90.818077 79.677376 75.224747 62.504086 40.425270 0.000000 
83.432198 64.972481 76.396797 63.501198 42.600517 0.027976 
81.706352 75.008202 70.642151 60.852386 46.939751 0.027976 
92.916542 73.627258 81.451347 59.292778 46.698101 0.000000 
85.504601 64.061371 62.783535 51.743370 35.901424 0.000000 
89.239761 59.131897 67.598206 70.864372 46.496147 0.000000 
91.116257 62.154102 58.738331 46.076584 37.325817 0.000000 
92.496712 71.665115 71.910736 54.889923 41.361210 0.019782 
89.165779 80.789406 87.116219 72.820877 46.675510 0.019782 
82.303169 60.670437 69.875275 62.452473 39.703884 0.019782 
87.212608 72.140450 75.834969 74.537766 48.352795 0.000000 
87.968201 76.096878 76.368416 56.551723 39.948963 0.000000 
91.909401 72.684364 84.436127 67.249214 36.315731 0.000000 
85.693245 62.481815 57.647926 53.214851 33.788258 0.000000 
87.011696 68.379089 77.137894 72.618645 37.470299 0.000000 
84.410187 61.432999 70.066963 59.264290 41.053318 0.000000 
90.139221 85.885559 87.339066 72.130119 40.855831 0.019782 
88.032585 76.780067 77.021935 68.587769 42.414703 0.000000 
88.503799 72.607285 70.298775 60.470936 36.787186 0.000000 
84.502296 69.267784 74.412590 65.664757 38.547989 0.027976 
91.233604 63.531025 55.649483 53.638443 41.141151 0.000000 
95.324135 77.090881 70.853203 64.625877 44.933872 0.000000 
88.332397 53.146572 70.593147 52.293953 41.876438 0.019782 
85.770210 50.956367 52.418365 45.710369 28.885555 0.000000 
83.146858 68.593864 66.000237 61.924755 45.932415 0.019782 
86.794373 49.109287 51.946922 51.994770 40.492329 0.000000 
93.675308 51.099640 43.286247 43.966702 35.287861 0.034264 
83.929543 82.424278 58.289188 67.845398 37.693398 0.000000 
87.576035 75.662643 70.214478 59.228745 47.692394 0.019782 
87.283600 55.475777 60.014065 49.054981 42.065887 0.019782 
84.764778 66.908295 62.170231 55.988358 43.401951 0.000000 
88.526215 70.132950 59.113701 62.293713 41.598183 0.027976 
92.097618 78.023743 78.752029 66.306328 39.633820 0.000000 
91.527756 56.577263 64.215187 54.991791 34.364735 0.000000 
93.434204 54.349022 56.639446 54.088715 42.631599 0.000000 
83.960258 53.170784 54.618187 46.936222 37.988693 0.019782 
89.258430 60.506950 64.522682 58.579182 46.827713 0.000000 
80.042458 56.206921 55.764683 55.926971 34.358170 0.000000 
92.793396 68.947464 70.759987 63.091312 39.059162 0.000000 
88.874527 68.738922 73.306259 69.667458 40.338390 0.000000 
81.373299 50.681217 62.198185 55.370605 35.973942 0.000000 
89.405579 80.109627 86.382973 75.338745 36.459278 0.000000 
90.918831 68.725037 61.308334 65.332924 40.074978 0.019782 
90.887497 65.941154 62.968693 49.745758 42.024033 0.000000 
88.142548 59.491875 49.614876 44.992950 40.559399 0.019782 
86.894684 48.629711 46.057369 54.890331 39.767525 0.027976 
94.482666 71.048492 81.762787 71.261086 44.958702 0.000000 
90.944534 71.566978 70.585030 60.795715 36.670002 0.019782 
87.105766 55.405273 59.508896 46.595493 32.719810 0.027976 
88.391083 73.130554 67.511772 55.823887 45.100243 0.000000 
91.238968 54.630932 55.975601 52.542686 36.800350 0.000000 
92.350586 46.389637 52.917339 48.313744 33.623142 0.000000 
87.671432 62.238129 58.308594 50.741093 39.666779 0.019782 
90.178017 63.015030 59.812080 45.773048 34.588985 0.027976 
83.013824 66.979980 65.287781 65.393852 40.576885 0.000000 
89.011169 58.236977 62.148926 49.986820 28.854349 0.000000 
90.924553 60.947838 46.414898 45.911671 34.939297 0.000000 
81.944099 56.287132 69.819107 53.944073 37.553799 0.019782 
83.312256 66.835503 64.550537 61.548283 38.711018 0.000000 
90.257462 60.714149 54.551483 47.777027 36.245983 0.000000 
94.135162 76.249512 85.673042 71.440514 42.294827 0.000000 
83.121490 64.299065 58.878525 63.438057 41.743000 0.027976 
81.546333 60.202404 48.188873 42.840595 34.207569 0.000000 
83.665779 60.588352 59.276394 53.362167 46.225353 0.027976 
82.256317 53.843925 53.193645 46.871071 32.194260 0.000000 
84.987762 69.180634 62.410286 54.772793 42.492058 0.000000 
87.420654 63.928764 64.975174 56.964127 36.536591 0.027976 
85.112442 56.435646 58.535469 53.341282 40.444798 0.027976 
90.815872 60.577499 61.754505 57.833927 38.716217 0.027976 
91.256996 68.319435 68.512939 58.789463 39.244797 0.000000 
76.059601 65.422554 63.880619 43.018509 28.300665 0.000000 
86.072845 59.446835 59.899811 63.300438 45.095184 0.019782 
84.534767 79.407921 81.780029 75.592628 50.157352 0.000000 
90.377411 64.063232 54.761600 46.864655 40.139870 0.000000 
91.377975 77.036530 77.770393 67.411720 50.810654 0.019782 
86.832451 63.247437 51.554173 48.738609 32.326118 0.000000 
91.540627 67.848061 72.274406 57.984798 34.426876 0.000000 
87.604042 61.545589 53.415253 55.695049 35.176876 0.000000 
92.855469 61.997166 53.001717 43.791470 35.248344 0.000000 
81.770882 60.684776 70.722252 50.282856 39.573711 0.027976 
90.979156 66.586327 70.528122 69.284286 47.170986 0.000000 
91.287949 84.877182 80.313637 67.575920 39.038921 0.019782 
90.055931 69.180061 74.481224 65.581093 39.843540 0.019782 
95.308510 65.296593 71.441788 62.560978 37.789162 0.000000 
87.154938 77.086342 85.968750 66.476593 46.695744 0.000000 
88.893356 54.850281 58.428001 53.971546 37.838421 0.000000 
82.995583 74.039124 67.095871 53.430569 46.246174 0.000000 
86.999001 66.813332 60.869251 63.826080 38.807755 0.000000 
84.592285 68.096367 60.844997 61.802212 43.615986 0.000000 
88.522171 52.492390 50.017590 48.584816 35.843414 0.000000 
84.194138 60.623379 70.446266 61.798275 40.343651 0.000000 
86.250656 56.184631 67.742744 52.639778 36.559616 0.000000 
87.262978 66.370819 64.575668 58.325504 38.186138 0.000000 
78.706352 70.918633 67.076927 64.201408 37.570072 0.027976 
87.919151 58.227524 55.277821 58.798794 37.576633 0.019782 
86.082870 45.419147 54.211998 45.622345 35.483177 0.027976 
71.892586 51.598454 50.287739 48.825150 39.844902 0.000000 
89.197098 72.125801 78.298378 70.845963 46.030762 0.000000 
90.723854 58.260845 62.483143 51.589912 38.535454 0.027976 
91.956863 63.828785 75.745712 75.590416 46.014660 0.000000 
87.087959 51.096344 50.678947 49.575329 38.982533 0.019782 
84.909653 77.406395 76.708359 58.762638 40.654106 0.000000 
86.605667 69.005852 83.845413 57.914326 31.864456 0.000000 
86.415077 72.601532 76.285332 76.315315 50.318764 0.000000 
92.343239 82.435028 80.213417 76.579666 37.785378 0.000000 
92.661621 67.820518 61.417427 60.767879 39.481232 0.027976 
82.669067 47.727081 60.313683 45.832775 39.498005 0.000000 
82.350990 60.545956 71.230301 74.925873 45.701683 0.019782 
90.746078 70.170189 74.414597 68.915115 41.192055 0.000000 
83.940514 53.729580 52.580833 49.339901 32.977978 0.000000 
83.853516 60.378536 54.681969 59.751766 43.265980 0.000000 
90.153580 85.712708 87.991814 55.209721 38.376526 0.000000 
89.311913 63.623226 63.348541 70.222359 40.359554 0.000000 
85.733040 61.590504 62.016312 53.055794 40.517082 0.000000 
90.196098 74.127945 63.587284 65.000107 42.105881 0.019782 
86.872841 72.218407 67.735077 64.101471 42.385689 0.000000 
85.410469 69.649780 60.343174 49.217815 36.450603 0.027976 
95.224701 88.218643 94.225647 77.636070 41.490765 0.000000 
87.833168 77.883827 88.226562 70.666504 39.153648 0.000000 
87.837372 64.892014 77.741470 78.405075 48.418156 0.000000 
91.191727 77.185242 69.658333 66.789932 46.624451 0.000000 
86.107735 76.503677 79.253563 61.191010 46.804543 0.027976 
87.365601 81.713478 89.762238 76.356789 42.109974 0.000000 
87.134911 66.144920 64.163818 59.124283 52.439453 0.000000 
87.566193 64.485397 79.066299 62.530502 43.317768 0.019782 
81.368858 66.831093 84.930519 79.717491 45.949665 0.019782 
89.604362 61.695770 61.193043 59.948460 39.692787 0.000000 
82.937920 66.787224 66.927330 55.301140 36.729851 0.000000 
88.814331 65.298904 63.187634 66.458054 42.820202 0.000000 
89.656906 52.999043 56.572823 53.721432 38.446278 0.019782 
88.072128 60.568153 58.455929 53.620930 38.990726 0.019782 
83.137161 51.325462 51.136280 53.566319 40.799339 0.000000 
80.897720 52.162033 46.822929 54.663189 39.842789 0.000000 
82.298470 47.488544 48.077507 50.381126 38.625515 0.000000 
84.848206 44.012867 52.834351 54.746933 29.362644 0.000000 
84.491707 62.855991 61.315060 53.288582 30.680643 0.027976 
85.427589 58.970417 63.313454 51.673763 38.009636 0.000000 
89.909393 48.680473 53.598373 52.418510 36.419098 0.000000 
82.994560 62.972481 65.736649 56.461346 39.599487 0.000000 
91.849182 60.519073 62.657383 53.331615 40.873642 0.034264 
83.637802 59.526127 63.865902 51.125664 32.218830 0.019782 
89.739624 69.055527 81.807854 72.062096 44.484200 0.000000 
91.191055 61.110878 70.827095 66.759285 49.514412 0.027976 
86.913170 59.374557 60.303871 48.936264 38.544258 0.039565 
88.763161 62.468929 65.165619 60.353214 38.217312 0.000000 
83.590256 60.736782 65.834175 55.976818 37.153671 0.019782 
90.004799 81.211067 68.108131 58.107834 50.347229 0.000000 
89.998520 68.780251 70.067146 60.559925 43.858425 0.000000 
91.592346 66.524307 65.621864 64.599419 38.733162 0.000000 
86.002876 61.432732 62.077686 63.085270 50.449375 0.000000 
84.254356 64.427353 61.868595 56.078197 39.569679 0.034264 
92.645004 73.340981 67.483650 68.542397 39.234432 0.000000 
90.925339 68.569275 67.163307 72.861679 49.204594 0.000000 
90.348862 81.457481 85.317871 67.269585 46.041050 0.000000 
86.645752 74.909065 68.949486 75.538666 43.190903 0.000000 
90.483223 64.290535 69.531471 76.888123 58.258793 0.000000 
88.184364 66.071106 70.503326 69.008476 45.552929 0.000000 
87.412048 65.788124 63.534565 59.190716 42.769527 0.019782 
84.721390 67.788544 70.176613 54.011818 48.003777 0.000000 
85.895622 70.681976 65.186417 64.340157 46.854668 0.019782 
88.897171 73.079712 72.557571 76.339027 37.821247 0.000000 
87.234024 59.524227 68.504105 65.552246 40.947975 0.000000 
88.272346 75.108139 69.320221 84.462120 38.914406 0.027976 
88.130951 74.824821 63.606659 75.785759 51.503628 0.019782 
82.051773 64.521385 63.796879 60.150402 30.830820 0.000000 
92.150406 67.785515 63.406158 62.545952 39.824959 0.000000 
85.227257 65.968513 71.438286 62.528419 47.280582 0.000000 
90.612709 67.029884 69.844307 65.537430 37.095139 0.000000 
87.581429 55.612980 59.985195 68.326118 44.158379 0.000000 
89.791885 74.780975 78.711479 60.288452 36.832355 0.019782 
80.377449 51.715878 56.597576 45.414814 37.928555 0.000000 
