53248.363281 4482.199707 2515.031006 1036.502808 7481.358887 
55529.933594 3434.402344 2641.309570 1581.091919 6813.976562 
66445.835938 4457.303223 2418.762451 2019.856567 9890.068359 
58846.746094 4765.765137 2959.436523 1847.741821 6799.487793 
57406.378906 3364.329590 2186.073730 1834.208130 5340.187012 
59513.410156 3861.545410 2332.376953 996.723511 7331.333496 
53632.492188 4078.369141 2275.361328 1393.056030 6402.408691 
61878.984375 4084.788330 1701.927612 1450.052246 5585.551758 
54444.468750 3579.385010 2516.149902 1579.508789 12643.279297 
54246.089844 3575.828125 1930.894409 1135.770752 7625.772461 
53960.207031 3505.487549 2321.954590 1344.687378 6664.472656 
61621.843750 4088.293701 2305.688965 1939.779419 6509.846191 
53472.750000 4840.082520 2282.824463 1340.217041 5607.861816 
49980.265625 2619.411621 1888.627319 2039.976929 6086.916504 
56067.515625 3466.151123 1967.288818 1268.224243 6483.878906 
44192.617188 3835.819092 2163.922607 2147.275879 6379.301270 
61259.843750 3266.052002 1883.055176 1658.787109 4952.754395 
59815.824219 4849.688965 2819.797119 1223.930298 10639.299805 
53055.304688 3688.620850 1774.692383 1116.654053 6588.989746 
52282.230469 3457.876465 2192.170166 1515.845215 11568.835938 
