88.313919 34.729137 43.598400 50.700817 32.203358 0.019782 
90.035278 50.363003 52.281853 52.498787 33.829666 0.027976 
93.664528 31.984566 49.087414 56.581524 42.596832 0.000000 
92.213226 40.693890 54.746281 60.777164 35.859695 0.000000 
90.069794 52.752300 56.851257 51.332466 37.524361 0.000000 
91.373680 43.997005 51.243252 53.898281 31.703629 0.019782 
91.392662 61.595863 66.475388 69.390884 38.017303 0.039565 
86.737236 46.143749 56.851742 62.701099 34.729111 0.000000 
83.382065 46.652626 57.479393 66.595581 30.797495 0.000000 
86.325081 55.227894 78.689224 72.175018 29.896622 0.000000 
97.709183 46.906643 52.621529 58.785290 41.129345 0.000000 
87.152122 44.441887 48.403675 52.882843 25.675550 0.000000 
87.306068 41.716187 43.523674 51.395809 42.943661 0.000000 
88.183929 39.002502 41.220081 55.463650 24.886307 0.000000 
86.025665 39.751724 48.930779 55.918816 29.567024 0.027976 
86.419556 45.861763 53.490940 62.597336 27.062750 0.000000 
89.327965 62.661137 73.678009 69.651733 36.528786 0.019782 
89.680603 56.408524 45.434151 44.442200 26.864485 0.000000 
88.139114 51.803989 51.485104 57.656155 34.043083 0.027976 
91.637642 34.026505 45.331272 53.085442 28.739954 0.034264 
