15909.967773 1205446.375000 6722.528809 794.711914 160880.156250 
20025.876953 1361496.750000 10161.617188 1650.277832 183845.109375 
13803.017578 1177539.500000 6567.960449 914.575500 160448.843750 
14544.742188 1208595.375000 7043.913086 739.556580 179158.640625 
11960.020508 1070450.625000 5426.580566 619.505737 120969.710938 
16046.548828 1327720.000000 7557.531738 506.098358 173399.500000 
15258.288086 1133017.875000 6143.445312 608.066772 186227.812500 
15201.393555 1160976.000000 7074.444824 740.894592 159239.703125 
15632.457031 1287916.000000 7471.234375 779.293945 199875.281250 
16669.853516 1109592.250000 6638.747070 1228.877930 208349.796875 
15336.720703 1222066.875000 7661.583496 769.093872 171574.031250 
15629.572266 1302246.750000 6904.188477 737.339966 180284.875000 
17015.828125 1271223.500000 7284.515625 941.773010 194373.140625 
16977.828125 1408425.375000 7121.628418 1092.523315 194707.671875 
14730.934570 1334296.000000 6331.501465 675.940613 184180.718750 
12317.499023 1110394.750000 5987.074707 656.444763 222039.343750 
15212.164062 1250234.875000 5718.710449 849.945007 149076.046875 
19751.064453 1422652.500000 7731.550781 1036.337280 248963.625000 
17078.349609 1254905.125000 5645.928711 586.026794 152143.937500 
16356.548828 1350331.625000 6240.491211 779.009277 185319.296875 
