3.749058 
3.940356 
3.949109 
3.896905 
3.859648 
3.727571 
3.898634 
3.831417 
3.769139 
3.852392 
3.706541 
3.834539 
3.883860 
3.981557 
3.958103 
3.804801 
3.954038 
3.864266 
3.961722 
3.828481 
3.744966 
3.886404 
3.952003 
3.861353 
3.860902 
3.910675 
3.806237 
3.849000 
3.805363 
4.008444 
3.798049 
3.883584 
3.870046 
3.926210 
3.909129 
3.866253 
3.846535 
3.837345 
3.858618 
3.863842 
3.970210 
3.770422 
3.823737 
3.899673 
3.921478 
3.897814 
3.816891 
3.922131 
3.939829 
3.841901 
3.837348 
3.833291 
3.867037 
3.974052 
3.774619 
3.820588 
3.852792 
3.876791 
3.925680 
3.900419 
3.762518 
3.790321 
3.880725 
3.753977 
3.847262 
3.889754 
3.863805 
3.883019 
3.781265 
3.883486 
3.845200 
3.964213 
3.900634 
3.830936 
3.740667 
3.866429 
3.824634 
3.913682 
3.796996 
3.722548 
3.745157 
3.898862 
3.794499 
3.987982 
3.835221 
3.826809 
3.862432 
3.838884 
3.832694 
3.763703 
3.813138 
3.765102 
3.863523 
3.863747 
3.870780 
3.934557 
3.834972 
3.846137 
3.893420 
3.812765 
3.884387 
3.847151 
3.927788 
3.886208 
3.793635 
3.897915 
3.766843 
3.905116 
3.876781 
3.909554 
3.722311 
3.826521 
3.900947 
3.810147 
3.843733 
3.919093 
3.829430 
3.905068 
3.744200 
3.860859 
3.814855 
3.815319 
3.810079 
3.884843 
3.820795 
3.910507 
3.827988 
3.847625 
3.850668 
3.773031 
3.899366 
3.881527 
3.831101 
3.962785 
3.869473 
3.818279 
3.859298 
3.920803 
3.829912 
3.811919 
3.770357 
3.837052 
3.813236 
3.891441 
3.825127 
3.912794 
3.867464 
3.836195 
3.891613 
3.864605 
3.861515 
3.833189 
3.858251 
3.942438 
3.805730 
3.788133 
3.740825 
3.809889 
3.819057 
3.853757 
3.821836 
3.856969 
3.811208 
3.751039 
3.877015 
3.795745 
3.861161 
3.850878 
3.796132 
3.888368 
3.929987 
3.890333 
3.825428 
3.829214 
3.879711 
3.819374 
3.864806 
3.777833 
3.842526 
3.888805 
3.826649 
3.772990 
3.849656 
3.949791 
3.892599 
3.847448 
3.888551 
3.863714 
3.866326 
3.768818 
3.915030 
3.901706 
3.836374 
3.746339 
3.885988 
3.809958 
3.872269 
3.824368 
3.842601 
3.811305 
3.855451 
3.811013 
3.682357 
3.769946 
3.740972 
3.736701 
3.717309 
3.775096 
3.828877 
3.740319 
3.773278 
3.752771 
3.702922 
3.444817 
3.481214 
2.679434 
2.884393 
1.712290 
2.043746 
2.196850 
2.591511 
1.744639 
1.594258 
1.898242 
2.040665 
2.227627 
1.861078 
1.703349 
1.901996 
1.781518 
1.865269 
1.388213 
1.253989 
1.907279 
1.553616 
1.238970 
1.925217 
1.858677 
1.663012 
1.905775 
1.771034 
1.850183 
1.595990 
1.335120 
1.574232 
1.609739 
1.572916 
1.585546 
1.716758 
1.167791 
1.887910 
1.682560 
1.421844 
1.401537 
1.626430 
1.921484 
1.532643 
1.288564 
1.586145 
1.217383 
1.398217 
1.795140 
1.238731 
1.398669 
1.799918 
1.578702 
1.766081 
1.548219 
1.457501 
1.566076 
1.253474 
1.135906 
1.629495 
1.484039 
1.286334 
1.715826 
1.379923 
1.486842 
0.960123 
1.582348 
1.334007 
0.920919 
1.309569 
1.344966 
1.000122 
1.305335 
0.621652 
1.454592 
1.339354 
0.923204 
0.537421 
0.989879 
1.152329 
0.696564 
0.861112 
1.003916 
1.399499 
1.189471 
1.839886 
0.879140 
1.082942 
0.898880 
0.964219 
1.420805 
0.651285 
1.167821 
1.136260 
1.063624 
1.018837 
0.944490 
1.474134 
1.753380 
1.047681 
0.363432 
0.839152 
1.312485 
1.367981 
1.373053 
1.414710 
1.188716 
0.983253 
0.846696 
0.946298 
1.034075 
0.582634 
1.118539 
0.893926 
0.912282 
0.721646 
0.930328 
1.061724 
1.365459 
0.458538 
0.596894 
1.081517 
0.864067 
0.739272 
0.802517 
0.750448 
0.811161 
1.029637 
0.374686 
0.765831 
1.556589 
0.892364 
1.304552 
0.770731 
1.566309 
1.015444 
0.901105 
1.147699 
0.690385 
0.866462 
0.610736 
0.863833 
0.833312 
1.154395 
0.851815 
0.832732 
0.498557 
1.045954 
0.751141 
0.656261 
0.704492 
1.533199 
0.532328 
0.873887 
0.938272 
1.101820 
0.638878 
1.218360 
1.563597 
0.852471 
0.446534 
0.581068 
0.756386 
1.260261 
0.602266 
0.962564 
0.660646 
0.835316 
0.842544 
0.433692 
1.515650 
0.712878 
0.577253 
1.075331 
1.129409 
1.201362 
1.063223 
1.025127 
1.157451 
0.960234 
1.711733 
1.040466 
1.115425 
0.610163 
0.410044 
0.833033 
1.111593 
1.034282 
0.934345 
0.519488 
0.913253 
0.868791 
0.710881 
1.455455 
0.290211 
1.437474 
0.983610 
0.779964 
0.386225 
1.427253 
0.901932 
0.749464 
0.854579 
1.044297 
0.933341 
0.636434 
0.508958 
0.683768 
0.717725 
0.585098 
0.936776 
0.587628 
0.480526 
1.101534 
0.860607 
0.992091 
0.835147 
1.165198 
0.758793 
1.167080 
0.664186 
0.529644 
0.820693 
0.714407 
0.795724 
0.868267 
0.712501 
1.276136 
0.934393 
0.642082 
0.852832 
0.879513 
1.317836 
1.027013 
0.683342 
0.723575 
1.126121 
0.923596 
0.679259 
0.773371 
0.479415 
0.981950 
0.869486 
0.582934 
1.090213 
0.638811 
0.859394 
0.912949 
1.165766 
0.708551 
0.333693 
0.924145 
0.774071 
0.990113 
0.786156 
0.779455 
0.585503 
0.567073 
0.693956 
1.033049 
0.711821 
1.154396 
1.055010 
0.593793 
0.607853 
0.946198 
0.589155 
0.963157 
0.829158 
0.624129 
0.797783 
0.879430 
0.824913 
0.487642 
0.980803 
0.866877 
0.480637 
0.946104 
1.043081 
0.592876 
1.017447 
1.003668 
1.063207 
0.952175 
1.013901 
0.727667 
0.698223 
0.806385 
0.679614 
0.960703 
0.733047 
0.641298 
0.592335 
0.903281 
0.668659 
0.594279 
0.949383 
0.823018 
0.881312 
0.829619 
0.717803 
0.760325 
0.658172 
0.985076 
0.998420 
0.573440 
0.752678 
1.067987 
0.942822 
0.596525 
1.691459 
0.928904 
0.608836 
0.479711 
0.658325 
0.563112 
0.783504 
1.153907 
0.715432 
0.509627 
0.988265 
0.501656 
0.509120 
0.687171 
0.387667 
0.635015 
1.101318 
0.823933 
0.558104 
0.443287 
0.588591 
0.658050 
0.466202 
0.815772 
1.322082 
0.300749 
1.604700 
0.880084 
0.830026 
0.477408 
0.654566 
0.383602 
0.525332 
0.724973 
0.511039 
1.334769 
0.950379 
0.987156 
0.796733 
1.345830 
0.803805 
0.738136 
0.370592 
1.435181 
0.660625 
1.238194 
0.515507 
0.607521 
0.850007 
0.780661 
0.603961 
0.745324 
0.526573 
0.695907 
0.498140 
0.593167 
0.549545 
0.916074 
0.533465 
0.853373 
0.674645 
0.942832 
0.965643 
1.007773 
0.935010 
0.667796 
0.867159 
0.909932 
0.807227 
0.360924 
0.357041 
0.811336 
0.761824 
0.975474 
0.572598 
1.282412 
0.876044 
0.498978 
0.786204 
0.637469 
0.777539 
0.529612 
0.958857 
0.677684 
0.653336 
0.590124 
1.020046 
0.872487 
0.921634 
0.608009 
0.920203 
0.986418 
1.093843 
0.898434 
0.645822 
0.301574 
0.594202 
1.106341 
0.752243 
0.907491 
0.659519 
0.592607 
0.852343 
0.533423 
0.644338 
0.927124 
0.716152 
0.761200 
0.574066 
0.290883 
0.394910 
0.409739 
0.848016 
1.019984 
0.506260 
0.604820 
0.505501 
0.772291 
0.530222 
1.119329 
0.699333 
0.682699 
0.696694 
0.544974 
0.758442 
0.562302 
0.647454 
0.511003 
0.843584 
0.313601 
1.083488 
0.522888 
0.496202 
0.465934 
0.335510 
0.807417 
0.820184 
0.674714 
0.898714 
1.349750 
0.472630 
0.497934 
0.745474 
0.744456 
0.928380 
0.503092 
0.746377 
1.119443 
0.564523 
0.602768 
0.518344 
0.481860 
0.687848 
0.834370 
0.667326 
0.758778 
1.265442 
0.487628 
0.854146 
0.775964 
0.724709 
0.313850 
0.811392 
0.852041 
0.944187 
0.589073 
0.586191 
0.779672 
0.580432 
1.015466 
0.366869 
0.531412 
0.301772 
1.267733 
0.762058 
0.499859 
0.843164 
0.545011 
1.006887 
0.946371 
0.615314 
0.726030 
0.644058 
0.592639 
0.742022 
0.740215 
0.491809 
0.547276 
0.505225 
0.458382 
0.580327 
0.581438 
0.468897 
0.747130 
0.956446 
0.959582 
1.092609 
1.063100 
0.814718 
1.337975 
0.531398 
0.816472 
0.675864 
0.569396 
0.600551 
0.650494 
0.300894 
0.449027 
0.481190 
0.842695 
0.590680 
0.471305 
0.869186 
0.576347 
1.216458 
0.490185 
0.821069 
0.541027 
0.381713 
1.152392 
0.812027 
0.503456 
1.096390 
0.490673 
0.524267 
0.318795 
0.696509 
0.474085 
0.739718 
0.701311 
0.566593 
0.537512 
0.734716 
0.518043 
0.499402 
0.498172 
0.902751 
0.564893 
0.768691 
0.554143 
0.695487 
0.297097 
0.616956 
0.789146 
0.622138 
0.780890 
0.651706 
0.559757 
1.012334 
0.686741 
1.014756 
0.852236 
1.099409 
0.499092 
1.188611 
0.596328 
0.785700 
0.257607 
1.074668 
0.889114 
0.992089 
0.553271 
1.318920 
0.383073 
0.885292 
0.590094 
0.556185 
0.497965 
5.048308 
0.800582 
0.524518 
11.422257 
3.827146 
2.319738 
2.440368 
4.667014 
2.501649 
