0.370000 
0.200000 
0.350000 
0.200000 
0.200000 
0.380000 
0.560000 
0.200000 
0.470000 
0.650000 
0.200000 
0.400000 
0.680000 
0.200000 
0.450000 
0.730000 
0.450000 
0.410000 
0.260000 
0.270000 
0.280000 
0.200000 
0.360000 
0.400000 
0.200000 
0.370000 
0.240000 
0.200000 
0.240000 
0.380000 
0.600000 
0.690000 
0.270000 
0.380000 
0.680000 
0.450000 
0.480000 
0.430000 
0.170000 
0.550000 
0.330000 
0.390000 
0.450000 
0.390000 
0.440000 
0.700000 
0.390000 
0.610000 
0.540000 
0.200000 
