5569.367676 1717.943848 1381.499268 1506.094482 359354.593750 
7836.927246 4392.545898 6396.553223 3984.897217 404897.093750 
8782.327148 1790.742798 2540.962646 2255.671387 447354.343750 
4730.544434 1718.461548 1656.449341 1425.924683 346918.687500 
6193.326660 1545.218384 1458.708496 1547.181885 361160.562500 
16624.425781 3683.713135 5366.721680 5000.663574 494867.500000 
4877.926758 1930.816650 1393.041504 1214.968262 346859.812500 
5188.291016 1510.005981 1351.027954 998.347412 327883.250000 
3099.939209 1745.053833 1801.693970 1535.253296 409085.875000 
7345.688477 1455.730591 2097.491699 1355.184082 345766.906250 
7252.435547 2966.562988 3378.401611 5515.984863 554586.312500 
5428.025391 1992.569092 2165.785156 2011.413208 389299.750000 
6983.849121 1462.867554 1408.050171 1387.878540 248751.843750 
5091.207520 1231.728149 1032.035034 859.138550 304843.781250 
4854.760254 2472.026855 1655.246338 1398.944458 308115.187500 
8066.637207 1564.206909 1523.879272 1072.219727 316822.781250 
10082.115234 3311.944336 2222.298584 2867.144775 440257.281250 
4955.245117 2149.137451 1976.893311 2288.316406 419107.500000 
7984.754395 1350.111694 1608.460571 1126.381470 324938.406250 
7746.038574 4026.358643 3516.822021 4870.857422 521982.687500 
