51133532.000000 5969.691406 235.838074 188506816512.000000 289863.625000 
48933672.000000 3283.585938 291.076843 113457627136.000000 1305713.500000 
52286816.000000 6914.699219 185.198608 592085319680.000000 2954328.500000 
44831556.000000 4279.051270 212.053970 104624996352.000000 993217.812500 
54119500.000000 3428.332520 612.772400 626095947776.000000 2158668.750000 
56587932.000000 3698.233398 175.680069 122510147584.000000 669152.875000 
50233852.000000 2012.007935 149.872833 230338920448.000000 168117.140625 
42667128.000000 5437.315918 548.536438 4748298158080.000000 1956109.250000 
50012944.000000 1304.311768 337.999268 614494896128.000000 292904.781250 
57858120.000000 5556.842773 1391.217651 586424647680.000000 4221173.000000 
52713840.000000 4941.719238 576.399231 770517368832.000000 2208919.750000 
46845836.000000 1300.563599 137.163208 565532229632.000000 395979.687500 
49620164.000000 4022.888672 289.668274 359136067584.000000 1687424.500000 
50279468.000000 1703.229614 205.853455 239786508288.000000 576809.562500 
49696316.000000 2434.616211 300.339600 311984095232.000000 1095366.125000 
52908804.000000 1772.392212 86.433624 484185899008.000000 2058825.625000 
52872392.000000 5611.073242 111.775078 372926185472.000000 891479.062500 
52558180.000000 3114.875977 403.901764 520454471680.000000 558072.812500 
52777508.000000 877.568665 312.371063 112995418112.000000 216447.765625 
49958052.000000 2907.209473 224.409897 1424201220096.000000 4322340.500000 
48024824.000000 2076.494385 190.713089 655697772544.000000 748705.812500 
51073824.000000 3679.198730 246.343796 575330320384.000000 1921185.125000 
49512052.000000 4208.852539 319.656433 702864556032.000000 2009368.875000 
59718664.000000 3159.797363 193.270767 448481099776.000000 1415289.500000 
51669436.000000 2096.467529 244.575516 627560153088.000000 1435071.750000 
50686732.000000 3251.701904 1195.931885 682776002560.000000 1466179.250000 
52646284.000000 3766.098389 174.846634 584780218368.000000 853921.875000 
57793068.000000 2540.545898 2185.112305 868064755712.000000 2368503.750000 
48820296.000000 3152.217285 233.373199 792363794432.000000 1330779.375000 
53000064.000000 10149.488281 457.421204 458852630528.000000 1515817.875000 
59130552.000000 3210.510010 258.469971 131782156288.000000 1071748.125000 
44590368.000000 1868.656738 220.811310 533026209792.000000 1367987.250000 
46353512.000000 1459.264526 233.852524 483569336320.000000 453971.312500 
44708224.000000 1184.256226 495.822449 337843421184.000000 908489.125000 
57605788.000000 3392.340820 154.136398 638046568448.000000 2869569.500000 
49467292.000000 1538.156372 177.298080 270587559936.000000 1194189.500000 
43975596.000000 2423.090332 299.058441 244958642176.000000 772648.312500 
50668720.000000 3325.562500 874.313232 875749965824.000000 2802800.500000 
49626804.000000 4040.166260 544.328613 1262371602432.000000 2310760.750000 
55331596.000000 3165.953125 2634.630859 986007404544.000000 1045666.500000 
50896748.000000 2026.963257 376.268066 258174058496.000000 1569602.125000 
51362496.000000 3287.686523 198.345367 748313247744.000000 3356555.500000 
48827264.000000 3365.292236 307.626007 796998434816.000000 1704865.125000 
46282432.000000 5907.289551 282.600250 224752353280.000000 1256708.375000 
53943912.000000 1543.294189 240.773209 456772124672.000000 380211.875000 
52408092.000000 3931.893799 527.296448 587018469376.000000 699343.375000 
51776704.000000 1495.642578 162.212067 185267798016.000000 454069.437500 
54488352.000000 2133.409668 258.687744 998419857408.000000 2435164.750000 
52574968.000000 8173.505371 2194.119385 676857380864.000000 2529625.500000 
54591672.000000 1516.869019 207.875122 148226703360.000000 991647.875000 
42195268.000000 1585.399048 469.483337 359426719744.000000 497320.406250 
44987548.000000 1568.472900 638.784607 462477361152.000000 1107276.875000 
51723816.000000 951.030579 220.599808 440254464000.000000 2416969.750000 
53224284.000000 3474.827393 126.354019 829727506432.000000 1348474.625000 
53539240.000000 997.662659 138.259506 240890249216.000000 848622.187500 
48282852.000000 3140.940430 217.830688 426917756928.000000 1084948.250000 
50580148.000000 1184.950806 195.974762 277363130368.000000 1065221.500000 
47354076.000000 934.460632 159.728622 301292781568.000000 482202.250000 
56175816.000000 2275.245605 203.687866 289687240704.000000 1636908.750000 
43565860.000000 1717.739868 245.470184 446059020288.000000 814817.500000 
50407256.000000 12090.056641 274.698669 222229987328.000000 643242.250000 
53081628.000000 2112.075684 252.253769 276677459968.000000 804193.312500 
49346556.000000 3066.448975 418.824890 272232906752.000000 3018123.750000 
57631660.000000 6489.924316 315.416656 157928603648.000000 281682.156250 
45163768.000000 3247.212402 272.179199 504678645760.000000 2442399.250000 
49453240.000000 1616.091919 1065.668457 423575388160.000000 2035960.125000 
49808092.000000 3554.936279 186.167999 474743046144.000000 1946597.875000 
50352572.000000 3539.822021 353.750214 390051397632.000000 723933.437500 
47846368.000000 971.197632 379.021240 282724302848.000000 1193171.125000 
53067320.000000 2919.972900 260.536346 234038788096.000000 754138.937500 
44953732.000000 8126.770996 483.817993 824556519424.000000 1000541.187500 
47128472.000000 1271.607788 280.542236 468110901248.000000 1149211.750000 
55512504.000000 1343.546387 800.795959 350883545088.000000 848462.937500 
54063972.000000 13380.554688 462.017273 411156611072.000000 1333036.250000 
46626584.000000 1239.395386 210.873627 249053151232.000000 670894.500000 
57215884.000000 6296.076172 668.044556 868521738240.000000 1613016.875000 
52070968.000000 2195.746338 262.875946 1397469741056.000000 1592957.375000 
45039344.000000 1682.891724 150.296310 167284916224.000000 1048525.000000 
43212096.000000 1578.543213 244.842789 197440061440.000000 649717.750000 
51900520.000000 5454.224609 188.947235 207808888832.000000 1134781.250000 
64388808.000000 2490.036133 200.158264 491825627136.000000 2652084.500000 
50811704.000000 4492.297852 1179.714844 1101444677632.000000 1502235.875000 
50378728.000000 1234.992798 132.679337 233328885760.000000 504318.781250 
50065808.000000 1742.777100 332.070557 260050026496.000000 1515941.750000 
52424720.000000 1203.027100 248.576462 163527081984.000000 548300.937500 
46721416.000000 3777.824219 191.475372 171625283584.000000 1119029.500000 
49421784.000000 973.563843 474.363525 220800024576.000000 470625.156250 
48894552.000000 3276.695068 206.902969 449386872832.000000 766296.000000 
47138528.000000 2460.869141 580.568604 218794541056.000000 358459.906250 
55853984.000000 795.873108 705.539978 221078847488.000000 575871.562500 
46818684.000000 1751.057495 171.377960 352938688512.000000 871141.250000 
50344956.000000 1894.975708 322.566559 970984456192.000000 1246685.125000 
49003112.000000 2041.448853 207.195389 481004322816.000000 516302.781250 
46310244.000000 2636.706299 641.810059 205835075584.000000 335335.562500 
50985260.000000 939.611633 311.510559 288825442304.000000 2391724.250000 
47619220.000000 2171.356445 302.676758 417656766464.000000 824633.125000 
52449224.000000 6974.324219 226.609329 847588622336.000000 1343683.625000 
46045768.000000 1605.813965 193.612915 1115463876608.000000 2561066.250000 
47170928.000000 10303.277344 632.807556 473761611776.000000 2608222.250000 
49489364.000000 2554.423096 446.630829 307610976256.000000 452223.906250 
