87.109818 77.974281 76.496437 91.467026 136.521500 0.019782 
89.596123 83.677002 84.197906 88.088570 119.671364 0.000000 
91.222626 71.618095 71.544739 92.790894 136.650558 0.019782 
88.530739 57.801300 61.889900 88.360611 148.020874 0.027976 
93.140228 78.875763 75.514923 91.851799 117.982361 0.027976 
91.888588 65.376999 52.963650 83.422348 119.584351 0.000000 
90.834404 79.941704 66.730301 91.750931 130.753113 0.000000 
91.956795 93.859093 83.502769 90.488754 134.134125 0.000000 
91.980110 79.072594 78.264137 91.210594 122.988617 0.034264 
84.353523 67.059761 73.406769 90.069069 146.124619 0.019782 
92.180267 65.349899 67.254501 95.180260 136.122528 0.000000 
91.372070 59.242981 55.713894 89.682892 132.232971 0.000000 
91.671806 72.319069 73.872528 97.658409 144.241913 0.000000 
93.363487 102.814598 104.571304 93.984932 131.758820 0.000000 
91.931961 61.724510 55.287487 86.457840 147.726807 0.027976 
84.799660 71.372421 81.427589 90.053497 125.372513 0.000000 
88.100937 92.560371 87.732857 86.618889 128.432175 0.000000 
90.024574 85.276779 92.433502 91.105652 140.430252 0.027976 
90.345100 79.735283 74.384735 97.531670 143.234344 0.000000 
91.786575 60.621349 61.500381 90.689972 136.067932 0.019782 
89.642952 111.583275 109.756920 88.448563 143.430969 0.000000 
91.690689 98.178665 96.715973 94.137566 126.639923 0.000000 
89.968887 73.910530 65.072037 94.321014 143.791992 0.019782 
87.140800 74.556633 79.337631 89.612335 133.249725 0.000000 
88.469910 65.142418 65.699898 88.499374 135.111816 0.000000 
86.233788 74.835045 70.000580 86.868744 128.571854 0.019782 
90.245728 92.842339 97.932480 101.078621 148.128967 0.000000 
90.373428 103.239830 110.382675 92.856079 134.531296 0.019782 
99.055237 75.157494 56.918026 85.753693 118.447800 0.000000 
91.369675 71.763824 81.713577 93.431358 111.256287 0.000000 
89.674416 68.135818 63.846542 87.551323 123.040993 0.019782 
92.275284 72.059883 71.916199 93.953094 117.873909 0.027976 
93.877907 91.210068 92.084282 92.282646 145.672821 0.039565 
91.391235 61.951229 58.367290 88.695679 133.390625 0.000000 
94.519287 62.953121 54.213638 87.873184 129.329575 0.019782 
90.345192 63.480316 48.323662 92.704582 159.702789 0.000000 
91.854897 73.161354 58.396969 86.829605 139.854736 0.027976 
95.068100 69.282631 61.650181 88.412636 140.135330 0.000000 
90.013557 71.693832 73.985794 80.762573 134.686569 0.000000 
88.661240 84.362961 103.060158 95.557861 141.062592 0.000000 
97.661530 79.488358 68.675667 85.292465 134.330048 0.000000 
93.971931 84.123062 92.554321 89.313477 143.983231 0.000000 
89.833748 76.260185 72.608162 88.251434 146.052795 0.000000 
89.486519 88.902252 78.756966 92.895157 127.510704 0.019782 
88.667038 74.504707 80.595184 90.518387 111.922234 0.019782 
93.526794 95.121925 105.452705 94.244446 147.400635 0.000000 
91.941849 70.972649 66.259476 89.781105 144.622528 0.000000 
91.656326 62.433781 68.200142 93.184380 133.280319 0.019782 
92.002281 53.594410 52.345757 90.074661 148.944214 0.000000 
83.488182 53.058102 52.962654 91.770844 140.331192 0.000000 
87.864250 78.365295 89.432053 88.829742 129.801926 0.000000 
91.291473 75.595543 60.163280 89.955811 137.542313 0.000000 
90.175171 76.551247 65.078438 83.652573 133.504242 0.027976 
89.361984 87.347443 77.418640 90.718704 123.301315 0.000000 
90.961952 119.618477 128.637192 91.534729 131.784592 0.019782 
91.605995 66.744568 58.994064 90.856064 145.818588 0.000000 
89.881752 98.541573 97.209648 94.110161 113.317535 0.000000 
88.206863 68.077385 72.197037 86.193695 144.007645 0.019782 
94.207222 75.801765 65.531494 87.136963 119.430473 0.019782 
87.414558 82.734070 85.881889 90.160339 135.403320 0.000000 
94.369255 66.303078 69.144188 92.932159 136.577377 0.000000 
93.380119 84.611160 77.032646 91.550797 144.281494 0.000000 
98.261726 68.759064 67.452354 90.208870 138.570999 0.019782 
88.414444 51.691452 42.049767 85.583427 152.854538 0.027976 
91.425438 62.859650 57.306740 91.905304 141.945160 0.027976 
89.177231 109.704430 105.862328 91.788422 135.179230 0.000000 
91.108376 89.737816 77.337914 90.813698 131.030380 0.000000 
88.642563 75.912964 78.911240 90.718468 135.069336 0.027976 
96.631371 72.265396 75.627113 87.660995 144.711761 0.027976 
88.079552 61.236183 55.131901 84.510757 113.458122 0.000000 
98.432816 74.139397 72.132942 89.975067 103.068832 0.027976 
94.895317 77.810997 74.031212 87.243973 135.422546 0.000000 
87.673759 74.709961 69.994400 88.750938 115.038429 0.000000 
87.367378 63.623131 72.152420 91.563065 154.368500 0.000000 
96.465210 70.482254 58.914391 87.279366 136.639633 0.000000 
93.573730 60.674080 70.763779 91.768799 147.464981 0.019782 
86.952957 77.474205 70.883400 87.769897 146.113693 0.019782 
89.140678 91.052063 70.658142 88.659668 111.269165 0.000000 
88.105797 78.699608 84.919991 91.188019 153.546524 0.019782 
92.405502 85.981049 65.352791 90.405876 126.438438 0.000000 
89.746613 114.913918 113.491516 90.673523 153.008377 0.000000 
94.137299 68.879883 63.621464 88.842316 136.949081 0.000000 
85.924271 100.316269 94.098289 94.659508 136.707245 0.000000 
93.007477 99.765244 106.968277 90.901947 141.019409 0.019782 
88.662163 61.559490 66.819504 92.745453 109.967896 0.000000 
89.927025 51.013916 51.003971 88.611710 143.261429 0.000000 
96.961929 102.258766 105.575005 91.526367 118.505577 0.039565 
88.938263 86.758659 92.282967 85.384995 127.404938 0.019782 
90.925331 86.532951 94.746017 88.577309 113.258713 0.000000 
87.443779 73.527565 58.851292 93.829277 142.934723 0.019782 
89.854881 68.089615 71.358536 84.319946 135.889206 0.000000 
84.382759 58.137409 58.551945 87.775230 123.843445 0.019782 
89.298798 72.717819 76.451164 94.179184 135.965775 0.000000 
89.194824 78.350029 63.044106 89.174980 126.697136 0.000000 
97.309906 75.224792 86.824898 93.082283 144.121902 0.000000 
85.364517 70.253601 87.643509 89.614624 113.086441 0.000000 
86.072105 48.887848 55.565060 90.285118 145.303482 0.000000 
90.451088 71.878006 66.684471 87.273628 122.516098 0.000000 
90.361923 88.568474 94.824280 91.383835 138.717209 0.000000 
90.868912 92.251358 87.080383 85.979492 139.326233 0.000000 
