3375.349121 1727.881836 1085.828735 642.487061 13634.422852 
3578.760010 1397.988647 877.718018 474.775879 12042.328125 
3181.504150 1435.150513 1011.946594 500.999603 15988.507812 
4065.209473 1519.105835 875.851318 647.434875 16998.894531 
3303.028076 1736.172607 1267.118774 572.429138 12166.575195 
3383.803711 1456.973755 922.103149 734.268005 10442.237305 
3528.684570 1529.127319 787.692322 622.561340 10933.249023 
3441.036865 1259.787720 1114.678345 643.791321 9691.224609 
3610.236816 1360.880493 973.645752 685.820190 18202.734375 
3784.458496 1836.214233 1227.117432 533.851868 8108.631836 
3268.000488 1216.945801 597.328613 346.021454 10000.216797 
3047.489990 1432.575317 953.292969 422.471100 14737.108398 
2934.201172 1468.558960 932.390991 487.260681 9191.757812 
3329.561768 1785.173096 1025.481934 619.295959 9708.565430 
3779.749512 1601.866699 970.729858 787.581116 13137.052734 
3152.597412 1637.573364 1346.667480 587.657104 9327.328125 
3340.227051 1490.495605 844.488586 516.897400 10582.043945 
3535.541748 1654.381714 1104.056885 627.791260 14884.593750 
3184.021973 1421.867432 928.037415 920.533081 9102.196289 
3255.593994 1475.372925 895.452820 577.609131 14705.916016 
