0.262031 
0.482837 
0.791671 
0.775678 
0.305350 
0.451418 
0.521925 
0.395204 
0.406542 
0.194936 
0.513336 
0.510981 
0.320392 
0.434413 
0.332084 
0.320995 
0.505557 
0.435890 
0.437975 
0.565436 
0.329943 
0.648313 
0.402514 
0.501510 
0.531033 
0.359024 
0.298444 
0.367324 
0.333133 
0.735082 
0.329904 
0.099935 
0.560486 
0.293666 
0.227975 
0.452048 
0.274528 
0.331656 
0.618468 
0.341450 
0.601314 
0.490951 
0.357461 
0.337041 
0.634966 
0.429740 
0.485622 
0.171657 
0.335051 
0.494286 
0.477528 
0.411736 
0.355835 
0.232555 
0.486532 
0.342183 
0.272208 
0.776136 
0.330538 
0.612034 
0.607852 
0.358586 
0.385142 
0.549369 
0.488465 
0.183293 
0.283058 
0.290330 
0.775787 
0.494810 
0.236229 
0.664384 
0.717462 
0.211178 
0.685665 
0.589492 
0.274826 
0.491041 
0.838423 
0.775465 
0.498180 
0.525375 
0.278530 
0.897856 
0.310878 
0.325218 
0.620758 
0.284727 
0.542461 
0.308267 
0.316310 
0.656497 
1.040259 
0.484818 
0.157881 
0.201297 
0.343142 
0.636427 
0.476327 
0.444163 
