494.532593 268.304504 215.223846 69.481323 22586.333984 
512.672180 214.039917 110.617500 49.300137 26539.222656 
558.327026 297.000000 162.199753 112.786667 29896.392578 
526.776611 256.756042 147.120483 98.256607 30124.062500 
524.901306 330.839966 269.657684 200.040146 19098.585938 
473.914642 227.037033 182.087357 134.209747 39717.304688 
535.974609 247.756058 149.108582 116.026970 16436.115234 
506.768372 278.170563 190.469177 180.335907 18994.589844 
737.462524 389.026581 288.551880 196.327515 35183.957031 
433.030609 193.798630 110.870232 48.617344 21908.380859 
431.857025 213.622635 88.504181 78.429848 26278.568359 
486.628357 281.759216 152.528839 163.370682 39570.238281 
608.816406 278.726257 203.425400 104.016731 29865.916016 
682.924500 739.211304 393.756012 269.382690 40036.875000 
593.708252 320.355835 178.852722 98.793144 30683.314453 
433.165955 215.257950 99.135864 78.093491 30496.240234 
536.723816 226.599106 165.297241 179.850174 25412.873047 
473.324066 206.171295 103.068649 58.797890 27534.347656 
511.988922 359.809937 383.423370 276.042816 33062.453125 
502.862030 430.038818 285.674835 220.092026 46625.031250 
595.400635 346.586945 368.477814 343.976440 35364.507812 
591.570923 218.219269 174.356583 120.495789 17698.847656 
630.673706 335.310150 204.052414 136.623199 35822.707031 
528.110779 287.647339 265.209869 232.404175 21757.839844 
457.731995 379.271179 169.416122 102.375237 37092.742188 
616.577271 289.713593 241.723831 291.825623 39446.781250 
425.047180 245.084000 182.313583 170.830124 23917.851562 
560.689209 440.885773 230.292358 149.202179 17129.175781 
578.264404 405.856995 572.610474 868.769714 25683.427734 
559.730164 184.136688 131.075180 71.573280 25975.488281 
614.750122 272.174469 115.094276 48.490646 25467.837891 
494.544464 321.670227 399.529022 108.253738 25397.437500 
522.928772 204.881012 168.953369 154.776566 29374.113281 
480.213165 194.008636 109.325668 72.366745 23435.832031 
424.969635 218.707092 144.056885 62.129391 26350.671875 
580.811951 555.866211 674.021362 312.440063 37205.117188 
601.034668 346.738159 229.282532 205.082489 36169.382812 
652.580139 531.455627 392.540680 185.810989 28094.611328 
523.319702 274.247864 109.551979 97.226685 22025.285156 
466.190613 188.856339 131.364624 53.897858 17146.267578 
611.928223 395.780914 413.163574 437.219482 29947.591797 
510.475464 335.469635 270.190277 196.878006 27584.892578 
596.642761 310.628845 268.999451 240.132736 34016.835938 
540.518005 247.780136 110.944511 88.029884 23007.306641 
495.938812 327.223480 241.662766 233.079987 34085.164062 
521.297913 291.982513 332.110931 140.766113 32232.154297 
480.884674 211.312241 298.603760 87.018845 29152.332031 
559.884399 308.660522 440.717987 87.671181 24776.195312 
537.542236 343.671600 369.922211 352.181824 26835.984375 
461.334503 272.370667 146.349335 101.600899 29890.761719 
622.890320 514.228882 498.204437 176.617157 25140.759766 
476.229431 271.586609 125.339058 77.292587 25298.136719 
484.741089 356.941833 257.896088 109.616974 35182.093750 
616.955688 342.424133 227.099350 215.651978 26102.470703 
535.962463 518.435730 591.226562 357.332428 36834.632812 
561.091125 383.877594 193.779007 96.451653 32990.410156 
591.799500 688.528381 633.892639 279.065552 33035.765625 
432.024475 210.477646 188.381287 214.572144 39384.156250 
479.385956 242.344650 110.467285 107.252129 19122.332031 
556.046082 264.805267 132.159103 110.879631 34178.476562 
406.075226 257.332367 342.649048 188.779999 28909.597656 
576.874268 248.199203 226.921570 81.931595 36402.773438 
493.404633 658.259216 439.543304 270.576294 46850.304688 
553.605713 207.794861 125.845993 135.555237 23185.908203 
490.241913 296.664886 206.271637 245.910324 37596.531250 
575.682739 318.043457 223.433609 202.170197 30780.222656 
527.729614 266.178741 128.049011 83.598297 35993.457031 
513.729248 316.887909 193.250656 157.710342 22310.816406 
514.818115 362.184784 322.312103 361.987854 27804.351562 
494.568909 237.707169 125.264801 46.877068 28200.630859 
596.490051 233.365097 128.191727 57.045784 28151.761719 
510.091400 221.939713 176.450699 64.765289 22991.283203 
501.571594 514.583435 1435.444458 1476.695435 36939.972656 
450.160645 256.499512 121.801888 43.695091 25061.277344 
561.651367 321.605835 469.935730 181.835938 35265.246094 
657.723389 268.958496 126.119873 168.296707 30915.878906 
532.301025 258.479248 123.606148 171.911850 25044.023438 
474.425751 198.858536 134.828125 71.424614 21377.572266 
627.696350 335.722748 285.291992 136.945374 29435.320312 
597.585083 317.030548 225.980713 147.856476 44785.320312 
472.946930 328.792175 410.183105 259.511230 22578.740234 
519.312134 220.912048 144.961395 177.615662 28909.982422 
524.816467 256.437805 169.764908 285.727203 30620.279297 
607.916260 280.079010 290.360138 209.982285 22757.414062 
667.121704 419.657135 345.282745 170.161774 34551.601562 
565.993530 460.514618 321.915466 231.639664 36517.375000 
497.731812 289.015686 673.624817 1152.376465 35672.398438 
482.050659 279.297119 171.227066 127.958115 29381.703125 
539.750366 188.921371 203.572433 138.800049 24676.371094 
604.459961 228.682602 130.338196 57.171661 39152.746094 
412.514221 287.843079 158.941528 94.765244 20038.316406 
508.074005 208.191147 137.679047 54.030945 26875.058594 
546.333008 229.923172 124.425232 77.225174 25686.978516 
519.372864 232.950455 128.138702 69.336830 36923.984375 
526.444214 644.108704 666.129700 132.851639 29539.820312 
545.657532 390.920258 173.470261 221.013748 35077.660156 
577.220886 382.472473 249.381027 174.515366 29325.726562 
627.110352 341.997467 345.216888 170.063019 27596.460938 
443.346619 261.739716 260.079590 126.383667 27709.599609 
431.355682 237.426895 257.061035 136.628159 23058.207031 
