Episode: 1: [[10.  0.  0.  0.  0.  0.  0.  0.  0.  0.]
 [10.  0.  0.  0.  0.  0.  0.  0.  0.  0.]
 [10.  0.  0.  0.  0.  0.  0.  0.  0.  0.]] 
Episode: 2: [[ 1.0000300e+01  2.9988232e-04 -2.9998910e-04 -2.9999789e-04
   2.9998214e-04  0.0000000e+00  0.0000000e+00  0.0000000e+00
  -2.9125757e-04  2.9999754e-04]
 [ 1.0000299e+01  2.7106379e-04 -2.9451508e-04 -2.9975752e-04
   2.9483886e-04  0.0000000e+00  0.0000000e+00  0.0000000e+00
  -5.4790675e-05  2.9950199e-04]
 [ 1.0000299e+01  2.7873280e-04 -2.9733797e-04 -2.9973526e-04
   2.9533941e-04  0.0000000e+00  0.0000000e+00  0.0000000e+00
  -5.7741967e-05  2.9957353e-04]] 
Episode: 3: [[ 1.0000598e+01  5.9356121e-04 -5.9997046e-04 -5.8791984e-04
   4.5878359e-04  0.0000000e+00  0.0000000e+00  0.0000000e+00
  -4.5949218e-04  5.9535733e-04]
 [ 1.0000599e+01  5.4351916e-04 -5.7491637e-04 -5.9322466e-04
   5.8452232e-04  0.0000000e+00  0.0000000e+00  0.0000000e+00
  -1.1073773e-04  5.9523305e-04]
 [ 1.0000598e+01  5.5764324e-04 -5.9462700e-04 -5.9146492e-04
   4.4353388e-04  0.0000000e+00  0.0000000e+00  0.0000000e+00
  -9.1336391e-05  5.9499691e-04]] 
Episode: 4: [[ 1.00008917e+01  8.03288305e-04 -8.20530462e-04 -8.73900717e-04
   4.91243147e-04  0.00000000e+00  0.00000000e+00  0.00000000e+00
  -6.53611845e-04  8.86981958e-04]
 [ 1.00008955e+01  6.88129745e-04 -7.92857027e-04 -8.83222441e-04
   5.98543382e-04  0.00000000e+00  0.00000000e+00  0.00000000e+00
  -1.47208368e-04  8.86730617e-04]
 [ 1.00008926e+01  7.52556836e-04 -7.95849483e-04 -8.80400417e-04
   4.09785978e-04  0.00000000e+00  0.00000000e+00  0.00000000e+00
  -1.22835700e-04  8.86434689e-04]] 
Episode: 5: [[ 1.0001189e+01  1.0311827e-03 -1.0651404e-03 -1.1658464e-03
   6.6554674e-04  0.0000000e+00  0.0000000e+00  0.0000000e+00
  -8.7638630e-04  1.1824318e-03]
 [ 1.0001193e+01  8.9206873e-04 -1.0282992e-03 -1.1778178e-03
   7.6128705e-04  0.0000000e+00  0.0000000e+00  0.0000000e+00
  -2.2767716e-04  1.1820090e-03]
 [ 1.0001190e+01  9.7190007e-04 -1.0279481e-03 -1.1742632e-03
   5.7114474e-04  0.0000000e+00  0.0000000e+00  0.0000000e+00
  -1.8776735e-04  1.1816691e-03]] 
Episode: 6: [[ 1.0001483e+01  1.2061889e-03 -1.3048358e-03 -1.4577957e-03
   7.4112992e-04  0.0000000e+00  0.0000000e+00  0.0000000e+00
  -1.0725713e-03  1.4753506e-03]
 [ 1.0001488e+01  1.0584421e-03 -1.2499127e-03 -1.4709657e-03
   8.6415053e-04  0.0000000e+00  0.0000000e+00  0.0000000e+00
  -2.9423798e-04  1.4743065e-03]
 [ 1.0001485e+01  1.1444698e-03 -1.2559203e-03 -1.4671903e-03
   6.3639920e-04  0.0000000e+00  0.0000000e+00  0.0000000e+00
  -2.4037373e-04  1.4741472e-03]] 
Episode: 7: [[ 1.00017748e+01  1.30924874e-03 -1.54660444e-03 -1.75155408e-03
   7.06014398e-04  0.00000000e+00  0.00000000e+00  0.00000000e+00
  -1.19498663e-03  1.76794128e-03]
 [ 1.00017805e+01  1.16853358e-03 -1.48592982e-03 -1.76459993e-03
   8.64617759e-04  0.00000000e+00  0.00000000e+00  0.00000000e+00
  -3.40453378e-04  1.76586618e-03]
 [ 1.00017776e+01  1.25088240e-03 -1.48744253e-03 -1.76117977e-03
   5.89902455e-04  0.00000000e+00  0.00000000e+00  0.00000000e+00
  -2.73976242e-04  1.76609226e-03]] 
Episode: 8: [[ 1.00020657e+01  1.45783322e-03 -1.77064852e-03 -2.04110611e-03
   7.60537281e-04  0.00000000e+00  0.00000000e+00  0.00000000e+00
  -1.35993678e-03  2.05839868e-03]
 [ 1.00020714e+01  1.30349735e-03 -1.70345511e-03 -2.05554324e-03
   9.16315359e-04  0.00000000e+00  0.00000000e+00  0.00000000e+00
  -3.90084635e-04  2.05548620e-03]
 [ 1.00020685e+01  1.39237056e-03 -1.70529052e-03 -2.05198629e-03
   6.20438426e-04  0.00000000e+00  0.00000000e+00  0.00000000e+00
  -3.14580975e-04  2.05599843e-03]] 
Episode: 9: [[ 1.0002356e+01  1.6335072e-03 -2.0042141e-03 -2.3298594e-03
   8.5532322e-04  0.0000000e+00  0.0000000e+00  0.0000000e+00
  -1.5492262e-03  2.3483331e-03]
 [ 1.0002362e+01  1.4665254e-03 -1.9269118e-03 -2.3459818e-03
   1.0133532e-03  0.0000000e+00  0.0000000e+00  0.0000000e+00
  -4.4795146e-04  2.3447522e-03]
 [ 1.0002359e+01  1.5600147e-03 -1.9301237e-03 -2.3421689e-03
   6.9513288e-04  0.0000000e+00  0.0000000e+00  0.0000000e+00
  -3.6164143e-04  2.3454549e-03]] 
Episode: 10: [[ 1.0002645e+01  1.7909161e-03 -2.2284386e-03 -2.6168162e-03
   9.2524476e-04  0.0000000e+00  0.0000000e+00  0.0000000e+00
  -1.7307771e-03  2.6371742e-03]
 [ 1.0002652e+01  1.6230058e-03 -2.1565792e-03 -2.6353141e-03
   1.0941873e-03  0.0000000e+00  0.0000000e+00  0.0000000e+00
  -5.0361804e-04  2.6329847e-03]
 [ 1.0002649e+01  1.7126169e-03 -2.1445313e-03 -2.6310575e-03
   7.4756803e-04  0.0000000e+00  0.0000000e+00  0.0000000e+00
  -4.0557416e-04  2.6338282e-03]] 
Episode: 11: [[ 1.0002934e+01  1.9316216e-03 -2.4680265e-03 -2.9056566e-03
   9.5830142e-04  0.0000000e+00  0.0000000e+00  0.0000000e+00
  -1.8916659e-03  2.9263771e-03]
 [ 1.0002943e+01  1.7730310e-03 -2.3864328e-03 -2.9256493e-03
   1.1614184e-03  0.0000000e+00  0.0000000e+00  0.0000000e+00
  -5.5443385e-04  2.9215717e-03]
 [ 1.0002939e+01  1.8509671e-03 -2.3699577e-03 -2.9211950e-03
   7.6540612e-04  0.0000000e+00  0.0000000e+00  0.0000000e+00
  -4.4340626e-04  2.9225477e-03]] 
Episode: 12: [[ 1.0003222e+01  2.0652201e-03 -2.6711731e-03 -3.1889924e-03
   9.9610584e-04  0.0000000e+00  0.0000000e+00  0.0000000e+00
  -2.0459045e-03  3.2124878e-03]
 [ 1.0003232e+01  1.9144324e-03 -2.5931853e-03 -3.2125262e-03
   1.2245475e-03  0.0000000e+00  0.0000000e+00  0.0000000e+00
  -6.0141133e-04  3.2073776e-03]
 [ 1.0003228e+01  1.9796507e-03 -2.5573485e-03 -3.2070894e-03
   7.8531232e-04  0.0000000e+00  0.0000000e+00  0.0000000e+00
  -4.7794465e-04  3.2083092e-03]] 
Episode: 13: [[ 1.00035095e+01  2.21228227e-03 -2.83799716e-03 -3.47156310e-03
   1.06850814e-03  0.00000000e+00  0.00000000e+00  0.00000000e+00
  -2.18156795e-03  3.49785108e-03]
 [ 1.00035200e+01  2.05561263e-03 -2.77176220e-03 -3.49855050e-03
   1.30004983e-03  0.00000000e+00  0.00000000e+00  0.00000000e+00
  -6.41945400e-04  3.49234766e-03]
 [ 1.00035162e+01  2.12077051e-03 -2.71130214e-03 -3.49216117e-03
   8.44163005e-04  0.00000000e+00  0.00000000e+00  0.00000000e+00
  -5.07976685e-04  3.49327829e-03]] 
Episode: 14: [[ 1.0003796e+01  2.3766158e-03 -2.9472520e-03 -3.7576628e-03
   1.1844907e-03  0.0000000e+00  0.0000000e+00  0.0000000e+00
  -2.3417426e-03  3.7835785e-03]
 [ 1.0003806e+01  2.1797768e-03 -2.9091404e-03 -3.7854807e-03
   1.3656276e-03  0.0000000e+00  0.0000000e+00  0.0000000e+00
  -6.8121945e-04  3.7770113e-03]
 [ 1.0003802e+01  2.2719088e-03 -2.8109152e-03 -3.7791058e-03
   9.4202935e-04  0.0000000e+00  0.0000000e+00  0.0000000e+00
  -5.4179807e-04  3.7782937e-03]] 
Episode: 15: [[ 1.0004083e+01  2.5697793e-03 -3.0808738e-03 -4.0447926e-03
   1.3342041e-03  0.0000000e+00  0.0000000e+00  0.0000000e+00
  -2.5297247e-03  4.0704724e-03]
 [ 1.0004093e+01  2.3395992e-03 -3.0709067e-03 -4.0734098e-03
   1.4814633e-03  0.0000000e+00  0.0000000e+00  0.0000000e+00
  -7.3130039e-04  4.0629809e-03]
 [ 1.0004089e+01  2.4524236e-03 -2.9375688e-03 -4.0670387e-03
   1.0775168e-03  0.0000000e+00  0.0000000e+00  0.0000000e+00
  -5.8374106e-04  4.0645301e-03]] 
Episode: 16: [[ 1.0004370e+01  2.7608529e-03 -3.2264290e-03 -4.3269005e-03
   1.4756487e-03  0.0000000e+00  0.0000000e+00  0.0000000e+00
  -2.7244124e-03  4.3561929e-03]
 [ 1.0004381e+01  2.4994586e-03 -3.2381779e-03 -4.3592779e-03
   1.5948105e-03  0.0000000e+00  0.0000000e+00  0.0000000e+00
  -7.8054529e-04  4.3483060e-03]
 [ 1.0004377e+01  2.6315742e-03 -3.0751030e-03 -4.3518329e-03
   1.2051591e-03  0.0000000e+00  0.0000000e+00  0.0000000e+00
  -6.2603818e-04  4.3498497e-03]] 
Episode: 17: [[ 1.0004664e+01  2.9770921e-03 -3.3967132e-03 -4.6172566e-03
   1.6460833e-03  0.0000000e+00  0.0000000e+00  0.0000000e+00
  -2.9338817e-03  4.6492186e-03]
 [ 1.0004675e+01  2.6855131e-03 -3.4028315e-03 -4.6521649e-03
   1.7479055e-03  0.0000000e+00  0.0000000e+00  0.0000000e+00
  -8.3443028e-04  4.6409681e-03]
 [ 1.0004671e+01  2.8353145e-03 -3.2299587e-03 -4.6440586e-03
   1.3650672e-03  0.0000000e+00  0.0000000e+00  0.0000000e+00
  -6.7229010e-04  4.6424600e-03]] 
Episode: 18: [[ 1.0004964e+01  3.0707899e-03 -3.5909386e-03 -4.9103247e-03
   1.6518761e-03  0.0000000e+00  0.0000000e+00  0.0000000e+00
  -2.9877988e-03  4.9468027e-03]
 [ 1.0004972e+01  2.7740216e-03 -3.5539314e-03 -4.9494919e-03
   1.7641048e-03  0.0000000e+00  0.0000000e+00  0.0000000e+00
  -8.6301006e-04  4.9383207e-03]
 [ 1.0004971e+01  2.9270523e-03 -3.4053635e-03 -4.9398327e-03
   1.3599321e-03  0.0000000e+00  0.0000000e+00  0.0000000e+00
  -6.8966002e-04  4.9396926e-03]] 
Episode: 19: [[ 1.0005262e+01  3.1571540e-03 -3.8063161e-03 -5.2008107e-03
   1.6396903e-03  0.0000000e+00  0.0000000e+00  0.0000000e+00
  -3.0463175e-03  5.2429377e-03]
 [ 1.0005270e+01  2.8639140e-03 -3.7443077e-03 -5.2455314e-03
   1.7650973e-03  0.0000000e+00  0.0000000e+00  0.0000000e+00
  -8.9316495e-04  5.2344534e-03]
 [ 1.0005269e+01  3.0133866e-03 -3.6076426e-03 -5.2338573e-03
   1.3360115e-03  0.0000000e+00  0.0000000e+00  0.0000000e+00
  -7.0738187e-04  5.2355994e-03]] 
Episode: 20: [[ 1.0005560e+01  3.2536432e-03 -4.0294165e-03 -5.4926751e-03
   1.6358788e-03  0.0000000e+00  0.0000000e+00  0.0000000e+00
  -3.1203553e-03  5.5388333e-03]
 [ 1.0005567e+01  2.9704063e-03 -3.9403103e-03 -5.5418033e-03
   1.7866596e-03  0.0000000e+00  0.0000000e+00  0.0000000e+00
  -9.2857052e-04  5.5301059e-03]
 [ 1.0005567e+01  3.1122004e-03 -3.8177934e-03 -5.5286046e-03
   1.3234448e-03  0.0000000e+00  0.0000000e+00  0.0000000e+00
  -7.2963908e-04  5.5311574e-03]] 
