16559.490234 2234.113281 1831.485962 2124.172852 380041.937500 
6053.405762 1599.542847 1121.796631 1354.947021 268502.281250 
7152.103027 1496.363770 1489.339722 1061.165527 195520.390625 
5396.790527 1588.728760 1357.726685 1145.223877 301077.718750 
4507.782715 1459.303589 1231.147461 1021.362793 224917.375000 
6911.017578 1319.524536 1105.240112 997.817627 215333.437500 
7174.520020 2176.650146 2009.184570 1318.640015 286539.875000 
7358.979004 1573.518677 1035.061890 1108.521118 207932.265625 
3486.114014 1968.125732 1734.342285 1608.389526 297526.687500 
4698.356934 1448.493774 1296.085205 1043.536377 205629.625000 
4711.017090 1705.706665 1513.712280 1317.745850 256252.781250 
5049.944824 1652.404663 1529.476685 1147.498779 252020.109375 
11092.596680 1601.540894 1586.060791 1317.684937 191628.781250 
9434.544922 1653.915039 1497.796997 1064.205688 288327.843750 
4915.596191 1616.042847 1326.470215 1287.016113 268493.437500 
10392.084961 1681.421997 1214.831909 1053.103027 278574.375000 
13187.790039 1676.010376 1368.807495 1028.862915 212636.406250 
5529.389160 1594.192871 1372.952393 1377.391724 337562.062500 
7276.293457 1592.258545 1233.990234 917.588989 235337.859375 
7019.640625 2061.375000 2254.425049 1907.250977 370037.406250 
