0.515402 
0.635903 
0.252358 
0.371944 
0.631899 
0.393993 
0.445637 
0.232259 
0.500830 
0.420032 
0.515420 
0.345486 
0.207076 
0.591301 
0.378901 
0.155642 
0.270179 
0.467344 
0.468030 
0.437261 
0.540262 
0.549826 
0.358548 
0.340060 
0.643273 
0.341639 
0.467369 
0.417293 
0.548866 
0.516685 
0.247865 
0.207098 
0.486885 
0.377633 
0.291484 
0.643046 
0.341131 
0.576570 
0.388639 
0.443098 
0.606189 
0.393518 
0.632128 
0.552007 
0.627122 
0.211829 
0.459573 
0.290492 
0.182378 
0.733965 
