0.773305 
0.954182 
0.573859 
0.850678 
1.231501 
0.620080 
0.727993 
0.789775 
0.925700 
0.663436 
1.191883 
0.900486 
0.491963 
1.632757 
0.992993 
0.541751 
0.554708 
1.054981 
1.011011 
0.928656 
1.062094 
1.462109 
0.707327 
0.942199 
0.929133 
0.853873 
1.349599 
1.004029 
1.054734 
0.804712 
0.507315 
0.460405 
1.046453 
0.709457 
0.766509 
0.908679 
0.677975 
0.993974 
0.817342 
1.032161 
1.028041 
1.204959 
1.064236 
1.225060 
0.875413 
0.607451 
0.789845 
0.590438 
0.458232 
0.969295 
