0.789282 
0.745626 
0.321490 
0.436033 
0.983755 
0.495444 
0.827116 
0.615451 
0.638571 
0.522471 
0.992442 
0.375887 
0.460672 
0.757833 
0.378980 
0.421112 
0.354922 
0.553965 
0.446161 
0.811606 
0.859117 
1.132533 
0.406430 
0.608182 
0.925812 
0.368491 
0.490264 
0.588904 
0.762863 
0.517133 
0.527249 
0.413540 
0.411158 
0.624879 
0.410202 
0.713818 
0.386679 
0.715636 
0.597974 
0.360596 
0.834722 
0.451023 
0.922324 
1.287067 
0.820444 
0.285479 
0.553140 
0.820385 
0.347638 
0.747895 
