19724.886719 6686.719238 10465.213867 5847.795410 81867.429688 
27795.634766 18249.351562 9495.640625 9554.502930 126941.265625 
19412.130859 17972.996094 7974.245117 3630.005127 105932.093750 
17899.386719 9952.347656 7946.894531 3699.230225 128588.468750 
18903.556641 14494.596680 4433.483887 2951.808838 152931.078125 
20429.636719 14999.241211 11199.663086 3706.440430 104098.429688 
29677.916016 15871.262695 12054.398438 3810.880127 103804.804688 
12754.218750 13088.672852 4924.270996 2194.906006 95741.164062 
31539.990234 14295.964844 7320.084961 3873.087402 110270.835938 
22360.224609 22851.607422 7271.077637 7148.464355 169982.125000 
13928.881836 12519.449219 5236.549316 3140.204590 114336.273438 
22271.107422 15631.428711 6733.847168 3654.943359 111500.476562 
13539.069336 8066.585449 3218.156006 2693.356689 84465.601562 
18667.382812 11371.601562 6880.606934 6052.957031 127065.093750 
30419.164062 21419.605469 6151.501953 5490.535156 126366.734375 
19336.822266 12666.590820 7055.559082 2650.569092 98358.437500 
17053.392578 9161.171875 15196.538086 2903.440430 83464.210938 
26929.814453 20180.986328 8161.039062 4244.536621 136339.250000 
28483.902344 15921.376953 9142.325195 4043.116699 133215.125000 
20944.527344 11109.375977 15255.348633 4947.069824 92363.406250 
29737.828125 17045.478516 6939.247559 3277.132812 107412.617188 
35300.101562 14612.333008 7344.136230 3676.524902 119625.781250 
17312.410156 17108.033203 10321.635742 1572.226440 104561.421875 
17192.609375 10011.474609 6376.755859 3201.031250 93021.664062 
24551.097656 19082.380859 18092.109375 3629.617188 127588.296875 
12601.061523 12119.498047 5089.559570 3556.222412 95861.460938 
29797.341797 10563.561523 7392.365723 3083.010010 107358.257812 
22738.970703 14053.898438 6992.435059 3117.267578 111710.882812 
17887.695312 9684.250977 9527.883789 4928.824707 87822.039062 
16624.517578 8630.060547 6198.682617 4466.068848 97657.203125 
16478.570312 7467.168457 4349.797363 2660.741699 107052.039062 
36165.546875 21304.929688 12905.507812 5410.557129 129319.492188 
16127.653320 7275.366699 3974.015381 3078.500977 95121.117188 
22548.283203 13118.633789 15018.273438 5316.215820 147634.875000 
26873.888672 18086.158203 11300.623047 4833.585938 155195.546875 
18504.945312 11794.474609 7275.188477 5762.685547 141615.203125 
17048.175781 17388.662109 9271.103516 4684.460938 119114.382812 
20241.041016 11074.710938 9946.858398 4840.508301 112084.453125 
20262.246094 17680.091797 6925.647461 3652.336914 90265.679688 
13704.911133 9397.493164 9070.144531 2767.212646 95665.898438 
24884.089844 17174.935547 18441.998047 2857.167969 97999.796875 
17334.476562 11865.028320 7349.192871 3656.233154 128355.960938 
20046.574219 15788.360352 6359.263184 6438.525879 132583.500000 
26127.021484 11885.517578 7613.742188 2919.694580 89307.546875 
26837.029297 11140.729492 10796.422852 3169.807617 108765.437500 
23996.003906 8779.039062 7757.299316 3317.802490 79875.078125 
24375.220703 18711.765625 9928.507812 4869.375000 138377.671875 
35130.523438 17737.421875 7089.259277 3250.487549 111287.210938 
21819.783203 9320.886719 10884.015625 3326.391113 110968.890625 
21272.794922 12781.121094 7042.928711 4475.309082 120432.234375 
