73.821136 49.684891 45.817375 47.621670 51.177250 0.000000 
74.550598 73.999161 67.099915 72.645973 50.877594 0.027976 
74.566277 56.095032 50.426800 69.334770 53.534344 0.027976 
69.396065 42.802269 51.604736 50.172325 49.367256 0.027976 
76.298447 49.092709 51.006577 54.247532 49.656086 0.027976 
59.754440 47.725086 52.128033 57.258358 42.580357 0.000000 
70.230545 51.658852 56.060127 56.307388 56.545628 0.027976 
76.408371 60.257744 54.673004 58.593651 53.671989 0.000000 
66.195183 53.911674 50.504093 46.922520 49.110897 0.034264 
71.431572 59.055111 52.156235 57.164413 50.291008 0.000000 
77.700989 55.451633 56.155262 54.283283 48.741623 0.019782 
78.664612 55.832020 57.735882 71.151390 53.410358 0.000000 
75.768417 61.835667 64.558556 64.274506 52.077038 0.000000 
70.488892 51.138020 48.514042 49.850582 52.185226 0.000000 
75.270416 54.554459 49.116798 46.651478 54.533703 0.034264 
71.832863 64.238274 52.650276 61.255222 56.472836 0.027976 
69.778152 61.939449 60.374596 61.705021 51.380192 0.034264 
76.616058 63.954037 71.827965 70.750870 58.514313 0.000000 
64.100838 47.246979 54.350662 53.821304 46.702507 0.019782 
78.560356 57.896500 62.390213 59.705044 44.095501 0.000000 
76.119339 62.268661 60.634354 69.649231 44.902309 0.000000 
70.281326 61.105370 50.950668 51.181950 48.581402 0.000000 
71.821640 48.081280 55.522308 51.514748 39.441494 0.000000 
65.490639 51.078140 55.853157 50.631557 48.936573 0.019782 
73.917801 64.569687 56.138866 64.564346 59.527790 0.019782 
76.461235 63.884178 65.460999 65.840065 54.607952 0.000000 
70.201790 48.516895 51.718510 57.571552 52.103565 0.000000 
78.474960 61.130165 62.827938 62.889290 50.488636 0.000000 
77.263168 66.264702 74.013908 71.958191 46.427444 0.039565 
70.108810 55.834019 56.097973 57.564297 48.463123 0.034264 
80.764420 67.096077 69.821503 59.271545 50.314850 0.000000 
71.508774 60.494087 71.427414 62.987522 50.792778 0.000000 
76.024956 55.336197 60.391476 64.497803 54.155926 0.000000 
76.457108 63.823368 72.778740 69.960251 44.975967 0.000000 
69.393257 55.563660 62.719830 61.363960 42.248425 0.000000 
68.199699 48.492321 52.340153 60.564842 43.548492 0.000000 
81.599892 73.464310 75.357056 73.340523 48.885933 0.000000 
73.951668 61.974838 60.119678 51.341999 47.917389 0.019782 
70.771240 45.327805 60.387619 56.703262 50.161591 0.000000 
67.117706 52.792862 52.255505 46.053944 45.535419 0.000000 
71.754257 61.960419 64.669975 67.152977 54.159931 0.019782 
76.044556 59.202610 61.288994 54.614117 47.345974 0.000000 
75.144714 64.399185 53.715946 58.786068 52.887608 0.000000 
67.073784 52.459595 58.636410 63.250637 40.743164 0.000000 
71.069778 52.069313 48.065331 50.049614 45.205414 0.000000 
77.309807 65.415543 56.862316 56.346767 57.945820 0.000000 
69.571777 49.971684 56.610611 54.231800 50.045292 0.000000 
73.529617 58.491825 69.866821 66.954796 46.083344 0.000000 
71.175430 52.681305 55.571507 48.280865 52.422726 0.019782 
63.583683 49.521671 51.699215 48.903477 51.262646 0.000000 
