0.064591 0.000217 0.000221 0.000376 0.000542 
11.398903 0.008133 0.002081 0.001370 0.001196 
79.610016 0.093982 0.004577 0.003029 0.001852 
286.236694 3.695505 0.017081 0.005085 0.003263 
224.239899 7.751473 0.042701 0.010654 0.005171 
237.765106 103.532028 0.846138 0.015277 0.006162 
113.668945 220.056198 149.171539 2.187554 0.017680 
89.441429 116.333931 136.682877 15.157999 0.071744 
116.086456 134.515137 137.768799 90.005005 1.870481 
6.878365 30.329748 35.609528 36.211555 120.509628 
46.946274 41.879509 46.020306 70.219498 53.171425 
68.305908 23.122042 27.115335 30.096443 139.921310 
71.114998 1.088748 3.799606 3.687099 466.693512 
39.883621 1.637522 1.281852 0.105083 531.277466 
97.478432 23.950699 14.676932 10.124313 473.586761 
86.745338 11.237437 18.628378 11.783393 990.306091 
80.843071 1.063096 2.502928 0.885081 1236.451172 
65.437576 8.036469 12.045110 12.797762 1234.961670 
342.060059 42.931805 7.105223 0.805777 1733.846313 
153.123199 3.101080 0.920774 0.996771 1629.884644 
138.690933 16.077784 2.743393 0.112681 1935.580688 
412.388245 32.088974 10.398394 8.501753 3247.011230 
202.700867 30.699589 20.061083 0.608002 2629.866455 
329.731903 21.066578 0.528841 0.458933 3733.179932 
218.693176 32.454960 2.414556 0.673894 3314.014893 
179.071442 64.034004 12.913286 12.862248 4141.009766 
232.245361 68.433624 5.557580 10.104416 5791.891602 
136.137573 68.747154 29.422039 40.220474 5918.475098 
260.173492 81.895149 46.839264 27.868635 7419.596191 
222.136765 87.377571 120.191849 292.081024 3075.560547 
167.078415 65.005302 48.072006 18.944975 13790.333984 
187.608170 74.651505 24.855965 20.458622 19466.164062 
222.056290 125.960236 80.822136 49.214520 30086.812500 
317.378784 123.979965 111.330032 92.107300 26606.998047 
386.718933 295.591156 280.396912 229.106171 33814.898438 
2134.969971 1214.960083 982.690002 703.000671 90706.757812 
4513.725586 4108.313965 4058.118164 3924.502197 94114.507812 
9531.069336 8818.043945 8320.929688 13223.883789 98152.960938 
4569.839355 3433.287842 3265.776367 3112.870605 85145.328125 
14470.434570 14918.395508 15711.640625 17539.732422 187696.859375 
1717.255737 1217.097778 1234.475098 904.917236 57238.714844 
2920.202881 2333.801025 2549.305664 1477.454590 96000.750000 
2421.608154 1760.738525 1864.161255 1213.959839 98892.593750 
912.619263 560.145325 620.687805 480.540771 63079.285156 
488.716949 259.344116 227.142456 159.562622 50025.941406 
405.245056 203.478973 130.948837 76.653984 36909.765625 
277.096039 190.931793 157.381287 148.266602 36996.746094 
273.072601 142.650970 105.086349 73.243614 44535.207031 
234.626099 165.815109 118.290291 91.757286 27999.972656 
190.808716 90.743896 73.378593 42.762562 20565.160156 
339.834778 142.708054 104.005508 70.313698 24308.947266 
305.458374 125.699638 74.697731 57.605278 28284.808594 
243.016861 102.332359 58.278450 33.930527 24475.808594 
295.807220 118.700119 52.516972 24.964340 16942.783203 
258.230499 128.417252 116.517288 70.142685 24170.955078 
267.765411 89.575035 53.236263 58.039074 22924.199219 
233.306503 103.189537 65.410965 69.979729 35852.050781 
274.998291 138.061218 128.895966 70.879440 24544.962891 
215.579391 88.953201 52.488483 50.680084 24644.318359 
230.607117 117.980049 84.835487 68.434380 38571.160156 
249.452469 113.143150 97.312500 64.282494 43635.140625 
204.925552 126.220886 68.341934 68.584297 17903.033203 
292.705719 144.222382 136.715088 103.089912 45525.695312 
285.089783 176.551559 132.266830 121.557076 39510.644531 
262.526917 139.756668 77.260498 100.401344 42830.238281 
316.747375 283.358307 241.632019 610.654968 65848.226562 
456.400635 187.228531 148.890778 90.414764 44780.742188 
385.844208 213.425705 161.975662 201.988770 51920.109375 
428.115265 256.740662 182.072556 158.053925 53143.277344 
381.060883 266.561951 177.942276 149.285400 41808.972656 
425.835815 228.064423 203.900848 176.828217 50562.828125 
1130.759155 607.331421 568.788513 519.473328 104231.539062 
599.383911 347.168396 297.717896 275.226715 52283.867188 
840.827454 505.939178 575.569763 623.780762 68370.406250 
1014.263245 703.280090 702.972168 613.037659 85602.687500 
1828.687866 1327.156372 1190.087891 1081.601562 81494.585938 
1770.969971 1208.526123 1155.072021 1060.217529 88590.031250 
1725.209106 1397.480347 1223.407471 888.525757 76880.593750 
1163.732666 811.326233 725.122925 541.078552 50244.175781 
3534.630615 2604.969971 3153.873291 2412.911133 101410.781250 
1615.018311 1315.500244 1444.326782 1558.868530 87171.640625 
12197.493164 12523.604492 15716.725586 12702.879883 181646.859375 
1648.846558 1063.797852 1158.593872 922.282593 88672.492188 
3026.776611 2095.618652 1713.793701 1622.440796 95702.093750 
3282.290283 2495.234375 2318.842285 2379.624023 101811.593750 
7916.221680 6591.593262 6862.286621 6070.532227 112510.984375 
16267.862305 11932.385742 14793.879883 14042.163086 226027.984375 
3652.515381 3185.777832 3198.834473 2720.270752 80892.609375 
7005.985840 4999.118652 5745.477539 4343.583496 149035.609375 
4392.228027 3372.157715 3784.666748 3500.963623 160193.609375 
2304.289795 1457.062012 1939.414185 1352.754517 124010.476562 
1318.180176 770.006409 665.065796 513.423706 87216.898438 
1185.026489 696.809326 693.880127 562.330688 57359.144531 
955.070007 656.152222 550.304077 423.484589 64429.972656 
1570.313232 1064.027954 1459.489868 1206.649536 205555.453125 
1300.900391 790.338806 675.855103 658.856445 146185.265625 
730.711182 434.550262 330.435791 317.300385 72893.210938 
679.633179 509.693512 432.859070 436.402679 54505.492188 
396.666229 219.661118 161.514282 133.354874 35346.261719 
627.544678 270.692017 219.798553 153.290375 69579.304688 
1337.868530 789.353516 558.993347 578.783264 108951.468750 
715.757751 414.575989 367.108948 278.488190 71294.914062 
724.893127 499.331390 368.600769 392.454437 65680.093750 
549.846375 396.834137 373.097748 275.725494 55148.425781 
783.889893 526.178345 517.185425 575.499878 78973.093750 
1149.962036 671.323425 689.891846 775.609680 82961.351562 
914.043274 593.804138 481.243195 486.607056 74359.656250 
1093.131470 729.736938 724.861694 556.739990 85308.671875 
752.638672 443.542297 456.153564 443.366608 76709.914062 
2077.007568 1277.447021 1226.459473 1224.278564 102938.304688 
1295.251709 803.159851 807.478088 767.384521 94687.765625 
777.613770 458.195129 422.428070 332.571533 61991.523438 
2742.613525 1915.689087 2346.876953 1959.617798 198695.750000 
891.667908 548.489685 526.088806 372.238434 91680.843750 
1389.992920 1022.481995 1444.741943 1180.600220 58838.187500 
948.547119 549.837708 429.004242 352.785583 63494.324219 
1374.422729 868.918091 823.097107 649.537048 88835.453125 
725.408081 453.907745 297.262573 269.885315 58926.339844 
381.036896 206.719894 204.848862 172.627701 49863.171875 
621.726685 412.704895 336.304749 381.078522 59301.070312 
1191.342529 828.013550 735.239685 546.020203 90672.148438 
788.047607 572.912842 546.010803 317.712769 97295.367188 
699.355042 500.643524 417.412262 324.471008 66245.031250 
805.346741 511.613861 367.835693 338.299072 74938.242188 
588.249756 364.605072 322.196014 297.752319 56381.437500 
727.413757 470.929688 402.738373 296.047150 65131.476562 
583.898071 367.660614 322.291077 345.201019 46983.023438 
565.259155 330.514557 200.550537 203.284836 44154.941406 
788.188293 438.980133 393.856781 341.748993 55993.179688 
675.323669 425.343964 749.186157 926.428650 60790.679688 
1558.196899 1014.686218 1041.716064 1023.628723 132130.171875 
1248.116089 803.341431 616.516663 815.589478 101194.742188 
1278.053467 799.450928 708.500977 522.821228 87515.937500 
1164.696045 649.200317 549.173828 647.105530 79005.203125 
1245.004517 824.470276 617.215332 740.575806 116369.679688 
1505.829224 991.990479 849.335205 1206.528198 77760.335938 
2017.739746 1403.264648 1417.963013 1384.638306 86541.578125 
1032.342651 703.630737 574.730469 422.286621 58541.789062 
1181.510498 715.308655 696.416870 693.417236 56494.964844 
2652.480713 2023.475586 2226.653564 2153.515869 40041.710938 
1380.651001 838.228088 854.664978 752.168884 73799.835938 
902.074890 561.632019 516.237549 489.265991 57877.828125 
1617.824585 990.362671 931.625977 675.430603 87794.859375 
1246.790039 795.509338 871.489685 763.377441 72674.390625 
2272.020020 1676.892212 1400.566040 1302.937744 118507.640625 
835.239319 490.357208 395.425964 331.351807 51929.394531 
647.428589 400.538727 400.924286 317.056824 47625.601562 
577.080933 398.855408 319.382324 211.820663 55136.523438 
1026.764771 682.676758 771.497559 607.723572 83045.351562 
676.158691 426.989288 368.470856 441.899994 47127.484375 
1593.886475 984.619141 808.992676 850.763489 118962.281250 
1036.683838 639.063965 648.104919 471.286957 105221.632812 
1219.209717 792.392395 740.374695 712.287598 119839.132812 
597.453491 388.827667 297.545715 256.005493 51601.777344 
1032.285034 656.544617 606.027161 511.233612 88449.078125 
772.076782 522.452820 431.747711 402.849823 55556.644531 
504.184204 274.972107 228.149719 302.957947 50679.843750 
909.750671 577.920837 553.818726 501.080383 69730.226562 
1184.217163 815.152527 751.591675 619.421387 77269.781250 
3006.439941 2273.787598 1971.313354 1737.636841 140883.875000 
2411.758789 1724.963867 2001.113770 1547.674683 104266.812500 
1434.452393 869.623047 831.450378 614.632019 76691.289062 
1360.758911 940.276794 975.969788 770.006592 101436.320312 
1262.926514 820.186401 730.734802 855.296875 63174.945312 
1035.016235 701.152771 690.320557 527.651794 71038.125000 
2011.303345 1350.454834 1287.704590 1416.508545 112836.375000 
1730.865845 1278.310181 1317.664185 1270.732544 93026.976562 
946.511963 630.708008 702.960327 517.032227 68094.226562 
615.208008 413.478912 388.764038 382.414825 43245.652344 
1020.401367 652.307251 560.842529 473.393860 70088.343750 
668.830505 514.313782 349.412933 233.369492 50321.445312 
494.840912 315.430267 289.428894 290.804321 44237.832031 
304.697998 182.891312 114.644890 90.427605 20237.058594 
386.322662 211.731094 197.489227 244.110107 37349.527344 
925.684631 568.668152 459.230774 429.208984 78464.085938 
622.990234 435.449860 403.863892 469.446411 62112.929688 
582.094666 443.497803 394.977722 427.773895 54628.500000 
444.029449 232.021423 204.733475 182.995422 37795.683594 
483.771332 323.114136 304.782104 285.716766 40995.523438 
527.041199 356.182037 339.328369 390.948395 45679.472656 
1073.664917 790.019531 822.991272 678.377319 88513.984375 
1379.116943 942.959717 876.346130 944.580811 84872.414062 
1028.691406 706.670410 671.349609 415.498535 50817.710938 
740.462646 473.854187 540.438538 343.148468 56896.109375 
826.689270 518.896179 533.233215 519.145691 53326.328125 
2288.128662 1695.523560 1677.766479 1568.345337 130607.812500 
891.652344 603.758484 608.730469 518.389282 49330.437500 
839.904175 660.268616 513.800598 552.514221 41854.226562 
1006.759827 655.841064 719.594788 832.087708 44406.019531 
2249.961670 1856.868774 1827.862549 1605.980347 95988.757812 
1534.749634 1092.297119 1203.983643 889.858032 53968.878906 
1596.969849 1157.656616 1447.233765 916.050903 70056.578125 
1154.590088 740.349976 526.583801 392.681793 52880.832031 
4728.526367 3843.127441 3955.880371 2801.286865 122204.757812 
3463.377197 2450.401123 2719.275391 2175.024170 86500.109375 
4248.168945 3862.041016 4191.824707 3155.446289 118282.945312 
3062.714600 2114.081543 2132.311523 2045.338745 89252.710938 
1233.903687 820.707092 777.297546 687.408875 80874.664062 
4539.326660 3429.419434 3781.940918 3353.896729 147698.015625 
1451.260742 923.447754 998.354858 752.750244 110247.710938 
840.591370 564.678223 500.494080 384.709320 41278.570312 
1174.655762 781.851868 750.643982 611.490784 46152.550781 
841.258911 507.519104 468.210571 462.855225 48417.539062 
1072.655151 695.377625 572.812622 639.744568 51832.871094 
913.073730 565.231262 521.071045 565.486145 58121.824219 
1404.727173 945.942383 854.053833 649.065063 68762.804688 
2269.751709 1789.071167 1809.801636 2086.225342 100084.375000 
1080.327026 741.665588 651.563965 533.957764 46136.156250 
1276.416992 925.060425 942.558350 593.205322 101603.914062 
1571.396729 1066.811890 1221.201782 961.471069 122327.132812 
996.003845 628.682983 460.040771 411.389374 74513.351562 
1939.535156 1369.347778 1242.133911 768.367371 101088.796875 
497.333099 270.392151 254.400024 222.658875 33982.281250 
580.100342 330.004547 333.986542 390.281311 58993.371094 
617.085571 439.737366 364.225189 371.066650 80148.703125 
779.997253 548.747192 376.938416 290.575775 92242.671875 
1082.869263 636.317200 525.778198 519.871216 101309.210938 
766.737488 484.625336 404.910461 304.140381 70702.062500 
886.997742 590.951294 528.887817 395.159760 108092.273438 
968.986145 569.659058 556.102478 564.124023 92134.093750 
1016.976196 663.217102 644.328918 546.227844 99957.382812 
822.545837 662.952393 438.388824 467.391296 72348.312500 
823.582214 562.770996 429.753204 409.766846 88002.757812 
638.661682 455.192841 369.213745 312.969238 59696.531250 
908.581787 502.342072 486.835297 424.978760 97076.304688 
530.390137 315.645020 263.042786 202.070999 42370.765625 
723.361450 462.012848 433.319977 334.040436 73730.062500 
1619.402344 1113.424194 1047.908447 718.009216 113667.523438 
963.475159 676.089844 575.620239 417.472656 82163.812500 
1031.307373 694.599365 677.187805 588.637451 128107.781250 
1242.647217 854.647705 716.062073 676.176880 82240.773438 
1285.204102 716.457520 676.199890 426.362061 146962.437500 
609.339294 355.888275 228.452988 190.862961 81326.429688 
921.159241 457.647369 375.506744 343.581360 88446.578125 
716.144653 412.870453 356.914948 546.175415 54910.886719 
667.234497 418.032104 349.412384 322.755493 66247.765625 
1241.034302 752.998962 730.702698 581.808838 93396.757812 
1781.175903 1100.060059 944.122925 709.815369 115134.921875 
1482.991211 790.047119 813.772644 755.985229 116334.289062 
1029.067993 691.671692 549.057495 446.767639 65481.136719 
875.742188 618.898926 520.424194 529.001465 70198.734375 
827.701599 484.189850 394.364838 320.568634 80608.562500 
1295.833862 859.425537 819.343140 701.143005 94951.757812 
552.621094 380.518066 268.773010 404.813965 55852.632812 
1167.492798 929.107788 693.591980 760.234436 84012.617188 
1180.390503 807.129089 674.882751 492.474609 109556.148438 
1392.165771 926.196411 809.352966 755.574280 104988.734375 
645.930298 390.460999 449.190094 303.644958 62441.480469 
959.594666 667.234619 708.229797 768.662659 67590.335938 
612.277405 328.361115 287.313385 165.292694 66802.453125 
571.095947 393.091309 553.208923 358.449554 53694.484375 
815.053650 556.902649 442.249786 292.579834 88969.210938 
929.367737 598.937988 560.984375 486.419006 85934.578125 
536.817993 366.098389 320.154053 353.293762 67055.507812 
481.955017 353.275543 306.979156 316.520569 64574.250000 
422.181366 228.875198 212.377808 184.210480 50140.054688 
524.429138 363.261108 324.436523 247.036377 50884.332031 
1013.322632 545.832458 515.273865 466.458344 123648.406250 
809.565857 544.812927 467.112640 348.587219 90310.468750 
283.736328 184.939514 148.881470 196.708420 31666.365234 
469.714569 254.124542 256.840973 201.030945 44130.523438 
651.363037 385.147369 346.490448 265.811676 67342.562500 
650.869202 408.555084 397.631165 399.955078 95067.625000 
1090.741699 688.061523 753.126648 614.337036 90183.250000 
568.908691 427.650177 549.529053 600.381226 60097.000000 
636.730530 441.549469 302.940369 281.386292 41059.710938 
854.326782 583.002258 528.815491 463.210907 92637.617188 
1412.142944 1014.470642 1063.897339 1005.837708 82683.539062 
900.240662 586.056824 466.517334 401.229950 46967.917969 
998.245544 661.117554 608.923767 526.158203 54022.289062 
2537.993896 1731.551147 1919.687622 2136.816162 116424.007812 
835.973511 510.648132 411.128448 375.759308 60605.394531 
1394.386719 1084.351196 894.651550 790.649902 87600.046875 
950.215149 669.690857 606.887207 526.265503 54569.589844 
625.639099 447.489899 326.655457 338.035431 46807.015625 
1171.490479 911.040222 775.956787 770.016052 90143.687500 
603.332886 410.024353 395.793427 293.034485 47353.953125 
502.142609 259.316650 196.657928 151.543976 42554.628906 
727.581482 491.859589 526.666931 353.287445 66417.148438 
546.098572 333.704132 390.996307 358.146576 52009.867188 
1173.298462 745.202393 763.606140 706.780945 103086.539062 
572.525879 370.449341 413.828827 403.707977 71600.539062 
842.912354 621.473511 460.620636 450.779694 92515.945312 
696.113708 391.782532 374.156006 316.805603 73898.679688 
395.331085 244.601624 202.425232 184.625870 49159.980469 
821.226013 501.878937 464.097198 572.033203 87410.343750 
395.333374 283.207825 248.440079 295.176208 51374.015625 
840.195496 494.185425 430.721130 323.999451 63032.484375 
1465.914429 1089.386475 973.318665 962.746582 117186.578125 
594.148499 398.041718 316.387909 283.618744 47130.503906 
955.905212 585.919861 685.314392 560.137634 87630.562500 
1009.588684 760.003052 768.783508 855.275635 99377.750000 
507.015381 311.200134 327.796814 395.165222 62337.621094 
1172.729858 693.870361 709.939148 451.517914 152910.906250 
493.927917 364.466034 334.110870 579.882202 49932.492188 
632.425781 401.493317 353.010742 305.681641 90109.460938 
400.793304 269.633575 246.991318 294.437500 54705.796875 
430.693512 260.414917 226.402588 246.915222 69647.187500 
410.763977 215.212631 163.478577 165.243713 42562.335938 
820.032166 586.110046 605.696045 817.663269 110370.390625 
440.586578 273.288269 277.613190 241.279388 42598.820312 
836.607361 596.023926 596.265076 529.888184 114727.289062 
496.650879 256.116699 261.903076 223.458267 48936.289062 
855.593994 521.958862 515.004944 472.053711 86007.109375 
1103.321655 736.285767 775.308289 710.021790 96187.281250 
688.251465 434.388763 394.279419 431.045258 66520.656250 
1725.918091 1314.646973 1379.665161 901.414124 107288.296875 
1833.406372 1394.890137 1799.222900 1539.091919 156117.140625 
1563.881958 1104.932739 1007.841980 1016.409119 86268.570312 
1412.435425 999.403381 848.544617 736.306458 99397.304688 
685.514771 471.768982 570.536316 534.858093 54821.046875 
1476.211182 1181.250732 1125.751709 882.874023 72651.171875 
2098.639648 1745.770996 2060.042969 1873.327393 95309.718750 
1099.704468 721.050781 691.227051 553.246399 50627.257812 
2139.078369 1611.995361 1573.375244 1239.283081 98136.328125 
3217.865723 3393.940186 3037.982178 2512.277832 102081.226562 
2053.863037 1263.516602 1343.807617 1059.203735 99973.859375 
2694.535156 1888.126343 2019.436157 1846.702637 91358.515625 
3084.022705 2118.568359 1661.455566 1851.309937 106736.148438 
904.241577 541.286987 593.866150 358.561584 49312.750000 
3165.297607 2329.679199 2644.467285 1821.711670 108865.296875 
792.268921 482.160309 383.843201 353.460266 57527.593750 
737.189697 507.941071 459.884491 493.940033 55886.761719 
1074.877686 810.145508 928.627197 1005.679626 104989.328125 
743.962219 525.899963 435.198822 395.333893 82842.992188 
645.975281 571.529053 488.330109 492.116730 95463.742188 
439.274719 262.237488 239.328491 214.052872 54042.785156 
577.729187 381.323181 426.809662 463.524170 71283.945312 
480.811218 259.371124 270.963898 309.205688 55583.695312 
334.902466 225.162415 229.245026 146.883560 35777.437500 
763.506042 518.364502 443.543671 560.397156 54242.832031 
341.884247 355.562500 356.149780 344.983032 36734.878906 
427.650269 256.256226 186.924057 174.023407 43813.761719 
491.853241 297.549866 299.826416 246.475174 48401.328125 
943.877747 669.355408 764.461182 644.679749 74630.796875 
725.883850 464.466583 419.407104 387.755249 57965.765625 
784.904297 521.368042 415.355011 293.362122 94415.523438 
1871.713257 1347.223511 1364.310181 1187.363770 123259.859375 
770.656555 591.366211 594.796143 553.293091 48391.359375 
2904.306885 2224.530029 2242.746094 1708.008545 125111.945312 
964.369080 616.507324 738.612549 1137.470215 55083.464844 
1207.011963 1083.190430 1064.494629 879.085693 94250.164062 
1813.075073 1505.542114 1483.394287 1149.652100 63288.718750 
1772.749756 1373.372192 1551.177734 1041.071533 92036.257812 
1570.985718 1325.266724 1517.630981 1231.405029 53363.906250 
5521.193359 4460.517090 4908.019531 4087.520996 165648.359375 
2637.351562 2384.581543 2258.843750 2335.820801 101753.914062 
1019.907532 682.323669 534.244324 650.346191 62100.531250 
842.653015 708.171509 618.246216 454.050385 52663.371094 
838.335144 591.824097 558.161011 552.891052 103894.335938 
859.165833 624.858093 758.506897 689.551636 89998.953125 
328.151917 211.606796 187.491821 223.015610 25954.445312 
446.847076 445.842804 424.263062 449.708008 62217.902344 
320.037323 237.639389 174.559357 173.464172 32134.052734 
352.227142 216.769165 196.141235 154.947021 50056.359375 
324.251923 184.331757 141.653625 122.346222 45521.722656 
186.868591 119.085518 125.373528 141.011261 30619.404297 
237.751465 178.334305 143.598755 121.758110 43037.648438 
284.173370 191.970520 139.287567 148.152939 39228.375000 
278.578033 167.881500 114.072876 86.587059 38501.179688 
257.811371 207.183426 217.648590 135.891373 29204.539062 
385.759766 370.774963 509.599304 368.283356 67420.257812 
359.690186 202.287888 182.273819 200.507324 34208.238281 
281.893311 220.192963 232.270355 165.518677 28128.273438 
336.356659 332.763062 335.464325 206.004929 35154.171875 
371.002197 283.668213 267.410583 281.884521 45996.144531 
345.411469 271.954132 235.213013 199.776093 27577.291016 
598.528564 426.707703 395.716339 397.501312 58896.683594 
1242.411377 1071.949707 977.219543 1129.112671 69006.406250 
960.080322 734.040771 742.299133 525.635986 66456.476562 
2536.342041 1848.159302 1897.095581 1847.128906 143633.671875 
1428.565063 1078.774048 899.076111 590.860046 78300.703125 
1373.502808 1017.793518 909.357056 958.635742 69496.757812 
1674.326660 1479.998535 1290.070312 1237.586304 173544.000000 
658.646179 567.397095 545.998962 967.066589 39128.578125 
1598.354614 1232.069092 1459.096680 1113.834351 76801.781250 
2277.119629 1864.253784 1999.965454 2094.988525 109209.109375 
932.314331 728.578308 679.297180 497.897369 50245.082031 
2989.451416 2513.496582 2126.509033 1686.113525 112565.679688 
2330.219482 1954.399536 2373.961914 2283.454346 108900.000000 
882.119873 629.333557 612.339111 549.373962 47603.363281 
2638.241455 1978.322388 2676.833984 2130.791260 98872.515625 
1315.117798 951.622131 1046.919800 774.701172 70300.343750 
2328.429932 1695.013672 1639.917847 1467.223633 93536.781250 
2436.175537 1863.060547 2068.201660 2013.592041 129898.781250 
1282.486206 926.066406 1017.219055 779.230225 58846.558594 
1170.910522 952.841675 1106.000854 928.169434 80531.500000 
1641.787231 1410.972656 1435.172241 1094.958496 59743.968750 
4622.221680 3918.208252 3976.508057 4223.256348 152726.281250 
1379.762085 1237.082275 1611.318481 1983.416138 59251.058594 
1409.897339 1180.124512 1342.187134 897.888306 100574.765625 
1664.621582 1549.360718 1735.589233 1667.571899 101887.539062 
725.265686 496.378296 468.596222 322.512726 63476.132812 
1775.308960 1463.895508 1551.016479 1190.179443 97438.609375 
821.224731 655.935913 942.414734 719.183289 70510.265625 
1189.646240 790.779419 772.011169 1066.741089 76784.179688 
2120.216309 1547.613403 1706.083862 1425.836548 92452.500000 
1470.516724 1091.461182 908.242371 689.149048 89830.687500 
2150.015381 1769.053955 2362.807617 1618.061890 113335.335938 
1278.692139 978.857666 1245.719116 1064.747803 73866.593750 
1100.647339 977.288391 1012.701721 1121.114746 74367.328125 
1860.623169 1509.995239 1255.645020 1147.323853 69530.000000 
1053.619629 740.936279 633.030212 580.836060 49302.515625 
2467.192871 1863.019775 2211.897461 1714.340454 98998.796875 
1143.062500 824.219604 916.591309 572.390137 39996.656250 
2248.096924 1694.471191 1522.126099 1739.328125 77236.125000 
2679.171387 2264.673340 2580.660156 2261.875000 74302.562500 
3649.719238 3258.610352 3191.366699 3148.419922 82467.140625 
7199.585449 6425.070801 6065.187012 6394.200684 162008.906250 
3600.180420 3319.116943 3166.750977 3231.542725 137096.140625 
2082.098145 1354.100464 1393.644409 1147.113037 61443.484375 
1698.828125 1203.378540 1317.144409 1418.482178 47243.531250 
2191.363037 1769.991089 1820.279785 1233.876587 67803.929688 
6665.965332 6012.997070 6613.803711 6601.075195 136511.796875 
3324.453369 2572.534668 2916.580078 1954.881592 142054.312500 
806.146484 602.160706 535.613159 379.109985 47870.144531 
1183.619995 978.126770 1074.022949 675.838135 89661.023438 
913.109924 796.770508 1213.387329 1384.975830 61812.289062 
557.869507 324.839203 339.061188 299.554993 60834.738281 
300.587372 198.266220 199.674957 128.787811 39252.796875 
377.228058 230.723511 241.234039 181.354904 53504.570312 
240.334183 169.018082 157.636444 245.289932 34035.347656 
210.146378 167.689926 189.101715 190.174271 35225.261719 
221.740479 204.814209 225.382629 147.701569 28133.806641 
281.806091 229.700287 200.587433 132.229309 57201.082031 
237.814316 123.450676 131.298340 70.989212 43327.457031 
320.657288 316.178894 371.684967 263.103790 41972.734375 
304.059631 418.517822 533.822327 504.625153 45008.492188 
322.202332 219.960632 204.186798 312.165558 58033.667969 
344.462463 251.300812 240.760132 222.047302 55255.906250 
384.919067 242.456787 200.386261 122.054222 61033.718750 
457.523682 362.815277 290.872437 270.535126 81229.140625 
370.403534 252.302231 308.901489 320.905029 36449.671875 
402.864594 329.954926 342.049591 440.576080 45613.562500 
627.414246 817.633301 707.872803 665.076538 65078.691406 
449.524872 388.481812 400.818756 466.031342 40847.460938 
1061.464722 788.250732 625.632324 634.956787 66917.898438 
568.896057 514.303101 383.774841 408.908630 62932.210938 
1100.028320 958.468262 847.290527 613.126587 78373.546875 
1054.031738 901.862915 994.874634 910.575256 87701.164062 
2108.269287 1743.113159 2353.149902 1576.108521 101398.070312 
1820.454956 1401.823486 1815.867676 1498.645386 76308.343750 
1763.801636 1328.290039 1536.219604 1389.468140 75812.531250 
4374.366211 3637.498291 4386.700195 3762.354248 145193.625000 
1199.223022 1185.140137 1283.994873 1307.736816 79313.929688 
2295.409668 1982.814819 1991.761353 2189.895996 142725.687500 
976.131104 809.055054 770.000977 659.867920 61217.039062 
343.240906 231.215286 227.527451 239.903168 38932.332031 
659.573120 396.091217 348.436859 472.734589 81805.617188 
270.555908 258.863312 308.404236 295.615662 37639.671875 
320.690765 604.523071 786.597351 1062.748413 58730.589844 
274.068420 204.970596 149.789001 167.480362 39596.371094 
241.196320 150.429443 150.530441 124.949547 46653.554688 
226.401962 91.385910 60.599037 50.916298 27215.519531 
203.422546 207.412292 231.815826 199.073471 22087.744141 
279.643646 295.471802 368.834656 165.799438 43390.164062 
251.363403 182.061172 132.834412 164.382767 28277.242188 
241.934067 156.043961 149.673141 101.676895 44433.925781 
281.164093 216.164246 161.259018 187.702988 59804.605469 
237.012207 133.800522 134.355179 116.088043 52690.449219 
238.725189 182.094528 194.475067 244.886581 56155.308594 
247.561890 136.466293 112.021553 91.240997 30570.310547 
283.602875 197.929230 193.752548 349.257233 72498.523438 
311.090302 351.144562 373.650818 415.033142 46872.050781 
379.597839 295.358826 267.727081 273.908020 71884.796875 
306.489624 183.601517 216.228439 226.851501 48127.031250 
584.845764 637.802734 659.110413 514.459045 82048.210938 
343.673920 231.371887 217.342438 174.152786 44688.523438 
656.312439 438.895264 427.293854 387.937927 62939.078125 
416.599701 291.188080 263.964081 263.253296 35904.218750 
822.219238 594.836426 546.645203 420.851593 60816.027344 
508.345917 382.637970 412.679810 299.227997 35244.906250 
971.621216 745.760986 775.055603 665.807312 60388.644531 
793.684631 833.806396 720.127014 899.695129 65608.460938 
679.916626 778.243835 732.352783 487.676666 85242.742188 
785.937805 492.523529 423.439209 527.502380 77070.695312 
617.774109 659.028687 639.457092 655.310486 54908.703125 
977.275024 733.802612 733.928284 495.303497 92930.007812 
595.515625 607.647766 765.727051 989.977600 40148.281250 
875.199402 589.763916 625.827271 598.313416 65186.824219 
490.817505 469.360291 448.527618 432.247131 45014.015625 
593.976440 465.288269 485.674042 392.934540 62267.359375 
1284.463745 1012.957031 1180.481201 1354.623535 91253.757812 
929.362488 837.989136 617.538757 569.508545 68239.320312 
1125.007690 968.206604 900.293701 652.939331 72148.289062 
714.934998 561.737122 634.201172 508.777863 35942.855469 
1085.273193 792.803223 689.374146 631.549927 57236.539062 
1660.999634 1216.477173 1130.621948 1234.513672 91009.218750 
1585.007812 1399.405640 1347.742554 1118.870361 63629.531250 
601.720459 396.407715 299.549835 217.060547 53471.601562 
1102.005737 746.135010 802.045410 762.660034 66205.640625 
2035.585693 1665.891235 1679.530762 1622.375000 100229.632812 
792.363403 590.990051 646.726074 611.064148 60444.265625 
1159.422974 780.968323 853.425293 864.120300 63088.964844 
941.993225 710.588379 713.885376 834.963074 100836.343750 
512.743103 316.524780 335.478241 323.426208 41735.421875 
424.973022 446.091736 374.040619 416.828644 31983.242188 
589.311707 494.886322 459.176483 352.957855 56667.753906 
349.557281 225.577530 208.400208 182.924347 45335.281250 
356.003876 218.595795 202.645294 273.965942 36257.562500 
