2.265658 
2.263950 
2.139621 
2.174801 
2.613433 
2.223628 
2.280443 
2.348861 
2.306070 
2.071601 
2.423493 
2.450097 
2.508694 
2.448299 
2.098115 
1.396531 
1.930365 
2.319140 
2.452241 
2.242864 
2.228757 
2.235689 
2.296149 
2.169726 
2.372364 
2.126672 
2.457287 
2.283066 
2.175019 
2.168227 
2.011250 
1.819181 
2.117640 
2.457408 
1.751216 
2.409095 
2.090303 
2.248127 
2.544478 
2.365472 
2.213110 
2.470495 
2.138378 
2.118402 
2.124894 
1.716626 
2.217849 
2.341269 
1.815060 
2.559914 
2.328082 
2.223221 
2.203662 
2.081140 
2.216441 
2.401499 
2.064873 
2.433680 
2.736879 
2.108938 
2.386681 
1.749448 
2.315130 
2.152427 
2.111372 
2.127348 
2.106703 
2.469787 
2.455520 
2.214274 
2.564934 
2.222755 
2.449146 
2.400824 
2.157068 
2.202179 
2.027417 
2.293545 
2.049113 
2.185923 
2.051037 
2.519985 
1.940811 
2.136589 
2.030388 
2.411689 
1.764074 
1.996386 
2.339672 
2.286505 
1.922503 
2.188617 
2.092090 
2.015642 
1.922873 
1.730045 
2.234350 
2.171045 
2.383239 
2.118255 
