21.786858 13.569447 15.487679 18.351336 0.560579 0.000000 
10.719977 5.722349 4.099496 8.814075 0.996815 0.000000 
12.288141 6.458588 5.379899 7.449665 0.559531 0.019782 
15.512751 8.059757 6.035561 6.979266 0.090654 0.000000 
16.828074 8.953943 8.418182 8.791425 0.737013 0.019782 
14.776007 5.609898 2.772481 3.142612 0.440575 0.034264 
9.986408 5.937028 4.598064 5.040223 0.734620 0.000000 
10.067163 5.634543 4.567289 6.969028 0.465202 0.019782 
9.429900 2.553360 1.764694 2.567121 0.217606 0.000000 
9.275105 5.547789 4.035170 4.194279 0.126669 0.027976 
16.440857 4.844077 4.122886 4.383293 0.269795 0.000000 
16.893986 7.928182 5.941781 7.360500 0.237388 0.019782 
15.840425 5.127245 5.645280 6.568532 0.430693 0.019782 
15.623024 7.008742 5.997538 5.387397 0.111906 0.000000 
11.583336 4.919203 3.713200 3.752019 0.819961 0.000000 
20.892466 6.667739 5.135531 8.980761 0.344350 0.019782 
14.175200 7.637715 7.296407 6.563426 0.671147 0.019782 
13.456280 8.423593 9.280993 13.082226 1.120474 0.019782 
8.354092 5.217292 5.178730 4.294137 0.150658 0.000000 
20.784504 9.158647 5.042360 5.010827 0.867053 0.000000 
