7731.157715 794.477295 486.020782 368.059235 114151.492188 
6889.503906 898.492981 525.483521 313.951477 90718.726562 
7520.907715 1119.306274 814.962280 575.399780 90851.703125 
6813.124023 980.984924 560.013245 447.110077 105825.960938 
7938.185547 1223.741821 766.819275 570.508179 105016.640625 
8255.837891 1084.296265 829.964111 643.006897 90623.304688 
6435.622070 792.082336 646.504272 441.465149 87526.703125 
7220.042480 972.345398 400.847687 433.124268 70267.757812 
9973.038086 1394.848022 668.328247 616.641052 130110.445312 
7481.581055 1091.888916 509.094116 564.515503 86446.476562 
8383.736328 1575.233032 700.102966 664.550903 113507.445312 
6305.053223 1239.835938 844.909424 963.727966 112029.328125 
7068.145996 785.497437 509.265594 312.363464 47319.234375 
6695.873047 771.710022 400.994202 300.280640 100446.960938 
8150.321289 1146.466309 934.929565 551.165710 127188.835938 
7505.318359 812.225525 464.502594 321.160797 77231.578125 
7689.956543 1339.782959 885.327393 820.305603 104208.953125 
8560.195312 1013.540405 625.421570 368.724640 139291.187500 
7428.137695 847.685120 540.181641 466.129761 92602.812500 
8236.410156 1457.212036 619.364319 503.811584 124571.296875 
