88.247459 95.808487 85.810417 91.360733 92.306175 0.000000 
94.505501 93.663498 94.645424 87.525452 87.062828 0.000000 
85.791153 87.805084 91.571350 91.338684 85.003548 0.000000 
91.872711 96.097305 94.955231 86.904900 92.189003 0.034264 
94.439064 79.170403 88.804520 91.986465 87.750015 0.000000 
93.728409 86.256607 88.795631 91.499504 82.127975 0.000000 
89.111183 84.941101 87.395683 88.565781 93.158646 0.000000 
88.103821 83.579063 89.701981 89.420700 87.843040 0.000000 
95.554329 93.589653 93.645416 92.919106 98.114090 0.019782 
85.434814 88.653587 85.894791 96.333710 91.853050 0.019782 
