1031.385864 565.144348 402.587402 345.921997 467756.062500 
1166.628052 631.298218 497.034027 387.832001 556141.500000 
1049.162231 597.800659 429.349121 318.999512 700563.562500 
968.382263 582.268799 465.797150 446.123566 586871.562500 
982.034790 532.259094 363.786530 317.331970 371509.218750 
1100.477051 627.832153 424.303345 374.036194 522436.375000 
1162.729248 653.896973 422.455811 313.433380 489761.281250 
842.015625 492.665924 360.503540 236.562332 437088.843750 
974.012878 515.352966 413.773010 303.794403 673368.375000 
956.358032 515.582520 443.397217 437.409180 549737.062500 
986.452820 586.128418 436.364197 296.810242 457843.531250 
1069.378662 658.531128 437.697968 331.778442 444483.625000 
1059.349976 633.604858 453.341125 346.692780 496463.531250 
928.917725 616.512512 370.834320 312.655060 490125.875000 
1058.851440 597.313232 464.871155 271.967224 681448.437500 
952.240417 514.095154 414.406219 288.479370 465424.593750 
1100.588379 709.442932 542.205933 337.377045 619042.312500 
1020.760376 584.271362 448.833527 300.107941 538000.875000 
1085.121460 628.130249 422.483582 314.886749 432594.687500 
1061.997681 587.397034 412.200562 385.480865 737732.437500 
1166.902710 670.454529 455.321930 329.743561 567599.750000 
1078.568359 627.132874 420.158264 389.845245 508132.187500 
1064.347046 715.148499 475.298340 379.931915 664472.625000 
1133.006592 706.273438 465.188782 315.381439 602609.750000 
939.424927 548.164978 396.302063 303.631805 442137.656250 
1134.239868 681.019836 463.502014 358.295959 691850.937500 
957.343567 544.342651 397.343964 273.142365 441880.718750 
943.210876 544.128540 370.176697 289.300995 368521.906250 
1034.626099 504.050415 410.568176 336.839630 523633.218750 
960.879272 527.568115 445.380432 277.588257 458892.875000 
1122.407471 651.145630 520.512573 446.448425 531410.187500 
968.097961 571.261780 369.511261 319.923859 576660.750000 
1035.384521 599.433716 415.120178 370.473511 612603.937500 
930.235596 599.399841 327.136383 314.264221 444700.125000 
1002.907227 529.548584 419.241730 350.337250 486624.187500 
1155.717773 615.784607 463.008057 359.418640 465839.500000 
1043.011475 628.156555 536.741455 328.539551 731720.875000 
997.533142 540.340637 371.013885 306.527435 591880.625000 
1018.750061 562.090820 372.257507 386.641083 392811.500000 
995.512085 546.243347 388.548889 295.966553 432451.531250 
1004.413757 561.031677 399.570282 322.606293 475365.375000 
1065.301270 532.107117 412.510651 322.144043 534693.625000 
978.279175 584.703064 477.041840 333.516632 583331.687500 
1145.172485 619.240845 361.577301 350.679871 556669.625000 
1004.799133 581.612610 441.019073 336.706909 466747.093750 
1105.519653 639.281433 490.326874 510.961334 638380.937500 
893.811890 491.103729 396.314301 286.433655 436288.312500 
880.070984 540.388794 380.899658 267.241760 482113.062500 
1142.533325 652.539307 564.891541 562.348511 692142.750000 
905.542786 501.366821 332.944855 306.679657 402928.937500 
1163.056030 584.137817 483.215302 379.022064 712398.625000 
953.637512 519.930420 415.436890 328.268433 474435.250000 
900.479797 593.682983 420.626312 367.574310 545292.125000 
1130.792725 651.331543 410.454254 309.205963 762004.750000 
1071.391235 656.237244 372.153351 331.931458 470564.093750 
1137.522705 648.712524 499.053864 316.764130 567592.125000 
1003.684265 662.267395 403.965546 287.925995 607209.187500 
842.791077 475.030762 306.459930 257.070038 397643.406250 
1133.953735 596.705078 361.749969 295.443848 428697.718750 
1099.247925 635.424744 426.791840 371.829559 755808.562500 
1017.510559 628.574524 429.932892 301.143433 415185.156250 
1099.728027 774.457642 580.073059 621.406982 765324.875000 
950.193848 528.899048 396.484039 341.470276 614923.312500 
1041.224854 637.406189 493.600891 385.450256 604253.312500 
1111.580811 629.167114 455.976379 365.709229 808473.062500 
918.745300 540.323608 429.810059 353.315338 539417.562500 
1102.022705 596.903564 431.215149 296.894714 620548.687500 
1034.768433 617.436462 449.931946 303.299408 467259.687500 
1027.680298 649.092041 427.438477 307.103607 491865.156250 
1139.315674 574.798523 453.087585 307.440582 514966.968750 
984.782532 550.310059 345.630951 329.143585 522877.281250 
1086.598145 552.266235 396.871979 307.701355 500424.906250 
960.018738 550.730469 380.683289 313.868469 485895.968750 
1037.205200 595.523315 455.895660 320.073975 710596.000000 
1043.584229 596.930908 450.398865 321.376923 666231.500000 
1079.436401 553.101440 440.680267 358.559631 497845.500000 
1059.987793 656.299988 532.218567 283.949066 631658.687500 
1048.331543 549.040955 373.893524 265.626617 435898.718750 
1073.861206 609.060242 523.287598 365.784149 573893.750000 
1135.686768 618.316956 420.002380 325.002594 706288.000000 
970.570618 555.914368 432.192902 333.061798 476688.781250 
938.354004 493.472839 428.092468 328.470612 370839.593750 
976.377014 547.101074 389.171204 325.154724 516032.468750 
1061.992554 651.032837 496.314117 317.587463 647256.687500 
1009.824646 607.900208 415.349884 340.477142 537693.250000 
981.318542 571.729797 428.276947 347.121429 469188.875000 
1050.213745 622.304504 549.584595 417.366058 1010611.125000 
1032.074707 664.862061 457.598663 328.983734 618361.562500 
958.769226 539.641479 382.815216 323.461548 361883.906250 
1021.440430 667.503235 446.483307 364.862976 542054.687500 
964.336182 572.125000 354.498718 336.595673 505759.281250 
950.885620 616.625732 384.370880 336.683319 584349.375000 
1148.047852 578.588379 477.168488 376.404022 680210.062500 
1075.225708 626.699097 568.239502 391.837341 895691.812500 
953.371033 544.621704 415.763184 321.598450 522374.093750 
1242.948730 647.342407 482.662262 384.102966 805447.750000 
1133.581665 597.420288 451.210754 327.318787 602426.875000 
1090.546143 611.979797 483.423950 444.141174 569945.125000 
929.434570 482.549042 372.409729 295.161652 528757.125000 
906.129456 554.470337 395.002960 301.160858 432931.375000 
