3.848036 
3.847866 
3.846463 
3.848737 
3.847091 
3.846082 
3.846715 
3.846002 
3.845923 
3.847950 
3.845335 
3.844794 
3.844707 
3.843346 
3.839507 
3.827319 
3.842906 
3.835435 
3.735701 
3.842867 
3.843028 
3.548811 
3.848800 
3.828302 
3.766218 
3.559106 
3.660537 
2.740045 
2.901103 
2.946647 
3.242582 
2.818335 
2.756604 
2.505860 
2.225581 
2.531955 
2.304314 
2.482554 
2.356883 
2.300256 
2.186706 
2.060462 
2.289306 
2.050052 
2.010422 
2.112079 
1.853677 
1.873507 
1.691362 
1.905348 
1.852283 
1.714851 
1.458500 
0.918280 
2.018657 
1.984629 
1.134473 
1.562193 
1.739652 
0.626822 
1.158215 
0.887281 
1.663313 
0.649024 
0.935497 
0.400443 
1.372772 
0.799966 
1.394876 
0.752429 
0.879896 
0.842724 
0.887565 
0.779370 
0.571203 
0.957457 
1.516816 
0.434307 
0.707981 
1.412695 
0.415302 
0.911205 
1.050410 
1.437461 
1.343864 
1.035849 
1.072794 
1.496630 
0.838253 
0.780244 
0.756761 
0.382106 
1.545052 
1.719396 
0.684198 
1.556602 
1.615052 
1.220770 
0.891326 
0.668834 
0.901932 
1.260294 
0.611122 
1.020887 
0.770291 
1.140423 
0.606109 
1.723989 
1.545245 
0.720364 
1.008018 
0.637466 
0.660033 
0.667474 
1.088879 
1.066949 
0.677691 
0.680822 
0.590633 
0.804438 
0.586973 
1.070889 
1.613522 
1.239272 
1.291938 
1.610110 
0.594804 
0.415591 
0.697835 
1.517786 
0.353706 
1.524042 
0.862746 
0.723205 
1.756966 
0.552578 
0.578287 
0.901353 
1.743614 
0.461309 
1.052217 
1.385575 
1.189615 
0.473528 
0.745011 
1.510561 
1.409483 
0.556812 
0.481645 
0.714000 
0.664939 
0.750859 
0.718380 
0.907278 
1.525571 
0.532330 
0.977475 
1.195235 
0.609375 
0.482512 
0.698608 
0.881934 
0.584859 
0.601922 
1.404702 
0.781472 
1.007980 
0.626726 
0.463133 
0.603873 
0.679415 
1.384205 
0.586123 
1.092774 
1.334415 
1.074271 
0.986627 
0.663577 
0.365639 
1.419951 
0.399785 
0.495625 
1.314194 
0.597195 
0.923032 
0.437800 
1.038363 
0.599188 
0.675979 
1.012934 
0.886086 
0.461457 
0.597716 
0.540831 
0.739874 
0.152620 
0.855339 
1.200085 
1.469628 
0.448230 
0.445170 
0.615671 
1.078979 
1.488061 
0.551655 
0.728676 
0.393701 
0.553302 
0.680042 
1.659268 
0.665200 
0.820598 
0.798771 
1.293495 
1.019926 
1.295794 
0.586211 
0.671369 
1.169804 
0.842753 
0.620514 
0.675433 
0.100646 
0.469866 
0.869676 
0.722486 
0.646436 
0.351856 
0.665360 
0.555498 
1.034377 
1.117266 
0.834795 
0.337348 
0.453627 
0.524670 
1.097333 
0.664263 
0.877684 
0.670089 
0.738310 
1.111843 
0.486071 
0.264149 
1.717751 
0.544522 
0.548932 
0.323052 
1.598953 
0.654162 
0.823082 
0.621444 
1.105421 
0.790140 
0.549905 
0.810111 
1.173227 
0.814622 
0.610403 
0.384363 
0.848593 
0.472828 
0.997891 
0.874480 
1.265150 
0.629400 
0.567331 
0.756473 
1.063628 
1.175902 
0.485014 
0.624159 
0.577497 
0.476656 
1.333600 
0.956028 
0.597110 
0.878665 
0.921022 
1.355737 
0.834681 
0.376539 
1.491066 
0.399724 
0.647805 
0.292740 
0.679125 
0.658004 
0.401408 
0.660915 
0.488381 
0.539752 
0.921133 
0.841911 
0.888402 
0.569405 
0.592826 
0.673904 
1.244422 
0.296658 
0.789633 
0.678486 
0.491094 
0.450343 
0.683603 
0.226066 
0.273536 
0.997502 
1.132399 
0.792291 
0.576579 
0.992580 
0.804449 
0.683037 
0.767633 
1.480177 
0.710562 
0.526924 
0.509135 
0.553918 
0.478773 
0.479415 
0.613346 
1.046825 
0.396101 
1.576872 
1.050482 
0.621794 
0.337114 
1.166793 
1.293200 
0.801629 
0.444131 
0.909895 
0.726798 
0.353743 
1.185751 
1.350190 
0.781628 
0.593773 
0.424563 
1.156216 
1.251665 
0.582687 
2.185890 
0.978191 
0.925399 
0.801044 
0.490389 
1.195236 
0.419275 
0.558392 
0.383945 
0.484408 
0.875209 
1.912466 
0.666687 
1.281547 
0.218701 
0.862636 
1.310279 
0.555989 
0.937793 
0.696015 
1.005496 
1.268168 
0.670602 
1.463862 
0.260875 
1.268595 
0.870029 
0.495850 
0.794490 
0.522646 
0.655197 
1.407088 
0.564894 
1.584397 
0.499677 
0.208677 
0.867273 
0.678231 
0.512570 
0.426144 
0.542886 
0.514189 
0.466802 
0.459352 
0.533268 
0.694527 
0.747387 
1.304676 
1.061810 
0.357405 
0.436472 
0.952369 
0.719072 
0.474874 
0.933968 
0.808390 
0.696202 
0.990253 
0.574703 
0.224509 
0.742859 
0.901615 
0.503925 
1.035429 
0.631751 
0.326963 
0.625520 
1.446201 
0.537755 
0.749736 
0.557501 
0.599509 
1.195628 
0.440000 
0.359333 
0.642818 
1.070801 
0.297809 
0.692247 
0.571304 
0.871171 
0.790482 
0.501882 
0.566259 
1.403873 
0.615579 
0.463837 
0.280176 
0.738339 
0.578601 
0.264957 
0.609883 
0.498075 
0.833909 
0.376590 
1.098243 
0.459417 
0.780510 
0.747937 
0.916901 
0.831280 
0.589495 
0.349337 
0.532096 
0.350222 
1.068005 
0.552438 
0.861139 
1.336178 
0.715418 
1.572534 
0.702623 
0.597581 
0.858912 
0.297624 
1.197947 
0.616670 
0.901066 
1.521607 
0.527450 
0.677288 
0.694491 
0.885512 
0.660593 
0.352326 
0.494578 
0.507807 
0.651468 
0.797816 
1.163482 
0.475759 
0.870505 
0.209181 
0.112426 
0.818596 
1.535276 
0.491335 
0.400255 
0.778057 
0.970887 
0.389428 
1.044202 
1.229841 
0.498724 
0.618450 
0.571460 
1.401557 
0.686158 
0.529491 
1.288769 
0.680065 
0.773643 
0.653722 
0.666787 
0.454821 
0.996306 
