148678.437500 14158.942383 20606.195312 20535.109375 151643.390625 
224050.875000 28698.183594 12076.928711 13529.893555 303031.500000 
318377.437500 26844.955078 16619.425781 14363.534180 283634.843750 
484248.968750 65105.777344 16243.711914 7923.599609 255287.468750 
410806.187500 26349.839844 11589.406250 21988.546875 417161.781250 
235835.234375 42691.218750 17527.625000 17574.599609 278965.718750 
499173.375000 31201.404297 12594.621094 8203.380859 291089.687500 
416794.750000 32006.425781 15691.254883 20499.968750 355588.656250 
211584.140625 19050.767578 18599.609375 10729.856445 350405.187500 
343636.406250 12018.748047 20210.035156 14598.818359 361674.875000 
440737.156250 38378.117188 25169.937500 17918.384766 262979.468750 
348378.125000 25588.292969 12248.429688 9077.496094 308925.625000 
186129.343750 18662.875000 15413.970703 10900.265625 283055.687500 
256950.921875 19314.751953 15213.546875 10452.363281 307459.093750 
532287.875000 23524.480469 9173.052734 8799.236328 341744.937500 
309663.187500 17882.414062 19459.654297 12069.844727 386539.656250 
470151.375000 35430.210938 15278.975586 7530.942871 331057.375000 
297749.468750 27954.058594 14242.413086 11786.278320 255386.375000 
263413.906250 26495.429688 21615.191406 13704.973633 367369.375000 
281968.718750 24978.056641 25876.646484 14096.072266 325259.906250 
325086.500000 17521.812500 16860.726562 9539.530273 334494.625000 
398828.093750 24481.304688 22110.437500 13493.111328 259079.203125 
338675.250000 28633.394531 9352.594727 17845.333984 373007.375000 
324731.375000 37412.375000 27448.515625 22535.513672 363600.687500 
235854.343750 17607.236328 8387.790039 12711.322266 322368.343750 
214297.968750 29140.375000 9023.291016 8225.728516 359833.750000 
262978.343750 16750.744141 22249.648438 15973.958984 339211.812500 
247721.250000 19798.408203 10054.465820 12709.780273 357435.531250 
276231.218750 23766.929688 20436.607422 12219.966797 281789.062500 
266661.687500 19890.148438 10966.413086 11453.528320 325481.031250 
175423.359375 32900.843750 20509.617188 20691.945312 298938.906250 
372300.406250 36846.066406 29225.826172 9133.692383 384340.593750 
574376.437500 27025.416016 25147.679688 16588.996094 284858.437500 
266311.812500 14271.625000 15088.079102 15886.060547 392257.875000 
198650.546875 11916.057617 13980.180664 9304.307617 365218.156250 
542435.687500 48736.355469 35833.507812 16698.628906 355335.468750 
478232.937500 61017.449219 28048.505859 15463.130859 377341.531250 
171253.484375 15454.958008 14948.183594 12967.174805 343443.781250 
207914.406250 16218.731445 12282.965820 12438.772461 301493.500000 
283600.843750 17896.769531 16801.564453 14670.586914 611935.375000 
277781.250000 25455.482422 19393.724609 17948.585938 326279.000000 
263700.375000 19260.070312 10138.939453 8227.032227 243419.968750 
319997.937500 27904.367188 11341.640625 9274.656250 385113.187500 
347109.468750 41326.535156 15433.339844 11453.315430 310435.750000 
259045.453125 23743.542969 13706.758789 8141.964355 357984.562500 
301858.750000 25435.587891 16225.658203 10966.916016 313959.187500 
369338.625000 22308.259766 14311.774414 8527.652344 302425.812500 
288753.312500 23402.589844 14587.561523 12445.183594 282201.718750 
320235.500000 29135.919922 16447.683594 12298.730469 342420.125000 
303551.093750 34815.945312 44238.335938 16578.974609 404456.187500 
