93.636841 83.215668 78.222382 70.666664 52.138474 0.000000 
83.290062 57.710651 52.587437 55.159145 46.702972 0.000000 
87.993034 62.710178 54.450607 55.108337 45.349953 0.000000 
91.647980 65.872993 55.748039 47.787148 46.042221 0.019782 
89.429718 65.463219 60.664043 52.617313 54.363121 0.000000 
91.934013 66.234703 66.644737 54.019966 61.507702 0.000000 
87.495056 58.520409 60.338120 50.677689 52.584270 0.019782 
84.138420 69.412132 59.379204 49.383434 45.687889 0.019782 
86.451134 61.815464 55.353779 54.809574 43.905182 0.000000 
79.522751 54.465309 53.769093 61.351421 50.902069 0.000000 
92.085419 65.561821 65.742508 61.721302 52.828014 0.000000 
86.030769 64.495728 63.964668 56.478180 53.651047 0.000000 
89.497978 67.354271 59.571011 51.410843 42.371780 0.034264 
86.470665 84.192589 84.498650 72.511070 49.164318 0.000000 
85.078453 64.424759 59.426712 58.693630 51.728920 0.000000 
87.561890 68.057655 62.026104 54.745636 49.792885 0.000000 
85.100914 69.852966 60.988670 59.208546 44.677326 0.000000 
90.804993 87.693214 80.774635 66.850029 50.174702 0.000000 
86.444977 59.022163 55.742573 49.089211 48.293205 0.000000 
90.696945 70.574089 63.590260 60.113651 49.965679 0.019782 
86.586700 68.038010 64.213547 61.992252 53.858616 0.027976 
90.289627 80.450386 74.063110 74.478699 63.290073 0.000000 
89.998589 64.430092 55.434475 56.380047 50.829308 0.000000 
88.402916 59.782742 57.509506 48.407413 43.304237 0.000000 
92.437454 76.271629 73.105133 65.573730 54.226906 0.000000 
90.362900 65.543350 63.228889 51.765305 51.353271 0.019782 
90.252335 79.099777 75.537453 62.420742 54.961533 0.000000 
85.640472 72.441734 59.181580 63.208836 46.105385 0.000000 
86.265053 60.246624 55.700603 52.717068 51.246536 0.000000 
86.983109 66.035728 57.860565 59.521824 52.988956 0.000000 
92.610115 76.930809 70.174561 69.104927 47.662895 0.000000 
87.086060 75.503540 65.810707 65.441063 50.964165 0.027976 
85.162605 75.278214 75.148880 71.737991 66.941040 0.000000 
85.784439 62.189926 60.072495 58.517384 41.238098 0.000000 
86.411697 63.530487 58.366169 54.042675 52.836666 0.000000 
85.350906 62.656479 62.774437 58.703087 49.859646 0.000000 
86.296158 58.966053 50.263996 50.290730 48.058258 0.000000 
87.966148 59.204014 52.924023 55.529293 48.824013 0.000000 
88.828949 67.915710 59.669437 57.582890 50.056561 0.019782 
88.093460 63.919037 65.211571 51.737015 50.375870 0.000000 
85.536430 59.093800 57.350456 54.293018 51.308594 0.000000 
88.219734 68.507179 65.320412 57.996552 50.206314 0.019782 
86.613174 63.178165 64.699005 52.827190 45.707710 0.000000 
91.436539 66.005951 62.518627 58.852421 49.178364 0.027976 
88.988853 73.055046 63.751904 61.910091 52.572906 0.034264 
88.323326 59.175007 57.515503 49.721458 42.753204 0.000000 
87.825623 58.890179 58.946102 62.353779 51.160294 0.000000 
89.674133 60.022690 55.386448 53.630764 51.371399 0.000000 
89.903778 65.403687 57.800129 65.024315 44.720692 0.019782 
90.056351 62.976868 49.793785 47.464249 50.255848 0.000000 
