0.270589 
0.393238 
0.241946 
0.309413 
0.469949 
0.292049 
0.412407 
0.205304 
0.283227 
0.409327 
0.433817 
0.445133 
0.144758 
0.487241 
0.354463 
0.308952 
0.324950 
0.723937 
0.345176 
0.689273 
0.289775 
0.445359 
0.238379 
0.209430 
0.269585 
0.457392 
0.558459 
0.172222 
0.464994 
0.493782 
0.179518 
0.730267 
0.246052 
0.413890 
0.326618 
0.579549 
0.317209 
0.317146 
0.482066 
0.265765 
0.457005 
0.301190 
0.325799 
0.557036 
0.369458 
0.538723 
0.202044 
0.238246 
0.364482 
0.334098 
