90.886429 89.814201 84.180450 90.997993 99.925667 0.027976 
92.139198 76.303192 91.815826 90.687401 90.277100 0.000000 
93.944504 72.927124 98.312309 86.653717 82.865273 0.000000 
101.077370 69.746834 90.394600 79.127449 81.703979 0.000000 
88.059120 78.676003 77.762566 77.731064 98.863853 0.000000 
90.849731 63.715092 72.932404 83.755257 92.913239 0.000000 
104.005630 75.242554 87.761345 87.258522 86.316162 0.000000 
94.095100 73.627655 78.883270 79.733368 87.275429 0.019782 
90.312317 77.721077 63.804893 57.830185 103.877960 0.027976 
94.994873 65.799576 70.738403 76.446899 93.066628 0.000000 
91.666443 71.353882 82.456390 77.773376 93.250084 0.000000 
85.687057 78.912766 78.108269 84.186554 96.796196 0.000000 
100.449158 49.835457 67.223335 73.975075 94.027512 0.027976 
85.949890 77.818748 62.135231 84.704758 87.323372 0.019782 
89.406982 79.106850 76.870224 75.294884 86.121872 0.000000 
84.424065 70.565262 71.963211 74.999809 89.160248 0.027976 
93.277023 83.049919 68.924683 102.374062 98.857414 0.000000 
89.579605 85.607475 72.965538 89.001602 82.353958 0.000000 
98.719521 61.771149 67.918526 72.717339 93.797737 0.027976 
105.835533 72.865005 102.286270 103.253113 98.498894 0.000000 
