91.069160 89.576736 81.314743 94.338608 93.191879 0.019782 
91.258720 93.565834 97.143349 92.244865 82.506943 0.000000 
86.842621 90.608200 92.671013 100.211273 88.264992 0.027976 
89.923279 83.808197 96.137344 108.511612 106.979538 0.000000 
94.483170 93.448662 92.884926 89.601074 103.303757 0.019782 
87.500214 87.215378 94.516136 80.742851 65.717819 0.000000 
95.361534 104.229454 100.008133 90.293999 59.044773 0.000000 
85.910782 92.034752 78.961975 77.377647 64.720245 0.039565 
91.542015 91.907005 83.023674 87.468025 69.852547 0.019782 
83.986649 93.801651 80.937752 69.518097 84.796051 0.019782 
84.914558 91.793770 91.326988 98.578064 75.548935 0.027976 
96.627068 92.454140 92.549843 87.112846 64.775642 0.000000 
86.715469 94.621071 90.064911 84.668594 79.259384 0.027976 
96.244530 94.983849 89.876045 90.174171 88.226974 0.000000 
87.218643 85.374542 88.089813 99.808418 65.786606 0.019782 
86.051102 92.955948 92.688461 91.247932 89.147987 0.000000 
90.375740 88.965630 96.728127 102.626251 114.257423 0.000000 
86.953613 85.759956 80.934113 99.468689 88.757263 0.000000 
92.032585 87.120735 90.223404 105.229927 89.874084 0.019782 
82.745903 96.333397 92.477921 74.551888 90.498276 0.019782 
93.693123 92.851799 86.176727 88.313934 63.592995 0.000000 
91.090065 91.527901 89.311340 82.179260 77.676315 0.019782 
87.165619 93.302238 86.422699 83.752449 81.564232 0.019782 
85.121506 93.535400 93.863014 90.263611 78.506264 0.019782 
87.893288 83.266129 95.301964 88.715141 78.942833 0.000000 
93.800720 90.837021 84.378075 93.342690 54.480000 0.019782 
89.988373 92.351334 87.918571 82.056870 71.106018 0.027976 
87.464439 90.235336 93.138046 80.215782 92.121178 0.000000 
87.482956 84.673256 75.176208 91.559349 87.733246 0.000000 
91.374702 86.982811 86.352951 96.827827 92.008263 0.000000 
84.972755 85.616264 87.192406 87.660683 83.462395 0.034264 
93.096664 92.907051 92.305862 82.454132 86.025818 0.000000 
91.894119 91.822853 94.188156 93.504738 86.256325 0.000000 
92.771843 87.969978 81.128845 86.615387 99.049088 0.000000 
88.697182 89.647972 82.269676 89.853554 84.269356 0.000000 
92.734154 88.303841 87.831459 88.774368 56.191467 0.019782 
89.339180 86.410278 85.083176 80.665428 74.471886 0.019782 
89.032585 83.209175 98.558533 93.581024 97.620583 0.000000 
85.150726 92.675873 90.840904 81.651688 70.188171 0.000000 
89.640938 85.610298 97.529190 93.357506 80.868729 0.000000 
92.669403 87.022987 92.429291 98.668365 86.454414 0.027976 
90.541435 95.669998 83.433014 82.229446 104.186951 0.000000 
87.723122 89.039818 92.189087 80.632515 70.119514 0.000000 
90.993095 84.587944 93.213234 73.075249 66.573555 0.000000 
90.849174 87.663216 96.303642 92.157013 89.960648 0.019782 
94.846764 86.132370 96.123581 82.963287 95.605713 0.019782 
89.305794 82.144096 83.601303 94.044243 102.080254 0.034264 
91.748238 90.543610 88.976730 96.588783 84.884048 0.000000 
90.354187 88.724068 87.662506 83.463913 95.408020 0.039565 
89.715813 91.996490 93.505447 92.663475 73.535744 0.034264 
90.259964 98.754456 93.775955 87.146255 77.077354 0.000000 
87.398239 86.823082 89.528244 86.522789 79.546028 0.000000 
86.538956 90.623192 87.852661 81.512733 69.080658 0.000000 
89.249252 79.641220 98.607590 91.341965 92.505165 0.000000 
94.242859 92.772865 83.603226 92.772614 87.852150 0.000000 
94.194061 95.243408 90.877518 84.246826 74.237778 0.019782 
88.118011 98.668106 92.887230 88.135109 72.136696 0.034264 
90.675415 99.886482 91.697441 106.664810 103.843620 0.000000 
91.190720 93.125359 79.332512 88.558533 91.847527 0.000000 
88.137856 86.241196 83.771088 78.917526 76.562073 0.000000 
90.899834 99.378601 96.807014 84.752502 86.709503 0.048457 
90.969910 90.904343 94.797256 91.226486 85.679588 0.027976 
90.614960 85.033791 86.269569 95.420013 106.987938 0.000000 
87.568596 87.137260 91.320496 94.011131 77.310913 0.034264 
91.294785 88.361412 91.543388 108.431808 90.011932 0.019782 
88.795364 96.941185 92.406868 90.982521 92.655396 0.000000 
93.715584 86.166061 93.099152 86.373260 79.009705 0.000000 
86.458084 95.902908 90.826492 81.951599 84.451637 0.000000 
86.776230 94.054207 100.009567 98.330292 74.939552 0.027976 
90.472519 84.410500 90.211060 89.619713 76.894981 0.000000 
93.448814 92.032936 71.979446 89.778618 85.083656 0.027976 
96.955101 84.978233 91.610466 93.338303 69.952415 0.000000 
92.284492 91.265488 84.640175 81.168945 75.829628 0.000000 
90.433220 89.725601 84.728638 84.817291 97.458076 0.034264 
86.620132 97.544960 93.691574 82.758224 107.441277 0.000000 
83.612312 88.759544 94.490433 90.710854 76.372330 0.000000 
87.058327 85.927689 89.484222 89.092911 104.186218 0.000000 
93.411331 89.897972 102.178833 89.941162 88.088043 0.027976 
87.730087 86.327797 99.295052 91.600235 81.592529 0.027976 
84.051865 88.165985 90.344551 102.540260 108.139717 0.000000 
85.286179 91.513557 93.807266 85.749016 100.280846 0.000000 
82.641174 88.457321 82.486969 92.694000 82.820244 0.000000 
86.146713 89.670532 95.123055 94.695938 91.965385 0.000000 
92.249229 85.630226 98.608444 89.314590 76.714897 0.019782 
89.293213 90.040665 91.690811 94.680702 77.661133 0.019782 
87.762070 93.043777 90.622429 95.518394 86.258797 0.027976 
94.042694 84.416412 96.390305 85.567207 84.797234 0.019782 
93.335724 87.754181 93.122444 91.287170 97.673462 0.034264 
93.625313 91.016853 96.284035 88.465248 97.354614 0.000000 
94.398941 91.977890 94.242996 88.703178 77.598495 0.019782 
87.228401 94.111649 96.265228 89.840324 95.920052 0.019782 
93.211922 79.347031 92.632721 85.585770 96.207314 0.019782 
92.492691 86.302582 84.513237 75.896202 91.174431 0.019782 
87.706223 92.970398 83.923294 89.407135 83.501846 0.000000 
85.215981 89.214668 94.498062 82.263489 85.478264 0.019782 
87.053101 90.968536 99.382965 90.230988 84.116127 0.000000 
87.854477 92.201668 96.392998 99.879532 100.954636 0.027976 
90.083298 99.012123 80.781326 96.889648 84.822716 0.000000 
90.673569 89.177025 88.005608 80.618958 100.206429 0.019782 
91.898552 100.337463 93.337746 96.451485 83.899658 0.000000 
89.279472 88.929550 74.628014 95.418739 101.610550 0.027976 
91.109238 91.278641 82.846085 83.179253 71.483955 0.019782 
90.334427 87.002647 90.610443 80.743690 85.881950 0.019782 
86.270905 96.833183 97.315384 88.904221 58.337177 0.000000 
91.385895 92.597954 94.890915 99.097633 112.899948 0.019782 
87.129967 92.567711 91.748665 97.382271 94.666229 0.000000 
89.735306 91.516479 90.596329 88.016518 90.571358 0.027976 
88.718941 89.281906 86.720657 91.852264 99.739799 0.000000 
88.127472 91.504463 93.853394 88.758461 84.968338 0.044235 
92.536697 96.771088 92.024612 91.509270 74.595230 0.019782 
87.411751 84.930412 89.662659 93.212379 76.441376 0.000000 
91.753479 90.124969 96.541115 92.316780 96.495750 0.019782 
89.954720 94.218964 88.115738 96.564888 82.756393 0.000000 
92.021423 96.314804 86.109001 89.484177 97.188896 0.000000 
87.051857 90.562836 85.300308 100.835754 93.232872 0.000000 
93.800323 88.420349 84.125511 85.336227 80.962738 0.000000 
90.495125 104.102142 91.000984 89.710030 69.688423 0.034264 
84.415092 91.676155 97.429428 77.132607 86.179176 0.000000 
90.825401 90.938210 78.921326 78.609146 70.416405 0.000000 
83.273354 92.409630 85.387573 90.383072 84.479141 0.000000 
93.428764 85.834694 85.138527 86.415672 95.874191 0.039565 
87.694992 94.547157 92.388916 86.006371 94.131027 0.000000 
83.455025 91.925392 100.465721 80.489067 86.450981 0.027976 
90.494949 79.590439 97.998024 97.569580 93.001274 0.027976 
98.469368 83.029068 79.631157 84.985016 99.797791 0.044235 
91.150208 89.383469 95.398476 80.751205 92.525688 0.000000 
87.687408 82.788506 89.006332 92.095322 107.265884 0.019782 
88.233650 88.893723 92.577332 88.784081 87.439842 0.000000 
93.668221 95.970314 91.527550 99.474800 79.500778 0.000000 
92.214615 96.618210 76.060738 96.649780 108.907341 0.000000 
82.870674 91.538460 97.212822 98.431198 100.948112 0.000000 
88.869568 95.611137 95.762978 79.476776 104.989960 0.000000 
92.789459 90.115921 92.447441 84.214363 85.062302 0.027976 
91.832108 92.862389 90.171967 82.047653 100.306427 0.000000 
86.154427 89.953255 89.236946 82.530518 85.949333 0.000000 
91.737534 80.385262 86.049271 109.115929 87.571457 0.000000 
88.631630 86.566772 97.590530 86.410698 79.538033 0.000000 
92.940239 90.363655 86.961853 96.370956 82.265160 0.019782 
90.664658 87.815712 98.852783 87.042183 91.372559 0.000000 
90.337883 81.905113 95.078209 95.296303 77.679512 0.027976 
89.333969 89.760956 91.583282 108.035713 81.879822 0.048457 
89.755539 88.745857 87.277336 87.086594 94.648155 0.000000 
93.616821 82.414497 82.612572 72.353233 90.585945 0.000000 
92.388161 88.897476 108.378250 89.376579 78.969597 0.034264 
90.446991 92.450371 88.932510 91.264252 91.864326 0.000000 
83.906334 90.347023 90.799644 85.249664 79.994194 0.027976 
96.479927 88.134499 93.191696 85.339424 99.849007 0.000000 
85.840340 85.965904 90.580826 88.111923 114.773781 0.000000 
82.758354 79.910439 81.549400 82.440567 111.544136 0.000000 
94.972481 86.015251 92.837456 89.053581 94.612076 0.000000 
90.976036 101.230942 82.744980 94.095482 78.786690 0.019782 
88.536835 87.725670 99.559380 97.907364 84.283539 0.039565 
93.776024 84.810143 93.212387 88.266762 83.444450 0.000000 
90.436653 83.869293 101.890778 105.868378 72.738464 0.048457 
86.831558 86.709763 75.267334 98.675354 72.827263 0.039565 
89.461044 96.693481 84.880135 91.375984 88.222313 0.027976 
83.471092 82.598763 96.891296 80.125893 78.406143 0.027976 
86.565346 96.443535 90.142532 82.312836 85.253853 0.019782 
85.084557 93.599571 100.487381 73.342987 96.196747 0.000000 
93.294052 79.508751 75.032516 76.829567 87.351997 0.019782 
88.387360 85.335663 91.744682 80.489677 103.483795 0.034264 
92.223839 83.077362 89.754730 90.705986 82.843277 0.027976 
87.774757 91.615250 94.588074 94.676651 109.493462 0.039565 
90.761559 90.065811 94.500458 97.730713 87.566185 0.027976 
88.358627 90.413818 89.649925 88.972771 80.068596 0.000000 
86.675362 79.518410 82.288651 94.072792 92.241020 0.000000 
87.637260 87.916321 98.294106 91.738968 113.253784 0.019782 
91.507584 88.444603 100.583893 82.038834 105.960373 0.000000 
88.330215 91.667847 95.180801 91.032211 81.612213 0.000000 
92.629105 95.758263 86.834579 79.604897 102.858467 0.019782 
91.213089 95.997780 96.697884 97.423737 100.010422 0.027976 
86.853676 87.637192 95.186447 95.133720 77.888611 0.027976 
92.063248 96.930412 80.252968 85.092842 99.523262 0.000000 
86.501778 99.843742 95.756599 93.407303 98.096642 0.000000 
90.864708 82.827003 85.449951 94.107719 103.372231 0.000000 
88.149437 88.831673 94.879990 81.918129 75.675316 0.019782 
92.726685 81.879021 96.032745 91.074814 94.972336 0.000000 
91.756096 93.920929 96.658203 90.631569 76.254143 0.000000 
87.413704 93.587372 90.271080 96.460785 90.257256 0.019782 
90.133179 100.178604 86.805664 87.776077 102.812302 0.000000 
92.149712 89.451271 86.653770 86.768829 85.464394 0.019782 
87.819832 85.632904 87.813103 73.060699 90.591965 0.027976 
86.906494 86.822449 94.666183 93.403061 79.625023 0.000000 
88.837036 91.071304 85.284462 87.184540 77.468620 0.034264 
97.293472 87.018936 84.840744 93.318863 80.788948 0.034264 
95.315941 92.820442 84.001907 99.610603 83.886658 0.000000 
90.408249 78.875824 83.903648 82.784309 110.858727 0.000000 
86.243828 96.181152 94.454117 88.589043 82.039436 0.019782 
86.102791 96.299629 102.841972 72.138092 83.627014 0.019782 
90.938210 98.991432 94.576920 96.478539 93.002419 0.027976 
89.361816 84.484917 97.680786 105.629005 97.524841 0.034264 
91.906830 90.549454 78.629776 93.914322 76.277687 0.019782 
89.675056 95.745773 91.835846 93.852814 109.060371 0.027976 
92.609070 92.359077 96.909485 87.638283 89.379723 0.000000 
93.747673 88.912796 94.160149 81.598923 88.728264 0.000000 
95.659882 89.822067 90.930023 86.165596 74.859344 0.000000 
93.007751 98.278831 82.689873 94.173386 91.281578 0.055953 
94.878387 82.018387 99.848869 87.814384 89.563919 0.000000 
94.129547 86.248825 96.465797 90.213783 66.911827 0.000000 
87.662567 87.438072 90.793343 95.293457 87.960121 0.000000 
