90.572662 90.906418 89.987198 86.871346 99.876503 0.019782 
88.351341 36.834167 95.193611 10.036247 92.818840 0.019782 
89.394699 50.752808 63.674885 47.939316 84.029854 0.000000 
88.162125 56.111164 79.981873 87.818604 94.342857 0.000000 
88.925652 53.418221 61.902740 60.835770 90.930733 0.027976 
88.501381 56.884247 74.544418 81.839569 93.364967 0.000000 
86.397415 50.217026 52.315285 47.613232 80.219032 0.000000 
91.460419 49.450260 53.999256 48.537369 66.763420 0.019782 
88.480080 45.091030 44.981323 43.834038 38.334339 0.000000 
88.535179 49.367542 52.832680 52.589699 60.352131 0.000000 
89.561188 43.315449 43.023411 51.513035 51.694752 0.000000 
90.421951 49.683289 47.013870 45.681473 50.490189 0.000000 
87.822876 55.646297 52.742260 54.913158 59.410339 0.000000 
89.631805 55.615868 54.498230 58.526791 67.610306 0.000000 
88.064827 53.797512 52.666401 54.939983 54.409557 0.000000 
91.180801 52.965157 48.985142 50.874798 50.863174 0.000000 
90.566292 52.610188 53.599216 58.588257 60.078289 0.000000 
90.388161 59.905426 57.504288 53.748329 61.402630 0.000000 
90.368309 59.984898 70.477013 70.236389 65.527672 0.027976 
88.687698 43.728416 63.657661 56.412750 65.797859 0.027976 
86.934937 52.505756 46.781193 57.051422 60.761700 0.000000 
91.917847 77.828239 85.409439 69.724350 73.403625 0.034264 
89.954933 67.802147 70.539284 59.549835 61.869225 0.000000 
88.171242 77.038696 77.714836 70.457214 66.005836 0.000000 
91.701042 69.348831 70.930855 67.960808 55.444138 0.000000 
88.775253 72.641083 77.052818 69.739746 65.879631 0.000000 
93.646469 78.989670 89.796906 76.243515 80.078362 0.000000 
93.883484 95.389229 90.538635 84.517700 76.734688 0.000000 
89.702896 79.322342 75.423660 85.489464 65.594070 0.000000 
82.023361 37.864231 41.078899 43.915974 33.507805 0.019782 
91.635880 76.442520 81.295708 84.996452 66.106766 0.000000 
91.377968 70.082458 61.747044 63.608032 64.174271 0.027976 
85.900070 53.037811 44.998665 53.620262 54.239479 0.019782 
87.981491 42.081921 42.494236 44.300350 54.696537 0.027976 
88.416336 69.264412 66.238991 75.688835 67.242737 0.000000 
88.018188 61.044930 60.307346 69.045364 54.793468 0.000000 
85.015045 72.449127 63.937508 76.464035 63.699078 0.027976 
89.420486 83.912689 82.195366 87.759666 67.298691 0.000000 
87.823837 73.400879 69.834877 71.371552 67.689362 0.000000 
88.236038 84.707855 85.788475 90.402222 72.365936 0.000000 
88.419388 66.105431 69.981468 63.208275 56.170506 0.000000 
94.043396 90.320930 94.209526 90.501503 86.910774 0.000000 
85.758514 67.242813 65.397026 75.211678 71.610214 0.000000 
92.856453 91.487755 85.071411 84.376266 76.473114 0.000000 
91.597374 60.823349 55.752937 55.099930 69.439735 0.000000 
84.673256 73.181381 75.233154 81.582542 67.183777 0.019782 
85.307709 59.511368 62.200050 63.924297 57.321445 0.027976 
87.651184 48.207787 50.993938 51.015816 50.273357 0.000000 
87.473366 53.508575 45.605762 56.965702 45.224617 0.000000 
89.766495 119.718208 98.156097 101.174622 80.650917 0.019782 
82.194481 57.992161 51.619915 57.060417 66.968437 0.000000 
90.330833 59.097446 58.436695 57.988686 49.339817 0.000000 
88.884148 51.331024 52.621544 58.352898 56.290127 0.000000 
93.911201 62.903103 50.611237 54.186096 44.240891 0.019782 
84.297569 73.467918 74.187408 76.743019 79.317986 0.019782 
93.392113 101.378075 98.460098 84.780487 82.007217 0.000000 
90.007103 49.367947 45.704395 40.245029 43.157158 0.000000 
88.502159 54.459141 46.488430 58.460346 58.220818 0.027976 
88.350990 74.934166 72.551903 79.335487 75.005592 0.000000 
86.691010 89.290321 77.668152 78.597733 67.069206 0.000000 
93.029701 76.430397 68.549065 62.881096 60.936131 0.027976 
83.922501 42.758854 56.602802 58.362366 53.674595 0.019782 
89.230042 92.896034 85.546257 81.109421 70.638824 0.019782 
90.376266 52.301506 45.209724 54.259651 42.557587 0.000000 
88.361259 51.625751 55.362198 62.780659 59.407059 0.000000 
86.970833 73.195946 73.954140 71.569740 52.873981 0.019782 
84.980576 45.411240 45.206753 50.553539 54.748352 0.000000 
82.598373 54.089375 58.454803 65.652550 47.713558 0.019782 
87.330063 81.434769 76.197327 81.551132 76.608368 0.000000 
90.760742 72.528885 67.808868 57.287579 67.087349 0.000000 
85.853401 58.095943 52.586079 57.733646 55.526402 0.019782 
89.580559 67.590965 74.939407 74.429794 74.105927 0.000000 
84.533394 47.233250 51.798592 43.993851 64.143051 0.000000 
87.951714 73.553741 79.065659 76.463684 63.528008 0.000000 
82.461266 73.527313 58.524746 69.357185 61.580551 0.000000 
87.117752 47.144070 47.280357 57.598122 50.627628 0.000000 
90.037048 96.160172 97.087242 80.818146 73.190475 0.000000 
86.944885 55.672676 58.794502 67.395897 92.146950 0.000000 
88.254143 53.539852 60.144299 61.302898 59.332161 0.019782 
84.055733 62.053356 62.266693 79.798210 73.536575 0.000000 
88.525497 54.911068 56.550636 51.610710 59.994427 0.000000 
87.846146 70.238075 69.644188 69.473953 70.601662 0.000000 
90.966812 55.721207 61.479233 67.484413 67.144447 0.027976 
91.268845 73.341316 77.651672 85.774071 90.413605 0.000000 
86.505020 58.515415 62.705090 66.289185 60.723282 0.027976 
86.811295 78.302338 76.060562 86.410164 79.671463 0.027976 
90.528717 63.771858 56.585812 56.836357 55.686150 0.027976 
86.996292 86.274666 89.829567 87.241226 84.338303 0.027976 
89.859116 59.213829 63.181492 70.473267 70.686775 0.019782 
90.903618 71.409462 69.598946 72.109108 71.408272 0.000000 
88.208809 62.583561 61.011604 71.779327 66.405876 0.000000 
86.266251 64.909119 64.705223 65.579399 61.820683 0.027976 
89.812088 68.824837 63.665966 69.051254 64.110413 0.000000 
84.504158 69.592781 72.667747 73.587051 72.703995 0.000000 
87.191048 70.704300 60.491032 63.454895 66.004135 0.000000 
88.069748 77.373924 76.151085 79.827354 68.891617 0.000000 
83.423515 63.784142 64.118706 73.025856 66.895454 0.000000 
80.181946 65.574623 64.436447 76.841125 66.849648 0.000000 
86.629105 63.647682 59.592934 63.647865 69.916473 0.000000 
87.534065 78.682091 77.226410 78.020737 55.041458 0.027976 
93.634239 61.364758 52.460423 65.025009 49.187248 0.000000 
85.774757 68.628944 70.873772 66.189499 70.355774 0.000000 
87.828644 76.733650 82.072067 72.339592 70.038414 0.000000 
84.582634 65.428734 58.999802 62.045177 69.619133 0.000000 
88.492477 63.646854 64.526901 63.771473 54.992695 0.019782 
89.206490 71.525635 75.245544 69.751633 68.116493 0.019782 
88.343163 52.701424 59.540478 72.259712 74.513008 0.000000 
93.996452 88.432251 95.448921 79.735519 87.260765 0.000000 
93.118561 105.724754 111.587799 93.635551 80.919083 0.000000 
84.595688 65.961960 64.365784 75.623672 73.800751 0.000000 
82.658653 54.950787 66.332603 76.552612 73.351723 0.027976 
89.383232 53.629932 63.170853 75.670403 59.920761 0.000000 
88.548004 53.517372 48.849491 58.642632 58.331139 0.000000 
77.558983 49.534138 48.465874 57.464230 65.325333 0.000000 
88.396378 93.654182 93.712708 93.946007 72.480438 0.027976 
89.959770 89.339317 80.589928 92.439011 68.195671 0.000000 
82.457954 63.817253 72.750481 68.500160 67.300339 0.000000 
85.295944 51.344936 59.072884 61.498787 56.063530 0.000000 
89.507545 55.775185 58.320663 64.337151 65.750229 0.000000 
84.963188 52.369713 58.269627 64.451973 65.238342 0.000000 
88.675186 85.640617 79.343849 82.363251 72.442467 0.000000 
88.755959 53.493343 47.447163 57.085026 58.215839 0.000000 
87.453896 71.458855 76.119125 88.148315 70.151817 0.027976 
87.651802 83.315056 79.326500 88.973389 69.743629 0.019782 
82.396065 75.970734 72.889206 67.525627 69.645790 0.027976 
93.333740 77.453049 78.804970 82.252464 64.201828 0.027976 
90.316238 47.811676 44.752853 55.927998 55.227139 0.000000 
84.542404 49.569588 47.993092 57.417454 54.750385 0.000000 
85.257164 51.316933 51.957321 50.714432 63.864273 0.000000 
82.692383 64.014961 63.776745 73.987617 71.988762 0.027976 
83.036346 54.685715 48.740063 47.575275 47.346519 0.039565 
88.688347 76.011032 75.462265 77.121048 67.892281 0.000000 
89.931236 39.228104 32.830803 25.614908 46.649677 0.019782 
85.723663 47.787289 41.034939 48.100479 41.465145 0.000000 
85.675842 72.929535 76.388382 73.874702 65.788261 0.027976 
83.723717 56.391731 48.851288 57.656139 59.554478 0.000000 
87.788879 51.019314 45.896774 48.584816 52.752346 0.000000 
86.559067 43.662636 43.995384 35.718178 37.632030 0.019782 
92.245178 79.240280 69.240746 74.819077 73.528816 0.000000 
88.140556 50.460987 43.130074 48.507648 42.777084 0.000000 
82.245773 39.686871 36.313168 36.038685 32.707661 0.027976 
92.201889 86.505341 73.292984 75.159248 73.591309 0.019782 
84.046028 54.415012 50.358990 55.375038 59.857590 0.000000 
81.978615 54.991184 40.745850 51.647152 55.580132 0.034264 
82.457939 56.576420 51.507629 49.344707 39.707417 0.000000 
92.557777 88.584251 85.073250 79.437866 57.119247 0.000000 
86.787689 83.089806 87.623260 84.395760 66.944176 0.000000 
85.119423 75.994576 76.304619 70.916557 45.242157 0.000000 
81.698326 35.705856 32.525265 37.745480 47.146313 0.027976 
84.511009 32.721397 22.996677 25.423422 38.440975 0.000000 
79.429352 28.338533 32.005566 34.311096 40.649189 0.000000 
83.800201 60.194469 54.223442 55.670876 56.098728 0.000000 
87.008171 54.108681 48.403286 57.661591 45.705357 0.019782 
79.297195 41.373226 43.802830 53.499802 63.940247 0.000000 
88.284142 63.269516 66.705772 69.364349 65.624054 0.039565 
78.540619 40.786179 32.828983 44.293602 40.424438 0.000000 
88.686890 80.300072 82.440002 68.146820 66.772980 0.019782 
90.332230 72.116707 85.990837 67.558113 81.004761 0.000000 
81.555222 34.968102 30.390219 32.347424 41.573643 0.027976 
85.664307 45.208080 45.035488 45.929684 43.972935 0.019782 
80.682167 45.962006 55.362671 52.116535 54.917976 0.027976 
86.845253 49.080338 41.526836 47.905281 44.809998 0.000000 
80.371964 53.793697 54.091263 65.493011 53.962460 0.034264 
89.092979 79.788437 81.748482 83.467506 84.610580 0.000000 
78.952652 40.636177 38.896347 38.634361 51.257423 0.027976 
82.905510 40.576019 37.038967 40.342163 52.759628 0.000000 
83.474617 37.884857 29.044189 39.245853 42.065853 0.000000 
82.496552 52.854534 54.987068 62.893860 62.469536 0.000000 
86.975494 52.224533 47.545895 57.375908 67.425499 0.027976 
76.747246 43.519646 40.987061 54.299747 57.455193 0.019782 
81.014534 40.473221 43.720928 50.949814 51.650372 0.000000 
85.773079 67.966843 71.030647 73.532715 67.352974 0.000000 
86.455200 53.793343 59.035511 60.159649 52.984760 0.019782 
82.354385 48.194759 56.954262 60.021854 53.566589 0.000000 
81.411613 48.617764 51.296623 66.730736 55.301647 0.000000 
89.792374 67.612579 73.961258 74.971001 59.823910 0.027976 
86.218224 50.482491 54.703209 59.784332 71.536400 0.000000 
88.397736 58.558380 57.535244 58.656357 59.943321 0.000000 
79.860626 47.768723 58.401012 63.729137 53.485405 0.027976 
81.781654 73.119690 70.744446 81.976456 75.567406 0.000000 
76.080421 50.894833 59.145473 68.267105 51.097740 0.000000 
87.388100 68.798172 65.892677 69.255684 61.580528 0.034264 
88.191429 69.435036 70.215073 67.860985 79.674606 0.000000 
88.251015 61.499622 61.108692 68.116829 59.163506 0.000000 
85.761848 49.131042 48.540512 60.594227 49.146481 0.027976 
88.144432 66.842155 68.439247 62.793369 66.668930 0.019782 
85.555435 62.272633 67.797943 74.180550 74.906532 0.000000 
87.026901 58.327206 53.945698 64.228912 74.277534 0.000000 
82.465759 57.049770 63.356998 65.612663 59.975864 0.000000 
78.135750 49.424610 56.841423 58.118580 55.196194 0.000000 
80.515610 55.727722 59.319347 69.858948 64.207191 0.000000 
87.178429 60.571903 49.967491 57.130135 57.543697 0.019782 
85.941132 61.099236 65.919930 74.212364 63.639942 0.019782 
83.495735 51.611073 51.552433 59.210663 51.035583 0.027976 
84.400383 63.154713 65.085922 66.339874 52.330528 0.000000 
85.646484 48.363926 45.733616 58.523930 58.616760 0.000000 
83.776047 47.370075 53.173248 58.927727 70.148270 0.027976 
81.002235 60.993763 63.949799 73.309036 58.467110 0.027976 
93.243156 95.575150 88.388283 90.825485 77.641800 0.000000 
78.179253 48.453308 48.300556 49.896854 57.705711 0.027976 
83.895828 46.814808 46.855785 44.528187 49.903461 0.000000 
83.649338 63.772312 66.598282 69.477791 62.497936 0.019782 
82.104424 61.940990 68.031998 77.196068 67.687386 0.000000 
85.844139 71.055672 70.234215 79.244972 67.572411 0.027976 
88.297012 49.333218 44.162132 50.633572 53.714481 0.027976 
82.541008 45.790680 47.390427 53.292034 54.809803 0.000000 
84.412842 44.000240 48.853901 49.056305 51.310932 0.019782 
88.528465 48.333035 42.181778 53.870842 52.130653 0.027976 
81.634476 58.696606 65.076279 72.122856 64.828804 0.000000 
89.443871 71.538132 75.755409 85.571770 78.649597 0.000000 
80.111176 56.054924 56.289253 59.444725 62.776001 0.019782 
78.305893 50.347645 48.187641 58.167206 52.316040 0.000000 
96.138626 88.623405 73.313354 65.695656 64.595802 0.000000 
88.713715 100.221329 98.747719 85.575394 69.377533 0.019782 
86.527245 88.402847 88.547768 83.993561 71.657433 0.000000 
84.834953 58.993916 61.119640 79.241188 73.232491 0.000000 
84.197800 57.471981 61.253971 67.344170 63.033981 0.000000 
82.796867 44.991802 47.861759 48.830467 52.033886 0.027976 
85.563019 49.699261 51.669296 50.689648 53.583084 0.000000 
85.314636 75.788048 76.929543 77.133423 57.649635 0.019782 
83.363518 51.882420 54.914219 66.666313 52.678020 0.019782 
79.670433 54.835506 54.991344 64.548164 59.080257 0.000000 
85.992218 58.613144 64.938530 70.686996 60.770359 0.019782 
85.517502 48.912590 52.932430 55.393723 46.617588 0.019782 
87.631454 62.775856 59.588001 54.518005 57.321552 0.039565 
88.564720 61.683426 62.840172 67.428268 52.079845 0.000000 
83.871468 46.955750 47.687794 57.881248 55.791485 0.000000 
84.006134 45.193241 43.442642 54.307796 59.343002 0.019782 
85.230278 55.134403 61.060509 62.006565 60.437782 0.000000 
81.593948 59.698830 61.691917 71.110420 69.009636 0.000000 
89.555779 82.945229 90.862053 88.905312 86.157539 0.019782 
79.478180 51.515717 64.220619 70.922188 70.976662 0.019782 
83.097832 48.740490 56.057068 61.675640 60.304596 0.027976 
87.189888 55.630955 53.348526 62.797955 58.600124 0.019782 
85.360725 62.453583 63.391029 69.757523 65.696297 0.027976 
88.322639 54.364185 53.466301 56.178291 53.236355 0.019782 
89.943718 77.529289 78.546669 87.017570 74.192108 0.000000 
86.683029 66.154564 62.492180 57.888474 62.958084 0.000000 
81.604637 69.036415 74.637741 78.463623 70.431175 0.000000 
85.901810 68.096992 78.978638 78.682716 54.565216 0.000000 
85.148125 46.780445 59.003719 59.396755 65.992264 0.019782 
83.806213 49.737457 55.644897 65.071182 59.040401 0.019782 
87.127800 55.102924 60.248318 67.900139 61.858158 0.000000 
85.791916 67.581177 66.243896 67.707375 62.682400 0.000000 
92.860695 93.121231 84.788582 90.229759 78.715790 0.000000 
74.814430 52.840153 61.452637 69.220627 69.159927 0.027976 
84.153763 70.573738 80.957443 85.338463 66.647125 0.000000 
83.288490 64.704292 69.628189 69.970001 66.837166 0.000000 
91.390823 82.642868 81.561157 76.422386 66.579536 0.000000 
93.309631 57.282555 57.548508 59.090763 62.618061 0.000000 
86.386276 54.029449 58.096481 67.577156 57.302990 0.000000 
82.935081 54.845371 51.684467 56.178360 61.075848 0.027976 
83.270172 71.751869 77.905815 80.943382 65.227211 0.027976 
83.192276 58.309856 66.445168 70.220932 56.920940 0.000000 
83.130928 60.593937 54.998116 58.948929 47.957920 0.000000 
81.432175 55.413689 62.679283 64.216301 63.356697 0.000000 
86.873672 85.152832 81.158447 90.103188 70.285622 0.034264 
79.523743 52.756485 56.727837 63.783638 56.984310 0.034264 
81.779724 67.866478 64.434113 69.287361 62.148670 0.019782 
86.055870 50.245205 53.647720 53.243488 50.924961 0.019782 
84.135666 57.021542 63.976452 77.304626 61.194736 0.034264 
85.611084 49.535824 49.843857 56.641235 65.717514 0.000000 
89.414551 60.584797 69.150162 74.206520 62.855976 0.027976 
87.527252 70.514526 63.397388 67.429817 58.095074 0.034264 
81.709274 71.276978 69.944580 78.351021 68.585640 0.000000 
83.353516 63.369167 66.419914 69.098961 59.066517 0.000000 
77.997566 56.044083 62.279869 61.139870 63.163673 0.019782 
78.326889 54.393764 64.693367 66.725922 59.496758 0.044235 
96.508965 99.652489 97.056931 89.766678 73.708054 0.000000 
86.066986 72.197281 72.606735 78.518387 70.960228 0.000000 
85.451424 64.874153 65.185692 64.540871 65.418655 0.019782 
84.394478 67.838058 69.166794 66.411156 67.024055 0.019782 
83.928452 60.813393 59.872791 69.686440 68.052284 0.000000 
87.209015 69.989517 76.289925 80.337280 67.957733 0.027976 
83.514145 54.205307 59.302910 64.408501 56.731213 0.000000 
84.549507 80.343010 78.912460 90.743729 66.575439 0.000000 
84.597626 53.389313 59.371597 54.584248 48.209007 0.019782 
85.124992 64.725578 69.596687 64.482704 59.639664 0.019782 
83.880280 55.626957 63.506565 75.249649 70.833054 0.000000 
83.020119 73.571297 76.797134 74.902687 71.618408 0.000000 
83.658173 53.290291 46.356159 65.319351 63.203671 0.027976 
81.660889 50.423008 52.443260 60.740746 54.048832 0.000000 
81.676025 72.813950 72.175644 81.090828 68.438995 0.000000 
88.836418 64.113914 62.074776 63.147083 55.899239 0.000000 
83.681282 44.409473 44.598454 47.351940 53.007843 0.000000 
85.283104 51.482639 60.392609 61.998463 52.206356 0.019782 
83.765457 75.727959 85.773933 85.989677 78.602936 0.000000 
86.971451 40.770752 41.768471 51.516697 58.354660 0.039565 
80.976181 49.541588 49.683899 55.340351 47.795036 0.000000 
82.942207 46.878807 45.515820 62.799679 57.360542 0.000000 
88.832916 48.378399 54.712887 62.930649 49.127110 0.000000 
83.946159 50.245480 50.977112 53.128834 63.378532 0.000000 
89.836655 49.338978 48.046928 57.191399 48.620377 0.000000 
86.466026 45.572292 40.970608 49.260307 48.059380 0.000000 
82.269882 52.514694 49.356548 63.491169 58.817501 0.000000 
90.611671 88.567818 83.376602 75.116425 68.781860 0.000000 
88.597015 56.382332 51.608299 58.228783 60.263588 0.000000 
84.362366 62.680641 62.042068 57.725586 51.256527 0.000000 
91.671913 98.824707 93.776733 95.158295 80.434875 0.000000 
79.762741 59.108398 69.671013 65.799530 61.785912 0.019782 
85.005775 64.592171 68.425491 73.983276 56.155201 0.000000 
80.011131 49.782139 48.917694 57.562904 54.997711 0.000000 
86.454796 65.159286 77.530792 73.095955 51.216713 0.019782 
82.609550 45.509563 47.884827 51.682545 60.204334 0.000000 
86.212547 64.922333 60.416424 61.696926 52.713814 0.027976 
82.285484 53.524555 55.382645 59.207729 55.164680 0.027976 
94.621506 106.932983 101.815498 91.601677 75.002899 0.027976 
88.292496 48.550194 42.924534 57.971531 58.153309 0.000000 
85.846596 71.097984 64.588829 70.628510 71.388710 0.019782 
78.432526 56.955566 57.918610 54.318073 44.985828 0.000000 
85.863777 53.406586 52.751198 55.426430 57.410728 0.019782 
86.168915 68.656708 70.681938 58.572678 66.323181 0.000000 
81.278763 55.819763 61.060169 66.099289 68.632782 0.000000 
83.236176 45.916416 39.597088 50.776806 48.766033 0.000000 
87.923294 73.791664 81.180992 82.171417 66.190758 0.000000 
89.817223 84.687347 84.116608 76.933266 79.924858 0.027976 
88.768852 59.243267 65.300941 62.853008 59.071377 0.000000 
84.951324 59.097145 60.296291 57.796852 60.698128 0.000000 
80.827339 47.727901 52.945156 49.090244 56.657040 0.000000 
83.581879 79.016922 86.903206 77.285774 65.327789 0.000000 
85.153145 42.325756 47.689362 56.623264 61.535213 0.019782 
85.845390 78.256004 80.415817 72.463570 57.770790 0.000000 
88.040756 45.086136 45.471176 50.448097 50.742638 0.019782 
98.081154 91.095413 91.084969 92.119217 69.098778 0.019782 
83.647835 54.353382 47.356293 54.683548 58.338017 0.000000 
89.217445 76.929008 83.303360 80.449722 79.489151 0.019782 
80.400970 39.510593 49.527134 50.045979 61.522461 0.000000 
83.999718 61.417305 62.415497 63.998711 60.398624 0.000000 
83.311653 56.995342 63.057690 73.230499 64.523148 0.000000 
84.883118 60.648922 63.924503 70.840012 81.553413 0.000000 
87.566650 81.413498 74.093307 75.363762 77.205185 0.019782 
82.913391 52.701263 57.703880 57.576683 68.301270 0.000000 
78.351593 64.999641 63.708736 69.457703 55.533852 0.000000 
86.959000 47.584755 54.773788 53.524075 57.174866 0.000000 
92.330894 71.509041 72.171288 74.865318 67.287933 0.027976 
85.190918 60.229836 66.701080 69.007599 56.614090 0.000000 
84.873169 62.880608 77.232208 82.580452 68.298294 0.000000 
86.833557 76.084000 74.738113 84.515961 68.446175 0.027976 
82.003914 68.112122 72.807709 70.440811 71.235146 0.019782 
84.670563 53.484909 51.544609 55.846218 55.393139 0.039565 
84.611633 53.790550 57.931217 66.167679 56.830364 0.000000 
91.015930 94.976929 94.123863 97.081551 72.989403 0.000000 
87.786652 64.171410 75.486740 86.371918 62.457748 0.019782 
86.938278 60.657120 59.665489 70.235001 56.011776 0.000000 
88.691193 71.881172 74.999123 74.375755 77.968330 0.000000 
93.070068 83.218155 82.975327 84.491859 86.077049 0.034264 
87.563347 66.170815 74.061440 67.641716 52.436058 0.000000 
89.880302 65.701378 66.358398 60.466152 61.710011 0.000000 
89.377228 70.457047 78.042717 80.146599 61.996357 0.000000 
88.429474 57.384613 57.076363 58.977657 46.454647 0.000000 
83.291092 60.678894 62.448185 72.053986 59.105015 0.019782 
87.574165 43.460461 43.519512 59.469498 54.169563 0.034264 
85.503807 52.616226 59.952904 57.532825 57.061703 0.000000 
79.916946 50.799538 51.915520 51.981182 55.984528 0.000000 
87.532997 62.135735 55.743191 61.947552 59.247402 0.000000 
87.267380 90.139999 89.810776 88.168793 65.887627 0.000000 
86.678001 53.445400 54.564327 61.003040 55.462685 0.000000 
87.388992 71.523651 81.036842 86.467690 61.554436 0.000000 
81.521210 52.006771 54.483101 60.031300 55.763947 0.000000 
83.980293 50.333855 45.703011 56.079334 62.588688 0.039565 
90.159332 87.375877 82.784203 82.515015 66.757515 0.000000 
83.598145 43.263878 46.106434 55.358322 58.932434 0.000000 
85.738983 61.352528 57.649033 63.002449 53.868580 0.000000 
87.687607 48.422966 41.265766 54.077690 45.473850 0.019782 
93.775314 96.933136 96.211319 91.167198 77.510567 0.000000 
92.106682 87.992355 87.984795 92.722313 75.899651 0.000000 
83.432350 53.457008 47.653057 52.496037 52.303631 0.000000 
82.994095 75.941399 79.569504 90.319695 73.304100 0.000000 
86.812569 69.873711 66.821304 72.696243 60.404373 0.000000 
88.862701 68.885376 67.516098 74.503136 54.058270 0.034264 
82.671661 44.657410 45.081734 59.195942 54.713856 0.000000 
84.578903 50.382694 55.462231 56.794533 53.433323 0.000000 
89.125587 72.281570 71.526176 81.833092 67.348099 0.000000 
90.633965 62.167904 57.533470 59.568817 46.924789 0.000000 
86.818146 59.556168 60.414616 61.343212 60.137722 0.000000 
84.015930 62.382381 65.728821 77.240372 63.166534 0.000000 
82.461601 56.439220 63.856285 61.574959 55.399338 0.000000 
88.746452 88.172295 82.028770 75.245552 79.970238 0.000000 
81.665764 59.027817 64.235298 66.197701 61.919613 0.000000 
85.636093 59.863354 63.189877 64.829269 64.709824 0.000000 
84.135201 48.744198 51.942928 65.643715 59.114067 0.000000 
86.883949 65.101059 69.330986 71.458588 66.137283 0.034264 
87.069817 46.732143 46.862000 56.993652 58.276363 0.000000 
82.085503 51.110188 49.721848 60.841042 71.407440 0.000000 
88.870117 58.875656 64.106918 68.271103 55.332161 0.000000 
81.949783 55.636112 54.267712 76.640739 61.705025 0.000000 
88.172867 54.713531 53.964638 58.174023 57.558475 0.000000 
83.795418 57.110317 57.726761 64.187531 51.219830 0.000000 
80.910492 60.464890 63.842922 64.492355 54.100739 0.019782 
80.292725 55.028576 50.780304 61.641678 60.917397 0.000000 
86.731583 50.054607 45.316158 50.530785 55.506363 0.027976 
84.400337 78.697533 72.060379 81.525238 64.105690 0.000000 
92.277214 84.920586 89.086754 89.675407 72.635910 0.019782 
83.090866 50.233685 52.655209 60.740120 52.590248 0.000000 
83.613594 52.197964 49.911610 59.383263 57.017509 0.027976 
85.695763 82.480232 71.950035 77.000381 66.438629 0.000000 
81.806190 46.119926 43.061325 48.392685 47.999847 0.000000 
86.683365 47.603302 46.641109 56.826340 48.996918 0.000000 
87.585106 44.627213 45.908466 54.292583 51.134892 0.019782 
88.499519 51.249138 47.737366 50.974960 56.242374 0.034264 
83.889786 55.738510 49.783047 63.203316 50.517315 0.027976 
87.347252 45.954010 50.958965 53.420479 58.080162 0.019782 
85.322411 54.361881 56.485184 67.654053 64.150543 0.000000 
87.260262 54.969337 48.410828 53.392445 57.897408 0.000000 
84.659340 70.652115 60.205578 69.571571 58.531536 0.000000 
85.640633 53.410835 49.866627 51.067768 58.618374 0.000000 
86.516388 54.216629 62.726173 71.256569 70.043571 0.000000 
82.293449 69.120712 61.750084 74.834137 77.599030 0.039565 
78.374001 42.741539 47.166431 54.735348 56.892437 0.000000 
82.583771 44.860233 47.013184 56.439716 58.682373 0.000000 
80.782089 52.245804 60.867924 64.020126 65.922966 0.019782 
86.999580 73.231224 71.693451 80.806320 75.132362 0.000000 
79.095146 39.881840 46.418331 55.433331 60.477463 0.019782 
86.293175 59.942661 64.837807 67.922050 68.904472 0.000000 
82.850624 74.811401 75.282738 66.056282 56.927654 0.000000 
82.258308 59.635807 63.406063 64.291252 56.376720 0.000000 
91.799675 85.300957 78.592751 81.667328 71.188232 0.019782 
82.220711 52.411118 52.010452 51.901772 49.093945 0.000000 
82.189682 56.089462 65.913002 72.821266 71.618668 0.019782 
84.139488 51.607845 51.212704 68.937622 66.346924 0.027976 
79.804520 60.122246 68.213539 80.314735 61.742233 0.000000 
86.552345 51.370403 58.436855 59.528511 58.732548 0.000000 
91.636978 66.392380 66.548096 69.658546 55.292118 0.000000 
90.466087 91.773758 83.508293 77.417992 55.326736 0.000000 
83.723618 51.707176 47.355652 51.264393 56.894173 0.000000 
85.499115 44.904869 47.041862 46.201427 51.644756 0.019782 
85.967415 81.256927 70.153793 75.517708 66.743759 0.000000 
82.051636 51.436382 51.807476 63.487385 61.507908 0.019782 
88.502174 83.589561 85.676270 90.498009 73.013092 0.000000 
84.812614 52.483654 52.546177 55.422066 51.150673 0.000000 
77.907928 52.801094 61.509346 70.601555 64.503410 0.000000 
82.000931 52.187431 51.891003 56.169846 42.418621 0.019782 
85.922546 45.910263 55.574070 63.723824 60.071674 0.000000 
86.935074 59.948910 58.757877 60.964203 61.943497 0.000000 
89.317070 77.969543 71.647530 73.337967 54.562775 0.000000 
86.651207 60.972340 62.185955 65.413406 55.338543 0.027976 
85.329971 57.721004 59.280109 68.360619 65.088005 0.019782 
84.679085 48.862381 53.016262 52.923145 56.093765 0.039565 
87.235199 64.969337 66.818596 67.155327 65.038734 0.000000 
87.956795 76.395393 75.454460 77.231857 77.532860 0.000000 
81.709534 63.590500 71.582199 73.217171 64.376984 0.000000 
83.343506 62.538330 66.429832 60.015751 64.382706 0.000000 
87.057236 65.219322 65.964119 67.296631 74.717392 0.000000 
85.162735 66.457764 76.508812 68.838432 62.073994 0.034264 
88.005005 61.547916 64.470177 64.839027 61.727966 0.000000 
82.034569 47.154552 52.213245 56.276314 61.356617 0.000000 
82.559570 49.524998 41.540936 54.841644 60.370007 0.000000 
83.680626 55.241226 55.433865 55.247795 58.729668 0.000000 
88.536980 47.792850 43.595211 54.341492 54.961716 0.019782 
87.456375 65.756721 63.344219 76.268158 58.345512 0.000000 
82.065903 45.294353 43.369434 46.859566 49.594452 0.000000 
83.735657 50.330502 45.579655 49.857548 47.199528 0.000000 
82.941200 68.929565 69.584991 69.590012 74.323341 0.000000 
81.014229 52.557053 52.767914 61.701344 60.859730 0.000000 
89.203720 81.688828 82.491608 82.131882 61.884087 0.000000 
85.269226 59.147945 66.271614 85.522812 68.193748 0.000000 
86.336861 60.601398 55.684330 60.196838 51.692215 0.000000 
85.083069 63.065647 59.404926 64.062141 57.289398 0.000000 
87.156540 58.316563 61.720974 59.287788 52.022312 0.000000 
84.867485 83.241821 81.286667 85.044777 63.785572 0.000000 
82.075287 51.710602 48.588253 55.537685 57.290722 0.000000 
83.624283 53.115688 62.758564 72.514587 57.429005 0.027976 
92.132690 84.957756 92.584312 89.242569 79.187119 0.044235 
88.228447 50.486313 51.465305 59.720837 57.639240 0.019782 
86.964981 51.576038 52.409069 48.445324 49.329517 0.019782 
85.662697 58.037849 55.143826 60.409130 59.830151 0.000000 
83.794876 63.299118 69.084984 67.019646 53.935844 0.019782 
83.724327 47.444664 51.896748 58.387268 62.669830 0.000000 
90.968872 64.163315 59.969524 56.823914 51.864182 0.000000 
85.496910 63.411022 64.909828 69.032547 56.618416 0.000000 
92.195717 50.605820 45.714367 53.867218 57.538589 0.000000 
80.936378 50.446064 57.512321 68.869789 62.874554 0.000000 
84.843346 57.871407 55.235073 63.544308 53.503136 0.019782 
82.253136 51.128403 54.207905 73.452187 66.814125 0.000000 
91.363174 72.214310 65.931831 72.142723 66.561134 0.000000 
84.563133 51.573299 51.379837 57.268040 57.800884 0.027976 
89.014915 71.122246 73.561249 69.148643 66.365204 0.027976 
83.056572 53.785290 62.612206 60.708797 61.543110 0.019782 
85.552231 76.978195 76.149498 68.952324 69.614128 0.000000 
84.253502 79.320473 78.513702 87.488213 81.658836 0.000000 
87.390793 63.595020 61.544666 65.660889 63.559700 0.000000 
86.947495 76.469719 77.367256 68.734978 57.696709 0.019782 
90.122757 79.030235 84.323685 82.835091 70.895157 0.019782 
88.315506 69.483002 65.969566 64.053619 56.692863 0.000000 
85.318848 55.933067 55.967419 62.352993 43.872681 0.000000 
92.680832 95.595612 88.758049 84.599960 76.501534 0.027976 
83.511398 70.525848 60.569305 70.022942 58.516087 0.039565 
82.765335 58.455517 55.563580 65.917915 57.442436 0.027976 
88.954994 48.912712 46.918709 51.384377 49.690567 0.027976 
83.434372 55.280113 59.493992 68.869499 56.841137 0.000000 
89.717682 85.873077 81.620369 89.069206 75.320808 0.034264 
84.250343 58.819149 66.678360 75.951363 64.991173 0.000000 
84.970062 48.797039 40.512100 53.202309 44.968410 0.000000 
87.518616 72.072441 78.460739 79.957275 59.912468 0.019782 
82.883247 48.162922 47.905506 51.358620 54.434948 0.000000 
82.555077 39.628555 40.682171 45.847240 49.968700 0.034264 
86.940346 55.208813 52.907688 53.328987 48.661613 0.019782 
85.191498 47.326942 43.881603 52.046932 55.795254 0.000000 
82.920609 42.509064 42.216740 55.250389 54.714867 0.000000 
85.558884 62.577225 61.818306 60.906940 71.605759 0.000000 
