0.630428 
0.435850 
0.331544 
0.420882 
0.664318 
0.204303 
0.659955 
0.416980 
0.368917 
0.488166 
0.622510 
0.818559 
0.539983 
0.428046 
0.379029 
0.434625 
0.335830 
0.208448 
0.530227 
0.651434 
0.411101 
0.384575 
0.381756 
0.504136 
0.189119 
0.458111 
0.723583 
0.294587 
0.409872 
0.509746 
0.417745 
0.403502 
0.718916 
0.372385 
0.458003 
0.282020 
0.318540 
0.638846 
0.522314 
0.433479 
0.569770 
0.631327 
0.556884 
0.798964 
0.489937 
0.459021 
0.492995 
0.777323 
0.481325 
0.298633 
