3.563921 
3.545409 
2.285335 
1.663652 
1.692410 
1.670134 
1.535310 
1.379258 
1.333648 
1.324689 
1.989004 
1.443989 
0.775620 
1.751029 
0.797668 
1.128003 
0.709830 
1.286173 
1.270727 
1.815333 
0.818056 
0.934970 
0.679108 
0.760991 
1.672608 
1.499258 
1.131026 
0.757667 
0.756750 
1.007874 
0.768785 
0.815841 
0.926229 
0.628767 
0.482640 
1.449852 
0.907943 
0.723041 
0.752374 
0.623799 
0.856491 
0.677772 
0.939359 
0.810552 
0.723393 
0.915948 
1.578750 
0.463971 
0.556227 
1.331317 
0.614452 
0.713691 
0.658148 
0.834839 
0.785919 
1.204438 
0.767428 
1.408975 
1.083992 
0.526223 
0.767374 
0.344236 
0.799184 
0.695357 
0.786555 
0.682711 
0.493913 
0.601214 
1.342811 
0.384562 
0.342526 
0.925932 
0.841507 
0.808308 
1.186011 
0.679325 
0.316397 
0.887784 
0.636821 
0.750925 
0.707527 
1.367342 
0.573227 
1.041259 
1.043340 
0.818842 
0.621412 
0.606572 
1.025846 
0.639718 
0.738260 
0.483603 
0.651269 
0.820965 
0.565872 
0.656546 
0.714532 
0.760811 
0.754261 
0.914402 
0.788135 
1.025802 
0.986636 
0.629822 
0.873502 
0.769464 
0.576499 
1.327094 
0.928822 
0.851014 
0.759140 
0.570503 
0.698159 
0.852929 
0.554635 
0.965682 
0.568576 
0.300599 
0.423970 
0.909496 
0.564534 
0.440012 
0.647486 
0.575736 
0.581773 
0.649801 
0.656192 
0.829129 
0.713326 
0.464059 
0.439862 
0.709336 
0.566635 
0.981078 
0.519815 
0.512344 
0.557350 
0.965130 
0.682730 
0.485974 
0.478729 
0.798579 
0.704273 
1.032457 
0.818798 
0.543119 
0.822786 
0.683081 
0.555853 
0.603997 
0.493719 
0.939025 
0.803917 
0.499387 
0.407802 
0.728903 
0.379487 
0.421295 
0.516788 
0.933115 
0.599463 
0.527309 
0.700359 
0.575937 
0.970636 
1.119699 
0.930065 
0.710468 
0.599893 
1.011507 
0.740808 
0.924507 
0.934637 
1.291275 
1.643788 
0.856234 
0.526847 
0.649998 
0.439808 
0.752645 
0.714738 
0.807893 
0.467991 
0.547453 
0.751624 
0.543915 
0.589916 
0.917085 
0.701391 
0.708813 
0.512300 
0.600097 
0.686253 
0.626791 
0.402057 
1.057023 
0.745762 
0.877088 
1.073980 
0.331740 
0.972762 
0.836819 
0.747301 
0.724064 
0.565748 
0.679329 
0.873474 
0.779678 
0.626987 
0.574028 
0.595083 
0.549557 
0.574873 
0.736551 
0.606874 
0.272381 
0.675030 
0.312920 
0.756590 
0.673881 
0.697711 
0.584170 
0.450692 
0.659314 
0.836450 
0.541029 
0.568204 
0.599853 
1.276208 
0.857879 
0.739447 
0.407336 
0.450921 
0.762098 
0.841887 
0.540705 
0.565506 
0.672011 
0.380384 
1.227445 
0.716589 
0.563759 
0.739068 
0.615999 
0.851533 
1.242665 
1.142995 
0.755941 
0.816839 
0.166462 
0.633933 
0.744477 
0.646791 
0.754563 
0.765152 
0.951139 
0.667823 
0.678718 
0.757813 
0.511122 
0.626585 
0.950648 
0.556458 
0.948445 
0.503573 
0.960880 
1.181698 
1.187982 
0.545756 
0.896921 
0.672883 
0.734337 
0.662508 
0.598340 
0.526691 
0.670212 
0.796295 
0.688962 
0.629864 
0.781695 
0.500709 
0.631190 
0.552376 
0.706225 
0.261362 
0.650284 
0.328458 
0.859483 
0.979469 
0.445084 
0.405583 
0.551334 
0.532946 
0.254515 
0.520148 
0.601490 
0.985442 
0.899781 
0.744192 
0.477714 
0.463113 
0.645799 
0.781870 
1.053349 
0.446127 
0.709495 
0.465540 
0.393856 
1.118687 
0.516916 
0.516781 
1.100275 
0.903787 
0.125848 
1.067268 
1.027828 
0.871720 
0.908083 
0.853388 
0.619844 
0.474350 
0.472672 
0.590339 
0.480533 
0.418024 
0.738335 
0.831661 
1.043812 
0.589276 
0.746906 
0.650400 
0.759756 
0.166631 
0.426267 
0.517585 
0.386988 
0.714420 
0.614742 
0.577538 
0.731645 
0.728706 
0.300648 
0.590862 
0.533462 
0.535671 
0.772480 
0.549043 
1.103696 
1.063576 
0.284161 
0.581589 
0.713108 
0.775183 
0.408338 
0.598193 
0.514179 
0.916312 
0.522651 
0.331801 
0.235036 
0.854340 
0.549626 
0.482598 
0.592806 
0.557091 
0.333071 
0.623803 
0.565764 
0.554881 
0.349663 
0.941472 
1.357964 
0.853068 
0.310549 
0.432559 
0.638585 
1.009839 
0.437339 
0.314274 
0.391715 
0.881337 
0.644653 
0.596161 
0.467919 
0.705394 
0.489617 
0.474520 
0.743442 
0.530826 
0.978026 
0.944487 
0.444529 
1.153424 
0.558483 
0.936327 
0.531621 
0.302081 
0.847906 
0.446636 
0.749838 
0.366055 
0.598764 
0.417244 
0.628717 
0.549347 
0.595711 
0.611735 
0.321993 
0.888258 
0.486700 
0.558907 
0.435763 
0.297936 
0.767286 
0.688409 
0.520765 
0.835748 
0.526397 
0.694067 
0.524268 
0.309949 
0.849685 
0.599829 
0.708614 
0.636548 
0.573383 
0.786961 
0.426332 
0.599819 
0.677678 
0.800673 
0.665074 
0.673139 
0.682484 
0.330977 
0.756114 
0.438538 
0.467916 
0.629477 
0.448560 
0.703148 
0.428041 
0.442802 
0.578819 
0.459846 
0.919414 
0.688819 
0.524202 
0.341323 
0.486452 
0.360641 
0.594757 
0.745504 
0.453179 
1.153178 
1.005495 
0.716208 
0.690286 
0.437903 
0.480663 
0.535468 
0.857131 
0.486374 
0.459193 
0.804758 
0.562629 
0.614541 
0.441063 
0.441097 
0.449481 
0.370459 
0.518904 
0.352230 
0.729836 
0.615020 
0.970580 
0.347568 
0.607183 
0.922841 
0.578351 
0.623352 
0.693473 
0.524089 
0.812240 
0.637308 
0.893026 
0.336575 
0.729882 
0.481585 
0.370119 
0.679980 
0.521166 
0.522277 
0.375019 
1.124987 
0.745478 
0.892179 
1.045967 
0.913110 
0.569191 
0.435143 
0.553278 
0.546546 
0.480332 
0.592605 
0.870363 
0.475968 
0.528486 
0.336850 
0.864330 
0.642599 
0.471119 
0.594025 
0.428238 
0.667874 
0.631464 
0.608092 
0.697069 
0.442229 
0.393347 
0.976586 
0.482729 
0.875775 
0.821534 
0.884832 
0.498303 
0.815114 
0.406503 
0.461270 
0.790462 
0.503647 
0.526778 
0.458270 
0.665178 
0.351388 
0.391007 
0.394299 
0.593733 
0.568623 
0.343844 
0.543739 
0.517361 
0.444744 
0.557810 
0.679811 
0.542286 
0.565723 
1.000491 
0.239210 
0.897520 
0.680379 
0.633491 
0.350534 
0.649972 
0.692783 
0.389545 
0.536664 
0.450784 
0.503619 
0.466616 
0.701401 
0.789172 
0.670668 
0.432323 
0.379380 
0.569070 
0.829124 
0.450506 
0.348186 
0.494306 
0.588962 
0.556767 
0.508388 
0.513653 
0.670933 
0.579463 
0.773691 
0.312520 
0.775401 
0.646303 
0.594999 
0.434299 
0.788815 
0.478115 
0.546615 
0.798509 
0.710323 
0.599027 
0.670417 
0.515900 
0.483135 
0.727909 
0.247120 
0.175492 
0.573753 
0.539137 
0.603561 
0.397433 
0.761941 
0.778797 
0.438262 
0.494280 
0.535016 
0.640336 
0.462251 
0.464843 
1.017776 
0.625880 
0.664567 
0.815642 
0.638610 
0.822042 
0.459093 
0.447418 
0.588454 
0.663401 
0.867486 
0.501458 
0.314633 
0.504889 
0.824034 
0.278314 
0.702839 
0.440073 
0.850280 
0.738947 
0.477617 
0.532644 
0.769100 
0.538194 
0.587099 
0.450241 
0.477928 
0.443581 
0.361966 
0.810253 
0.647379 
0.709469 
0.483017 
0.247925 
0.668177 
0.621299 
0.679976 
0.802088 
0.516267 
0.653863 
0.600303 
1.007668 
0.833976 
0.449404 
0.307305 
0.455476 
0.451390 
0.629577 
0.393420 
0.713852 
0.376930 
0.264339 
0.439491 
0.583133 
0.501108 
0.724236 
0.518610 
0.454709 
0.363955 
0.526972 
0.717397 
1.234063 
0.338867 
0.529798 
0.653325 
0.527992 
0.567611 
0.441116 
0.272360 
0.656115 
0.723643 
0.576492 
0.480437 
0.536658 
0.509628 
0.518531 
0.609007 
0.325604 
0.510885 
0.620722 
0.751294 
0.677780 
0.764623 
0.555613 
0.727186 
0.548875 
0.353030 
0.247473 
0.595752 
0.297218 
0.771781 
0.392479 
0.395600 
0.798935 
0.342591 
0.849995 
0.589210 
0.432812 
0.571115 
0.231446 
0.529002 
0.746374 
0.408817 
0.637656 
0.561274 
0.515423 
0.578011 
0.501643 
0.778922 
0.363456 
0.694272 
0.644994 
0.610131 
0.585632 
0.635043 
0.659191 
0.739950 
0.297371 
0.594156 
0.513349 
0.330860 
0.430451 
0.500991 
0.606261 
0.387516 
0.652359 
0.388939 
0.903076 
0.641496 
0.490009 
0.672313 
0.624510 
0.306477 
0.546892 
0.318568 
0.404783 
0.650530 
0.849524 
0.710306 
0.643318 
0.542865 
0.438335 
0.370344 
0.445761 
0.430724 
0.834485 
0.822876 
0.586045 
0.382006 
0.691893 
0.287542 
0.690489 
0.535595 
0.693865 
0.493655 
1.220849 
0.776016 
0.429993 
0.295134 
0.590936 
0.255555 
0.514221 
0.378364 
0.235634 
0.263177 
1.224128 
0.415986 
0.861918 
1.066403 
1.032429 
0.208655 
0.993060 
0.595500 
0.461077 
0.315963 
0.640439 
1.005730 
0.692290 
0.671172 
0.897278 
0.311610 
0.539324 
0.740795 
0.492212 
0.440612 
0.422447 
0.344990 
0.369954 
0.344240 
0.709055 
0.570343 
0.741044 
0.831893 
0.550048 
