96.639221 90.341248 90.444611 91.903114 91.199959 0.034264 
94.484245 86.201096 92.939430 88.692223 94.666634 0.000000 
104.772354 92.566109 90.533676 96.345291 92.870430 0.000000 
77.342506 83.383430 81.989037 82.024948 92.084122 0.019782 
85.454651 80.520012 87.073387 87.032623 89.017242 0.019782 
107.205109 72.526947 73.407814 80.523293 85.829399 0.019782 
92.546738 96.459099 90.983704 95.193001 90.784943 0.000000 
78.968842 88.864624 87.375130 93.347893 90.607285 0.000000 
95.074707 98.822716 100.018311 98.170456 103.494171 0.027976 
87.839355 58.000736 67.569992 82.442924 80.350777 0.019782 
88.216949 86.125793 94.867393 91.261620 96.297104 0.000000 
88.572037 92.287819 94.016983 97.131256 94.761833 0.000000 
86.815811 68.212654 85.242798 87.934441 101.143059 0.019782 
99.668777 83.939957 83.896103 87.845650 91.393517 0.000000 
98.606453 77.189972 86.442879 79.537476 91.118332 0.000000 
93.448639 53.280960 60.964394 71.166016 80.323433 0.000000 
89.200531 81.686089 86.707550 84.770294 89.236107 0.000000 
82.233452 79.480988 77.976112 83.081429 81.575104 0.000000 
95.500626 79.794243 82.865524 85.653961 96.515648 0.000000 
91.297348 83.448204 85.665901 86.650871 93.569832 0.019782 
