89.484009 75.022087 68.963600 72.994522 64.921181 0.000000 
92.706070 81.470001 79.484169 78.542366 64.401596 0.000000 
92.106148 75.999405 81.111328 72.346474 53.725441 0.027976 
89.483704 79.383286 79.114235 68.221069 61.654736 0.000000 
88.429283 84.933746 80.778473 85.452385 63.689957 0.000000 
89.078712 84.151146 94.323990 66.776543 48.697151 0.000000 
91.337402 88.221115 84.386261 84.802094 58.052608 0.019782 
89.139694 88.254738 84.566742 74.505669 64.820969 0.000000 
90.589424 72.507980 79.207230 75.973656 55.226170 0.019782 
88.064804 83.926460 93.182526 85.834053 48.185276 0.019782 
89.998444 79.429138 99.376801 86.311760 66.140434 0.000000 
88.449738 83.491028 81.924995 99.731560 53.476269 0.000000 
91.004288 80.661446 82.862984 82.750221 62.241421 0.000000 
98.112694 88.990616 82.715179 79.993645 62.932980 0.000000 
93.499863 73.408783 78.916580 65.010040 59.654816 0.000000 
83.388824 91.164528 101.696976 104.370544 79.363518 0.000000 
91.575615 78.468079 78.003563 86.030479 54.045605 0.019782 
85.535896 70.419510 74.297005 60.268345 62.043400 0.019782 
85.292953 75.502831 62.251766 71.877724 56.404644 0.034264 
88.263992 93.823868 81.630669 89.742226 68.257149 0.027976 
91.111275 90.919853 94.242447 79.341705 55.190033 0.000000 
94.600998 92.334900 78.253105 73.226837 52.983459 0.000000 
85.809319 80.407234 85.640793 80.741356 57.068665 0.000000 
84.065132 79.907074 80.872719 82.245743 58.673378 0.000000 
86.082977 81.217766 82.533722 76.322426 69.908691 0.000000 
87.851158 83.691475 78.541000 66.173645 52.472355 0.000000 
92.180183 79.016937 73.597778 83.380035 61.919476 0.019782 
88.895172 87.592934 90.430779 81.710709 78.428596 0.027976 
91.076759 95.025909 82.253822 80.642174 54.260166 0.000000 
88.801353 84.533165 85.067131 84.520828 66.484482 0.019782 
85.416496 73.495918 77.436256 84.665154 53.513176 0.027976 
90.353691 73.532036 64.958847 68.495186 71.294685 0.000000 
90.398674 85.543274 79.162819 79.873245 54.036400 0.000000 
85.778763 96.700981 106.306183 86.213608 68.915581 0.000000 
93.476471 83.474876 84.370201 83.166252 77.929695 0.019782 
86.542160 94.344414 83.376320 82.737556 59.026836 0.000000 
92.680794 78.663773 69.721710 64.971985 65.010635 0.000000 
95.868179 82.489807 76.577415 86.850868 55.098743 0.000000 
87.977654 77.859680 77.865181 68.169403 66.464005 0.039565 
87.933891 94.342827 84.977203 88.394035 58.238575 0.000000 
80.408691 76.874008 68.817741 64.989479 59.160553 0.000000 
84.326027 88.689041 91.225471 80.294640 45.898060 0.000000 
85.439606 86.996796 86.508461 89.305016 66.022995 0.027976 
87.109543 87.068375 89.362854 84.531815 58.459000 0.019782 
90.690010 73.650169 73.219490 76.709114 47.380341 0.000000 
93.410446 75.866310 70.929260 65.595535 63.020916 0.019782 
88.339546 85.712830 76.101418 67.211212 63.727551 0.000000 
83.226006 67.778961 74.448257 80.240433 74.994598 0.019782 
87.435005 81.640686 72.010742 81.092026 69.617310 0.000000 
86.869202 89.830452 91.969833 82.012108 70.667976 0.000000 
