3.838753 
3.850277 
3.838393 
3.850850 
3.844577 
3.795548 
4.236639 
3.881390 
3.847944 
3.925072 
3.865898 
3.883221 
3.885488 
3.883873 
3.914649 
3.874691 
3.853241 
3.885758 
3.849699 
3.863926 
3.838228 
3.763905 
3.870872 
3.855948 
3.855118 
3.859324 
3.852342 
3.845860 
3.822277 
3.820912 
3.756415 
3.806905 
3.864625 
3.837146 
3.828596 
3.877202 
3.885163 
3.866433 
3.853992 
3.839940 
3.814718 
3.913153 
3.886895 
3.860741 
3.827003 
3.834069 
3.901805 
3.696903 
3.908172 
3.734413 
3.916286 
3.830277 
3.764771 
3.786169 
3.911053 
3.890568 
3.787967 
3.907048 
3.889383 
3.805107 
3.986006 
3.456418 
3.562658 
3.078907 
68.566628 
2.801833 
2.940877 
3.169006 
3.518317 
3.602363 
3.580335 
3.662196 
3.714407 
3.790568 
3.762613 
3.753033 
3.770049 
3.564161 
3.583913 
3.711290 
2.903366 
2.978542 
2.711997 
2.587774 
3.168204 
2.755462 
2.074348 
2.583442 
2.472780 
2.479207 
2.376364 
2.281926 
2.061469 
2.328743 
2.116502 
1.713262 
2.758699 
2.067321 
2.366173 
1.926205 
2.132725 
2.315496 
2.866765 
2.539302 
2.509712 
3.256089 
2.182986 
1.996246 
2.107406 
2.411061 
1.988113 
1.827358 
2.131607 
2.903809 
2.669589 
2.081058 
1.843142 
2.892058 
1.885541 
2.416953 
2.409370 
2.185212 
2.560783 
1.934833 
1.825549 
2.062400 
2.163375 
1.975480 
2.133455 
1.618323 
1.926104 
2.363926 
2.226770 
1.989310 
1.739342 
1.920582 
2.408447 
1.955279 
1.880592 
1.629372 
1.901739 
1.910117 
1.905641 
1.986116 
2.337198 
1.676809 
1.974413 
1.814877 
1.520758 
1.608390 
2.147007 
2.084412 
2.074832 
1.685365 
1.894453 
1.705081 
1.147226 
1.562454 
1.520944 
1.756026 
1.757230 
1.559914 
1.381998 
1.728438 
1.752413 
1.365264 
1.580577 
1.387831 
1.659132 
1.526599 
1.532790 
1.803422 
1.754954 
1.652188 
1.426782 
1.719623 
2.043524 
1.510424 
1.422746 
1.298115 
1.966269 
1.663011 
1.176485 
1.798719 
1.324556 
1.693022 
1.559684 
1.256993 
1.612201 
1.594692 
1.484334 
1.427369 
1.556737 
1.295122 
1.135014 
1.464972 
1.202457 
1.374717 
1.469009 
1.131394 
