5763.274902 4425.760742 3756.900146 3147.107910 263601.343750 
7505.339355 5929.270020 5746.133301 4794.162598 383806.937500 
5983.360840 5357.729004 4324.760254 4108.775391 295296.250000 
6718.787109 4888.207520 4092.532959 4489.096191 318223.437500 
5534.532715 4495.380859 4217.981934 3714.806396 248520.750000 
6790.437988 5027.584961 4710.167480 3711.784912 278691.843750 
6414.928223 4514.321289 4711.082031 3376.735352 417565.375000 
6281.632812 4736.679688 4545.186523 3785.173828 325252.656250 
7032.470215 5846.891113 5067.068359 4405.234375 356450.031250 
7095.284668 5263.412109 5235.171387 4126.073730 367470.531250 
5574.446289 4398.770508 3417.455078 2957.318604 310314.875000 
6368.573730 4738.930176 5112.915527 5669.275879 348504.437500 
7671.263184 5736.667480 4866.497070 3355.875244 386667.187500 
6815.898926 5619.978516 4959.766113 3959.483887 292268.781250 
6798.111328 5767.016113 4714.264160 3456.375977 342165.593750 
5427.885742 4941.820312 5142.580078 7567.030273 590759.500000 
5695.615234 4216.857910 4271.767090 2918.927002 312529.593750 
8457.649414 5430.776367 5533.412109 5202.483398 428407.812500 
6752.941895 5236.226074 4702.047852 4314.298340 311298.062500 
7286.505371 6000.685059 6097.144531 5204.929199 336007.031250 
6441.545410 4351.083984 4226.274414 4296.084961 294459.656250 
6803.030273 5441.736816 4516.099121 3654.854248 391778.500000 
6876.828125 4614.854980 4819.925293 4422.078613 306963.625000 
7960.669922 6596.111328 5871.482910 7209.001465 426186.625000 
6444.082031 5249.284180 4934.137695 3497.309814 320143.937500 
6168.314941 4979.222656 4305.911621 4006.155273 367728.093750 
6409.986816 4856.245605 4569.089355 3714.962158 272794.093750 
6610.072754 4902.311523 4229.231934 4079.543945 268909.781250 
6014.098633 4557.789062 3626.859863 3527.108643 274217.156250 
6964.469727 5596.644043 4771.683105 4272.586914 397557.875000 
5041.762695 4406.805664 4213.173828 3345.523926 278374.093750 
6010.725586 4716.356445 4254.879883 3834.760742 401386.812500 
7189.734863 6107.730469 5242.945801 3992.354980 389102.750000 
7581.180664 6027.390137 5779.292969 5115.356445 367872.468750 
5251.265137 3979.374512 3578.804443 3179.794678 275832.031250 
7594.573730 5605.364258 5114.323242 3470.905762 365887.218750 
7015.023438 5538.719727 5201.056152 4651.925293 322137.250000 
7329.295410 5787.682617 6565.667969 5899.260254 360226.656250 
6264.373535 4729.325195 4424.403320 5424.220215 281996.843750 
6739.313477 5125.029297 4892.827148 4015.537842 291979.562500 
5881.198730 4692.425781 4331.398438 4655.845703 282096.343750 
6446.954590 4695.060059 4517.182129 3550.194336 319613.562500 
6499.104980 5386.582520 4602.517578 3837.723145 282154.000000 
6325.876465 4709.574707 4393.805664 4437.524414 267075.781250 
5414.834961 4022.854492 4028.819824 3549.592529 269158.312500 
6843.551758 5122.925781 5675.387207 5139.624023 276869.031250 
6839.457520 5001.420898 4416.215332 3953.285400 419395.843750 
6384.047852 5039.052246 5073.876465 4476.834473 441066.968750 
6865.024902 5131.974609 3958.542236 3832.828613 363563.218750 
5794.369629 4019.869385 3893.272217 2889.181885 203441.500000 
