0.616023 
1.016311 
0.371565 
0.575579 
1.125944 
0.278989 
0.509712 
0.413538 
0.794333 
0.681206 
0.721182 
0.408628 
0.365542 
0.696052 
0.521510 
0.461690 
0.353775 
0.472055 
0.503375 
0.856414 
0.875750 
1.494548 
0.339930 
0.436545 
0.833792 
0.641993 
0.873681 
0.507350 
0.478579 
0.486390 
0.569749 
0.296796 
0.676196 
0.498833 
0.413945 
0.847903 
0.630569 
0.878597 
0.721278 
0.507198 
0.735528 
0.864483 
1.009295 
0.600823 
0.932980 
0.552437 
0.717960 
0.298840 
0.537354 
0.730182 
