3.809869 
3.861111 
3.849709 
3.790475 
3.841234 
3.797725 
3.828869 
3.848022 
3.834659 
3.824613 
3.827140 
3.833699 
3.846862 
3.846503 
3.812073 
3.849415 
3.821891 
3.819839 
3.828797 
3.829378 
3.831903 
3.861456 
3.855397 
3.816513 
3.832498 
3.836411 
3.797285 
3.849692 
3.841469 
3.814073 
3.836337 
3.799865 
3.851890 
3.845856 
3.843296 
3.840146 
3.841867 
3.853373 
3.847657 
3.828781 
3.845368 
3.807167 
3.819784 
3.862110 
3.808710 
3.824184 
3.876790 
3.791544 
3.875589 
3.828575 
3.786492 
3.806556 
3.834769 
3.864249 
3.816960 
3.890175 
3.839294 
3.828415 
3.789877 
3.786449 
3.803094 
3.863433 
3.797110 
3.810944 
3.850870 
3.842098 
3.838288 
3.847080 
3.864001 
3.913418 
3.764416 
3.382873 
3.802100 
3.726555 
3.792878 
3.691808 
3.424897 
3.695539 
3.785238 
3.684674 
3.842108 
3.489722 
3.259718 
2.987256 
3.420316 
3.200153 
2.714106 
3.585106 
3.265645 
3.058540 
1.798692 
3.030461 
2.839738 
3.287987 
2.353457 
1.923836 
2.605294 
3.032730 
3.251324 
2.017163 
2.248145 
2.875317 
2.542997 
2.455940 
3.238103 
2.253891 
2.696002 
2.398928 
2.176713 
2.728090 
2.497335 
2.139167 
2.098708 
2.007576 
1.802132 
1.978244 
2.167870 
1.903186 
1.928983 
2.067217 
2.235943 
1.939752 
2.779749 
2.210446 
2.041889 
2.226911 
2.459009 
2.249509 
1.849096 
1.700508 
1.500942 
2.060469 
1.990237 
1.981530 
1.692589 
2.291796 
2.267711 
2.129710 
1.986704 
1.643892 
1.880963 
2.017825 
2.023263 
2.018727 
1.946651 
1.987093 
1.947179 
1.465016 
2.138971 
1.802405 
1.723371 
1.755968 
1.795450 
1.971417 
1.948825 
1.814098 
1.411373 
1.809592 
1.821877 
1.847735 
1.991361 
1.791546 
1.499435 
1.903934 
1.851376 
1.778459 
1.788744 
1.899784 
1.978096 
1.875113 
1.665944 
1.751085 
2.076967 
1.961918 
1.736084 
1.738869 
1.985171 
1.766398 
1.952816 
1.783535 
1.895932 
1.827830 
1.896790 
1.933840 
1.781293 
8806147072.000000 
1.823798 
1.831764 
1.754351 
1.689519 
2.153736 
1.761216 
1.867092 
1.589441 
1.859242 
1.800715 
1.924858 
1.818946 
1.888942 
1.546302 
1.883921 
1.923124 
1.901599 
1.805375 
1.428929 
1.751376 
1.892362 
1.953126 
1.728008 
1.775123 
1.725918 
2.000435 
2.163306 
1.755018 
1.517460 
1.606581 
1.794301 
1.490046 
1.834116 
1.915026 
1.767675 
1.591720 
1.615750 
1.982839 
1.697835 
1.945155 
1.823637 
1.812868 
1.896076 
1.786081 
2.058188 
1.591184 
1.499387 
1.717349 
2.019216 
1.481747 
1.925726 
1.875206 
1.837521 
2.280381 
1.991270 
1.819627 
1.975414 
1.550592 
1.930479 
1.770125 
2.097372 
1.934076 
1.903738 
1.420073 
2.329506 
1.882000 
2.150996 
1.700518 
1.973619 
1.727928 
1.795080 
1.524090 
1.764972 
1.436396 
1.809408 
1.787429 
1.550719 
1.933329 
1.881945 
1.925896 
1.737489 
1.813450 
1.895969 
1.840747 
1.852576 
1.494274 
1.840768 
1.971910 
1.811182 
1.876467 
1.846500 
1.877591 
1.754798 
1.909606 
1.830790 
1.489202 
1.781724 
1.828308 
1.674147 
1.626654 
1.678694 
1.962567 
1.805540 
1.889220 
1.655020 
1.830300 
1.823536 
1.538195 
1.751345 
1.347803 
1.951690 
2.004441 
1.893250 
1.842334 
1.776088 
1.777661 
1.853276 
1.767139 
1.747880 
1.778878 
1.787363 
1.744227 
2.039495 
1.830869 
1.805809 
1.776896 
2.162863 
1.665685 
1.638754 
2.021500 
1.488314 
1.954056 
1.796992 
1.912743 
1.880635 
1.867720 
1.896949 
1.779544 
1.406682 
1.818438 
1.859910 
1.869649 
1.772085 
1.982052 
1.982634 
1.972590 
1.560144 
1.659398 
1.840940 
1.876183 
1.499257 
1.735874 
1.900907 
1.805621 
1.763939 
1.239363 
1.853390 
1.854105 
1.982370 
1.783969 
1.932513 
1.753860 
1.897683 
1.484062 
1.765071 
2.081991 
1.832149 
1.870150 
1.639526 
1.906308 
1.874148 
1.477881 
1.974203 
1.637896 
1.881180 
1.845050 
2.038708 
1.911246 
1.952098 
1.713664 
1.911623 
1.782715 
1.909726 
1.744894 
1.512276 
1.798055 
1.810919 
1.330474 
1.903901 
1.872392 
1.785492 
1.708666 
1.786705 
1.667963 
1.825747 
1.805811 
1.381455 
1.908876 
1.860640 
1.767927 
1.860907 
2.011925 
1.843562 
1.986850 
1.763687 
1.862633 
1.900314 
1.788404 
1.753147 
1.885508 
1.910798 
1.577721 
1.481886 
1.697556 
1.844695 
1.968624 
1.826348 
1.821108 
1.911068 
1.935565 
1.854012 
1.595132 
1.822127 
1.751691 
1.719206 
1.575271 
1.868139 
1.946353 
1.504731 
1.689056 
2.062376 
2.028944 
1.767320 
1.866369 
1.669790 
1.728774 
1.647770 
1.871364 
1.831674 
1.426589 
2.036838 
1.903582 
1.802193 
1.737894 
1.377985 
1.781905 
1.886633 
1.433965 
1.728444 
1.834368 
1.820519 
1.588022 
1.891953 
1.787494 
1.830547 
1.771485 
2.072163 
1.764104 
1.473005 
1.678459 
1.875144 
1.753195 
1.694388 
1.957676 
1.786644 
1.901575 
1.832401 
1.590009 
1.939170 
1.655992 
1.816979 
1.844009 
1.433150 
1.854437 
1.836968 
1.798381 
1.859933 
1.647893 
1.627340 
1.495909 
1.701726 
1.906698 
1.833821 
2.201764 
1.834003 
2.024249 
1.844387 
1.870823 
1.749919 
1.833121 
1.965063 
1.907178 
1.980965 
1.789125 
1.751467 
1.850402 
1.476660 
1.927453 
1.827074 
1.933288 
1.927193 
1.709290 
2.115150 
1.370174 
2.111712 
1.913918 
1.970885 
2.136231 
1.930827 
1.759410 
1.760009 
1.437634 
1.498916 
1.920193 
