88.924995 74.402245 61.239201 63.147129 39.777668 0.034264 
90.843491 85.462051 89.180397 81.572586 44.734344 0.000000 
85.319206 89.821136 71.132622 76.076378 50.247421 0.000000 
91.174683 81.218102 79.751213 70.726456 41.600189 0.000000 
87.288544 80.838989 69.593216 66.935059 34.094589 0.000000 
88.720749 91.148132 79.927147 68.263809 41.826164 0.000000 
92.610550 83.288490 68.438034 72.656410 38.753384 0.000000 
88.464172 79.646439 87.025642 61.970505 51.183064 0.027976 
91.080734 82.076561 73.128075 59.022163 33.008183 0.027976 
89.614487 91.974236 84.294075 78.166138 47.543259 0.027976 
91.361313 79.197693 72.233551 77.122574 54.619102 0.019782 
94.564995 78.416588 72.023140 69.155716 41.494907 0.000000 
94.593803 81.364685 75.759979 69.666443 45.399815 0.019782 
89.475052 82.059952 68.777855 64.401123 46.799965 0.000000 
93.506622 87.638367 72.410957 71.229706 53.239132 0.000000 
92.562553 80.061134 84.684219 85.539696 71.205002 0.019782 
92.484909 90.121017 82.468895 64.098801 42.207516 0.000000 
88.662521 67.534027 65.918938 68.896362 42.465202 0.000000 
87.886131 84.400955 82.653320 66.322449 46.603745 0.000000 
91.563866 72.322807 72.817970 58.114944 37.341499 0.019782 
93.564590 84.130882 76.457191 76.365883 44.877399 0.000000 
89.427063 86.461975 87.178314 73.053047 47.862514 0.000000 
91.258698 77.510391 67.034622 62.647926 46.187145 0.019782 
98.150887 82.771019 75.398529 64.290428 39.155518 0.000000 
93.761711 76.732140 93.458435 84.078743 55.854446 0.000000 
88.411720 79.920403 79.876823 67.363037 34.386711 0.000000 
87.402687 79.916695 72.389854 71.150291 52.060543 0.000000 
85.271812 91.686707 88.591469 79.193863 46.973103 0.000000 
79.940811 78.552605 90.166069 70.014221 44.127537 0.000000 
91.387619 78.283356 79.308586 66.445236 59.994835 0.000000 
86.155937 72.586929 60.886745 59.923195 51.943405 0.000000 
86.455025 68.869705 74.623848 58.183006 40.067520 0.000000 
94.451996 89.816940 73.087341 72.900833 42.712357 0.027976 
92.167473 85.294853 78.706696 63.571495 44.199558 0.027976 
100.203049 88.832970 76.768600 80.590767 57.206486 0.000000 
88.485786 84.341187 85.145538 70.434807 44.845516 0.000000 
87.269188 75.733826 74.962502 71.323013 44.870415 0.027976 
90.609489 85.505531 81.879250 67.293587 46.803802 0.000000 
92.347786 78.985176 82.271400 77.287254 54.782471 0.000000 
87.588158 78.360535 74.032303 66.903496 44.497017 0.000000 
85.911766 81.868721 73.347939 80.939865 47.986179 0.027976 
89.274574 87.308632 82.297325 66.007118 53.731213 0.000000 
91.772133 84.837990 83.096161 60.992508 68.486572 0.019782 
89.038986 81.110229 73.787476 59.188961 45.842533 0.019782 
86.047501 81.099937 68.278641 63.201611 39.232334 0.000000 
86.316444 88.810631 81.766327 71.478294 65.305504 0.000000 
84.921211 74.722015 65.893440 66.983513 41.978703 0.000000 
91.203529 75.000725 71.410316 60.015347 45.091438 0.000000 
89.678581 87.750320 95.165909 88.295799 67.093887 0.000000 
92.220261 85.887955 69.219864 78.156975 50.071262 0.000000 
