2556.538574 1935.759277 1369.912231 1010.121704 603967.687500 
3884.621582 2279.607422 1465.883789 1186.161865 487857.906250 
3967.855225 1702.417358 1427.646240 1141.127808 449867.968750 
4646.970703 2024.073853 1238.443726 1034.281250 500715.875000 
3180.859863 1678.560059 1248.734375 1010.667236 396165.906250 
5068.023926 1706.885010 1826.863892 1098.225464 417988.781250 
4266.337402 1573.127075 1091.917236 799.711914 345292.250000 
7409.598633 2173.366211 1202.812012 1068.415039 362720.437500 
3445.959717 2251.524414 1485.668701 1587.150269 605906.437500 
4655.626953 1902.712280 1431.072632 970.600525 449049.437500 
4738.246582 1837.697144 1232.006470 1189.664429 453950.343750 
3782.729980 1440.601318 1205.234741 876.996948 470892.406250 
4468.846680 1909.227051 1441.266235 1083.842529 475492.656250 
3700.784424 1483.761353 927.287903 625.250488 228234.921875 
4792.489258 1554.635620 1147.081177 1236.425659 432739.281250 
2531.632568 1549.428223 953.802307 570.655518 235044.281250 
4281.459473 2748.379639 2352.946533 1865.340698 413962.875000 
2868.070557 1413.006348 1220.944824 994.107605 436812.406250 
3131.646240 1531.230103 1051.687622 763.303162 368089.343750 
3542.066406 1938.575684 1550.282837 1157.884521 500271.531250 
