1779.474609 603.469055 217.014465 191.047165 83.068008 
25015.070312 11341.892578 9617.091797 9772.472656 93321.265625 
27579.572266 5732.221191 4590.553711 3707.697998 350065.718750 
23139.322266 3318.418701 2322.343506 1772.085815 446966.031250 
33338.191406 4110.330078 2416.585205 1499.655029 593538.000000 
18279.765625 2069.000488 1228.374146 963.952515 660688.062500 
50620.968750 7878.753906 4804.879395 3228.348877 1698594.500000 
23313.095703 2861.979004 2084.841064 1080.361328 900441.812500 
29801.134766 3410.918945 2578.960449 1952.071289 1321725.250000 
45037.042969 6786.487793 5164.560547 4879.555176 2409370.250000 
12433.361328 3842.622314 2939.599121 3110.058105 894489.250000 
9047.598633 1983.055664 1846.183960 1214.698120 808349.625000 
8022.913086 1877.668579 1291.234985 1008.476624 1040601.000000 
18113.509766 2555.558838 1819.274536 1048.404663 950909.812500 
9104.613281 1877.318481 1475.338013 1128.560303 780169.562500 
3675.759277 749.198303 587.427917 423.513000 559054.875000 
6053.462402 1230.495972 588.495117 304.899139 500751.031250 
12062.129883 2464.014893 1920.960693 991.842224 1001199.812500 
2366.603760 669.377869 488.064758 288.856506 403268.562500 
12839.378906 3514.016113 2228.313965 1362.818115 818015.812500 
4144.759277 942.895752 772.395569 646.609375 313477.937500 
3982.458008 1312.412231 787.900696 809.087830 495441.656250 
4781.006348 1651.550293 1080.121582 976.248047 474093.781250 
3135.709961 1104.905029 930.058960 737.491333 323127.156250 
4025.193848 1359.517822 1233.438232 1069.109985 266867.531250 
1955.466187 1292.021851 904.880737 916.522156 140146.000000 
2888.107422 1064.541260 955.571716 708.579346 157810.281250 
1980.752808 949.359131 894.502808 931.740295 137801.593750 
3446.136719 1359.550659 1076.015381 800.287231 164650.578125 
2623.781982 1417.184570 1175.833496 1073.276245 155661.453125 
2222.213623 1239.923706 1198.774414 1109.710938 97094.125000 
2432.180176 1768.957031 1454.458740 1048.534912 118057.570312 
2385.585938 1782.020508 1698.583740 1401.101440 88081.359375 
2788.479736 1990.154541 1818.195557 1569.744019 89702.953125 
1785.401611 1403.017700 1218.314697 1106.566528 63331.113281 
2108.615479 1434.067139 1360.040771 1274.829712 87058.687500 
1597.709839 1219.387329 1126.689575 802.649841 62290.246094 
1885.325439 1334.653198 1306.001953 1206.716431 93448.015625 
1672.925903 1054.385254 1082.610474 768.046082 73942.367188 
1486.264526 862.851501 820.374146 483.049774 76662.671875 
1693.378174 962.176392 866.049927 826.735779 76144.117188 
1689.829224 1092.744507 924.092468 742.244568 85177.406250 
1665.666748 901.892456 722.334839 664.484009 83886.562500 
1459.810181 913.726807 739.493347 715.118958 65396.996094 
1584.329956 815.411987 746.364868 797.652405 95639.203125 
2043.299805 727.906372 681.967285 584.267456 102798.570312 
1382.623901 674.998108 656.163574 523.038086 118616.843750 
1261.158569 607.372925 467.606964 380.542328 127980.414062 
1296.976074 514.134155 403.940857 304.935425 125095.125000 
1184.250244 588.763733 643.229248 536.796875 92498.101562 
1783.093872 696.526611 610.237061 519.739014 117017.132812 
1734.319458 777.107727 632.064819 471.170197 128798.710938 
1826.536865 845.002319 630.739807 501.419281 110621.851562 
2020.684326 872.543274 757.403320 494.365234 133069.250000 
1747.114014 942.458069 797.128906 646.037964 155849.250000 
1889.828735 1099.416870 877.624817 631.540344 158751.203125 
2562.828369 1380.259521 1201.824463 1072.284180 195661.781250 
2857.124756 1405.924683 1230.858643 901.886963 199138.765625 
2626.130371 1482.740845 1421.015381 1568.269287 158059.218750 
2825.653320 1784.975098 1823.231079 1226.374268 220607.031250 
3594.505615 2592.615967 2221.348389 1594.444214 238808.375000 
3359.108154 1785.156250 2204.163574 1728.733521 159889.125000 
1946.010132 1440.870850 1089.998047 912.439148 155751.265625 
2580.060059 1338.634888 1289.279907 1061.009644 138211.921875 
1416.820068 738.201782 491.337402 429.204102 130619.531250 
1931.307861 871.975891 636.968079 386.112213 147136.109375 
1391.122314 580.957886 497.154297 350.732422 141873.593750 
1294.317993 484.764923 374.502747 289.284943 165405.031250 
1480.717163 538.254578 394.658752 346.916779 109171.437500 
1154.217041 460.607697 389.376984 320.629608 151416.015625 
779.324036 442.204132 424.665131 211.339478 113870.820312 
1268.936523 493.482239 431.358124 331.578796 212724.140625 
978.003540 344.958099 263.066223 228.650681 104130.531250 
809.653137 313.834351 276.575409 195.191101 114211.367188 
2188.571289 498.974792 315.599884 267.341980 98716.203125 
1514.937866 592.610901 455.110321 510.309570 114661.617188 
1135.123169 487.234009 425.205902 272.430298 106097.835938 
1362.238037 651.203125 446.137329 355.601074 122318.875000 
1296.091431 642.226379 532.080811 452.881378 134401.359375 
1553.611450 853.019348 915.477600 710.535645 113757.218750 
2243.812988 1301.401245 901.854004 696.002991 113420.929688 
2434.702148 1434.005371 1406.502075 1147.787476 144483.015625 
2637.177246 1858.702026 2171.502686 1772.727905 180696.859375 
3531.760254 2215.751953 1910.470703 1549.962280 223192.515625 
3371.520508 2696.227783 2267.901855 1414.808838 131615.906250 
2991.522461 2053.358154 1680.724731 1325.337280 123724.195312 
2029.156738 1446.559937 1740.888306 1178.029663 200593.765625 
2056.707764 1375.153687 1079.173218 979.644714 131940.468750 
1443.679077 912.747314 809.672180 793.070007 108179.960938 
1768.815552 1050.439697 1031.428955 851.164307 152834.609375 
1242.676514 648.827332 535.932739 397.323364 186965.656250 
1184.871460 546.334656 410.671204 266.004578 138924.515625 
1599.106567 476.434906 435.502411 241.981323 131919.296875 
1036.797363 425.741058 370.683380 291.795929 102014.171875 
1150.261230 540.554321 395.956696 225.034500 180207.812500 
947.841980 324.980164 197.399445 151.662170 108067.414062 
688.188477 307.869781 205.530502 152.506378 93968.140625 
1224.636353 612.877380 448.608154 331.631104 93412.234375 
782.789673 454.900299 345.647827 298.486176 81611.804688 
1391.295898 771.844360 690.156616 630.743164 126569.812500 
1383.754028 791.276062 707.814514 606.642883 83734.304688 
1521.276123 1118.565918 984.294495 907.927185 95712.476562 
2199.444824 1577.027344 1456.637817 1282.716064 90806.820312 
2520.057617 2140.524414 1601.557373 1789.610107 111649.773438 
3614.260498 2819.621094 3101.575684 2589.913086 139482.718750 
3927.732910 2982.342041 2521.674316 1928.127563 156754.078125 
5474.401367 3965.619873 3258.276367 2833.887207 245828.437500 
5741.285645 3341.399902 3060.534180 2565.464111 250491.671875 
3964.986084 2314.669678 2139.975342 2046.551758 216969.031250 
4026.447754 1981.717285 1679.003906 1248.406860 236962.437500 
3244.913574 1686.701904 1307.566772 1066.154663 223604.125000 
2687.610352 2640.074951 1553.526978 1117.619507 278447.062500 
1922.555420 1168.866577 1060.347412 767.311707 205257.937500 
2221.200439 1264.471924 1003.965881 1042.723022 268167.843750 
2197.452393 1326.762451 1222.138062 966.442261 190631.031250 
3226.806396 1894.827637 1273.934204 927.846863 294505.093750 
3118.772461 1244.941895 808.194092 596.568970 314522.437500 
4790.006836 1268.529663 1015.512024 965.667786 262197.500000 
2893.365723 2104.168457 2057.965332 1812.919189 380809.812500 
5261.884766 2875.458252 2358.058105 2037.293091 368781.031250 
6050.591309 4042.161865 3312.942627 3153.907959 227846.828125 
7841.958496 5497.450195 6229.718750 4605.737793 264325.093750 
7560.145508 6999.641113 6725.615234 6067.889648 138685.546875 
9363.190430 9120.249023 7938.202148 6161.062988 133749.375000 
7436.983398 7014.255371 7102.689941 6985.139648 107057.328125 
4762.092773 4591.430176 4037.784912 3565.331787 63349.156250 
2716.794189 2212.064453 2074.261963 2068.300537 51549.917969 
1613.273315 1102.015869 1070.137939 838.527344 41180.812500 
987.505737 684.230164 623.936035 413.161163 46402.949219 
744.525757 574.070618 500.178192 449.799408 45160.230469 
717.498840 480.685944 424.229340 289.941223 55168.257812 
595.615112 361.306000 331.460358 320.302917 60396.585938 
482.038269 275.339935 216.069214 190.777328 56268.781250 
487.170258 326.325989 293.847046 307.282135 65649.796875 
504.431335 223.953506 208.949203 180.843887 68046.992188 
438.511810 211.409637 170.227692 174.377014 51903.554688 
618.549683 254.562332 189.589584 138.505524 48285.320312 
448.570831 369.837189 223.012787 147.061264 44371.910156 
709.494263 377.297913 350.886200 426.622894 62551.988281 
636.433899 286.924255 200.650635 243.568909 77643.468750 
520.811340 298.145935 190.674179 179.923004 65726.656250 
599.882507 423.606110 654.911194 752.692993 68684.992188 
627.770508 423.368256 338.272766 227.237823 43839.039062 
685.354858 425.483002 330.996796 433.257965 52449.765625 
982.867126 838.811157 677.640381 598.169067 69299.601562 
861.573547 612.636597 469.825592 496.371918 46816.449219 
1106.546753 835.787964 897.891846 710.663879 58715.421875 
1352.379639 1040.108276 904.217041 838.559387 73750.382812 
1276.062988 1050.979126 862.571960 932.359070 46739.437500 
2017.975830 1559.652710 1275.054443 1103.515991 65412.113281 
2655.404541 2152.436279 1702.573486 1406.651123 69703.445312 
3790.523926 3069.428467 2571.491943 1977.096191 103024.343750 
4515.616211 3713.196777 3795.045410 4206.264648 107350.242188 
5025.581543 4699.473145 4578.044434 4023.873047 89292.523438 
5886.957031 5369.697754 4705.336914 4877.798828 121957.570312 
8312.648438 6943.049805 6747.604980 6015.251465 165721.718750 
7100.771484 5150.197754 5894.213379 4391.548828 256174.937500 
7235.354980 5081.031738 5740.219727 3924.544678 298943.781250 
6094.024414 5428.609863 5329.303223 4330.784180 243933.640625 
5292.111816 3333.153320 2604.503174 2521.976562 261336.718750 
3761.192139 2652.393311 2465.320068 1937.932373 225851.218750 
3600.222900 2411.102051 2311.151123 1399.813477 298376.125000 
3003.128906 1517.222900 1261.339355 965.582886 418152.875000 
1788.950806 795.686768 652.765747 474.475861 217904.390625 
1302.380493 676.520813 411.838715 322.293823 175205.406250 
1971.500000 615.431091 399.905548 261.489319 319825.593750 
878.753235 275.168121 196.779694 110.782280 194414.625000 
1276.367920 311.979950 248.557465 155.322067 221852.671875 
1367.845947 268.313232 169.087112 119.303627 163368.000000 
2447.990234 665.830200 558.359619 371.558838 290935.468750 
1099.444214 458.693451 291.039093 187.305161 162962.562500 
749.220642 166.879410 81.137253 49.846313 95683.625000 
1689.928955 267.178131 149.378891 101.187622 119469.132812 
1387.135132 403.475922 348.308563 201.640244 158110.937500 
1023.706665 618.971924 511.095703 525.822510 171737.921875 
416.837921 164.150925 95.987114 56.775944 102179.257812 
530.685974 332.188812 228.060333 77.185890 44379.371094 
546.484985 154.161163 142.176956 117.666267 92581.343750 
389.623230 166.508575 138.144333 86.177330 91108.359375 
280.468567 134.155945 92.476059 63.720520 60166.597656 
690.356689 967.632874 1095.149048 437.228333 125948.289062 
688.887146 565.624512 571.312012 453.495239 78825.171875 
1112.695190 696.608765 684.719055 500.174194 65105.109375 
1771.805786 1380.617798 1067.953979 885.573059 86846.804688 
3091.518555 2546.813965 2266.162354 2417.396240 103440.953125 
4307.028320 3384.466797 3199.681885 2788.275391 128703.664062 
5909.622559 4707.720703 4260.717285 3747.081055 117615.109375 
4877.787109 3997.352783 4360.459473 3254.030518 149393.828125 
3578.566895 3012.363770 2646.421631 2966.911133 164539.484375 
3755.810547 2538.865967 2561.632812 2093.766113 153034.921875 
2823.134766 1729.489868 1402.069092 1256.372559 158849.781250 
2494.743164 1364.422852 1318.749146 799.822754 294880.750000 
1941.929810 1088.090576 1148.130859 930.755005 251013.875000 
2761.659668 996.771118 884.219177 745.998291 271480.500000 
1380.063354 571.282349 408.268219 361.868317 181814.015625 
1130.247437 502.725433 467.106720 322.319000 183596.218750 
1160.268921 485.837219 412.868042 313.650146 169219.468750 
1311.895142 482.802734 338.345032 471.121582 198906.937500 
1249.602173 752.083740 699.324768 304.378937 167079.750000 
1562.929688 769.832825 569.295105 395.587341 310729.218750 
