3099.355957 2159.205322 1417.458252 928.954102 226375.343750 
3645.541260 2036.510010 1358.003662 1029.379395 242109.703125 
4380.892090 2433.274414 1363.206543 902.770813 242494.328125 
4241.091797 2313.119141 1679.286865 1308.008057 211375.734375 
4021.133301 1627.714478 1323.670410 995.344055 263680.625000 
3119.905518 1622.849243 1123.270508 865.300720 192735.250000 
4000.364258 2296.533203 1519.976074 899.198975 217168.453125 
2810.746582 1495.424194 1071.462158 641.760193 185935.640625 
5217.458984 3555.853516 2055.781006 1264.137939 297604.343750 
5212.755859 2937.612793 1934.814209 1374.059082 330189.468750 
3493.548340 2048.222168 1572.142578 1009.863098 196716.265625 
3649.070312 2839.398193 1957.477783 1443.125732 251678.593750 
2526.604004 1839.698608 1019.845520 816.780396 149134.437500 
4371.589355 2152.121582 1530.204224 934.482056 226064.203125 
3879.032471 2462.069824 1693.320435 1244.440674 213601.687500 
3992.523682 2101.322754 1506.159302 916.389221 217120.984375 
5477.109863 3565.389648 2526.037842 1313.244263 235981.609375 
5006.130371 2724.572510 1444.615234 775.610596 196636.390625 
4547.928711 2836.087891 1704.611206 1174.265625 242621.750000 
4900.403809 3280.786865 2284.487305 1432.239746 239156.640625 
4006.795654 3362.497314 2145.988770 1336.562866 202109.015625 
9910.416992 3351.300293 1745.977295 1091.184204 182352.718750 
3848.343994 2383.014648 1868.589844 906.531616 189786.828125 
2619.287109 1548.946655 1281.024658 815.439880 212653.343750 
4347.043457 1745.811523 1667.746094 872.654236 249626.140625 
2766.919189 1768.729858 1074.454346 1052.653198 219537.953125 
3330.403809 2128.487305 1304.153931 1041.084351 225347.234375 
3082.551270 2064.934326 1277.622803 1030.616333 184642.078125 
4602.414062 3854.134033 2244.669189 1418.711548 227810.906250 
4256.275391 2457.411133 1497.668457 1048.792847 226770.031250 
3856.995361 2054.737061 1343.465088 1596.682007 212476.625000 
5222.901855 3193.729248 1995.439087 1180.194458 265009.468750 
3618.714844 1473.213379 1124.366211 706.357788 264743.656250 
7079.423828 3391.007324 3264.574951 2338.255859 291550.906250 
4761.491699 2786.954102 1755.330078 1131.871094 264344.906250 
4006.163574 2722.663330 1562.599365 1072.032104 266635.781250 
3179.177246 1971.371338 1354.351440 1008.743774 217123.640625 
4266.434082 2292.527344 1650.517700 1271.036255 237384.750000 
4386.528320 2415.298096 1565.022095 1215.339600 235694.375000 
3368.641602 2378.860840 1339.192383 838.415222 182407.093750 
5560.689453 3949.663330 2602.952148 1487.863281 282216.000000 
4005.260254 1946.320190 1507.810547 1087.661499 209491.375000 
4303.198730 1985.943237 1438.816650 803.800476 275260.968750 
3828.749756 2358.398682 1807.336670 1011.130188 228008.406250 
3129.973633 2002.160034 1488.359985 782.104065 208034.484375 
4307.661133 3040.239014 1493.628296 1066.709961 211193.953125 
3157.218262 2038.373169 1310.549194 896.156067 227912.000000 
3241.336914 2119.325928 1412.514038 882.744141 239637.968750 
3843.749756 2414.740234 1719.176392 1289.533569 193973.234375 
5921.391113 2652.091553 1771.079102 1531.331909 252128.296875 
