0.149254 
0.524644 
0.241290 
0.346641 
0.244456 
0.197817 
0.322255 
0.240183 
0.564340 
0.390735 
0.326410 
0.567502 
0.207411 
0.403716 
0.356182 
0.787858 
0.453656 
0.568531 
0.393161 
0.394561 
0.420196 
0.308498 
0.271489 
0.220520 
0.249933 
0.237824 
0.302724 
0.370440 
0.546522 
0.345216 
0.242199 
0.256662 
0.196238 
1.490093 
0.444065 
0.298105 
0.466768 
0.556577 
0.299236 
0.340825 
0.906629 
0.557839 
0.699199 
0.573479 
0.328144 
0.554134 
0.143142 
0.358488 
0.306074 
0.580275 
