1194.164307 692.500549 481.352234 376.207397 223805.046875 
1288.005493 692.069153 548.783020 395.786682 248620.250000 
1136.962036 712.178650 474.752777 381.164917 349068.500000 
1048.489868 588.971008 457.523346 378.248596 262751.031250 
1065.186279 599.080566 446.854401 342.138702 180284.000000 
1203.160522 711.779785 558.073730 441.008667 257623.000000 
1406.097778 800.367310 536.125610 384.765411 234319.281250 
991.657715 584.599182 412.483917 286.119141 197768.625000 
1162.108887 669.396606 445.154480 435.690125 307474.718750 
1225.245972 744.735413 565.010376 566.756531 292870.312500 
1184.644043 732.755737 471.158508 462.069672 214961.406250 
1256.893799 829.212891 484.640717 406.116333 235181.125000 
1261.780518 759.735229 540.467102 387.843964 243839.906250 
1127.468506 644.706726 421.778656 322.064972 224917.109375 
1264.694702 713.590637 543.847534 405.401184 259743.609375 
1129.826782 600.343750 519.491760 372.325958 211900.640625 
1258.860107 721.631897 518.388306 362.547791 288059.750000 
1202.327515 683.192993 516.692261 305.841583 226021.890625 
1216.769653 768.800537 458.022858 351.101013 197382.875000 
1401.432129 899.238464 567.392395 385.744995 328847.375000 
1331.837891 801.832458 568.004700 425.973907 274165.187500 
1262.194824 740.807617 543.568787 423.066742 234724.140625 
1054.329956 706.841003 473.634674 352.456421 290279.500000 
1149.490967 719.159424 460.006470 387.745331 291941.093750 
1057.645020 673.068787 509.937103 326.208435 200985.984375 
1351.778198 709.442627 562.844849 488.238556 339357.531250 
1066.983887 650.702576 530.318054 327.259918 192076.015625 
1060.505981 633.137207 452.608246 339.506042 164345.015625 
1211.602051 654.177185 483.516815 399.899292 227758.703125 
1150.803345 635.469727 490.419708 314.996338 207541.828125 
1220.476440 795.632080 525.972046 534.038818 281475.187500 
1156.707764 650.338501 465.031403 405.138611 272416.781250 
1209.029297 747.367859 511.894867 405.701630 293534.843750 
1206.071655 728.101929 488.015045 467.610504 211328.734375 
1088.103394 624.128479 454.515869 305.098114 229052.468750 
1146.694214 661.391724 446.227661 410.461273 215210.250000 
1198.009766 746.605713 582.859924 454.962555 316630.812500 
1147.384644 634.510010 488.306396 418.112671 268998.406250 
1170.404419 711.865540 535.946411 445.622528 188672.812500 
1201.879639 666.816223 476.054718 338.973541 198876.093750 
1190.675659 711.841370 522.211609 356.729828 220787.015625 
1265.157837 759.909790 497.022217 374.144592 259339.265625 
1099.466431 602.600952 455.765259 376.490326 244334.015625 
1221.431641 764.821838 546.773743 440.664337 226480.046875 
1151.643921 667.899292 456.828827 359.112274 221968.593750 
1295.378540 713.216492 518.677307 456.422211 313708.906250 
1118.672363 654.078247 508.931732 373.310730 201137.406250 
1241.278687 800.638672 577.278687 386.800110 229776.953125 
1226.174194 746.839050 555.452820 449.322693 334268.375000 
1079.498413 663.146179 489.590912 468.275208 203233.531250 
1337.941650 740.445374 571.429382 417.127136 315283.468750 
1112.430298 695.469116 536.096497 398.065765 223424.781250 
1076.757568 708.947327 520.059570 372.131287 250095.984375 
1250.682495 662.116089 462.469757 322.161377 320825.437500 
1103.341431 657.936890 508.594849 346.626373 226952.656250 
1227.265991 734.583374 551.201355 385.314240 262993.687500 
1230.634399 764.171082 466.678009 457.881866 264176.875000 
926.042358 625.851990 353.819153 319.030731 192346.812500 
1280.809204 690.171631 487.670258 453.876312 186565.265625 
1315.036499 723.956848 480.656006 401.550262 289778.843750 
1121.926758 692.127136 561.597168 419.724884 198282.046875 
1184.908813 783.054565 571.346558 502.781525 323558.562500 
1224.956787 695.679077 497.370453 443.232391 251387.812500 
1241.584595 690.379944 522.760498 433.688690 251800.437500 
1332.343018 737.633179 534.882324 388.307404 335752.406250 
1077.243042 672.429138 475.557037 323.455444 222639.171875 
1236.541870 673.902344 526.618652 353.740021 293041.968750 
1256.088989 745.761047 504.716522 376.639191 200653.468750 
1130.532593 697.111023 442.676666 346.213165 228446.562500 
1417.864502 770.476807 544.585144 405.018860 263296.312500 
1185.528931 688.091003 491.383331 444.034515 243795.843750 
1238.203125 687.482666 462.112640 401.808289 235882.031250 
1111.909668 661.965820 491.010132 373.830170 219340.343750 
1178.430664 770.486633 517.966492 359.756165 298508.437500 
1170.300537 809.465515 525.241882 418.849335 283133.125000 
1142.593140 705.870605 522.289734 465.558014 212764.515625 
1257.588745 857.612915 777.001282 547.611816 346349.218750 
1157.561035 676.890381 416.997681 311.019409 189534.328125 
1249.587036 737.632141 588.279541 442.237732 277145.562500 
1442.584961 718.499268 630.769165 447.260925 325567.750000 
1126.571777 656.841431 466.992126 364.764709 239833.578125 
1102.262085 605.245911 522.809448 360.888092 178767.625000 
1070.162109 591.925049 441.466583 347.940033 233586.875000 
1227.240601 695.187134 522.932312 353.788452 279339.812500 
1221.815063 678.400269 493.023651 390.208374 234983.187500 
1219.273926 746.580505 534.410767 400.928650 235415.328125 
1167.338745 734.563416 585.945435 421.613220 398142.062500 
1238.160645 784.738159 497.311493 315.976715 274822.500000 
1156.770752 649.446289 428.737610 381.873962 166083.312500 
1205.110107 778.728027 511.903656 428.447540 258112.406250 
1098.103760 629.860840 437.441010 400.323700 245674.484375 
1190.074707 726.798157 512.734009 436.235748 258858.109375 
1317.066895 789.445679 661.424072 642.498291 321823.812500 
1181.309937 756.642822 639.999023 403.107361 379251.500000 
1215.797852 631.092224 498.131134 361.078491 219455.187500 
1170.016846 742.548767 461.078888 343.624084 310954.968750 
1224.225464 764.476501 555.751770 390.452423 256171.875000 
1272.141357 686.190430 477.061920 335.386841 241804.890625 
1069.158081 680.998840 486.242004 372.586273 258234.718750 
937.876709 603.362244 411.397339 310.547363 198332.687500 
