4137.223145 1261.727295 485.776855 535.825500 188.844177 
4079.537109 1463.024292 563.901978 462.448334 139.207825 
3527.554443 2030.572510 802.294739 832.952026 314.480042 
3948.753418 2080.798340 851.095459 573.306946 211.703568 
3840.961426 1337.857666 564.828796 225.519608 120.110817 
4022.822510 1434.670776 573.106628 298.185333 186.739151 
3805.872070 1365.759277 767.166748 293.179993 212.708618 
3662.833984 1722.887695 688.454224 391.045410 84.977913 
3993.450928 2369.463623 969.400574 653.949951 258.740387 
3636.581299 1650.976196 718.107788 349.995697 213.026276 
3951.735596 1280.396362 603.320435 379.709259 86.377068 
3626.136963 1302.515869 724.332275 399.093384 147.604065 
3460.768066 1353.768555 512.095215 243.159454 115.806541 
4182.706055 1158.213501 530.362854 291.526611 133.288437 
4183.732422 1740.497437 514.854492 315.024323 80.963219 
3907.436035 1523.494507 623.776062 389.795074 138.814163 
4989.756348 2011.843384 873.722168 315.225311 227.700241 
4898.011230 1534.132446 775.169983 431.600220 222.368103 
3536.762695 963.292908 598.230164 256.917816 118.402527 
3572.599365 2039.617798 786.203796 331.146454 170.274582 
