89.575233 84.867653 88.455078 88.390511 82.208817 0.000000 
92.532501 94.886116 90.038338 86.115311 82.540565 0.034264 
92.805504 89.728928 96.024727 84.997650 86.587875 0.027976 
88.744125 87.133484 87.018036 96.174576 79.322495 0.000000 
91.303696 94.594391 89.048569 89.420509 89.561699 0.000000 
91.903397 87.287109 86.495316 93.337242 84.967476 0.000000 
89.199661 93.663658 92.639542 91.445389 96.740051 0.019782 
86.806770 84.011330 101.488731 88.686340 98.284729 0.044235 
90.916992 86.557129 98.921318 94.082230 90.131653 0.000000 
86.570633 91.123924 84.856812 88.299782 93.136742 0.027976 
89.895241 91.521271 93.193794 95.526634 100.193398 0.000000 
91.421379 80.200134 92.004295 99.404907 71.658188 0.027976 
88.899612 86.906639 88.926392 80.994926 95.570053 0.000000 
88.674492 97.629097 88.778893 95.288948 91.584801 0.034264 
90.374969 85.006302 92.204834 99.414986 92.839142 0.000000 
85.917648 92.489410 91.305565 87.865440 83.850067 0.000000 
86.848953 99.260178 86.445534 85.109085 95.540863 0.039565 
86.557487 91.622025 95.728874 85.469589 94.307709 0.000000 
97.087326 99.665428 83.279083 85.426414 90.052872 0.000000 
87.211899 94.009552 97.282104 104.088066 92.168045 0.027976 
89.452934 83.847328 82.520996 88.708199 80.500626 0.019782 
88.448349 79.155540 88.441971 92.371346 87.209831 0.000000 
87.577644 99.258659 82.797653 93.459435 77.888252 0.000000 
91.245934 84.799606 77.364662 87.846901 94.314247 0.034264 
92.968018 96.787086 89.529800 90.615891 98.096336 0.019782 
88.533340 87.175865 90.244423 85.196342 88.841965 0.039565 
92.115875 93.270958 96.306427 81.273308 88.337242 0.000000 
90.521408 93.900200 89.108826 84.716896 93.320221 0.000000 
90.093933 92.380745 88.134766 94.592461 75.800201 0.000000 
92.164726 91.858353 79.474937 95.220596 92.007591 0.000000 
90.439354 84.711563 90.783379 82.737289 100.870628 0.027976 
92.892853 93.962219 95.773293 102.005386 85.903595 0.000000 
93.133217 84.639763 85.743126 86.181168 84.317680 0.000000 
92.929878 99.050278 83.331909 89.933746 77.211258 0.000000 
88.205696 88.064438 98.962364 91.119682 89.948235 0.000000 
86.429855 87.392532 89.757103 84.385666 91.922699 0.000000 
91.581459 88.833397 86.652885 87.382744 105.251595 0.019782 
88.096260 88.230278 86.387054 95.034019 82.651146 0.000000 
98.271103 88.379593 94.437538 90.735146 83.002060 0.000000 
90.885139 95.838997 98.709381 84.538315 88.081543 0.027976 
89.558998 84.966698 90.137436 82.216415 84.858521 0.019782 
91.994095 88.899544 93.378716 93.747704 89.724365 0.000000 
90.593315 89.262161 94.701141 90.099266 94.024712 0.000000 
89.742142 95.679832 89.449394 95.753120 89.906052 0.019782 
89.515038 83.137405 86.815727 90.157707 82.927315 0.019782 
87.636787 95.870575 94.703430 89.256081 80.493401 0.000000 
94.127274 93.273048 87.394081 90.521019 76.932724 0.019782 
93.413712 90.446747 96.125587 101.095230 102.647842 0.000000 
90.139214 89.850395 95.587616 100.085213 86.978531 0.019782 
86.378876 92.053558 96.077805 88.212288 90.443153 0.000000 
85.835770 87.761787 94.023674 83.777664 80.123871 0.000000 
89.977257 93.829552 92.059929 80.514236 86.319908 0.027976 
83.351433 104.086540 93.956261 89.355003 93.464302 0.019782 
85.391357 90.289299 94.551270 92.286812 79.110191 0.000000 
88.931297 88.043831 88.138397 97.003746 86.228546 0.000000 
89.534393 92.499619 95.825584 100.840050 89.442619 0.000000 
89.108917 94.386475 87.367393 78.613464 95.025513 0.000000 
84.213646 87.899048 91.861488 83.023582 83.966125 0.000000 
87.269829 89.004456 79.947899 85.590202 94.034164 0.019782 
96.546570 96.639053 87.367165 95.787018 96.194870 0.000000 
91.886330 94.002068 92.298569 97.856285 84.825188 0.000000 
