85.860718 76.369125 70.779678 57.855927 39.300175 0.000000 
87.833633 82.751144 80.200050 60.411572 38.929085 0.034264 
95.551849 71.088242 65.002632 37.341644 30.332951 0.000000 
85.273773 78.147171 63.384960 42.126839 27.912008 0.000000 
93.516716 79.573891 76.851860 58.996536 32.438152 0.000000 
84.892822 94.408951 60.623363 49.410263 25.834209 0.000000 
92.593376 79.955559 71.825462 63.762302 33.733204 0.000000 
87.667610 81.738991 66.215279 51.500233 34.890327 0.000000 
87.671524 72.157784 64.206261 45.052071 32.798367 0.000000 
87.782692 76.028053 77.255760 61.583824 49.964420 0.000000 
92.640686 80.102829 63.162071 44.012901 27.306580 0.000000 
85.730789 75.052750 73.444481 61.489555 30.176710 0.000000 
89.875748 81.506645 71.418022 52.031654 26.873596 0.000000 
86.250938 81.297928 64.956856 59.044922 41.485886 0.000000 
92.393372 80.050690 66.083549 50.245857 26.811548 0.019782 
95.350487 80.636024 70.395248 60.259548 28.844246 0.000000 
89.571648 78.162468 84.339722 69.153130 53.594238 0.000000 
88.277992 75.063751 66.035950 59.107281 32.603168 0.027976 
88.578369 76.732162 75.847565 52.208416 39.004051 0.000000 
93.659981 77.701218 74.318420 53.820675 40.110401 0.000000 
86.528587 82.094627 69.588882 59.024906 32.587452 0.019782 
87.666046 82.576172 68.564354 54.761848 25.011869 0.000000 
82.958054 77.014915 58.225536 33.323402 21.660906 0.000000 
84.471832 85.047066 56.899193 45.869164 29.909401 0.000000 
90.870964 87.465866 73.029991 63.961700 32.215786 0.000000 
90.434692 73.520645 76.571396 48.889763 28.653965 0.019782 
89.125008 62.551941 61.984642 57.773296 23.864674 0.027976 
88.020958 66.555603 72.203743 46.600914 30.165533 0.019782 
88.824150 71.465698 66.809921 49.724735 28.470787 0.027976 
91.838905 65.847916 63.513817 67.789841 34.899258 0.000000 
91.113731 74.448456 73.934425 84.102638 68.054314 0.027976 
87.972839 72.657333 70.981544 59.860413 37.718616 0.000000 
88.871506 78.616394 71.376717 48.574413 27.986845 0.000000 
88.908791 72.368332 75.096352 58.493301 25.198273 0.000000 
84.972717 78.159561 62.355400 47.576283 42.170452 0.000000 
90.664757 77.162201 73.203537 65.284752 47.573410 0.019782 
89.113922 71.630432 85.696945 46.265755 35.195873 0.019782 
89.783852 80.852402 78.471886 48.351276 26.577480 0.000000 
96.603104 83.452286 74.272408 49.362675 28.176954 0.019782 
91.283615 81.548370 64.768906 49.480549 31.038792 0.000000 
86.591843 73.083145 50.347122 31.185696 20.514297 0.019782 
94.033157 74.228310 60.761627 44.219048 25.701092 0.019782 
90.713135 63.068436 53.883621 43.498882 31.078224 0.019782 
87.878288 96.426834 75.515091 60.576153 36.008343 0.000000 
89.777100 78.368675 74.652779 45.776287 27.776468 0.000000 
89.320587 75.196838 74.453064 66.893478 43.918175 0.000000 
89.967461 82.126259 72.597282 52.139439 29.881947 0.000000 
89.082489 69.305183 66.558182 55.334595 58.135441 0.000000 
90.511940 78.110191 66.765915 48.304790 34.124565 0.000000 
89.588150 73.212265 62.834732 36.561310 21.376425 0.000000 
85.694916 86.144348 74.951004 62.024727 33.683411 0.000000 
86.469727 74.367058 76.345116 59.320141 36.210197 0.000000 
85.603973 69.668716 57.003410 39.538364 27.380369 0.000000 
87.879150 70.195290 77.986496 51.471657 43.435329 0.019782 
90.036095 84.552719 80.244339 67.139183 34.415077 0.000000 
92.247887 64.834816 63.835346 48.629974 22.316168 0.019782 
91.930847 72.403831 62.835457 40.284096 31.654797 0.019782 
92.840950 84.322723 78.530869 58.829418 30.933533 0.000000 
88.784546 85.628136 76.396477 56.830826 30.741133 0.000000 
87.788612 71.570396 66.975914 55.405289 36.822510 0.027976 
94.082680 81.706894 70.703018 62.360695 28.641150 0.000000 
89.172043 72.122604 64.223694 65.957520 30.884111 0.000000 
85.763763 72.187630 66.324776 46.821087 28.080170 0.000000 
86.845596 89.937355 60.524094 42.027046 26.861671 0.000000 
91.089577 73.120125 63.594734 51.006653 35.144463 0.000000 
91.333679 75.490326 65.533646 36.220127 21.827217 0.000000 
94.388786 87.654205 57.933098 50.754078 25.865782 0.000000 
93.239777 71.876808 78.250610 45.812695 25.806915 0.000000 
87.964584 71.064743 63.186172 51.254215 32.696564 0.000000 
89.059273 76.654106 73.565651 64.257339 35.664104 0.000000 
89.728180 71.232681 77.692902 61.331146 35.115971 0.000000 
81.009293 68.899635 67.718277 51.310139 26.412504 0.000000 
91.846504 77.246986 77.368431 61.088634 41.652168 0.000000 
90.332565 81.098045 63.015884 62.018593 46.680870 0.000000 
88.888618 72.625961 87.231819 69.827766 34.251785 0.000000 
87.324165 75.335594 71.367798 44.374729 23.327003 0.000000 
86.160851 72.184830 76.505562 64.800949 51.031742 0.027976 
87.980263 82.399658 73.001411 41.798794 33.841286 0.027976 
94.253914 75.261017 75.310425 53.574841 28.900753 0.000000 
94.426079 77.829544 63.684544 44.770912 33.316929 0.019782 
96.305260 90.779968 78.179420 78.291359 45.536472 0.019782 
86.834724 76.689377 77.457298 56.512272 30.967457 0.000000 
89.847839 68.182114 69.077072 60.405807 43.551075 0.000000 
93.913795 80.389114 71.760277 65.013100 32.468769 0.000000 
90.306252 82.782707 80.099609 56.952793 40.740379 0.000000 
92.045486 69.073952 76.471786 56.968090 29.968212 0.000000 
90.411484 91.645653 75.544624 57.132320 48.174316 0.000000 
94.479836 80.298004 73.724457 58.305084 32.790318 0.000000 
88.047142 80.465820 76.146729 50.432671 31.844801 0.027976 
92.245636 75.443169 92.763138 53.636314 26.946373 0.000000 
89.017494 76.593964 66.076752 48.800423 28.720436 0.027976 
88.306198 77.811737 72.378693 46.172226 22.260361 0.019782 
86.373878 79.618752 77.630287 62.033195 32.104450 0.000000 
90.261780 77.420090 90.135635 58.612186 35.099163 0.019782 
89.624664 65.922935 60.059982 49.259098 31.625917 0.000000 
91.168358 69.087715 64.268921 69.395332 66.078842 0.000000 
88.898323 91.729797 73.178261 55.774887 24.842358 0.000000 
89.238312 86.832901 77.833099 55.760483 32.095139 0.000000 
94.616364 70.914726 65.628403 48.558655 34.227783 0.027976 
84.836510 81.056328 66.627548 60.527969 42.464542 0.000000 
