0.681693 
0.938156 
0.535888 
1.548639 
0.529697 
0.572886 
0.821712 
0.452029 
0.682952 
0.522525 
1.083153 
0.593787 
0.605998 
0.445315 
0.871550 
0.995191 
0.415971 
0.731274 
0.661147 
0.442330 
0.444737 
0.641257 
1.225540 
0.711726 
0.607407 
0.854201 
0.375951 
0.395483 
0.641745 
1.141524 
0.747250 
0.326483 
0.979806 
0.818608 
0.450998 
1.246090 
0.698387 
0.468979 
0.612898 
0.441673 
0.846630 
0.987977 
0.598344 
0.532575 
0.365383 
1.119232 
1.134168 
0.401734 
0.527216 
0.816343 
0.565415 
0.569211 
2.098596 
0.729677 
0.860882 
1.070164 
0.628111 
0.743798 
0.588138 
0.717440 
0.798350 
0.403512 
0.580338 
0.701347 
1.078614 
0.381306 
0.494620 
0.421636 
0.599882 
0.696069 
0.330615 
1.835865 
1.271896 
0.639301 
1.096781 
0.716924 
0.381176 
0.504416 
0.863293 
0.457598 
0.732648 
0.931683 
0.538150 
0.584383 
0.435432 
0.878211 
1.248983 
0.661408 
1.404638 
1.031981 
1.247074 
0.941508 
0.748614 
0.832980 
0.852569 
0.353589 
0.477653 
1.022892 
0.720607 
0.388190 
