88.544914 75.826614 81.115791 75.020477 70.486397 0.000000 
96.351685 80.741508 78.213997 82.303566 80.545860 0.027976 
76.913170 61.711449 72.918022 79.256348 82.538010 0.019782 
98.234703 58.567612 60.940132 69.970627 70.551956 0.019782 
82.953705 114.314995 115.504044 110.719444 107.699600 0.000000 
91.527687 65.491516 63.437115 68.822136 71.434952 0.019782 
90.784645 63.853142 60.754940 60.518532 60.064095 0.000000 
110.113304 73.459579 79.273056 88.693588 92.782211 0.000000 
84.357384 104.207726 107.363945 107.283020 103.946808 0.034264 
92.628616 94.102394 97.835793 94.640320 94.971504 0.019782 
106.219704 67.552605 72.462433 74.394989 79.670128 0.027976 
97.778587 87.690613 84.772957 77.666451 80.452866 0.000000 
85.872246 89.883354 97.558578 104.324387 107.840729 0.000000 
92.059601 52.711792 50.370522 52.989330 50.216316 0.000000 
103.601875 70.553642 70.937317 74.039085 77.547722 0.000000 
82.669525 55.394642 55.301720 61.254494 63.813553 0.000000 
80.100235 67.357651 75.449936 81.326660 86.714554 0.000000 
90.776917 78.297523 79.866745 86.216743 79.121979 0.000000 
97.672684 90.555855 90.024246 85.633148 84.595337 0.027976 
111.032280 64.330544 60.144733 65.454811 70.416367 0.000000 
