1.476201 
2.057192 
1.037108 
1.257008 
1.468533 
0.688786 
1.005837 
0.582413 
1.017954 
0.851045 
0.733371 
0.630068 
0.843759 
1.405110 
0.771497 
0.314623 
0.970808 
0.821394 
0.728562 
0.823868 
0.949364 
1.175081 
0.688895 
1.320076 
0.970579 
1.053177 
1.439837 
0.765312 
0.647643 
0.650880 
0.436444 
0.514721 
0.959526 
0.729728 
0.300187 
0.870752 
0.892527 
1.460640 
0.753671 
1.413157 
0.872930 
0.709634 
0.797264 
0.652842 
0.794986 
0.785363 
0.947595 
0.681366 
0.424096 
0.964909 
0.589950 
0.472194 
1.280420 
1.348669 
0.785379 
0.591999 
0.671790 
0.668560 
1.028954 
0.593245 
0.939961 
0.352859 
0.673409 
0.503057 
1.265265 
0.765331 
0.509572 
0.716002 
0.735583 
0.665278 
0.580421 
0.557045 
1.034075 
0.721684 
1.419913 
0.718438 
0.441760 
0.291884 
0.669504 
0.825719 
0.558942 
0.564644 
0.723888 
0.563386 
0.708428 
0.926875 
0.625904 
0.584471 
1.033729 
0.508692 
0.872281 
0.445931 
0.784834 
0.522028 
0.596432 
0.535455 
0.626006 
0.593815 
0.757331 
0.867598 
0.780316 
0.686913 
0.713751 
0.921457 
0.704762 
0.793144 
0.689844 
0.738131 
0.442908 
0.801818 
0.924176 
0.246791 
0.837755 
0.621620 
0.433929 
0.653611 
0.554663 
0.497319 
0.394036 
0.693235 
0.612679 
0.437873 
0.648820 
0.694245 
0.595066 
0.863864 
0.488202 
1.083112 
0.546057 
0.553086 
0.320038 
0.408987 
0.715396 
1.188234 
0.479740 
0.579062 
0.625745 
0.717094 
0.469699 
0.501834 
0.649605 
0.578162 
0.849111 
1.370533 
0.864754 
0.604789 
0.744689 
0.561148 
0.540460 
0.596586 
0.754729 
1.093540 
0.531093 
0.578945 
0.376620 
0.574249 
0.339909 
0.493302 
0.480488 
0.696643 
0.576227 
0.390675 
0.522752 
0.623107 
0.462076 
0.560870 
0.846431 
0.372312 
0.623093 
0.301369 
0.667297 
0.844107 
0.737437 
0.686850 
0.713712 
0.618704 
0.391015 
0.498183 
0.420272 
0.782545 
0.768098 
0.738602 
0.702452 
0.499584 
0.649667 
0.636640 
0.713507 
0.490736 
0.798605 
0.304066 
0.600056 
0.769480 
0.324474 
0.686752 
0.462678 
0.699559 
0.649965 
0.848559 
1.026560 
0.523267 
0.754981 
0.959361 
0.769422 
0.448209 
0.274675 
0.911293 
1.320389 
0.723822 
0.739879 
0.519269 
0.501625 
0.653306 
0.448049 
0.416045 
0.669498 
0.268586 
0.652831 
0.392625 
0.959978 
0.583596 
0.546655 
0.373906 
0.622336 
0.545030 
0.845129 
0.700965 
0.728114 
0.575311 
0.766568 
0.529836 
0.798654 
0.376194 
0.566525 
0.697680 
0.521119 
0.171760 
0.526463 
0.600227 
0.369973 
0.768874 
0.550696 
0.725173 
0.464186 
0.445183 
0.436639 
0.601888 
0.820557 
0.758701 
0.489680 
0.498021 
0.579800 
0.798851 
0.549956 
0.768904 
0.809428 
0.939308 
0.499204 
0.623230 
1.040568 
0.433822 
0.486828 
0.770069 
0.486440 
0.886480 
0.709080 
0.771659 
0.853354 
0.531183 
0.479528 
0.433845 
0.834049 
0.286873 
0.567190 
0.457455 
0.499055 
0.726696 
0.781920 
0.597375 
0.343267 
0.835793 
0.543778 
0.368551 
0.514692 
0.743689 
0.446736 
0.351613 
0.213975 
0.893269 
0.643433 
0.304200 
0.384952 
0.499768 
0.456640 
0.387163 
0.483265 
0.578927 
1.065924 
0.972116 
0.661598 
0.339919 
0.349439 
0.545493 
0.403746 
0.850799 
0.269313 
0.510407 
0.487351 
0.412042 
0.609115 
0.719301 
0.585042 
0.600169 
0.842700 
0.118082 
0.493027 
0.892667 
0.820139 
0.722530 
0.893442 
0.593889 
0.449054 
0.627361 
0.481715 
0.479945 
0.300236 
0.602878 
0.643192 
0.564574 
0.588270 
0.636570 
0.710364 
0.830616 
0.352775 
0.325782 
0.489510 
0.450749 
0.444207 
0.574918 
0.598235 
0.668484 
