4529.661133 2497.285889 1912.934448 1041.867065 125856.375000 
7968.433594 2929.255127 1455.557983 1164.069946 178995.531250 
6448.771973 4714.416016 1469.523071 910.565430 193548.359375 
6038.015137 2238.043457 1527.733765 1336.220093 150428.640625 
8305.224609 2619.324463 1630.177612 1005.887085 216123.234375 
6767.198730 3702.686523 1876.304077 1069.394775 130964.953125 
10467.352539 4435.591309 2645.789795 862.631104 126587.203125 
5532.017578 3111.984619 2282.051270 1015.730408 119100.773438 
8615.998047 6492.324219 2063.924805 1200.092407 156175.625000 
8556.062500 3206.305176 1982.286865 1107.753784 221690.093750 
5178.331543 3587.626221 1615.229492 893.131226 148189.500000 
6842.192383 5776.529785 2154.807617 1719.868896 162006.250000 
5941.366699 2720.905273 1265.487915 1585.990601 106192.085938 
9629.823242 3829.573486 1702.341187 948.127869 150051.406250 
5263.241699 1952.087158 1609.226807 989.969421 136757.656250 
5616.069336 2020.394897 1832.477051 1507.229614 152271.312500 
5698.659180 2951.664062 2162.426758 1745.243164 169479.843750 
7980.928711 2581.085205 2401.852539 1418.840820 144027.828125 
6673.822266 6155.607422 1547.151855 1386.194458 160270.468750 
5732.922363 3178.204346 1806.878784 1011.384583 137925.187500 
6490.698730 3874.007324 2760.451416 1115.898560 158852.484375 
8767.581055 2930.044678 1568.751831 1588.081421 162977.203125 
5164.503418 2811.353516 2266.450195 1024.114990 159546.312500 
4054.787354 2044.931274 4017.770752 805.664917 140305.578125 
7002.578613 2738.192627 4048.274170 1438.368408 170229.390625 
3521.812500 3694.044922 2296.495117 1405.735352 126768.203125 
5875.137207 4851.590332 1445.821289 1463.077637 151369.812500 
5669.581543 4156.898438 1993.454346 862.095337 155327.015625 
4692.113281 3371.356201 1737.332153 1142.661255 133036.812500 
6484.984863 3001.602783 2825.378174 1882.794678 161363.265625 
7438.596680 3104.181152 2178.027832 878.770508 173349.078125 
7705.372559 3057.603516 2363.038330 1215.570679 157685.312500 
8196.476562 3411.359619 1632.648438 976.147095 181137.578125 
7296.986816 2144.123047 2467.095947 1586.980957 188956.296875 
10375.571289 4418.526855 3184.132324 1179.675293 183065.218750 
5785.826660 2448.196045 1036.956299 1595.097168 192866.953125 
5587.013672 2382.672852 1995.002197 1275.869751 133926.218750 
5784.692871 3387.588135 5523.395508 925.894165 147250.765625 
5742.795410 3125.297607 1235.655884 1213.105957 140551.843750 
10293.396484 4574.051758 1732.688599 1935.790894 138978.421875 
5127.327637 4132.075195 2515.163086 830.729614 184762.656250 
7761.638184 2419.777100 2122.055420 924.871948 147281.109375 
5023.381348 4212.761719 1579.879272 1043.736084 148861.828125 
6492.520508 3569.190430 1628.474243 1074.748901 171428.218750 
6124.277832 3990.521484 1531.578857 988.589355 145336.281250 
6176.532715 5670.913086 2384.233398 685.464111 115833.289062 
6134.735840 2489.198975 1201.139771 1069.421265 158469.031250 
8154.327637 2755.295654 1814.384521 1350.351074 161770.078125 
8828.474609 3199.464844 3493.137207 1651.360840 172218.687500 
7431.318359 3081.783936 1832.067871 2262.387451 150830.312500 
