Episode: 1: [[0.001 0.    0.    0.    0.    0.    0.    0.    0.    0.   ]] 
Episode: 2: [[ 0.0015  0.0005 -0.0005 -0.0005  0.0005  0.0005 -0.0005  0.     -0.0005
   0.0005]] 
Episode: 3: [[ 0.00193428  0.00087901 -0.00054398 -0.00088417  0.00098572  0.00100052
  -0.00075119  0.         -0.00087219  0.00086533]] 
Episode: 4: [[ 0.00176249  0.0009601  -0.00083827 -0.00059363  0.0012725   0.00148927
  -0.00077932  0.         -0.00089012  0.00127461]] 
Episode: 5: [[ 0.00143966  0.0011924  -0.0012078  -0.00022936  0.00162907  0.00192059
  -0.00078339  0.         -0.00101549  0.00170743]] 
Episode: 6: [[ 0.0017028   0.0015222  -0.00148733 -0.00011627  0.00136     0.00221887
  -0.00053152  0.         -0.00075036  0.00146707]] 
Episode: 7: [[ 1.9472846e-03  1.7970512e-03 -1.7324765e-03  6.2155559e-05
   1.1263741e-03  2.4886942e-03 -2.9045009e-04  0.0000000e+00
  -5.1486824e-04  1.2341226e-03]] 
Episode: 8: [[ 2.1612493e-03  2.0450621e-03 -1.9537392e-03  2.1063906e-04
   9.2250132e-04  2.7373331e-03 -8.0822720e-05  0.0000000e+00
  -3.1147181e-04  1.0315884e-03]] 
Episode: 9: [[ 2.3507960e-03  2.2900277e-03 -2.1555943e-03  3.2258683e-04
   7.4377295e-04  2.9669101e-03  9.1507784e-05  0.0000000e+00
  -1.3437423e-04  8.5330481e-04]] 
Episode: 10: [[ 2.5185430e-03  2.5093642e-03 -2.3325242e-03  4.1836160e-04
   5.8493146e-04  3.1682462e-03  2.3552329e-04  0.0000000e+00
   2.2849985e-05  6.9721014e-04]] 
Episode: 11: [[ 0.00266751  0.00270617 -0.00248883  0.00050911  0.00044338  0.00334786
   0.00037396  0.          0.00016324  0.00056027]] 
Episode: 12: [[ 0.00280092  0.0028829  -0.00262904  0.00059091  0.00031644  0.0035099
   0.00048789  0.          0.00028897  0.00043839]] 
Episode: 13: [[ 0.00292084  0.00304176 -0.00275514  0.00066182  0.00020232  0.00365448
   0.00058752  0.          0.00040199  0.00032903]] 
Episode: 14: [[ 3.0283162e-03  3.1853667e-03 -2.8678076e-03  7.2636676e-04
   9.9364290e-05  3.7828134e-03  6.7900663e-04  0.0000000e+00
   5.0404377e-04  2.3661740e-04]] 
Episode: 15: [[ 3.1252720e-03  3.3156280e-03 -2.9693469e-03  7.8385934e-04
   6.3084008e-06  3.8985738e-03  7.6503202e-04  0.0000000e+00
   5.9639383e-04  1.5375175e-04]] 
Episode: 16: [[ 3.2119707e-03  3.4314208e-03 -3.0595299e-03  8.4023149e-04
  -7.8191479e-05  4.0050289e-03  8.3207607e-04  0.0000000e+00
   6.8197068e-04  9.9249970e-05]] 
Episode: 17: [[ 3.2906649e-03  3.5363492e-03 -3.1404768e-03  8.8936673e-04
  -1.5476764e-04  4.0996438e-03  8.9276227e-04  0.0000000e+00
   7.5952522e-04  4.9864084e-05]] 
Episode: 18: [[ 3.3621402e-03  3.6315492e-03 -3.2139141e-03  9.3349320e-04
  -2.2424523e-04  4.1839001e-03  9.4775169e-04  0.0000000e+00
   8.2989014e-04  5.0698545e-06]] 
Episode: 19: [[ 3.4271050e-03  3.7180092e-03 -3.2807458e-03  9.7327976e-04
  -2.8733825e-04  4.2590704e-03  9.9759211e-04  0.0000000e+00
   8.9379179e-04 -3.5592959e-05]] 
Episode: 20: [[ 3.4861995e-03  3.7965924e-03 -3.3416580e-03  1.0079222e-03
  -3.4468065e-04  4.3276669e-03  1.0428726e-03  0.0000000e+00
   9.5186837e-04 -7.2549316e-05]] 
Episode: 21: [[ 0.00353999  0.00386806 -0.00339721  0.00103839 -0.00039683  0.00438934
   0.00108401  0.          0.00100468 -0.00010615]] 
Episode: 22: [[ 0.00358899  0.00393309 -0.00344792  0.00106581 -0.00044428  0.00444432
   0.00112142  0.          0.00105274 -0.00013673]] 
Episode: 23: [[ 0.00363364  0.00399228 -0.0034941   0.00108985 -0.00048746  0.00449316
   0.00115544  0.          0.00109648 -0.00016456]] 
Episode: 24: [[ 0.00367435  0.00404617 -0.00353615  0.00111168 -0.00052679  0.00453545
   0.00118639  0.          0.00113631 -0.00018989]] 
Episode: 25: [[ 0.00371148  0.00409525 -0.0035745   0.00113138 -0.0005626   0.00457405
   0.00121456  0.          0.00117258 -0.00021297]] 
Episode: 26: [[ 0.00374536  0.00413996 -0.00360958  0.00114934 -0.00059522  0.00460858
   0.00124021  0.          0.00120562 -0.00023399]] 
