0.820000 
0.840000 
0.916000 
0.840000 
0.684000 
0.892000 
0.920000 
0.896000 
0.804000 
0.872000 
0.844000 
0.904000 
0.812000 
0.812000 
0.904000 
0.976000 
0.932000 
0.880000 
0.844000 
0.872000 
0.792000 
0.868000 
0.896000 
0.896000 
0.748000 
0.872000 
0.868000 
0.856000 
0.832000 
0.912000 
0.872000 
0.892000 
0.804000 
0.876000 
0.932000 
0.760000 
0.848000 
0.868000 
0.860000 
0.892000 
0.716000 
0.840000 
0.824000 
0.808000 
0.716000 
0.948000 
0.860000 
0.900000 
0.932000 
0.728000 
