85.484665 85.547890 79.343765 83.050125 80.533058 0.000000 
99.752365 85.632927 93.135002 88.726326 87.030457 0.000000 
91.271317 94.677238 85.879486 90.829376 89.121559 0.027976 
86.661011 97.826790 85.047363 100.674385 91.580185 0.019782 
83.554245 59.438953 75.322006 77.576805 86.984566 0.039565 
82.595352 80.254730 88.334663 94.091805 92.190887 0.027976 
84.159843 84.343033 88.679985 88.256355 87.392281 0.019782 
87.303848 95.712189 83.138878 91.807762 90.817245 0.000000 
85.583061 98.791710 89.983620 91.140770 91.781136 0.019782 
81.840820 87.192924 95.404709 88.605743 90.505196 0.000000 
