77.058929 60.693974 62.605247 54.775448 50.291191 0.027976 
77.982300 65.803246 58.830883 47.925915 47.362183 0.019782 
75.324638 50.106136 56.427849 56.391808 54.012135 0.027976 
78.306160 63.420048 61.346180 55.470879 42.663849 0.000000 
77.084930 51.447029 54.719715 52.300018 46.646496 0.019782 
70.348404 53.117836 48.248405 48.812874 40.311310 0.019782 
79.604660 60.364056 53.917202 43.388947 52.206394 0.000000 
71.740868 48.051399 47.285881 46.127045 55.592400 0.000000 
72.324600 52.041286 50.371502 47.708790 46.148979 0.034264 
81.563545 57.191723 51.353260 44.005871 40.956032 0.000000 
