57314.914062 15276.048828 11127.258789 12240.552734 287901.937500 
69769.609375 7195.833984 9071.629883 6045.695801 274283.562500 
56744.960938 12295.455078 8336.937500 8686.277344 314712.656250 
55967.546875 8813.553711 8563.990234 8273.578125 248712.906250 
57286.015625 10016.169922 13042.292969 10584.607422 348540.781250 
44018.863281 6970.782227 8098.963379 7110.694824 242412.500000 
70550.515625 9016.505859 7643.569824 9786.379883 271087.250000 
54642.316406 6960.674316 10987.195312 8352.111328 208497.390625 
57975.000000 9556.980469 8932.530273 8329.343750 340348.031250 
71746.617188 15502.617188 13448.570312 11661.751953 353966.750000 
