69.204765 49.410988 47.984722 54.747044 62.994041 0.027976 
65.765297 41.346210 54.272102 53.487270 43.676064 0.000000 
64.177177 38.696362 40.683369 44.628895 48.187412 0.000000 
67.362373 40.962692 32.801014 35.478374 59.000698 0.000000 
74.712044 58.007423 60.119713 55.817425 57.396656 0.019782 
65.519264 50.253613 61.441357 60.022358 57.194645 0.019782 
71.124161 41.098507 48.806290 48.169262 54.005646 0.000000 
71.621254 41.648773 45.115364 46.257847 57.790707 0.000000 
78.699310 32.801342 34.687035 32.137894 39.632000 0.027976 
56.431034 28.221182 34.675156 43.913342 46.264065 0.027976 
68.317146 62.083481 63.983475 78.858826 65.300789 0.019782 
74.580910 37.877216 39.635178 39.377491 47.539917 0.000000 
75.005020 38.823814 42.181908 55.463417 54.218853 0.000000 
63.849819 47.409714 46.406307 43.025780 56.692131 0.000000 
56.173859 35.149338 49.467461 64.423149 73.467026 0.019782 
58.707329 34.574745 34.203968 43.437725 57.241825 0.000000 
64.431213 45.132389 44.355724 44.699207 47.931023 0.000000 
74.534889 69.285469 78.649139 71.060509 66.763084 0.000000 
63.641171 36.181419 43.452766 36.711025 49.564693 0.000000 
62.630508 58.061905 65.450066 76.942055 50.729263 0.000000 
