92.419800 69.408409 58.409691 49.955551 39.380684 0.000000 
80.394913 35.488079 31.006973 35.616978 30.158707 0.019782 
80.876053 33.474693 32.202553 25.281359 26.609354 0.000000 
87.418449 39.319321 28.748552 31.226053 23.521143 0.000000 
85.453606 31.387426 30.462841 30.239311 29.186354 0.000000 
83.470818 36.544987 31.345526 34.373337 23.530323 0.019782 
79.915894 29.921743 26.322100 26.142838 26.584929 0.034264 
84.401154 36.034016 27.848434 31.059238 30.121157 0.000000 
82.867645 27.963974 24.634356 26.222256 27.385281 0.019782 
85.474869 37.802334 36.313572 35.873863 31.475353 0.000000 
88.453682 41.891499 40.622643 40.792568 36.331413 0.000000 
85.817085 31.650715 29.569281 25.757458 28.997953 0.027976 
91.602310 35.434483 38.495296 29.551685 30.444359 0.000000 
71.824043 39.504738 41.194889 40.185982 26.077242 0.027976 
84.187561 33.581520 31.822182 33.594490 28.516512 0.000000 
80.456894 35.144924 32.133282 28.483967 24.957384 0.000000 
74.722496 34.366310 29.769621 25.576777 23.789284 0.027976 
72.221001 38.194817 39.617836 37.150688 24.210354 0.000000 
82.807846 31.659399 27.645008 32.857330 33.425312 0.000000 
79.931168 49.436474 42.573181 38.438335 30.707417 0.019782 
86.507828 31.569712 30.535122 32.626476 28.523642 0.027976 
86.193970 31.668325 25.559484 25.880062 24.147987 0.000000 
86.274429 37.317001 32.968151 37.784954 29.777159 0.000000 
86.775383 34.159576 33.818516 34.019165 24.325859 0.000000 
90.077644 30.850689 31.742155 32.514503 36.009384 0.019782 
87.981972 31.085159 29.534126 27.692850 32.058495 0.000000 
89.234726 55.920437 48.916222 42.429955 33.734585 0.000000 
85.293427 35.405437 32.342377 36.611160 32.506248 0.000000 
82.695549 35.519703 27.467129 24.445202 21.335932 0.000000 
85.997261 46.092419 34.249966 31.028709 30.050552 0.027976 
82.645332 35.388779 33.667721 32.277084 26.700916 0.027976 
80.625214 34.564949 32.123131 29.341080 23.375597 0.034264 
81.736397 41.993271 36.845093 35.071526 29.443813 0.000000 
80.515320 32.846382 30.142443 33.560562 27.961067 0.019782 
83.087639 37.562046 28.692217 31.530886 27.169092 0.000000 
82.476295 36.546753 29.363491 31.958414 33.628181 0.000000 
85.670532 30.398838 26.631845 30.770264 21.752317 0.000000 
83.774849 45.281918 37.780418 32.360428 25.529810 0.027976 
78.374985 32.630962 31.722424 31.001650 19.042860 0.000000 
85.135925 33.390919 32.386318 28.481968 22.593866 0.000000 
81.439880 27.744158 25.259254 32.673752 25.898380 0.000000 
87.996284 42.801792 36.680336 32.976044 24.515829 0.000000 
84.328888 45.566383 43.511486 39.237907 30.730824 0.019782 
88.362213 37.909615 28.347467 26.025093 29.193874 0.000000 
84.592094 36.557873 27.485952 24.145224 25.287083 0.000000 
83.908417 34.690475 27.019047 27.009285 22.904324 0.000000 
86.825127 32.659138 32.124809 31.036894 27.649380 0.000000 
87.981148 38.454250 34.802933 32.521187 29.189405 0.000000 
82.351784 46.402084 46.810863 36.425072 27.393538 0.000000 
85.630348 43.543533 37.540062 32.687721 24.703609 0.027976 
