0.405268 
0.474149 
0.360513 
0.505354 
0.542831 
0.306964 
0.339862 
0.262738 
0.403535 
0.613382 
0.416305 
0.281401 
0.309720 
0.468598 
0.310547 
0.114278 
0.215026 
0.321827 
0.689804 
0.470667 
0.331760 
0.531126 
0.472861 
0.427228 
0.865018 
0.724288 
0.467141 
0.409000 
0.746766 
0.476228 
0.246743 
0.175080 
0.229392 
0.415766 
0.276984 
0.856785 
0.360833 
0.530180 
0.479981 
0.253939 
0.521667 
0.608641 
0.335996 
0.555007 
0.410775 
0.367075 
0.584177 
0.228078 
0.308648 
0.673873 
