656.494812 415.966766 349.618256 312.200928 278317.812500 
681.508728 335.394318 256.706299 155.676102 290818.531250 
590.998901 342.062927 271.913177 339.803650 391979.562500 
565.849731 289.767670 216.621704 204.756378 293658.812500 
580.229492 393.045105 357.174225 353.140106 237662.859375 
639.684387 394.157013 271.768768 178.125046 323711.062500 
728.756653 364.893066 278.924377 237.119492 258181.812500 
507.342529 260.797241 215.917648 139.964844 242238.109375 
561.069580 332.037811 330.199860 278.162598 354537.250000 
630.586243 451.425995 565.511902 1094.400879 396929.531250 
645.318481 322.279968 202.735580 186.912140 251109.203125 
711.388428 369.524078 241.866135 221.133240 306787.250000 
684.049927 328.412262 251.829056 240.943115 272300.375000 
554.358826 290.773315 212.111511 139.692459 270290.906250 
635.531860 318.108215 233.223068 159.993149 326812.218750 
626.911377 304.086884 243.406189 173.366394 289535.156250 
653.430603 372.260895 269.837433 260.835846 362361.000000 
591.526978 322.104889 228.681458 156.076736 270815.375000 
666.031250 435.834991 328.789276 257.597198 267708.468750 
745.956116 389.237579 232.928436 222.543884 375854.250000 
682.308960 390.130157 253.285858 183.488556 331224.562500 
684.057739 339.559601 286.602173 203.055862 251931.453125 
510.582184 297.604218 196.410110 140.817413 347417.281250 
648.290588 311.076111 231.005173 189.413910 337093.000000 
530.734497 309.735840 223.748276 202.915192 246763.875000 
733.995544 401.752625 346.396667 306.791107 395543.500000 
505.761902 315.599396 279.235596 298.001556 245377.703125 
569.416077 303.996094 227.010361 162.470947 186875.156250 
590.304138 316.275696 225.141235 183.679138 283782.843750 
574.939148 282.227020 232.171127 146.746552 247220.296875 
672.494812 406.563812 407.273071 330.153961 357048.843750 
634.621948 344.517548 262.829987 286.595459 353366.968750 
602.875732 329.837677 226.251373 213.364899 327550.531250 
637.644104 364.426575 377.423523 452.825531 212265.250000 
520.434814 293.614441 200.633224 171.206421 252897.687500 
601.932129 322.235046 252.766434 310.618561 263890.906250 
599.699463 335.829987 289.484619 229.119614 377068.781250 
533.594360 264.323730 229.606750 191.040268 309190.031250 
618.940735 337.253937 261.663422 279.735718 211450.328125 
616.575012 327.476501 293.392059 292.998962 246889.953125 
605.635132 296.039978 226.720062 149.949432 277450.312500 
638.508850 370.529175 397.476379 300.348877 333468.750000 
568.749573 297.570404 238.191406 173.051636 322683.562500 
606.356323 405.548218 242.873291 309.706360 256557.484375 
612.796265 312.219879 241.306290 164.983749 275884.031250 
647.816895 331.227875 247.609695 265.869781 346465.375000 
589.296692 349.202332 243.717285 247.399399 264200.656250 
613.684387 376.061432 270.956818 247.382751 281135.875000 
641.099609 325.486847 227.666626 180.273239 415162.437500 
608.392639 379.011353 329.561310 273.276367 269824.750000 
