1591.608643 996.132141 808.112427 1016.284607 961997.000000 
1500.450562 858.149963 690.195923 585.548462 792610.687500 
1645.931396 1025.228149 901.701416 1008.335754 897409.500000 
1393.661499 783.230530 588.883240 653.167908 894513.000000 
1505.730591 944.441406 754.391479 861.827881 957578.250000 
1491.897095 961.756653 797.234985 839.155640 802923.750000 
1697.677979 1243.104492 1196.367310 1148.939575 851829.375000 
1619.129395 1066.489014 836.910828 912.017578 845924.812500 
1763.483521 1024.813110 899.251343 953.695068 918966.312500 
1729.226807 1005.315857 823.973328 1027.873047 836919.312500 
1429.739624 936.450745 642.928406 775.725769 803824.000000 
1493.362915 905.109009 706.156982 775.292236 883990.312500 
1487.471802 777.473145 674.095642 561.221252 928588.875000 
1540.355591 943.595642 949.947266 995.200134 860317.062500 
1945.967773 1047.119751 1390.237793 902.645996 791315.062500 
1623.350830 989.845703 852.919983 686.793274 865326.312500 
1574.713745 1062.588257 703.971375 907.349121 794595.062500 
1593.965332 1079.497070 1020.571716 788.526428 884650.687500 
1706.033691 1156.726685 803.839233 630.139404 857293.562500 
1521.654053 943.311646 834.816101 687.921936 820455.125000 
1594.042725 927.597168 801.775574 947.636841 842776.687500 
1570.151489 1014.126221 914.922546 924.903381 859498.437500 
1479.604980 897.578918 801.902344 863.848633 872851.937500 
1500.231567 938.273254 774.853088 643.168823 860081.812500 
1603.806885 915.418762 705.896790 724.682495 947894.437500 
1788.556763 1141.514404 827.844849 1045.920532 997526.062500 
1666.897827 992.637573 838.093506 1470.244019 915306.125000 
1513.331787 937.399780 802.027222 725.371399 837336.812500 
1681.095093 1008.593079 1041.407104 1372.327393 987171.875000 
1694.049805 932.831360 692.125671 768.705078 944577.187500 
1429.818359 926.703613 784.889648 692.252197 789284.562500 
1622.927002 839.858276 826.936279 574.298950 938350.750000 
1489.382080 827.339294 751.725220 1139.854736 734563.437500 
1435.459595 948.025085 693.735840 848.088745 838821.187500 
1839.830566 1089.205200 875.307861 818.251648 950208.812500 
1545.952637 890.766479 718.605774 769.978210 773673.875000 
1559.078247 959.037842 833.858459 1172.976318 678275.187500 
1528.961426 882.062073 646.148010 556.643188 883813.687500 
1415.779297 943.429993 723.957886 668.597778 720196.375000 
1618.128418 832.021973 846.929688 607.381897 902498.500000 
1756.815552 1021.652832 735.699707 660.149780 884635.687500 
1476.313477 963.803406 793.717407 815.404724 799486.250000 
1713.296631 961.085999 840.242065 816.999329 707147.437500 
1365.373291 863.710754 649.669128 655.116760 870414.875000 
1549.582642 942.525391 674.533813 555.661987 913724.062500 
1508.075684 907.758911 833.374878 902.966553 769167.437500 
1842.614868 1057.878662 935.973083 1017.135071 890198.500000 
1489.296997 882.270447 790.187988 744.192688 803489.437500 
1486.036011 889.815247 693.041687 657.421326 838333.125000 
1946.200073 1113.731201 780.081299 788.224182 752926.375000 
