2155.580322 1231.866943 1077.295654 1319.365967 993315.625000 
2596.719238 1268.871338 1126.324341 933.168884 1076753.000000 
1942.776855 1263.686646 1047.007690 1048.778931 1346867.375000 
1939.648315 1174.437378 1073.573486 1121.121338 1000581.125000 
1902.629395 1049.885132 1069.021851 1164.777344 661161.062500 
2007.902710 1201.347900 1157.142944 1193.965820 956148.187500 
2206.058350 1265.982178 1358.329224 993.950684 862356.437500 
1741.486450 1207.135742 1301.570801 1369.876343 869120.250000 
2136.622070 1243.518799 882.140137 794.832275 1182854.875000 
1756.865112 1076.000610 930.020020 731.211365 1013843.000000 
2148.568848 1680.908691 1397.670044 1873.944946 1023195.812500 
2073.193848 1239.073853 1049.552490 1073.301025 921664.000000 
2244.278564 1236.562500 1739.211060 1343.869141 971298.687500 
1973.728027 1174.567383 1040.752319 786.617004 891874.375000 
2336.437256 1238.862793 1163.155151 974.720520 1143889.500000 
1980.080933 1220.411133 1178.513672 1006.988342 980485.562500 
2244.214355 1151.489014 972.223450 981.366333 1226841.750000 
2270.603027 1386.873169 1584.479004 1223.664185 1088407.250000 
2287.990723 1343.458618 1063.662720 824.158447 791382.562500 
2114.503174 1404.935669 1755.965332 1569.313354 955312.125000 
2239.737305 1242.943115 1006.187500 826.411682 1134056.250000 
1933.602173 1091.924194 924.142456 840.774109 909180.750000 
1908.211670 1532.769775 1552.924683 1871.706299 1159305.625000 
2114.593018 1169.558594 1207.463379 1058.788330 1139201.375000 
1866.927368 1241.119019 1043.406982 949.451172 849257.750000 
2367.797852 1468.955444 1462.193604 1165.797729 1226693.875000 
1714.160034 1174.450684 1010.693787 1067.314087 872465.312500 
2024.773804 1109.240845 1223.886230 852.233398 674151.250000 
1882.258789 1106.063110 1070.902588 754.453552 947775.562500 
1992.265381 1138.554565 1023.363159 962.138306 973764.312500 
2327.622559 1414.480835 1276.276855 1346.651489 1212316.625000 
1900.443359 1108.026855 1040.986328 830.004211 963641.437500 
2023.227173 1117.457275 909.020081 760.846497 1246406.500000 
1945.214600 1195.177246 1135.819092 1472.072388 864062.375000 
1790.098145 1285.000366 1691.811279 2701.449219 952199.937500 
2291.666748 1334.452515 1205.122803 1169.239014 917585.062500 
2358.940674 1174.874268 861.031799 731.348755 1287242.000000 
1961.924561 1179.413818 1227.999268 838.213013 1040876.687500 
1988.832520 1253.583618 961.574707 1013.683228 715826.375000 
2021.881470 1166.730957 910.559692 885.476868 802412.812500 
2203.012207 1203.541016 1065.784668 919.619690 980588.562500 
2178.504395 1178.596924 1233.199951 1447.558350 1049326.375000 
1977.197632 1209.701172 1177.255249 1225.232300 1227203.125000 
2054.960938 1216.207397 1275.841919 1510.326172 1065378.000000 
2218.969482 1126.422974 945.870117 853.848145 990227.750000 
1841.955688 960.006104 1001.628296 863.228149 1003668.375000 
1926.235596 1094.542725 925.103638 908.543762 912086.187500 
1868.860229 1102.927612 1104.640381 1128.090576 859635.437500 
2375.258301 1384.900635 1205.712891 1076.161987 1283718.000000 
1742.235718 963.032593 817.682190 647.449097 756614.437500 
2262.714600 1234.120239 979.374634 896.546509 1279766.875000 
1736.937866 1093.406128 953.374207 893.996277 899477.562500 
2022.395020 1195.824219 1233.278809 850.083252 1014376.250000 
2160.856445 1182.375854 931.045166 895.194397 1393446.000000 
2122.979248 1106.391113 1024.102295 1014.966309 966018.937500 
2610.756836 1467.530762 1177.522583 1118.748901 1136878.875000 
2005.242432 1201.227295 987.280029 922.009094 1158172.125000 
1614.881226 1052.326782 1246.260742 828.295349 878070.125000 
2098.493896 1398.728394 1512.714844 1981.647339 874605.312500 
2395.221191 1583.280273 1741.763184 1553.621704 1181197.500000 
2419.021729 1253.498047 1110.395020 739.409790 818809.062500 
2051.466553 1572.842407 1589.270386 1721.040405 1510735.375000 
1886.752441 1096.263794 917.285095 967.247864 1072603.375000 
2262.170410 1317.336548 1191.447144 1185.787720 1303638.250000 
1961.735596 1144.617676 961.414307 835.562378 1291012.250000 
1966.408081 1014.088074 1047.890381 629.400146 877163.250000 
1960.454468 1348.876221 1358.359863 1349.794922 1304980.500000 
2090.060303 1205.161987 1149.085938 940.353516 963263.312500 
2068.498779 1540.248047 1816.584961 1696.088989 1149764.250000 
2183.539307 1279.101318 1103.466064 915.266174 918215.125000 
2313.907227 1282.783569 971.894348 799.000305 1045896.437500 
2144.114990 1119.487549 1113.446289 1008.025818 1083919.875000 
1914.855347 1075.520874 1012.665710 1177.801636 971744.562500 
1908.056763 1199.418213 923.359314 1070.302246 1279952.750000 
2347.359619 1260.664185 1396.843018 1587.145630 1194756.250000 
2311.354980 1476.587891 1280.002197 1459.771973 976594.500000 
2176.075684 1405.738525 1261.009277 1550.819336 1010877.062500 
2039.264038 1234.635376 994.994019 1065.040161 760702.937500 
2069.520264 1214.603516 1170.453735 1434.300659 1073480.375000 
2141.239746 1163.945801 914.613892 747.234924 1220625.000000 
2190.680664 2143.836914 2007.567749 2440.677490 529729.812500 
2016.483643 1006.543518 906.091187 875.902344 765716.937500 
1839.444702 1017.108093 889.691895 717.194763 895126.625000 
2391.074707 1247.526367 1135.571533 1118.172241 1211102.375000 
2115.947998 1238.100342 1144.605591 1045.699707 1138660.125000 
1972.719360 1202.216187 1108.365356 945.547119 818620.375000 
1871.319580 1285.788574 974.987183 963.483215 1517303.375000 
2093.346680 1293.981812 1009.980957 1080.490723 1195615.500000 
2113.304932 1173.259033 1005.384583 873.778564 706320.812500 
2119.111328 1455.608032 1333.739136 1401.469238 1038523.562500 
1840.968262 1104.020386 916.502502 1009.515320 893964.375000 
2006.335571 1078.403687 1158.770020 767.061157 1125352.375000 
2219.457520 1331.870728 1517.000000 2168.198486 1369706.250000 
2119.260986 1216.607056 1280.073242 1083.156982 1445244.250000 
2115.620361 1100.115356 981.453674 809.503723 967821.125000 
2114.267090 1316.255493 1207.246704 1424.858032 1166362.875000 
2234.623291 1184.983643 1423.240234 1131.959351 1143061.375000 
2155.747803 1351.597290 1329.410522 1576.060425 1012154.250000 
1707.659546 1251.738525 989.693726 954.632568 948946.375000 
1624.616333 1003.750916 1046.083618 718.174927 790774.562500 
