3.849164 
3.859063 
3.845176 
3.851058 
3.857208 
3.853629 
3.858403 
3.865786 
3.860159 
3.867715 
3.845424 
3.848534 
3.851356 
3.847091 
3.853136 
3.851389 
3.848415 
3.853616 
3.849958 
3.845808 
3.849082 
3.852884 
3.852404 
3.851663 
3.848667 
3.847916 
3.851861 
3.849445 
3.850550 
3.851317 
3.850585 
3.847960 
3.848326 
3.848548 
3.853988 
3.849370 
3.855318 
3.846994 
3.849564 
3.848769 
3.853270 
3.849293 
3.850206 
3.850372 
3.847152 
3.851162 
3.851308 
3.852435 
3.850407 
3.851361 
3.850076 
3.851159 
3.851381 
3.850291 
3.849297 
3.849568 
3.850415 
3.849811 
3.849914 
3.849946 
3.849870 
3.849656 
3.849713 
3.849862 
3.850207 
3.849476 
3.848942 
3.850604 
3.849309 
3.848642 
3.848917 
3.849345 
3.849601 
3.851107 
3.849993 
3.848099 
3.850741 
3.846845 
3.848765 
3.849952 
3.849451 
3.850494 
3.846330 
3.846926 
3.847280 
3.846967 
3.844980 
3.846744 
3.845944 
3.845434 
3.842876 
3.845134 
3.843821 
3.843975 
3.842844 
3.839785 
3.842654 
3.841493 
3.840940 
3.835179 
3.839521 
3.838397 
3.836900 
3.836627 
3.834365 
3.835941 
3.833912 
3.831910 
3.830380 
3.828926 
3.829652 
3.815960 
3.832601 
3.824191 
3.814051 
3.820537 
3.803550 
3.801564 
3.797258 
3.813175 
3.811524 
3.809830 
3.805741 
3.806304 
3.801780 
3.793145 
3.792882 
3.772186 
2.793422 
2.496901 
1.998515 
2.078837 
2.170850 
1.961096 
2.060905 
1.970605 
2.225527 
2.009548 
1.845674 
1.965555 
1.760887 
1.785347 
1.743607 
1.831187 
1.728027 
1.832980 
1.731348 
1.387654 
1.819673 
1.715484 
1.397604 
1.748781 
1.628353 
1.745688 
1.828564 
1.663456 
1.536118 
1.685376 
1.524226 
1.744422 
1.577330 
1.650627 
1.316677 
1.485778 
1.645078 
1.420622 
1.502021 
1.334755 
1.534962 
1.753273 
1.484897 
1.496270 
1.384184 
1.804343 
1.429568 
1.281558 
1.386030 
1.607138 
1.153421 
1.371289 
1.656641 
1.546878 
1.500727 
1.561835 
1.306414 
1.100509 
1.454209 
1.250645 
1.628597 
1.577877 
1.189664 
1.146227 
1.273971 
1.192613 
1.101781 
1.321242 
1.376805 
1.547477 
1.328424 
1.071714 
1.195411 
1.438001 
1.408328 
1.480193 
0.710155 
1.289910 
1.477728 
1.264461 
1.491698 
1.055034 
1.038964 
1.146070 
1.252497 
1.073817 
1.102061 
1.016853 
1.125405 
1.040520 
1.218979 
1.157509 
1.275500 
0.888935 
0.935024 
1.104978 
1.167806 
1.225199 
1.305195 
1.252069 
1.360831 
1.184954 
1.418934 
0.799620 
0.832220 
1.212377 
1.200070 
0.726054 
0.972316 
0.990104 
1.191011 
1.442290 
1.063090 
1.205076 
0.972905 
0.881363 
1.006288 
1.059198 
1.134806 
1.358027 
1.148073 
0.825916 
1.321541 
1.013679 
1.216233 
0.834790 
0.823299 
1.288262 
0.854373 
0.621788 
1.154981 
0.902835 
0.916583 
0.917135 
0.746059 
0.975142 
1.400824 
1.023517 
1.311958 
1.068284 
0.766875 
0.818838 
0.864556 
0.852068 
1.060591 
1.067483 
0.793660 
1.102134 
1.152627 
1.060749 
0.846144 
0.969506 
0.956953 
0.587125 
1.090439 
1.220163 
0.680466 
0.776723 
0.604589 
1.308205 
1.000555 
0.494806 
0.485877 
0.815844 
0.767112 
0.544770 
0.926867 
0.921149 
1.235515 
0.881004 
1.146417 
0.849362 
0.968344 
0.937438 
0.940712 
1.121531 
0.798251 
0.885122 
0.725218 
1.006984 
1.055534 
0.881231 
0.976952 
0.922617 
1.174874 
0.554247 
1.042715 
1.261060 
1.183770 
1.240789 
0.943901 
1.156221 
0.778992 
0.788322 
0.679716 
0.566096 
0.441042 
0.689946 
0.903289 
0.901239 
0.597988 
0.712676 
0.753623 
1.211677 
0.355932 
0.502122 
0.883573 
0.761351 
0.767138 
0.861423 
0.902036 
0.757445 
0.815709 
0.290872 
0.630709 
0.874983 
0.843775 
1.217031 
0.772018 
1.386652 
1.126559 
0.673938 
1.079869 
0.574598 
0.829017 
0.819365 
0.765750 
0.507764 
1.253652 
0.632076 
0.771621 
0.326914 
1.094563 
0.617519 
0.670401 
0.748669 
0.954978 
0.617737 
0.809862 
0.694774 
0.885896 
0.724652 
0.949284 
1.265372 
0.732585 
0.290403 
0.698963 
0.681244 
0.956091 
0.699838 
0.979980 
0.373959 
0.646847 
0.534569 
0.428985 
1.039580 
0.496773 
0.466536 
0.624985 
0.952488 
1.322491 
1.000530 
1.158118 
0.936959 
0.988697 
1.233715 
0.941041 
0.597014 
0.558577 
0.541283 
0.729767 
1.162166 
0.862224 
0.975619 
0.336262 
0.778774 
0.754784 
0.877237 
1.204608 
0.300484 
1.643224 
0.775154 
0.950900 
0.374850 
0.845758 
0.722452 
0.382575 
0.803591 
0.870802 
0.948214 
0.550327 
0.495576 
0.647166 
0.768328 
0.311302 
0.917428 
0.628979 
0.495793 
0.920705 
0.681440 
0.699006 
0.453156 
0.804352 
0.582644 
0.812825 
0.669742 
0.501186 
0.870030 
0.613518 
0.996664 
0.761556 
0.629440 
1.213995 
0.593233 
0.548246 
0.641790 
0.702033 
1.166178 
0.807281 
0.520466 
0.411519 
0.768418 
0.901906 
0.713724 
0.755352 
0.389968 
0.756166 
0.823343 
0.554627 
0.825024 
0.611345 
0.797131 
0.576377 
0.508031 
0.828239 
0.237183 
0.879578 
0.664539 
0.735039 
0.653131 
0.701469 
0.444947 
0.523947 
0.532151 
0.874425 
0.771722 
0.834770 
0.715101 
0.592320 
0.561535 
0.721305 
0.311631 
0.428044 
0.813210 
0.454180 
0.625945 
0.405241 
0.694180 
0.348456 
0.890586 
0.804772 
0.477133 
0.917796 
0.643890 
0.546761 
0.885884 
0.705942 
0.861159 
0.995906 
1.017716 
0.630075 
0.394100 
