1707.868286 1233.642090 1086.344238 936.074402 150498.031250 
2046.758911 1372.078125 1370.068359 2935.185059 175394.984375 
1837.001587 1284.777466 1109.295776 858.675476 129579.546875 
2374.272217 2358.285400 1869.245483 1968.603760 156365.390625 
2012.811890 1705.398193 1433.685303 1228.574097 175505.250000 
1824.127075 1207.931885 984.685913 834.220825 147135.906250 
2450.822510 3075.577393 2082.507568 1795.445068 256584.765625 
2608.886719 2830.553955 2152.940918 1713.430420 241240.671875 
2689.741455 2167.899414 1764.239014 1664.744507 236082.109375 
2367.472168 1511.442749 1572.400024 1429.200195 184239.796875 
2171.140625 2321.448730 2272.784180 1725.660400 234729.656250 
1594.029297 1062.285889 933.632141 812.718567 126153.976562 
2075.480469 1320.171997 1144.130981 1118.688721 124002.632812 
2023.814331 1433.951904 1164.265137 971.366333 148106.890625 
2198.206543 1710.738037 1435.212158 1230.114136 156351.000000 
2074.928955 1402.498291 1388.789307 938.161804 197561.468750 
2122.253906 1807.736328 1239.969727 1088.618408 170111.078125 
1757.923706 1280.047241 1143.515503 982.290161 162309.687500 
2308.733887 1993.567505 1432.627563 1031.804321 254776.109375 
2047.638062 1418.970459 1106.396729 976.817871 155944.046875 
