79.036835 37.992840 41.237686 43.668690 41.943241 0.027976 
67.564857 39.221821 49.023781 42.472015 45.219563 0.000000 
71.206406 30.834625 43.087143 36.991306 44.310982 0.000000 
73.372421 42.147087 43.418728 44.650295 56.054283 0.027976 
63.226639 40.315147 47.927769 38.959961 65.033524 0.000000 
78.079651 47.230461 52.487885 42.095932 64.034592 0.000000 
73.783188 40.094120 40.457676 51.970943 50.797970 0.000000 
75.366394 42.078228 46.602840 44.087376 61.895527 0.027976 
77.521339 53.666599 54.262352 51.389442 50.734848 0.000000 
65.527939 34.180668 44.777367 40.644749 50.865047 0.027976 
78.132156 43.674309 49.886681 38.184849 52.574516 0.000000 
75.713196 37.644135 42.614998 37.466930 51.032150 0.000000 
89.140327 51.473663 57.947746 40.491234 62.307030 0.019782 
72.003342 40.006508 52.053291 37.307137 55.337353 0.000000 
79.780922 57.424076 52.198914 44.057381 43.403561 0.019782 
75.309975 36.657711 41.913780 47.654572 49.870281 0.000000 
77.561325 43.603970 48.592468 43.350754 56.621956 0.000000 
67.500626 50.256435 57.285557 51.882675 60.499653 0.000000 
77.725807 40.123867 39.056858 33.586281 53.459568 0.000000 
82.836220 52.866428 55.187149 50.471451 50.692898 0.019782 
62.399429 44.823299 56.374084 56.747807 54.590416 0.000000 
74.204788 36.674740 48.831390 42.251286 48.851551 0.000000 
73.136200 33.035358 41.981812 44.244144 47.360397 0.000000 
73.449150 32.540974 43.698376 42.956654 48.805061 0.019782 
76.670990 44.387608 44.189663 39.005608 52.693375 0.000000 
87.862938 47.040569 52.836876 36.409161 57.782894 0.000000 
77.892586 48.955612 58.289707 42.960918 65.886780 0.000000 
80.041351 36.385315 48.719067 44.492947 49.225967 0.000000 
85.196892 75.785744 64.653519 51.938526 64.673271 0.000000 
80.146233 45.523495 56.100140 45.547985 50.206154 0.000000 
77.886284 36.886398 53.852146 50.172619 60.482250 0.000000 
75.695137 46.086823 52.711094 54.506416 62.312473 0.000000 
77.047318 38.764458 43.040749 45.461899 44.895714 0.000000 
69.546158 42.574966 46.911098 47.116379 55.543201 0.000000 
79.386353 46.547169 54.554653 33.454762 62.260807 0.000000 
73.843987 38.895061 54.437534 47.656940 51.726036 0.000000 
74.261909 34.673798 47.958576 45.449604 50.823433 0.000000 
70.675980 43.813213 47.657837 36.073483 59.810696 0.000000 
71.242439 38.014328 51.292000 54.719234 57.913651 0.019782 
78.501625 43.220577 41.889633 34.024368 56.530228 0.000000 
67.409973 27.847607 43.799313 40.607178 52.005108 0.019782 
77.910957 39.793098 47.342461 42.610474 49.317696 0.000000 
76.179230 33.679203 48.268311 34.278294 50.504211 0.000000 
81.006126 38.117867 39.965656 45.199867 52.754150 0.000000 
80.210373 48.338490 41.291962 35.443150 45.544346 0.000000 
70.615349 37.365280 45.036068 48.047863 59.330067 0.000000 
80.973213 54.448925 51.613392 51.992764 61.494678 0.000000 
79.274269 43.073559 54.532040 42.011906 52.650101 0.000000 
66.525635 40.106602 42.977444 43.403969 49.761559 0.000000 
76.556221 41.611031 48.218807 45.443233 53.080750 0.000000 
