47439.539062 7572.312500 4082.320068 2467.340332 19212.820312 
49707.652344 11507.514648 10169.111328 6292.082520 32321.699219 
43855.726562 7362.094727 5061.618164 4118.729492 28530.712891 
45554.382812 8450.121094 6870.022461 3910.607178 30900.925781 
36644.105469 6848.662109 4499.544434 2866.419434 21888.267578 
41910.609375 11328.625977 6033.485352 6237.245605 26894.023438 
46580.351562 8855.869141 4273.454590 2046.511353 23799.111328 
51475.296875 9545.458984 7286.380371 4761.500977 26795.906250 
50749.945312 12557.814453 7215.528320 3343.795166 26583.279297 
41389.515625 7894.011719 5926.227539 5202.153320 23734.248047 
