5.399422 
5.125187 
7.055465 
5.934318 
6.026286 
7.921182 
4.168465 
3.545144 
5.062127 
5.015285 
5.085127 
4.783536 
8.382865 
6.667871 
8.492480 
3.135583 
8.668097 
4.548251 
5.361507 
5.972734 
4.495923 
3.439546 
5.155009 
6.700139 
7.020879 
7.648561 
3.636408 
3.622495 
6.670963 
7.499897 
8.058291 
5.628130 
6.341814 
5.175696 
3.921191 
2.948411 
4.507393 
9.935962 
2.727021 
5.139774 
5.089947 
6.578292 
3.495108 
4.130495 
4.178967 
3.428311 
5.189035 
5.901256 
6.589088 
6.044121 
4.069726 
3.506483 
4.429195 
7.656581 
3.499690 
3.175731 
5.109941 
4.303179 
5.206306 
10.187185 
5.310993 
4.398617 
3.829513 
6.370317 
3.790694 
5.052251 
3.169023 
5.282806 
5.701708 
12.325505 
4.389038 
7.727732 
5.375596 
3.416175 
2.734740 
5.737836 
4.660752 
6.127766 
5.384079 
5.833877 
4.212120 
3.865324 
4.936838 
4.737798 
6.884281 
4.986575 
2.987374 
6.540658 
5.468709 
7.468325 
6.612714 
4.087074 
3.785098 
5.278169 
3.784257 
5.021707 
4.872954 
7.195198 
6.014439 
6.280036 
