66.405998 89.261772 86.115776 95.227234 76.677711 0.000000 
84.104164 80.816910 92.498695 80.631744 93.790665 0.019782 
113.097008 81.161629 87.797546 104.308220 81.812233 0.000000 
97.482857 91.492599 85.236862 105.559570 93.512199 0.000000 
81.259239 67.610168 99.703896 88.897209 93.904999 0.027976 
84.176941 89.660873 89.300247 98.059341 94.868423 0.000000 
83.130112 76.916672 73.911545 88.773117 87.600769 0.000000 
89.737320 81.251442 91.179123 82.530907 93.765793 0.034264 
63.826122 78.911217 99.659386 77.841667 92.999542 0.000000 
87.967117 75.804733 71.422203 76.449326 78.432220 0.000000 
98.562347 68.819489 79.466148 94.261292 85.527473 0.027976 
80.378822 70.091316 99.465897 64.535309 101.084953 0.019782 
84.686180 84.929024 87.837349 92.422897 91.401154 0.000000 
86.260803 89.573021 97.621910 87.107162 112.950569 0.027976 
95.959229 93.567505 82.145065 96.082428 96.991798 0.000000 
71.997322 99.033371 85.837296 95.821228 87.043938 0.027976 
102.383919 85.793633 86.578423 93.910324 91.217186 0.000000 
100.292068 81.795944 94.821091 100.521446 82.471252 0.000000 
73.160057 84.058578 99.240334 84.778046 104.786942 0.019782 
90.231972 78.582466 98.178520 78.456940 103.953453 0.000000 
