30675.296875 3955.426514 2769.629639 1909.659424 17704.548828 
42809.640625 7512.087891 5141.499023 3500.316406 34171.480469 
35770.898438 5192.775391 2715.443848 2373.994141 32948.875000 
37583.320312 5396.580078 3426.354736 2848.382324 31893.208984 
34159.726562 7276.881836 2658.897217 2435.463135 29801.724609 
34908.078125 4793.652344 3349.523193 2123.457031 21103.812500 
38773.812500 6625.408691 4988.328125 3573.496826 41762.996094 
30643.507812 4523.525879 2767.389160 2178.773926 14105.298828 
36211.941406 5589.814453 3574.465088 2648.128662 32054.248047 
36905.601562 6374.167969 3760.430664 3124.464844 34535.867188 
35268.636719 5434.983887 2862.327637 1833.536987 22249.062500 
33314.621094 5536.310547 2825.407715 2291.583984 20257.898438 
35537.480469 3819.425293 2503.962646 1826.998657 20755.722656 
39670.808594 6465.383301 3846.410889 2189.866211 38718.250000 
35750.843750 5667.895996 2787.031006 2185.479004 33154.765625 
36613.976562 6169.625000 3717.034424 2839.614746 29152.425781 
33764.898438 4013.750488 2388.407959 1337.842896 20998.935547 
37721.367188 6943.127441 3249.440918 3323.899658 27190.593750 
37229.703125 5111.897461 2898.732910 2884.813232 21314.984375 
36778.843750 6017.974609 4079.669189 3291.619629 34415.023438 
