76.880264 44.366844 52.054291 38.459332 57.811852 0.000000 
73.340462 41.580242 43.731136 51.905167 65.040611 0.039565 
77.686707 35.472321 44.147869 41.723118 49.787758 0.000000 
84.393394 55.208408 58.258900 55.933277 60.000233 0.027976 
81.415413 38.219406 48.178326 44.983761 51.738220 0.027976 
72.917801 40.223427 50.860931 49.625614 67.879868 0.027976 
77.682259 50.896606 61.917423 57.855442 74.015709 0.000000 
77.914810 49.797241 50.957401 49.168190 57.763260 0.000000 
74.881767 49.254105 56.035748 54.562878 64.182861 0.000000 
72.825874 41.014198 48.229202 53.362350 57.364773 0.019782 
79.692055 35.085423 42.480042 40.536552 51.681190 0.027976 
72.689903 54.250702 49.200115 50.375534 48.850510 0.027976 
81.976952 40.278534 47.163982 42.434040 50.761581 0.000000 
69.361191 54.928741 65.863815 74.028740 74.660667 0.000000 
75.748634 51.217972 45.639889 46.599499 56.570511 0.000000 
80.412865 38.429543 47.949726 52.773926 50.117130 0.027976 
77.735016 54.828228 56.493114 58.925419 59.592922 0.019782 
82.208908 69.205727 73.799591 79.775955 61.529354 0.000000 
79.380722 41.727684 42.048351 45.618877 55.406441 0.000000 
76.288124 45.519627 51.765137 44.208527 48.549877 0.034264 
