91.442284 51.648540 44.107761 43.843765 30.669466 0.019782 
92.312859 57.896324 44.708263 45.271702 30.632591 0.000000 
87.142136 51.913754 53.712559 54.665844 40.538681 0.000000 
93.825981 49.730450 47.696095 38.426826 29.504356 0.000000 
91.681236 63.125542 54.777363 50.125114 26.598427 0.000000 
89.420189 64.770195 53.267757 40.532452 24.673489 0.027976 
85.790436 60.010384 57.234364 50.447655 32.064766 0.019782 
85.728287 64.432426 54.162937 46.572762 27.843456 0.027976 
90.883087 51.497513 44.349625 39.627033 33.772743 0.019782 
92.752922 70.457016 70.691750 64.916138 44.139957 0.000000 
92.601265 60.200985 58.579803 45.854172 33.490784 0.019782 
89.016853 51.104279 42.433746 51.531242 29.325211 0.027976 
88.921616 56.393124 54.477795 46.002762 30.411766 0.027976 
79.816673 70.994629 52.512455 44.894234 28.225582 0.000000 
90.871605 50.159191 40.068962 35.525841 26.248175 0.000000 
85.055199 62.404972 66.661758 65.339043 54.777706 0.000000 
86.210274 67.268883 63.434891 68.069084 47.091759 0.000000 
90.620132 54.748253 51.310963 39.474220 25.991653 0.027976 
85.882790 74.843468 61.689453 43.005146 21.598162 0.000000 
87.818817 61.819904 53.871025 40.294796 28.845453 0.000000 
88.346565 57.599396 53.617111 54.244064 34.820042 0.000000 
89.156662 62.970695 51.212215 41.409828 36.361950 0.019782 
87.484314 60.846382 45.556252 36.725761 22.216703 0.000000 
86.770615 48.785618 45.270245 41.369640 25.479414 0.027976 
85.183319 71.076469 59.059906 51.495495 36.623573 0.000000 
90.727806 55.375103 45.803192 40.873486 27.922131 0.000000 
89.968719 52.628159 50.838078 47.483696 21.754961 0.000000 
85.317604 56.276764 47.361004 37.289726 28.267298 0.000000 
85.533157 70.492462 67.655067 51.989780 34.843784 0.019782 
91.682365 64.150284 63.012905 48.966743 34.312809 0.000000 
88.106789 45.924370 64.342850 59.693665 55.287292 0.000000 
89.342377 47.461994 56.301735 39.503407 35.881989 0.019782 
88.127167 56.418655 53.531979 41.270073 27.093126 0.019782 
83.981087 54.206486 57.277092 40.302242 21.926720 0.000000 
86.406967 77.539650 56.988327 54.352009 39.412361 0.027976 
81.086929 61.380234 53.800022 44.494038 27.574917 0.000000 
92.590111 61.325291 55.201061 45.127045 28.557970 0.019782 
85.324661 56.464634 57.126553 39.235027 32.035015 0.027976 
92.630058 70.246483 48.715992 43.117855 26.018082 0.000000 
83.452675 56.865246 53.083519 50.379093 34.220119 0.000000 
81.873238 69.068031 68.261383 51.721001 27.411688 0.034264 
93.720238 61.770081 51.604797 47.765823 32.255783 0.019782 
95.341240 54.036526 47.879360 51.826073 41.534813 0.019782 
92.753601 75.924431 68.651817 57.420147 34.508274 0.000000 
90.020943 59.042980 47.726479 50.713291 27.670568 0.019782 
90.100731 55.112244 69.257355 62.039413 33.819809 0.019782 
87.063667 42.809380 40.215862 41.323456 30.409803 0.027976 
85.674599 59.853855 53.073185 44.446678 33.505287 0.000000 
84.274406 60.872936 53.430508 49.932014 24.169893 0.019782 
88.397667 42.598667 44.012707 39.217873 36.722778 0.000000 
88.395279 55.539799 55.675079 57.616867 27.717318 0.000000 
93.129921 56.187080 54.335423 50.620770 38.035736 0.039565 
92.164223 62.763206 63.003563 46.633961 31.283831 0.000000 
92.172623 48.274551 49.689728 50.273800 30.717968 0.000000 
88.838135 46.989227 52.607784 43.377190 27.134161 0.000000 
87.880783 61.522900 49.108265 50.120712 31.854267 0.000000 
88.990700 51.455231 49.038090 33.750366 30.568489 0.000000 
90.235023 68.533989 60.718468 42.019661 25.385307 0.000000 
86.705276 57.893131 44.623104 40.917610 26.965126 0.019782 
90.513069 51.435059 49.670750 38.188042 26.848852 0.027976 
86.509186 60.673428 48.750019 44.665878 25.588123 0.000000 
93.132713 52.220680 51.623260 44.375671 38.101654 0.000000 
84.919640 60.319103 55.921909 46.529953 26.009697 0.000000 
91.866493 62.341747 46.042549 41.266533 24.906279 0.019782 
90.131538 66.007111 67.687531 57.169579 23.415674 0.000000 
85.878349 66.908195 59.893959 52.088898 27.801054 0.000000 
88.998489 61.594719 48.037437 36.572918 22.730925 0.000000 
90.863052 60.310596 54.031944 53.688072 36.074162 0.019782 
84.259727 54.676525 54.594246 46.448441 25.514591 0.000000 
84.680557 56.793354 51.050179 50.091858 33.735558 0.000000 
89.618439 51.101902 47.903774 34.995365 28.588274 0.000000 
86.563187 58.287331 49.769753 41.328968 33.389332 0.000000 
91.320244 61.188183 59.859257 48.575428 23.118158 0.000000 
85.660995 52.296104 45.745441 43.090820 34.683052 0.019782 
84.470375 54.609882 45.689503 40.600929 23.542519 0.027976 
82.900612 50.257820 43.692135 38.607235 26.285337 0.000000 
84.819489 64.032433 65.370682 49.662571 50.327713 0.019782 
84.074936 67.873207 60.221684 43.687851 32.980785 0.000000 
94.069633 61.281971 51.441238 45.032124 30.202404 0.027976 
90.931320 49.094460 36.971851 35.983612 32.117725 0.000000 
83.483978 48.203091 58.980892 63.439198 62.803463 0.000000 
87.775581 59.050816 48.771969 46.685299 27.704723 0.027976 
91.288124 58.995865 47.577427 52.063118 33.970802 0.019782 
82.197426 57.914684 44.679119 42.491867 29.715929 0.000000 
85.821251 57.498154 55.298828 47.383450 29.953230 0.000000 
89.948563 54.853977 54.305210 55.795769 31.986654 0.000000 
94.873077 65.532898 68.097176 65.419357 51.110836 0.019782 
93.675339 53.743755 52.724972 43.112537 30.587791 0.034264 
93.889313 45.679882 44.575867 42.750790 29.216663 0.000000 
86.786621 67.415138 62.118282 53.619549 24.571507 0.000000 
96.880089 51.837154 51.670444 45.550182 38.609913 0.000000 
89.360336 61.747128 55.133587 55.031990 30.882843 0.000000 
90.312119 71.476311 68.303009 42.464294 23.993320 0.000000 
86.360359 57.123932 58.529530 41.241631 20.870592 0.000000 
92.405235 46.991444 43.856522 46.567291 32.451462 0.000000 
90.675293 66.170776 62.075996 60.547016 38.997925 0.027976 
89.057472 61.296230 54.280949 52.209145 24.280079 0.000000 
88.639168 73.116547 57.458923 46.572140 25.820137 0.000000 
85.855843 58.959602 56.897488 56.229088 44.449780 0.000000 
90.465324 60.268970 53.183044 49.502193 39.659237 0.000000 
