87.001976 89.436043 91.101181 95.135818 79.090836 0.000000 
86.428261 73.121559 79.005203 45.703327 91.607010 0.000000 
87.120705 58.134434 57.968979 28.814779 79.268661 0.000000 
90.350296 69.970047 56.248760 34.006607 79.248718 0.000000 
93.090332 62.561737 61.064175 41.446995 83.746132 0.027976 
94.874184 72.889679 63.707012 35.373196 87.493652 0.034264 
95.441452 72.974648 75.280685 43.345642 74.403778 0.000000 
86.890755 68.861824 51.502270 36.506466 70.830612 0.027976 
87.097343 54.577377 58.009449 55.357063 45.629440 0.000000 
85.501839 49.799553 47.366444 44.990780 41.925434 0.000000 
89.432663 47.576859 49.935028 55.493614 44.930122 0.000000 
93.037155 35.418308 47.407772 34.458431 41.234100 0.000000 
86.310860 31.816204 42.050617 32.567108 33.020836 0.000000 
89.798912 38.972656 38.846344 38.704895 31.299961 0.000000 
92.596466 40.016201 49.745396 34.447067 47.281277 0.027976 
86.859741 35.670414 47.761154 43.799427 37.173546 0.000000 
85.857872 51.097157 58.411823 51.274220 53.705669 0.019782 
90.516380 57.355965 51.340488 51.930687 42.760105 0.000000 
92.550819 55.091038 56.446392 52.886860 50.441799 0.000000 
91.950134 57.391758 53.248657 59.479660 50.815567 0.000000 
86.214134 60.046581 55.489288 50.502094 47.039108 0.000000 
92.174904 56.191463 53.963787 52.913177 52.590736 0.000000 
89.935005 59.141956 58.628429 64.308640 62.138126 0.000000 
92.780624 102.156952 104.157539 95.742149 74.423294 0.000000 
90.776588 99.212929 81.142052 89.255417 75.816711 0.019782 
90.399498 58.425327 71.553917 69.641190 58.385513 0.027976 
85.894630 90.384918 92.827629 89.071472 61.063068 0.000000 
89.575188 63.809925 78.597847 67.720383 62.915600 0.000000 
92.134201 71.965462 74.404892 68.567368 60.461231 0.000000 
91.625870 77.439278 89.643883 83.277351 76.836540 0.019782 
89.007904 75.807358 87.078293 85.816032 71.615265 0.000000 
88.882172 86.462364 68.293159 74.721672 79.974426 0.000000 
83.960464 77.265312 76.334290 62.538589 64.070686 0.000000 
93.541176 90.052086 88.743607 92.057831 79.954666 0.000000 
89.970032 93.891426 90.914352 94.792542 94.408028 0.019782 
88.417152 83.300659 76.690140 78.404243 70.690071 0.034264 
94.392776 79.453117 88.473930 100.029266 54.944187 0.000000 
91.534874 92.185410 89.301605 83.640381 86.006401 0.027976 
89.485901 77.855682 89.908203 86.095497 75.003357 0.000000 
91.096771 91.852776 86.893799 80.259888 56.820259 0.000000 
95.628616 93.717079 83.763535 75.855080 74.462570 0.019782 
85.614662 81.404724 92.142860 81.059708 68.679909 0.000000 
93.800133 91.287033 87.445648 75.591721 71.481987 0.027976 
89.925491 83.351242 74.860878 66.552689 76.747734 0.000000 
86.097961 79.738762 87.488365 68.430626 65.257950 0.000000 
93.619171 82.893738 72.432816 69.908318 61.472797 0.019782 
89.189362 85.014679 89.930862 83.488808 78.746124 0.019782 
88.396744 77.914772 73.956360 74.179047 74.600182 0.027976 
82.932381 61.697262 74.866592 71.770065 57.832355 0.027976 
89.617729 79.715744 79.652763 73.210915 68.101326 0.019782 
95.280983 84.312820 70.016808 82.649429 64.236053 0.000000 
89.756836 68.597183 72.827248 63.895821 72.460175 0.000000 
89.913391 75.661957 91.390320 67.837387 68.581253 0.000000 
85.277534 79.413704 85.599297 66.996376 48.853970 0.000000 
88.616272 59.593372 74.129868 61.648167 47.373077 0.019782 
88.291512 66.745926 70.313835 66.527809 55.793671 0.039565 
96.780113 77.118149 75.190704 70.782913 70.354561 0.019782 
96.039345 71.286942 89.729980 81.305176 69.756012 0.000000 
90.154701 75.884811 75.148605 77.685234 65.862556 0.000000 
84.320740 68.178635 63.225124 69.162247 61.428192 0.000000 
89.819412 69.882896 61.154003 52.964417 46.124065 0.000000 
91.760872 60.922977 67.239761 64.384781 50.137535 0.019782 
91.913879 60.212173 60.697063 61.997387 45.520008 0.000000 
92.980286 67.179497 66.530502 55.804379 40.870457 0.027976 
86.880890 76.394478 86.800659 79.990799 56.864796 0.000000 
85.055901 74.492638 60.388187 54.915913 53.634457 0.000000 
89.394562 60.488659 67.654900 60.134228 43.779465 0.019782 
90.493813 60.683960 59.359886 56.861561 41.736034 0.027976 
89.844704 82.009552 61.597244 75.139427 69.724266 0.000000 
96.179611 69.520027 72.708618 72.816505 54.129337 0.000000 
88.989700 76.477036 80.055122 66.873245 43.923901 0.000000 
83.227081 66.528732 84.592339 68.606232 45.724998 0.000000 
93.589455 82.809845 91.810471 78.211906 59.055740 0.000000 
89.312248 66.946999 65.485062 74.723480 46.198025 0.000000 
93.220062 74.609962 83.667046 83.424843 61.256714 0.027976 
90.469162 67.711884 69.536346 76.332680 44.760246 0.000000 
90.788223 64.618309 65.000267 67.570755 44.171673 0.000000 
89.908394 67.734642 47.846893 50.140182 48.781677 0.000000 
87.078651 77.255196 73.161118 79.065445 50.763535 0.000000 
88.555786 79.671631 75.060539 69.294289 47.854660 0.000000 
92.289062 75.188721 87.538597 77.137321 67.273758 0.000000 
91.088173 78.421089 77.166824 73.067253 66.375084 0.000000 
83.401909 72.215225 83.840294 81.849983 57.289196 0.000000 
89.859367 74.472649 72.439430 68.473427 65.856972 0.019782 
95.096725 67.941620 64.683647 75.677185 46.427616 0.000000 
85.738800 86.262909 88.392982 72.369942 69.297470 0.000000 
87.823738 81.463470 71.432381 81.514145 66.671989 0.019782 
88.509575 82.018867 77.167480 73.815582 49.207878 0.000000 
87.754745 88.697929 77.023857 72.071510 48.977177 0.000000 
85.866646 82.546089 74.316208 77.535927 50.943981 0.000000 
89.113205 77.532280 82.013481 75.279106 56.583374 0.019782 
97.708397 82.385536 82.137779 72.066368 47.490910 0.000000 
89.680122 74.665443 74.767403 59.469158 46.556442 0.000000 
89.206505 78.921860 86.105347 75.728630 65.413521 0.000000 
87.353088 84.548668 79.655670 76.912758 54.879879 0.000000 
97.550415 81.535820 78.269157 83.132019 70.833786 0.000000 
84.917015 60.683430 63.108658 57.206554 48.862560 0.000000 
91.208336 78.145226 81.515533 75.919403 61.146873 0.000000 
88.230759 81.503815 91.713402 71.791603 67.814537 0.027976 
85.546150 79.506500 87.787498 76.932930 54.792816 0.000000 
87.662842 80.982185 75.417076 81.081009 61.006699 0.000000 
94.055962 77.313133 76.592499 68.796806 41.411076 0.000000 
95.540962 92.573860 77.193375 56.052593 47.437595 0.019782 
92.783463 74.167114 73.136658 63.080536 58.699036 0.000000 
90.038376 71.316681 72.143623 64.847229 61.475464 0.000000 
83.308311 85.172234 77.115318 78.649734 48.552921 0.019782 
86.785873 77.977928 75.098953 78.566093 44.449192 0.000000 
91.289444 83.185509 71.562134 62.793388 61.566586 0.000000 
89.813812 75.645660 65.548882 55.850128 46.738377 0.000000 
88.324463 95.095787 72.543671 70.141136 53.061459 0.000000 
90.440445 84.807686 84.989876 89.001251 36.302364 0.000000 
85.039261 78.016914 81.809387 93.347885 69.527069 0.000000 
86.720161 66.217537 63.181870 56.590950 46.786251 0.000000 
87.895386 77.950256 60.557755 64.316956 47.087723 0.027976 
87.504967 66.844429 68.093811 68.280754 71.511597 0.000000 
94.626617 78.166084 72.952972 67.438652 58.729485 0.019782 
86.001892 68.724724 65.120255 67.298561 51.384068 0.027976 
94.955154 68.485046 77.949295 71.104866 61.082176 0.000000 
95.473076 73.975555 86.175377 81.822189 61.441708 0.034264 
96.949051 76.496826 76.918633 66.956459 46.187042 0.019782 
87.673874 73.557556 73.070610 61.735413 59.948315 0.027976 
86.460732 69.364334 67.341469 68.045021 55.391602 0.000000 
89.837029 75.215622 69.170944 67.435394 53.165791 0.000000 
93.148232 75.745445 73.854218 66.456245 51.114384 0.019782 
86.293793 54.155678 54.433140 46.081940 48.504147 0.027976 
90.314133 85.720184 79.731125 67.220703 54.076420 0.000000 
89.999825 72.182549 68.750000 73.059189 53.360035 0.000000 
94.846649 80.083664 70.045090 49.172050 47.285976 0.000000 
93.691246 84.918327 72.706184 86.780350 67.787888 0.019782 
92.772324 77.114693 76.814209 72.880257 47.798016 0.000000 
88.523849 69.636101 67.847595 68.992058 57.758312 0.019782 
88.906525 77.097168 69.271515 63.119465 47.468975 0.027976 
90.878021 65.582870 72.080009 50.288277 45.567635 0.000000 
90.025993 82.537262 81.367249 62.077362 47.887043 0.027976 
89.572258 57.752460 67.395966 57.327450 59.810650 0.000000 
88.726662 84.074982 80.393456 77.968559 45.385201 0.000000 
91.485153 72.722771 70.635223 57.863327 45.606594 0.019782 
91.865875 74.144867 65.949120 59.783558 53.783360 0.000000 
93.435295 70.591667 64.981689 66.454018 50.489372 0.000000 
87.140541 75.480354 90.319756 99.730751 54.997944 0.000000 
88.748337 67.628639 68.642647 65.018608 51.274151 0.019782 
86.111755 81.200462 77.703018 70.564049 57.836330 0.000000 
91.328072 60.467491 58.583218 53.704262 40.135189 0.000000 
87.509102 72.273857 76.276848 76.506065 50.342953 0.019782 
86.913765 77.690056 74.014809 79.458405 50.387127 0.000000 
90.096779 72.148415 66.504837 53.898750 41.420315 0.000000 
88.997765 87.004028 87.327545 76.797272 55.160843 0.034264 
86.409569 80.234314 63.359509 65.302353 50.021011 0.019782 
88.069321 70.238007 63.881977 59.533428 35.059071 0.000000 
89.151840 76.317162 71.624695 49.933048 36.559746 0.000000 
86.515152 71.786125 63.373581 59.020016 38.968685 0.027976 
84.655586 62.970783 57.995827 56.311108 44.548286 0.000000 
89.937462 74.878387 74.691498 71.292107 42.374409 0.027976 
86.039551 63.428066 69.465698 63.087410 40.278336 0.027976 
88.004570 73.834328 69.822426 61.390980 46.868542 0.000000 
87.895264 67.362122 68.848549 52.776627 45.448406 0.000000 
93.611343 81.765221 88.330231 70.376266 51.431305 0.027976 
88.908852 84.196121 69.142342 59.451645 41.961018 0.000000 
91.220901 81.494629 74.514076 60.989815 47.794319 0.027976 
87.243988 90.525070 94.716904 82.586639 55.480453 0.000000 
89.202484 79.163712 73.779297 64.864372 41.833321 0.000000 
86.563347 69.078087 67.368790 72.742813 52.298382 0.034264 
89.304047 60.721989 62.963158 59.601471 47.995739 0.019782 
90.080231 76.167191 78.503082 68.407829 40.639263 0.000000 
90.713898 79.972778 88.593414 72.622887 45.643604 0.019782 
91.825821 71.517807 89.456566 67.790138 50.484493 0.027976 
93.287621 73.599800 81.891258 73.351021 40.348846 0.000000 
89.543350 72.334023 68.407021 55.279819 49.811035 0.000000 
88.824928 74.498169 69.929337 71.388664 55.313496 0.027976 
93.026878 69.477287 71.687675 59.461391 45.198021 0.000000 
88.463501 60.889183 61.183712 55.949245 38.237946 0.027976 
87.741516 69.505745 61.953758 45.289268 33.595348 0.000000 
92.128113 72.820747 72.172249 63.828712 43.622299 0.000000 
86.616959 77.229706 66.381081 58.617844 43.966312 0.000000 
86.111504 68.350044 57.550140 51.744175 35.663185 0.000000 
90.891655 67.587967 70.726593 60.450924 36.011898 0.019782 
92.562401 58.909245 66.835861 56.178886 45.814693 0.000000 
90.300209 52.221401 52.247894 58.365303 42.929382 0.000000 
88.948250 75.498611 69.298080 55.070553 34.939308 0.019782 
92.367043 60.584797 60.504524 52.320160 43.014805 0.019782 
94.026566 72.934883 66.175362 69.324158 42.171574 0.027976 
88.008499 64.318123 62.495045 63.267914 43.960609 0.000000 
91.653725 71.496193 73.180412 76.246689 51.313908 0.000000 
87.562004 70.315071 65.688141 61.565342 45.545544 0.000000 
93.227882 72.967300 82.583725 58.535267 41.318367 0.027976 
89.061470 78.122246 73.091225 60.495003 41.278584 0.000000 
92.007370 69.451225 75.968651 64.177917 49.994331 0.000000 
90.371422 74.898743 83.110924 67.408173 50.546417 0.000000 
93.160446 67.857216 68.432167 55.972851 40.024002 0.000000 
91.746300 70.005379 65.799660 54.662941 39.930855 0.000000 
87.832375 91.539726 82.131332 59.181400 53.663136 0.000000 
83.865479 80.230225 76.123062 68.854897 53.497066 0.000000 
90.579025 80.105377 84.468384 86.759102 60.350266 0.000000 
86.001862 82.623169 71.321785 52.433907 42.596794 0.000000 
86.876205 83.428322 68.314835 68.902321 42.371220 0.027976 
85.882019 79.927490 80.688599 71.878738 46.498375 0.000000 
86.506332 79.975647 76.539627 72.694359 47.836948 0.000000 
87.934998 71.348877 69.248550 65.459824 43.402515 0.019782 
84.127693 83.169769 72.921921 55.051479 40.719055 0.000000 
87.196869 70.951431 63.359138 57.908924 55.836922 0.000000 
83.551277 85.239151 77.018364 82.136116 55.208733 0.000000 
88.851204 78.062714 75.485992 74.620407 43.416714 0.000000 
96.092400 77.165054 74.822571 72.526047 45.172981 0.000000 
85.732353 88.915619 98.445023 77.087654 55.124077 0.000000 
90.982155 72.127968 78.301613 58.450283 41.347332 0.000000 
90.873703 79.159897 76.025291 72.287941 48.531979 0.000000 
91.036781 85.217377 73.385956 54.258881 34.652584 0.000000 
87.042587 87.314453 71.957207 72.178780 56.557636 0.000000 
89.709633 90.635376 69.793015 52.760391 39.787453 0.000000 
83.637657 79.645805 72.757423 70.905739 54.006546 0.000000 
89.863251 78.574448 75.882729 53.965294 40.233177 0.019782 
88.276009 82.409126 70.746521 68.413376 38.920666 0.000000 
89.899368 70.752663 64.724617 62.533646 47.635212 0.034264 
85.657623 82.160629 66.751579 58.218567 47.662113 0.000000 
93.911201 76.452286 73.262245 63.209888 47.311981 0.000000 
92.467239 70.867790 62.873611 65.563362 62.282322 0.019782 
86.739487 79.249931 88.601311 73.842857 32.431992 0.000000 
89.684525 83.105141 71.405510 67.390877 42.652905 0.019782 
86.876305 65.943268 59.747551 54.704704 36.306499 0.000000 
87.646049 70.296112 69.906296 57.523357 35.965675 0.000000 
88.550774 61.422115 51.556732 46.239288 37.695675 0.000000 
88.477829 66.153984 66.816986 67.855614 54.330269 0.000000 
88.594589 67.884644 65.969528 57.395977 35.921673 0.000000 
85.079018 68.196922 61.287231 58.010502 44.905163 0.019782 
88.615379 68.328857 65.071350 54.563488 41.265789 0.019782 
94.656731 72.050270 77.680565 63.464684 43.659267 0.034264 
93.343376 72.266197 72.228432 60.249004 42.877331 0.000000 
89.638023 66.485802 66.729607 61.308533 45.019287 0.027976 
91.647430 69.643593 70.691635 55.968281 40.509285 0.000000 
85.926003 69.110458 62.210064 58.047153 49.540676 0.000000 
97.248993 78.727325 65.694885 52.599800 38.372513 0.000000 
90.903641 74.686424 78.277260 55.510452 43.675930 0.000000 
84.503944 68.115875 70.529457 54.221558 45.485817 0.000000 
89.569931 71.012192 76.280472 50.579895 32.323318 0.000000 
92.667145 76.985092 73.654350 58.813007 42.482285 0.019782 
89.124268 63.732441 63.726398 57.854771 44.838932 0.000000 
88.976006 73.087677 67.543114 71.713264 43.696152 0.027976 
91.560005 88.350273 87.441574 57.224178 42.295910 0.000000 
89.291489 68.021469 61.249744 50.439594 34.405197 0.019782 
86.343506 84.176010 89.028503 65.816208 40.026630 0.019782 
87.397522 70.449005 65.076645 62.121044 47.580730 0.039565 
85.525826 68.818794 69.377960 56.157215 37.150620 0.000000 
86.976326 84.750458 86.066467 66.543129 46.634747 0.000000 
91.180374 79.074356 76.264877 74.026840 49.646069 0.019782 
87.395714 94.708282 74.256897 65.361717 50.760559 0.000000 
95.113861 83.377533 70.145271 66.983269 41.069263 0.000000 
85.225372 68.687439 61.203270 54.479118 37.442062 0.019782 
81.837212 68.967171 58.177879 64.220398 46.955120 0.027976 
91.373665 68.098129 66.704994 59.196659 38.598637 0.000000 
88.489326 81.627663 83.819527 58.996426 47.623333 0.000000 
84.627220 56.848145 65.926308 39.814991 45.856415 0.000000 
87.061707 81.236595 74.894974 51.811668 37.018890 0.019782 
88.245430 73.458519 72.860535 64.506134 49.549854 0.000000 
90.884094 70.866692 70.764709 64.005249 40.741737 0.019782 
90.081886 77.900581 69.732437 66.235802 45.502419 0.000000 
90.535805 66.711708 65.155441 58.346909 45.903278 0.027976 
93.373085 68.116318 72.123810 69.311714 53.070717 0.000000 
89.889160 71.273918 83.004105 68.266075 51.681694 0.000000 
85.113312 74.307159 74.513107 56.221603 44.467216 0.019782 
83.203758 69.575706 66.304985 54.220413 35.149925 0.000000 
92.590805 70.764839 73.584175 55.998684 39.009571 0.000000 
85.988739 67.631485 65.029335 60.680000 38.104855 0.000000 
83.392708 58.259232 58.774658 51.817200 36.359974 0.000000 
86.085442 70.912560 71.595558 51.126041 38.441212 0.000000 
89.302208 81.542992 86.715149 76.472809 47.821934 0.000000 
90.797890 83.869057 62.976192 63.194267 39.830635 0.000000 
88.068008 70.525612 67.528397 51.944939 41.095554 0.000000 
89.134354 74.616669 75.882622 59.522476 45.378139 0.000000 
89.094070 64.474632 67.285797 60.728809 49.174568 0.000000 
92.481308 76.218857 81.545380 55.128563 40.176750 0.000000 
84.447052 85.343033 80.500214 65.327148 43.556149 0.000000 
91.864525 66.549194 60.744205 59.970875 40.815796 0.000000 
90.573265 75.497139 82.420067 57.792660 35.796055 0.000000 
88.103409 65.872322 71.272598 59.266369 41.096123 0.027976 
89.229111 94.935532 91.666267 85.680298 55.100346 0.019782 
93.362251 76.269302 78.330154 68.039627 46.626003 0.000000 
90.098846 77.681564 78.609970 58.781425 38.282349 0.000000 
86.099869 78.867393 58.148952 70.044556 47.222500 0.000000 
92.689919 77.628029 73.752045 70.988953 45.734016 0.000000 
84.101364 66.449257 70.126404 58.406898 48.243145 0.019782 
90.584267 80.928322 69.494598 55.927204 33.283218 0.000000 
87.081879 67.038017 69.180641 65.281548 34.261028 0.000000 
87.981133 67.206131 62.373505 48.154228 40.126007 0.000000 
86.131187 70.017303 70.607101 55.060093 39.083115 0.000000 
95.114029 70.936272 53.434212 61.113430 49.152348 0.000000 
92.075470 89.591866 87.138046 62.642715 39.067234 0.000000 
92.627541 80.449463 59.953419 61.999992 40.910797 0.039565 
88.807137 75.238823 67.306152 54.729481 39.599991 0.000000 
86.543541 71.978569 71.620224 58.315334 39.225773 0.000000 
92.778519 62.107193 54.462200 45.934696 41.294147 0.019782 
80.922585 64.066696 54.802574 49.342495 49.547024 0.027976 
84.946609 61.324303 70.812958 50.661335 37.101418 0.027976 
91.760620 68.762909 73.660858 65.778793 39.818371 0.027976 
92.580711 72.733437 78.858009 58.591030 39.909866 0.000000 
86.520668 72.841660 63.905754 56.400997 35.977154 0.000000 
90.095810 54.291473 45.166508 52.183880 39.405769 0.000000 
88.345535 73.183365 56.168476 51.221031 27.923950 0.000000 
92.695160 89.049751 90.551338 63.036488 48.039490 0.034264 
87.529434 57.376526 53.683681 57.353584 44.959915 0.000000 
93.138306 58.200302 53.444885 49.844570 31.919119 0.019782 
91.258835 70.717667 65.838425 55.606850 44.382320 0.027976 
88.666718 55.575672 49.807419 45.839890 34.200230 0.000000 
87.050446 77.148682 67.497437 53.315834 35.752716 0.000000 
87.047127 69.490097 69.316856 50.219368 34.409988 0.000000 
89.943092 73.161537 65.343483 61.185280 44.519348 0.000000 
84.869682 64.083290 72.323425 62.135685 37.794312 0.000000 
87.369080 68.979057 61.763374 54.098866 34.178959 0.000000 
84.707550 60.922058 59.952328 53.092377 39.567909 0.000000 
92.659546 70.130997 64.516975 60.662254 50.945541 0.000000 
93.035095 77.824135 67.610519 56.449253 32.289627 0.019782 
91.784958 82.795586 69.482300 73.279305 48.965279 0.000000 
91.058006 75.011497 76.925095 53.788242 31.104353 0.000000 
89.903908 75.337524 61.590271 42.239353 33.753895 0.019782 
87.626854 73.325752 66.762642 64.125374 57.500271 0.000000 
93.159073 77.864410 78.718994 69.823586 47.049236 0.027976 
88.546829 93.797920 77.602402 67.005020 44.823597 0.000000 
88.168846 71.949760 74.848763 66.598610 43.521191 0.000000 
89.610901 87.261436 73.318336 62.822510 37.667847 0.027976 
84.854248 72.813927 73.166649 75.736313 43.102711 0.000000 
84.512146 67.460739 63.806019 58.974133 42.669922 0.027976 
92.656807 62.663593 54.325401 56.894707 39.401203 0.019782 
89.459587 75.204590 64.984947 58.722363 42.765671 0.027976 
92.840004 100.254250 94.404915 76.866615 60.082008 0.019782 
87.826057 69.524040 59.880810 44.915634 32.697609 0.019782 
90.039955 71.571663 63.753147 50.371620 35.013802 0.000000 
96.578850 79.364632 65.282181 66.184082 40.907772 0.000000 
96.236862 78.570122 82.503250 71.627960 39.857933 0.027976 
87.114731 81.111267 78.124191 55.783703 38.103714 0.000000 
94.814056 66.395943 71.034317 64.244720 42.551151 0.027976 
84.277145 84.017830 83.045578 55.155613 40.373730 0.000000 
90.290070 68.856941 74.947693 62.426392 37.149502 0.019782 
91.379478 83.758987 81.026573 62.813641 47.398857 0.000000 
87.214256 65.262192 66.106728 60.450573 43.967701 0.039565 
88.968269 74.229576 75.773331 62.823666 38.838085 0.000000 
91.349106 76.242691 71.143379 68.904594 44.658089 0.000000 
89.734154 80.129524 75.099602 61.945953 46.798134 0.019782 
85.328621 72.400070 62.212105 53.123146 34.161915 0.000000 
93.207367 78.914963 68.071655 62.947102 39.192776 0.019782 
89.924301 68.132591 61.161976 54.814198 43.632839 0.000000 
92.085068 65.130936 60.823883 55.393353 36.784409 0.034264 
87.713486 67.898987 59.486790 50.155197 32.394581 0.000000 
84.289558 52.536148 55.372551 41.680157 29.019236 0.027976 
91.951042 68.729538 65.485420 61.305672 40.516666 0.034264 
89.476624 66.116882 68.888191 62.099388 42.150089 0.027976 
89.483620 70.105003 59.922668 62.831646 44.671741 0.019782 
80.840752 65.378532 61.892872 59.708706 45.029259 0.000000 
83.149178 89.336899 82.100693 53.891438 44.687187 0.027976 
87.458046 69.104675 61.603558 42.686863 31.705647 0.000000 
94.336311 82.729233 72.771736 56.266026 45.702084 0.034264 
89.005737 77.737114 73.539268 72.633698 44.533836 0.000000 
91.268089 73.596313 83.105652 71.278755 54.398766 0.000000 
84.774384 66.964569 60.913162 59.746151 37.004631 0.034264 
84.871002 61.991848 57.299313 48.651474 36.164825 0.000000 
88.677811 65.816566 57.730053 52.527103 40.769424 0.000000 
84.881233 81.957748 76.390312 60.701366 29.903397 0.000000 
92.259079 63.285744 55.997437 46.992889 35.286236 0.000000 
98.552643 82.860497 70.141533 60.536354 43.374256 0.000000 
85.950531 66.325737 67.284332 55.491142 39.839214 0.000000 
91.045174 73.272583 70.533669 60.673767 39.169785 0.000000 
86.504547 53.607189 56.537209 52.201637 36.237740 0.000000 
85.411301 67.360992 72.421150 59.208752 47.156330 0.019782 
89.943413 72.487602 65.046432 56.361942 38.394917 0.000000 
89.538948 63.111362 59.774784 56.635277 41.663891 0.000000 
87.637184 65.872414 63.525700 56.463654 42.518818 0.000000 
88.894104 76.117828 69.724113 64.032791 36.277771 0.019782 
87.923492 66.140617 63.377785 60.033600 37.567577 0.000000 
92.921913 67.805405 59.742790 58.294079 40.580612 0.000000 
87.313980 71.213585 54.968319 51.986065 38.815380 0.000000 
92.792946 83.357521 72.238335 60.707073 36.744476 0.019782 
87.064606 63.617771 60.309536 55.024269 35.493050 0.034264 
89.319275 73.581161 68.601379 40.459568 31.411263 0.000000 
93.254913 80.197128 79.118271 69.359276 38.688148 0.019782 
92.953209 84.909233 72.155807 53.144333 34.881969 0.034264 
84.214394 71.693550 60.518806 66.139008 49.442242 0.000000 
90.661644 61.880554 59.936440 61.522091 44.406311 0.000000 
82.029579 76.836998 85.393188 63.857651 36.303600 0.000000 
88.024651 71.868706 75.641121 62.935066 37.703770 0.000000 
87.714119 64.688560 63.274612 63.097500 36.849712 0.000000 
86.174873 66.733109 61.973141 55.559105 41.460640 0.027976 
88.910629 72.995781 76.006203 60.164864 46.661854 0.000000 
88.795708 66.583862 69.055054 62.199142 44.309376 0.027976 
87.861519 80.022141 81.071121 86.284637 44.027813 0.000000 
87.314247 71.553581 61.135113 54.042542 36.414848 0.000000 
86.351082 79.702477 81.985725 66.080093 40.476517 0.000000 
90.066208 75.855247 64.854332 46.086933 40.208363 0.000000 
89.413025 74.540840 72.432701 68.523819 34.969837 0.019782 
92.578369 76.132050 66.008896 55.792397 37.218468 0.019782 
86.965607 80.413086 72.626152 55.162888 37.520763 0.000000 
85.621208 69.784103 71.989105 65.291786 43.606754 0.000000 
80.466362 77.761276 66.046211 55.571323 40.211048 0.027976 
83.521782 75.529007 75.313911 59.186687 38.074356 0.000000 
91.172783 73.790794 72.428833 61.820190 35.735394 0.000000 
85.001434 61.805573 53.542519 47.517933 38.082340 0.034264 
88.500778 67.980774 73.311775 63.420029 47.623386 0.000000 
84.131111 73.149757 62.902542 57.968510 33.792805 0.000000 
90.875244 68.201378 68.539215 58.393738 40.558361 0.027976 
89.599236 70.357971 75.089363 61.684635 46.515148 0.000000 
90.075836 61.155960 52.932953 51.692631 33.335846 0.027976 
86.125412 61.736111 57.677258 50.375938 44.168453 0.019782 
86.701546 68.930351 66.248016 49.382778 38.117970 0.000000 
87.451004 55.819416 53.069386 47.110729 29.112474 0.000000 
83.820435 62.565754 61.566692 52.931026 34.283283 0.000000 
84.331131 76.504669 67.833092 58.396793 44.695374 0.000000 
88.702164 60.495872 61.311016 54.095280 35.597054 0.000000 
91.769501 67.732040 57.783852 45.991226 34.621815 0.000000 
86.907356 85.548218 76.794594 56.903519 38.177586 0.000000 
85.158936 77.458191 65.798050 78.035278 46.113750 0.000000 
87.744041 79.345627 75.481689 59.170151 49.451664 0.000000 
92.372604 70.933411 72.569710 56.572975 33.517063 0.000000 
90.235237 74.542519 72.258705 74.662247 54.928772 0.019782 
86.654182 79.298454 68.666985 70.260880 43.988232 0.000000 
87.951706 57.618080 69.771545 65.832756 45.322952 0.000000 
96.716721 92.381638 94.407021 72.615715 47.197662 0.019782 
90.252533 74.150665 65.261734 55.701012 48.055309 0.000000 
90.427162 66.109489 77.999512 57.090607 43.373585 0.019782 
92.204399 72.235458 76.050972 61.151310 43.726154 0.000000 
90.904083 85.232956 75.267601 73.083817 47.287720 0.000000 
87.922318 63.603645 58.687153 53.763988 31.783167 0.027976 
89.151970 63.059883 62.203255 52.916729 41.588306 0.019782 
89.761749 67.162186 76.051788 63.865601 52.310226 0.000000 
92.631577 56.830067 57.016338 51.782341 29.173632 0.000000 
92.320061 62.637135 56.276466 57.267807 41.988003 0.000000 
83.319687 66.602287 60.830128 47.550991 41.050365 0.000000 
91.421593 63.702652 60.619114 49.389786 34.468029 0.000000 
83.566757 63.049980 65.359085 54.440609 24.772865 0.000000 
85.855835 55.078545 57.186722 53.202595 39.265591 0.000000 
89.218651 61.900177 64.545761 63.877048 43.536278 0.000000 
92.609329 63.329266 69.728195 55.699871 35.461449 0.019782 
96.966904 72.159409 68.157692 57.753319 42.068630 0.000000 
87.006577 71.284889 63.416901 47.960716 39.708553 0.000000 
96.252884 70.381828 69.635872 63.533806 34.728195 0.019782 
86.203758 58.692680 51.236977 52.452457 40.406746 0.027976 
87.072350 76.205544 69.142410 53.499962 41.811646 0.019782 
85.128181 75.620056 59.655437 55.131153 41.702572 0.039565 
90.506439 62.714371 64.872322 59.447556 41.005699 0.000000 
84.520721 62.867847 58.271233 52.671425 42.526207 0.034264 
82.061623 68.645378 60.726410 50.102268 34.103992 0.000000 
93.474983 98.118263 70.576340 52.561878 39.292828 0.000000 
91.267067 66.574997 67.749695 46.881504 41.365616 0.000000 
85.753891 60.336105 65.994232 62.364494 41.373558 0.027976 
87.196869 69.451141 57.160110 47.663391 33.669460 0.000000 
84.018829 69.121445 66.297348 53.094826 29.177885 0.027976 
89.196297 68.316505 61.877289 51.571354 31.317951 0.019782 
89.890335 77.927910 73.582924 56.582214 31.852764 0.000000 
86.873924 75.252823 76.694977 62.580952 39.047077 0.019782 
84.696915 81.664848 60.225872 50.769905 34.789959 0.000000 
78.859367 75.315399 71.765945 59.171265 39.584213 0.000000 
83.503654 70.088615 78.205032 70.853813 40.930374 0.000000 
83.853867 68.564079 70.056137 54.873127 42.356789 0.000000 
85.603325 61.487995 57.195477 47.792522 39.904770 0.000000 
80.472023 53.083069 50.132641 40.312439 31.011808 0.019782 
84.011147 59.455563 49.849228 55.256268 34.950970 0.019782 
86.518784 68.149178 66.048981 70.452629 38.685013 0.000000 
88.647781 43.935623 46.636501 46.189903 37.995163 0.034264 
88.477737 67.082108 66.065117 66.391800 39.257755 0.000000 
88.318497 84.031349 82.584702 52.623669 35.502899 0.000000 
85.399658 64.345665 66.766602 50.251347 30.512192 0.027976 
87.761116 71.216660 72.826309 55.265835 37.793137 0.000000 
90.355522 77.339417 71.832787 67.034309 41.270023 0.027976 
89.321587 76.509209 76.829781 70.114456 38.553040 0.019782 
87.730713 58.076591 58.921322 51.078629 37.963402 0.027976 
88.485939 69.762161 78.914413 57.295422 37.781071 0.000000 
89.314247 58.977711 69.499413 51.443573 42.748280 0.000000 
80.515244 50.778362 53.601807 53.909077 46.151268 0.000000 
89.293732 77.260361 75.835960 58.437168 37.305847 0.000000 
88.368217 81.598511 73.643311 54.012856 46.713043 0.034264 
93.467354 74.233810 70.955978 59.225468 36.905624 0.000000 
92.518013 61.719357 60.936047 52.247318 45.767345 0.000000 
85.525574 68.928345 61.487286 53.829693 36.014851 0.027976 
89.467949 74.298782 64.608513 51.793148 41.229797 0.000000 
88.171059 55.876324 59.029308 48.234200 36.504982 0.000000 
87.433365 72.441017 64.404495 53.608932 41.433605 0.000000 
82.971024 62.630455 62.764503 61.627350 40.320934 0.000000 
90.640427 64.820282 62.669262 57.846661 35.274956 0.000000 
92.609543 65.772156 63.643845 53.278240 36.835300 0.027976 
79.693214 61.920666 69.636490 58.972027 42.077007 0.000000 
87.102951 52.685917 66.425179 55.214043 35.541885 0.027976 
87.798409 72.514008 80.017113 57.477642 41.273251 0.000000 
87.171028 63.895782 72.651703 58.544460 37.763180 0.027976 
93.171364 68.152237 69.111351 54.140285 36.700970 0.019782 
85.925346 72.140984 79.452927 67.084473 38.746330 0.000000 
87.608994 75.390411 73.444283 68.623001 41.672440 0.000000 
89.109863 61.835899 57.098812 45.104439 28.909929 0.000000 
85.813904 66.645477 56.288837 48.326214 35.591873 0.019782 
85.301605 68.395355 71.286392 59.154110 37.808754 0.019782 
84.488922 68.041710 69.314392 61.625957 42.856609 0.000000 
87.636414 58.331207 63.720661 49.290096 42.185593 0.019782 
92.767998 72.545074 65.650490 56.456081 37.309547 0.000000 
88.141556 73.046852 65.403404 52.967823 43.070232 0.019782 
97.255234 61.059837 57.305107 53.361122 38.118927 0.019782 
85.817055 55.745216 64.034050 61.936943 45.770950 0.027976 
87.685997 68.874519 62.646439 58.280304 38.590675 0.000000 
91.210327 78.130554 88.118011 74.701431 44.693588 0.034264 
85.460052 59.159187 61.015759 59.628902 43.260033 0.000000 
88.684776 70.894333 80.599304 61.023788 51.012768 0.019782 
86.100143 68.533844 58.055798 54.927994 38.237759 0.019782 
83.868713 77.011414 64.639633 58.330868 35.926624 0.019782 
85.958313 70.455910 64.054703 51.940697 39.126469 0.027976 
91.033844 71.360168 77.974876 57.934105 43.661652 0.000000 
89.317307 71.550278 83.476654 47.934006 42.635872 0.000000 
