490.941071 254.546692 235.066071 151.759781 147491.531250 
553.441162 228.488785 174.170517 145.684921 126030.570312 
568.229492 299.045502 235.671143 217.797134 165892.484375 
458.894928 198.733994 170.748810 140.771347 139681.859375 
492.979095 241.590454 178.458405 197.510193 90955.664062 
515.459229 250.579712 202.592102 147.783890 151872.062500 
741.978516 352.737061 217.168640 272.333832 118625.289062 
416.367249 190.655502 193.936844 182.280701 123685.984375 
508.272125 251.609146 275.985657 176.415131 154650.562500 
513.272461 211.975311 150.219788 125.819420 133327.203125 
550.409302 320.160797 210.202408 169.140274 101528.445312 
669.393250 246.483490 149.616684 182.049026 141315.656250 
623.180298 221.367355 235.057678 185.608276 135662.500000 
492.254852 287.482300 208.500732 199.450211 142042.625000 
563.081482 242.001266 169.006302 122.420074 169680.062500 
546.425293 202.732544 138.290222 98.011467 164403.328125 
656.115234 237.405701 185.375443 133.726807 170390.796875 
574.941406 383.579590 353.665283 212.162445 112967.195312 
578.364685 217.992950 170.777725 240.241425 111199.921875 
528.275513 334.680237 296.458618 763.267090 167946.265625 
514.719910 245.353439 150.813919 129.780182 149080.796875 
663.550293 218.727264 161.285583 100.075508 119768.335938 
522.384949 247.196335 158.989838 111.333397 179152.750000 
669.656311 314.228302 293.450775 262.588226 151996.062500 
2064.784912 585.292603 274.300537 253.325378 202444.625000 
604.530151 274.342560 169.412109 126.632507 180593.062500 
507.523163 223.720657 155.472076 121.975388 103691.960938 
533.645264 200.466782 103.161888 79.098656 95595.359375 
535.074707 268.354553 148.295197 101.479179 125423.578125 
486.247223 191.635651 115.484886 83.132118 121890.117188 
619.089905 232.463699 141.997025 128.057419 144890.812500 
605.797668 214.714905 125.747673 129.575211 158432.187500 
581.807312 199.548874 166.946091 140.707016 152988.343750 
516.835388 183.898315 139.156433 186.423279 140185.250000 
536.277344 269.771881 199.431412 115.490829 141725.656250 
614.255005 259.224579 194.206055 132.702713 151896.468750 
523.294922 289.976624 215.282104 120.301216 184457.406250 
510.532776 220.502060 177.490967 124.727699 142031.000000 
533.487549 257.492584 165.133316 219.599808 98100.062500 
469.202209 206.295380 153.293564 132.900879 108284.421875 
509.542389 280.256195 214.319946 178.675842 133957.750000 
581.834717 485.433624 510.860474 580.167236 127732.179688 
612.418274 291.989807 251.158844 189.089508 168606.875000 
1446.561646 345.153961 180.881760 322.059570 136448.390625 
669.850098 243.473236 230.514908 142.077927 123851.046875 
678.286865 303.957855 297.668396 299.320862 168564.093750 
504.539368 217.674911 255.433914 297.530121 152548.250000 
439.177490 183.855331 157.524460 129.161774 121422.664062 
592.484192 244.947739 239.958649 202.881439 182926.390625 
492.509308 236.293854 187.111862 177.041351 89781.976562 
599.370239 279.124329 207.171967 214.477188 156842.015625 
464.066559 233.357483 228.486115 233.553619 147129.062500 
417.123413 200.157715 176.659790 179.040558 150379.250000 
536.504578 210.734543 172.048569 120.416199 173064.000000 
558.618896 262.280731 233.566330 230.968597 156602.265625 
619.725037 253.580719 271.217285 149.440231 147735.156250 
631.356995 339.463593 180.393951 182.302719 179934.906250 
488.900024 213.923233 172.436203 160.345505 144768.515625 
595.215454 219.487823 184.490585 112.290527 99396.742188 
609.292908 285.629456 185.848434 223.127945 158209.015625 
520.807861 223.397400 196.617645 242.928726 104441.875000 
548.136597 405.232300 157.544571 220.909363 227038.875000 
751.509583 276.848907 225.797211 267.276672 136400.156250 
586.077942 240.798431 167.349426 117.635109 156768.875000 
682.939819 228.001205 145.552643 124.323662 178617.906250 
463.482056 234.472717 190.384583 168.254868 145734.734375 
457.789642 259.061096 199.872437 130.378113 156877.562500 
498.992279 214.640686 160.181915 150.711151 99863.289062 
712.759399 297.485657 183.679428 208.116211 151626.843750 
551.212097 210.704346 172.993103 132.780991 129662.406250 
590.442871 336.335541 300.207275 247.434799 122497.546875 
644.802368 342.808594 460.308350 574.509460 164760.031250 
560.528870 223.757523 178.304718 190.264511 142596.468750 
465.941010 260.813507 159.224365 162.792862 220218.734375 
532.066162 211.493805 186.434540 173.595551 156654.484375 
588.249451 283.982178 259.016571 407.921906 149299.171875 
476.847076 289.672760 246.907364 227.527328 185288.312500 
488.264008 193.151352 150.195892 102.634102 102248.203125 
519.156799 280.703522 207.763992 264.076935 141605.890625 
574.589233 251.523499 178.517899 150.464584 196236.375000 
512.362000 274.665527 146.714066 152.860611 145816.656250 
576.297485 210.854065 304.902924 216.865570 86585.578125 
481.488098 201.831223 132.362946 96.385590 163242.984375 
511.091309 218.265076 170.305099 133.897446 149236.359375 
523.649902 306.271698 244.465164 173.590851 130362.648438 
562.647705 258.962555 174.051392 121.696281 117235.437500 
747.169434 359.911835 304.309906 377.412842 283917.656250 
648.833557 258.900085 250.037781 116.624123 174570.250000 
524.030029 204.078766 142.966965 97.311241 110369.679688 
521.822266 270.475983 234.198456 235.898590 171431.812500 
445.935059 206.848618 139.881104 112.308479 125410.585938 
570.181030 250.624191 331.022766 198.792526 178143.625000 
786.059509 234.906601 256.671265 171.074081 169343.000000 
575.551819 260.172455 252.791183 282.979248 235343.031250 
479.236115 296.580719 228.141968 165.433487 143844.921875 
671.207336 306.281311 185.445694 129.714279 243147.703125 
529.883545 236.916260 250.921890 357.897980 184861.703125 
509.126129 225.586121 129.235138 108.549454 148214.750000 
491.596771 230.817017 195.580643 123.368462 138108.015625 
471.403229 180.892410 127.612579 103.655823 106278.906250 
