91.258987 54.989971 65.808830 69.313179 76.903725 0.000000 
92.255409 110.053276 101.433151 97.802773 93.352554 0.019782 
95.349884 90.555557 88.227577 92.201866 92.513733 0.000000 
91.173965 77.941200 77.979187 86.722275 76.123398 0.027976 
93.625351 78.362312 67.547882 69.427071 79.296158 0.000000 
84.973969 85.609222 77.338715 86.932587 84.977364 0.019782 
85.143173 74.108215 79.294930 83.243286 70.352280 0.000000 
89.329575 83.791481 74.450768 81.406616 84.993469 0.000000 
93.348488 96.544029 89.653351 104.644691 88.709953 0.000000 
88.706329 74.104111 86.295532 85.003868 74.611038 0.019782 
93.695557 82.835152 91.315895 94.225716 96.690483 0.044235 
90.720161 82.652084 88.315338 87.479202 90.308304 0.019782 
88.326866 80.353050 74.775078 82.290405 81.310371 0.027976 
88.906906 71.202805 71.085991 78.816277 66.068130 0.019782 
87.720825 79.797562 86.362953 82.452759 80.419884 0.000000 
90.391327 87.377548 91.251717 90.314758 85.211594 0.044235 
99.111565 96.850906 103.278084 97.332413 102.211159 0.027976 
95.489983 83.404144 79.616386 85.427971 66.884270 0.000000 
91.464355 79.710922 85.539467 85.447144 85.151711 0.000000 
91.436531 83.798035 88.814247 96.296555 91.690598 0.000000 
92.298431 76.809875 80.578850 72.820045 79.922966 0.000000 
94.723015 82.273300 78.413628 84.204933 79.857147 0.027976 
92.225189 68.058525 80.666901 78.855217 80.534004 0.000000 
89.876099 79.217255 77.275406 81.756561 70.703323 0.034264 
93.437134 78.325073 76.952415 79.252747 84.919601 0.019782 
90.565170 76.276566 86.361488 82.126694 85.984039 0.000000 
88.255981 86.098167 82.377022 77.469208 91.364349 0.000000 
92.297607 81.633072 87.393456 70.363937 81.713760 0.000000 
84.897346 82.217079 72.461388 76.483978 85.714027 0.034264 
88.548904 81.034912 89.702332 84.360451 86.065170 0.000000 
86.581009 77.248100 75.396126 74.307884 84.032814 0.000000 
92.453140 92.666183 90.860268 90.986267 95.697708 0.000000 
93.189415 78.650536 79.049164 86.591972 84.557678 0.034264 
96.355392 84.859306 85.224159 93.317200 84.437416 0.027976 
90.053825 74.340172 70.079407 74.582024 76.436783 0.019782 
87.609634 83.128777 84.829964 83.579514 87.111626 0.027976 
92.336617 73.916122 70.599358 84.466377 78.448662 0.027976 
88.006493 88.139374 88.554764 94.447029 84.235802 0.027976 
91.787910 76.334091 74.255821 88.844925 73.899460 0.000000 
91.514526 95.179825 97.595551 90.330795 94.123169 0.000000 
95.238701 86.791595 88.936401 85.296440 89.228294 0.000000 
84.483620 86.084808 83.177620 87.686523 87.668030 0.000000 
88.564354 84.292091 87.879044 91.572235 77.162895 0.000000 
85.528198 90.509460 89.654808 100.566315 85.300636 0.000000 
86.308167 81.539795 86.308846 88.430046 89.501816 0.027976 
86.837196 81.623756 87.412827 81.539940 82.477890 0.000000 
90.939903 71.050056 77.296387 70.186317 76.811455 0.000000 
89.148827 72.807381 79.649017 79.115295 67.964928 0.000000 
88.590256 92.522583 83.037994 85.317780 90.022110 0.000000 
87.883850 80.374107 78.779999 81.962280 86.759254 0.044235 
93.815987 73.510452 81.994682 73.316391 75.367722 0.000000 
89.478340 72.881439 66.822090 70.819717 66.034225 0.000000 
84.107048 66.099213 75.282860 67.502197 64.181145 0.027976 
92.847893 79.436394 81.798225 89.549751 81.003235 0.019782 
93.008041 70.050941 72.691216 65.422691 76.649040 0.019782 
90.239006 87.712730 90.666092 86.322586 84.247459 0.000000 
94.236801 84.413094 86.903961 87.484848 93.117455 0.000000 
88.065300 81.799072 86.018059 84.036171 87.183746 0.034264 
89.823135 74.690506 73.530624 78.078148 76.310905 0.000000 
87.697205 82.026573 86.782356 83.492294 94.518471 0.000000 
89.182381 97.916870 89.877838 89.970497 90.680199 0.027976 
89.168808 86.165756 88.606987 84.721199 96.029099 0.019782 
85.714577 94.379265 86.585823 93.698807 92.095016 0.000000 
90.672272 85.507301 84.978554 89.251999 87.536827 0.019782 
88.129532 70.636543 68.651291 82.736198 63.294678 0.000000 
93.223625 89.639427 90.809349 94.266144 104.301575 0.000000 
90.812523 100.292809 100.285965 105.196480 89.920982 0.019782 
92.779617 80.308617 80.772392 83.958008 77.398445 0.019782 
91.808983 89.220985 84.825958 77.202461 88.537697 0.000000 
92.633873 97.682304 95.961388 96.795799 118.536987 0.000000 
91.113159 67.681435 66.468468 74.978271 66.874222 0.000000 
93.540092 81.514122 85.410240 89.214111 82.951248 0.039565 
89.004951 81.734657 90.426445 85.613487 99.225410 0.000000 
82.357224 68.650398 72.073975 69.651314 69.365646 0.000000 
91.836311 76.171631 76.884987 82.192093 83.682220 0.027976 
89.428696 75.279243 81.703407 84.401398 84.165291 0.019782 
93.482994 80.823257 86.017502 80.058205 83.591171 0.000000 
89.960480 75.277161 83.101822 81.660355 82.796753 0.000000 
92.160591 73.315742 68.401993 71.928154 69.295731 0.039565 
89.482689 75.667953 76.125137 77.251335 85.989586 0.000000 
86.109726 82.960999 80.011124 78.965141 69.584587 0.027976 
85.402870 78.665459 85.026421 90.598557 86.605019 0.000000 
96.328743 77.829842 82.247223 87.826271 82.882828 0.000000 
93.638649 65.769585 72.690727 79.784203 79.789368 0.000000 
93.268768 76.982040 80.792427 79.739594 86.628738 0.000000 
92.501717 68.677277 62.729782 76.174118 66.187187 0.000000 
93.070374 108.186630 88.953308 97.710030 96.517624 0.027976 
91.898705 78.093109 85.020569 86.347450 92.826736 0.000000 
92.179314 66.825844 64.729973 75.537788 66.007713 0.034264 
90.235588 73.448555 81.006516 81.840233 78.376404 0.000000 
90.812889 79.553871 74.755707 80.572273 74.038910 0.027976 
91.176498 84.617554 80.896690 88.277939 85.571037 0.027976 
95.505531 75.367966 84.731842 83.117393 88.892563 0.000000 
94.408348 73.848289 74.862633 84.438866 77.411354 0.019782 
88.657570 74.805809 80.255623 87.493668 86.936096 0.034264 
92.331276 65.333290 75.108772 73.691071 78.352570 0.000000 
91.664337 76.946175 73.900528 82.397346 71.919685 0.000000 
93.693573 81.729073 86.751572 87.092178 85.881584 0.000000 
87.184212 72.035782 74.586266 86.256783 77.289299 0.019782 
91.910919 69.889809 70.512550 73.530647 70.845139 0.034264 
86.119415 78.495590 80.430580 87.275810 91.901291 0.000000 
92.923294 69.023582 71.472977 70.467392 79.953224 0.000000 
92.698036 71.151390 75.981178 77.010216 78.249527 0.000000 
93.404816 69.575928 70.902588 73.727882 65.457672 0.000000 
95.493301 83.247253 85.139771 83.449303 80.164040 0.000000 
88.766449 76.371635 85.303024 82.913361 78.223061 0.034264 
95.275711 79.607674 83.216194 88.848465 77.951920 0.000000 
93.834778 85.432556 89.155266 87.635437 85.054527 0.019782 
93.673347 71.063065 78.483688 74.235451 74.856003 0.000000 
88.518890 76.242653 81.703003 82.523254 89.146729 0.019782 
94.677002 62.102077 63.822029 75.151787 65.304123 0.019782 
91.777924 67.305679 68.204811 76.264740 63.758640 0.000000 
95.500153 67.624519 75.768799 75.745003 76.881142 0.000000 
90.889854 66.186844 64.423775 75.402321 64.975449 0.034264 
93.197708 71.961807 82.062660 83.202316 82.202965 0.000000 
93.496803 83.641289 87.768288 92.463715 90.400307 0.000000 
96.079674 64.854736 71.222046 72.825432 77.369049 0.000000 
94.013504 69.561180 78.566711 78.888969 82.725403 0.000000 
87.741432 83.461136 86.384636 89.639656 83.433006 0.000000 
86.818245 92.049026 93.476028 90.764862 89.159271 0.000000 
89.778435 72.983101 74.683983 82.237755 82.885780 0.027976 
89.425110 74.089104 80.403557 82.788849 78.112679 0.000000 
87.331543 83.379738 76.034508 74.127693 77.964340 0.000000 
91.336205 86.595886 87.842812 91.841530 89.195869 0.000000 
94.100502 80.759460 84.992912 79.454910 88.863396 0.027976 
94.169724 92.135452 89.797935 99.921074 91.648331 0.019782 
93.949646 80.438866 79.460999 78.526474 76.094612 0.039565 
89.049065 66.872833 57.592072 59.146931 53.087730 0.000000 
90.277061 77.569641 85.335838 89.008369 85.506630 0.034264 
95.770729 60.524971 60.962963 62.454796 73.885643 0.000000 
92.608055 86.837456 82.986320 89.231064 84.836334 0.027976 
93.917152 67.760544 70.911606 75.050171 75.190613 0.019782 
89.141800 70.923859 78.734924 77.866745 77.554405 0.000000 
87.370483 73.225510 76.494797 75.962845 82.468460 0.019782 
91.427750 69.263664 73.606308 80.927170 83.801147 0.000000 
91.700203 90.849525 95.006264 94.253792 98.038704 0.000000 
87.825462 77.985695 79.451805 75.257187 85.429337 0.000000 
84.973061 84.133545 82.143166 83.102638 79.475090 0.000000 
92.658134 70.174774 66.790787 73.764290 74.614334 0.000000 
87.229614 86.613800 82.077774 85.366173 87.977974 0.034264 
97.239609 61.380894 76.884521 76.414627 73.078262 0.000000 
92.998344 82.242622 85.398003 84.818619 86.759941 0.000000 
88.230293 80.257957 84.857353 83.850273 93.083847 0.000000 
99.945015 54.776814 64.672585 61.336361 72.178497 0.000000 
89.139336 91.000061 92.793228 91.477097 96.552475 0.019782 
90.101830 79.579277 82.263992 82.398254 82.833099 0.000000 
89.172302 80.501709 84.449471 86.327682 87.755638 0.000000 
87.141212 77.991417 79.835487 76.994072 75.999992 0.034264 
90.278839 80.643219 79.378922 85.568810 78.098961 0.000000 
89.174919 71.588585 74.875786 87.813904 74.493797 0.034264 
94.763824 57.708969 65.565262 60.721737 61.397881 0.000000 
90.906319 82.000511 81.372124 81.485504 88.093224 0.000000 
89.236008 82.404472 82.611969 85.894531 90.211769 0.019782 
88.733383 65.374962 69.998024 77.568169 72.704147 0.000000 
90.905556 65.021225 69.109489 72.485214 77.636635 0.027976 
91.758934 84.038940 86.389267 88.563889 84.638214 0.000000 
89.975624 70.415833 69.031708 83.808838 81.173325 0.000000 
89.348351 64.342690 63.121811 70.441513 74.784058 0.000000 
89.127922 77.971519 73.234222 82.353325 79.793999 0.000000 
92.314217 87.048988 88.109764 85.460464 86.027351 0.044235 
97.954521 72.337715 69.120422 75.103516 69.443459 0.000000 
90.490120 88.197212 93.432518 102.335670 100.183723 0.019782 
86.418869 66.182854 64.313301 67.956215 73.513985 0.027976 
87.579346 76.920753 79.242027 79.986160 73.042824 0.000000 
91.260628 55.037674 64.423248 61.058693 67.312447 0.000000 
83.558304 93.183456 95.800339 92.478096 97.329796 0.027976 
90.695770 72.324615 71.160072 82.783165 78.365776 0.000000 
87.719170 81.096466 82.169510 92.083031 90.749397 0.000000 
88.320953 78.054565 77.847710 82.190605 85.183502 0.000000 
93.678474 82.245857 91.179276 89.348000 95.675758 0.000000 
90.756317 81.364456 82.950516 90.501938 83.358643 0.044235 
91.943687 79.611420 87.379410 90.666519 80.693565 0.000000 
92.437622 63.507824 63.947140 68.319984 66.605110 0.027976 
89.582260 83.399284 83.899986 88.145493 86.301155 0.000000 
92.400536 79.541893 77.055527 84.322662 79.099289 0.019782 
96.110725 74.700462 79.253693 78.198174 73.810081 0.000000 
96.030121 59.542793 61.985733 67.376549 65.646889 0.000000 
87.121696 80.579247 80.482582 81.286308 78.233421 0.000000 
88.703407 82.946381 91.562904 87.515717 91.450356 0.000000 
94.574646 75.957687 80.385818 78.066109 90.325150 0.000000 
94.344353 73.879959 77.887489 85.061440 76.377129 0.000000 
95.375587 78.956070 84.455627 80.460732 81.430130 0.000000 
88.209229 90.377213 93.539185 94.595161 93.260887 0.000000 
89.741333 73.207687 62.088879 74.044472 69.893929 0.000000 
92.289131 63.270714 64.840004 71.531929 70.909294 0.000000 
86.469025 75.038712 77.090393 83.313736 77.456009 0.027976 
83.326477 81.953606 85.970154 79.114052 82.546745 0.000000 
92.656189 72.965012 71.288956 78.722031 72.930328 0.000000 
86.656219 85.726517 86.438713 87.422806 86.941322 0.000000 
94.537567 92.015076 91.348495 90.696762 88.312790 0.019782 
92.662796 84.165016 84.017708 93.156013 89.650826 0.000000 
89.888924 96.567032 86.178230 91.067963 79.966583 0.000000 
88.567444 84.687492 84.709137 84.105766 87.940399 0.000000 
90.928955 87.536041 90.987610 86.611572 89.677910 0.000000 
94.881096 66.232407 61.110828 65.007851 74.579208 0.000000 
96.991753 73.896698 76.852196 79.463150 80.762634 0.039565 
87.004807 90.221413 89.462753 89.147118 87.765839 0.000000 
93.038368 81.697372 86.479118 87.018272 89.885368 0.019782 
92.369820 77.703323 79.599434 79.917862 86.302986 0.000000 
94.092239 73.068108 77.480408 78.816620 71.093918 0.019782 
96.180000 79.329575 80.784737 85.645607 83.213570 0.000000 
89.578934 91.892143 92.751396 95.825394 92.861153 0.034264 
91.571663 72.842346 73.498520 77.741402 72.093216 0.027976 
88.316086 91.397018 85.558006 88.937576 104.020256 0.000000 
93.057129 87.297287 88.721260 92.301643 99.812050 0.019782 
85.362755 78.419563 83.680374 88.260994 84.366302 0.000000 
86.806892 93.589531 102.747688 92.852112 82.660828 0.000000 
93.880013 89.116890 93.041779 92.659279 90.418213 0.000000 
93.558342 80.478233 81.867584 88.830063 83.807945 0.027976 
90.429893 93.319550 91.275429 87.296410 89.238022 0.000000 
89.204063 82.927902 78.944641 86.715446 84.659836 0.027976 
94.186745 90.790306 90.206757 88.580826 93.116371 0.000000 
94.539917 75.330360 77.619202 89.171150 76.588882 0.019782 
88.811409 75.306831 76.631287 81.127686 71.776741 0.000000 
91.425957 73.705765 72.643021 77.524406 78.648750 0.019782 
93.470566 65.771065 66.902809 70.168427 78.557533 0.000000 
90.660400 95.696602 89.862411 90.714371 91.579330 0.000000 
90.576500 86.223648 88.858864 90.015976 92.376404 0.039565 
88.551956 84.169891 89.704376 96.280548 98.120369 0.000000 
95.567780 69.151390 76.876747 76.234497 73.512505 0.000000 
96.094139 69.749153 78.038391 69.422768 71.677406 0.000000 
95.024841 67.937981 64.258675 69.063377 76.130692 0.000000 
88.965942 74.966354 76.399826 77.836296 81.174736 0.000000 
89.345840 91.364990 92.805779 93.533875 94.444328 0.000000 
87.301865 64.018585 73.436729 73.714218 66.747505 0.000000 
92.993423 90.093559 91.670853 91.627464 93.852249 0.027976 
95.568657 73.501610 82.854782 84.149620 78.943970 0.000000 
97.064774 80.977592 76.993668 80.336494 85.936821 0.000000 
88.524803 79.534302 82.642220 74.893616 98.140663 0.039565 
84.179947 93.146606 94.987755 97.766785 101.208366 0.027976 
89.345520 78.950684 78.931236 76.721039 81.073929 0.000000 
94.396912 60.620167 60.518002 74.920273 66.094444 0.000000 
86.184540 86.176514 94.563385 100.736954 96.845749 0.000000 
91.705551 67.255753 71.343483 76.853607 71.646103 0.000000 
99.154846 77.409782 78.041512 86.176163 82.318077 0.000000 
95.308502 72.742180 76.545631 82.603310 76.945549 0.000000 
92.764290 63.947830 72.363388 75.994827 62.761372 0.027976 
91.856392 73.273773 76.919777 79.397720 76.506493 0.000000 
93.290520 67.508163 69.990021 68.764732 70.242653 0.034264 
102.308640 59.550793 52.037636 63.509144 56.690479 0.000000 
88.898132 76.301308 77.949577 71.639595 71.610832 0.000000 
92.663109 76.944847 79.649399 84.453224 79.371284 0.034264 
93.165245 84.211189 86.966682 84.204369 82.119354 0.019782 
96.131683 69.558441 72.952904 75.537590 76.891548 0.000000 
90.374817 97.580940 94.696281 103.900139 105.719009 0.034264 
92.370178 81.372787 86.468498 90.179207 89.448418 0.000000 
93.301910 84.149826 89.319839 94.570015 88.403419 0.034264 
93.480301 96.599205 90.834175 92.625374 92.427902 0.000000 
95.752670 75.383125 82.531975 78.397774 62.757053 0.034264 
91.992012 83.095566 80.644463 81.633339 79.168419 0.000000 
90.271675 84.500488 86.802002 92.068748 81.764168 0.019782 
92.071007 78.619743 74.516129 86.796272 94.049767 0.048457 
94.556183 78.134819 91.686279 88.898613 89.951149 0.000000 
89.012695 80.750359 80.256767 80.549271 80.606232 0.000000 
96.257835 83.572266 85.192444 83.727585 86.583366 0.000000 
96.375435 70.165382 68.984421 69.871361 71.994766 0.000000 
88.735199 70.911674 70.623055 66.750465 62.620853 0.027976 
89.455208 69.598122 72.410576 78.658386 76.565071 0.048457 
92.778648 74.719917 73.465088 73.852684 75.876732 0.000000 
97.759888 66.086838 73.215149 76.300461 73.212097 0.019782 
90.193512 85.504593 82.888557 84.993355 87.909904 0.019782 
92.254494 73.179359 70.644249 71.308670 71.242271 0.000000 
91.968102 80.756813 81.409599 74.528412 79.065735 0.027976 
93.988747 75.005409 82.314934 86.172066 78.063751 0.019782 
95.006325 75.617905 75.453865 77.502319 81.124603 0.000000 
93.979729 81.821365 82.685661 83.427544 80.730766 0.000000 
92.686119 62.849503 67.932312 68.402115 66.359871 0.000000 
92.134361 77.241211 85.664459 85.295311 83.700607 0.000000 
94.814117 81.671700 83.779533 87.954834 80.561394 0.019782 
94.516808 71.363121 72.951500 73.755249 77.357323 0.000000 
94.837090 63.568401 55.822060 64.986679 67.614571 0.000000 
91.297913 72.117783 74.986526 70.933029 80.966316 0.019782 
90.428467 66.126198 73.029182 77.654701 74.685371 0.000000 
97.661743 76.399681 83.614388 83.179993 85.987694 0.000000 
92.014595 72.000900 74.481918 83.795151 79.800201 0.019782 
93.207718 78.323296 85.440681 90.381439 86.363480 0.000000 
82.963242 76.400665 75.392761 84.215225 82.858078 0.027976 
93.969627 92.458168 90.203461 97.020012 89.220169 0.000000 
94.985382 63.318840 66.989403 66.196175 61.606079 0.000000 
93.896866 91.157562 90.567604 94.103302 93.566254 0.044235 
85.336433 89.276772 90.384857 91.025467 98.015251 0.000000 
92.643921 77.861069 78.051353 76.962151 78.045013 0.000000 
88.052460 67.561356 70.000282 61.563095 59.980934 0.000000 
87.397995 67.497162 77.280518 76.011284 74.688126 0.000000 
92.517921 66.927841 68.942543 75.680328 88.455101 0.019782 
92.461609 58.906815 67.274010 67.628456 60.103882 0.000000 
92.988480 85.272545 84.162460 85.720184 83.311737 0.000000 
98.055969 76.085632 75.026344 73.604927 77.575935 0.044235 
95.022240 78.440079 72.101509 76.393494 67.203224 0.034264 
95.075356 79.860222 85.567406 92.289185 82.510284 0.019782 
91.304367 74.443253 73.895851 83.295815 82.379730 0.000000 
96.161301 69.513535 72.398781 69.975128 80.875488 0.019782 
100.402382 77.975693 75.882027 77.371780 78.034653 0.000000 
93.028229 82.029129 88.843903 85.596313 91.233208 0.034264 
92.074074 56.608070 62.942612 68.262367 75.844742 0.000000 
89.168404 82.079956 91.820831 91.983070 96.580673 0.000000 
84.224289 73.715889 76.898659 78.858559 76.820030 0.000000 
96.163155 74.804382 84.678596 84.752464 85.052132 0.027976 
91.610558 65.662048 67.114487 68.178329 68.380386 0.000000 
91.304703 71.658722 76.054092 80.777321 81.356537 0.000000 
87.077675 75.596054 72.845039 72.899780 74.156906 0.000000 
93.854736 83.680946 82.589775 85.325089 85.340248 0.000000 
92.454079 93.702324 95.219597 91.952271 96.431305 0.019782 
90.414291 70.932617 72.977676 71.787292 78.733459 0.027976 
92.465500 66.398453 70.072723 73.957527 74.755165 0.027976 
94.220459 64.063438 72.744164 71.162445 68.777870 0.034264 
90.616554 80.700584 82.003891 81.765892 80.176697 0.027976 
90.001068 79.534103 73.819839 87.857323 91.459038 0.000000 
87.153412 80.782120 85.995560 88.818306 76.654945 0.044235 
93.411514 79.228714 82.075012 83.452362 78.904732 0.000000 
89.783325 65.623230 71.943527 74.408066 69.452553 0.019782 
88.537346 86.149200 94.519005 93.037155 92.045990 0.019782 
91.321075 88.543419 78.297348 89.148369 76.101891 0.000000 
92.997055 81.773827 81.267464 75.362534 73.409393 0.000000 
91.344292 98.934212 89.726936 102.282394 96.309616 0.000000 
90.479721 59.406498 59.753841 72.822273 61.563553 0.019782 
93.494904 77.446472 80.203842 88.470047 89.266647 0.000000 
88.688286 59.468884 63.162228 67.367790 68.234802 0.000000 
96.292061 80.312378 80.794464 89.056763 90.138580 0.000000 
84.244736 98.964752 96.989983 95.096298 93.046249 0.000000 
87.968597 79.508224 75.464706 80.211197 76.937569 0.000000 
87.181389 70.614685 77.118401 82.407280 81.987129 0.027976 
93.895889 84.059433 85.984177 87.512375 78.753670 0.000000 
88.869789 89.417099 87.666100 92.368507 90.021179 0.000000 
87.860779 82.185730 88.620216 91.806282 89.657082 0.000000 
90.417824 80.907120 87.362877 79.850479 88.025803 0.019782 
87.170357 69.401817 74.534279 73.152054 74.527657 0.019782 
93.450462 69.040985 67.340904 82.750000 76.764999 0.000000 
91.219070 69.342262 73.395935 65.404243 74.169624 0.000000 
98.594048 70.864204 80.534698 82.170525 89.149063 0.000000 
90.863197 78.110970 78.784683 79.136826 75.879547 0.000000 
89.170227 95.408722 92.716019 90.584183 88.805641 0.027976 
91.114037 64.948303 71.894020 70.225380 75.057182 0.027976 
93.657127 83.495834 76.101379 78.770966 79.875450 0.000000 
93.015884 88.604813 87.106834 89.348030 88.535522 0.000000 
94.585381 57.383137 52.005417 57.444675 52.457916 0.019782 
90.736588 71.273956 74.634071 79.126656 80.134003 0.000000 
96.076683 66.467621 69.963898 79.618217 81.992371 0.000000 
88.778206 84.714951 87.232758 82.144180 81.871208 0.039565 
95.166756 62.906937 64.009308 66.491165 65.183762 0.034264 
90.377907 86.696808 90.996460 96.486176 100.386978 0.000000 
91.521431 75.560097 74.723679 75.140411 82.041557 0.000000 
95.007675 72.660934 73.269112 78.469833 72.606216 0.000000 
89.137230 87.426048 88.544739 86.303391 83.375504 0.000000 
95.232536 76.179688 82.415131 82.215927 84.244614 0.000000 
86.009537 79.814926 87.364891 85.993744 86.881256 0.034264 
96.925438 78.044189 83.826187 86.139427 89.611374 0.019782 
98.768005 68.394852 73.587074 68.481468 70.751945 0.034264 
94.657669 72.173454 74.826385 73.961655 73.078011 0.000000 
96.858818 71.072128 78.530144 80.068008 78.123756 0.000000 
88.593704 90.077934 86.026077 85.883301 95.833603 0.034264 
89.810760 82.326828 84.757156 85.377708 80.948479 0.034264 
89.463242 89.119507 92.863892 97.535995 95.526711 0.000000 
89.509544 74.610245 71.592453 73.005417 74.211540 0.019782 
90.946335 81.732460 82.245598 84.662788 80.717125 0.039565 
95.076065 95.607033 85.823273 90.419609 95.350243 0.019782 
106.099800 78.263161 78.760986 82.538551 80.617416 0.019782 
94.297409 83.129738 83.875061 89.727997 86.987228 0.027976 
97.390770 57.151535 60.096539 57.241810 56.693405 0.000000 
97.177864 90.169571 92.180130 91.583992 88.414207 0.027976 
94.984100 72.582100 77.049309 76.792519 75.613480 0.019782 
100.491348 74.407463 72.295227 71.353996 75.996002 0.027976 
96.884727 69.941093 67.703857 69.614449 74.148872 0.000000 
92.752968 72.078049 73.729630 80.745392 75.486153 0.027976 
87.586983 93.172577 90.039635 94.178238 98.571518 0.034264 
95.172295 78.486580 74.707397 76.878510 77.326889 0.019782 
96.388947 66.214043 71.882500 75.183144 74.574860 0.039565 
92.685341 73.653755 77.766861 78.183395 74.938324 0.019782 
90.590019 73.909538 70.796852 73.506622 80.918930 0.034264 
92.055054 87.723549 89.506310 88.833618 88.872704 0.000000 
95.051437 82.881004 87.490028 91.867554 82.485619 0.034264 
96.374367 84.156776 84.134796 81.783882 83.711586 0.000000 
92.633644 79.033775 80.381752 79.645294 77.503860 0.000000 
91.120293 81.515739 96.549217 88.574944 105.341324 0.000000 
87.584007 94.504288 95.539627 95.756691 95.441635 0.000000 
95.967484 71.955811 71.336800 67.110527 64.323715 0.000000 
92.248871 74.863998 76.287888 82.722984 79.636314 0.019782 
95.543983 69.590355 69.182480 69.222816 67.306435 0.027976 
93.371300 69.361641 78.668999 78.835953 76.157837 0.039565 
94.806900 70.787857 73.846764 80.953812 77.717285 0.000000 
90.953026 72.043236 73.874031 79.597343 72.808533 0.019782 
94.289146 68.112885 66.025856 68.501808 65.685806 0.019782 
91.728004 73.870705 71.487892 69.509918 77.388535 0.019782 
89.636070 83.365730 88.234619 86.358894 86.532539 0.000000 
96.506538 80.546982 78.531029 83.406281 82.639679 0.039565 
93.131378 93.254150 95.295952 87.316010 91.077538 0.000000 
91.558334 77.561584 84.884590 88.324379 85.782120 0.000000 
95.814278 78.414146 79.438217 82.369484 87.272415 0.000000 
88.829941 95.006325 96.562546 101.198586 95.768738 0.000000 
91.383934 77.993675 87.870728 88.003357 87.697197 0.027976 
92.559532 87.524338 90.578453 96.772163 93.189529 0.000000 
97.489197 63.049316 57.973804 64.311501 54.030499 0.000000 
87.353630 90.141914 90.585602 96.410141 91.364136 0.000000 
91.600517 62.395607 60.976376 64.509598 68.402176 0.000000 
89.930069 70.790054 71.173096 71.657890 69.956078 0.027976 
94.721115 69.009109 78.449287 79.716057 78.145889 0.034264 
91.140907 59.297134 68.738075 71.617500 69.250648 0.000000 
89.364059 83.305855 82.382645 84.576286 81.313934 0.000000 
90.349976 80.231995 78.555092 84.746185 86.475670 0.000000 
92.172325 63.030334 73.338440 73.669350 75.364952 0.000000 
91.880592 70.030884 64.650795 70.106575 70.470078 0.019782 
94.991341 84.192383 84.928215 85.709541 82.623795 0.000000 
93.043266 73.719780 77.677444 76.534332 76.996605 0.034264 
93.241692 81.136543 84.123596 89.525719 85.150940 0.000000 
83.869476 96.930397 97.194351 90.672371 101.748100 0.000000 
95.684372 92.661903 95.724365 93.316833 93.035225 0.019782 
91.700813 82.355309 81.094521 78.827522 83.628632 0.000000 
97.752365 80.896790 89.494064 89.150223 88.772057 0.000000 
90.860054 98.941544 102.767204 97.886627 97.551483 0.000000 
92.105209 85.966942 96.077644 90.041901 92.218903 0.000000 
89.499031 70.330147 73.533066 84.080482 76.149773 0.000000 
89.259811 81.485207 83.441650 86.958504 90.329468 0.019782 
87.863892 92.876846 96.007294 95.076950 91.924500 0.000000 
87.566536 82.820969 85.484795 86.233337 81.988449 0.019782 
93.901726 62.664722 62.441391 67.226578 70.774979 0.000000 
91.767975 71.684074 77.590363 79.257080 79.202209 0.039565 
93.323639 69.737236 72.348106 71.156746 81.367874 0.019782 
91.419357 77.516159 83.356934 82.644165 83.741455 0.000000 
96.502777 59.979652 60.759052 66.066650 61.993351 0.000000 
95.133148 78.738197 78.699211 82.190422 83.261314 0.000000 
86.755074 81.470055 83.107796 86.666496 83.321587 0.000000 
91.422127 70.112190 70.410507 70.164604 74.198753 0.000000 
91.536461 86.883568 86.781593 93.958107 89.724854 0.039565 
96.154152 63.016956 63.188236 61.143143 56.110039 0.000000 
92.345612 63.421581 66.417595 65.664154 78.634544 0.034264 
97.622208 88.822250 90.345795 90.819679 88.949944 0.039565 
91.124664 75.468414 81.136597 82.808731 85.340668 0.000000 
92.146530 77.617172 71.419868 71.570465 75.247231 0.000000 
88.088936 73.314850 78.926048 79.196083 83.310829 0.019782 
89.041634 88.021347 87.213943 83.293526 79.387291 0.044235 
96.011665 79.918312 85.197937 87.048805 84.415100 0.000000 
89.647301 93.457298 94.217148 97.036163 94.374489 0.027976 
96.846001 71.729446 68.191765 71.825272 71.746468 0.027976 
90.188347 65.734848 67.691528 75.147461 71.608963 0.034264 
93.502563 64.151451 70.340927 70.489281 78.874382 0.000000 
100.331627 59.224571 64.476791 66.840332 73.459999 0.000000 
92.706413 92.855583 92.119324 86.934586 94.199944 0.027976 
91.367546 93.768974 93.315880 95.226456 94.147614 0.019782 
93.855499 71.783386 77.084274 74.816742 73.508095 0.000000 
90.374542 71.484489 69.676079 75.936539 72.227928 0.000000 
94.827446 71.781059 78.037819 73.595848 81.927444 0.034264 
96.190147 70.259583 73.872192 79.139290 79.679329 0.019782 
93.813606 76.094772 72.912544 70.054214 64.505798 0.000000 
102.094772 62.476456 58.935188 62.817631 61.276482 0.000000 
93.832794 60.363468 61.128502 62.259632 57.221802 0.000000 
88.048012 83.040398 84.193497 87.210365 81.721489 0.000000 
94.948624 59.851200 59.625420 63.578827 57.936802 0.000000 
88.945648 75.929688 80.817284 80.905464 75.786362 0.000000 
86.113213 68.109970 73.979332 78.034584 78.818100 0.019782 
89.937881 91.181244 91.078621 89.308784 85.996849 0.019782 
94.832825 87.604439 83.357536 94.906319 91.287025 0.019782 
98.258842 69.286499 72.889915 78.491768 76.308586 0.027976 
90.716942 75.736237 89.943199 95.047592 96.840919 0.034264 
89.595253 97.084633 92.300179 96.700821 98.873604 0.039565 
94.396202 64.609283 61.334480 64.396667 65.122391 0.000000 
92.482719 87.286987 84.778603 91.503403 94.081543 0.000000 
88.720749 76.224991 76.105316 78.049019 78.576401 0.039565 
86.011124 74.485588 75.450188 78.615250 80.212967 0.000000 
92.985641 73.579620 79.396492 82.065025 83.326324 0.019782 
94.752342 70.497032 65.148483 70.521317 71.421951 0.027976 
89.831917 80.957352 82.368004 89.295723 90.721825 0.034264 
85.629921 72.146515 72.991394 78.671951 84.048843 0.048457 
88.988739 83.280869 82.748116 84.783478 85.435867 0.000000 
90.293526 75.735573 77.847893 79.446709 68.687904 0.034264 
92.932343 71.930367 71.857315 78.247482 68.597511 0.000000 
84.639908 71.931847 73.681053 78.714699 81.701477 0.027976 
92.932304 74.321114 77.524117 79.554482 82.705482 0.000000 
95.914642 91.959671 89.276573 84.800110 91.521278 0.000000 
98.717712 78.397423 85.881378 88.409882 87.885544 0.000000 
92.325546 79.607216 76.724907 82.245338 79.296829 0.000000 
88.117874 69.099052 68.613762 80.857018 72.257866 0.000000 
91.277695 55.211060 61.149460 66.186897 62.481354 0.019782 
93.399055 66.076958 73.461395 73.502846 73.525833 0.000000 
98.245857 82.811234 85.878136 89.590126 84.238304 0.000000 
90.154991 80.854233 83.010101 84.118492 84.203018 0.019782 
96.771072 68.892326 69.364746 68.608223 68.051193 0.034264 
95.647720 72.884964 71.133751 75.828644 74.156029 0.034264 
90.439629 70.862823 67.491302 74.940796 75.253639 0.039565 
94.806526 59.824810 61.234612 62.592453 58.294018 0.000000 
91.658516 65.522285 69.803566 76.419617 77.611992 0.000000 
91.902542 71.228233 81.052231 86.455002 83.315918 0.019782 
93.747589 71.963074 69.557129 69.786491 75.695557 0.000000 
87.728729 93.319405 91.164528 89.414513 96.745598 0.000000 
97.881248 58.290890 58.860603 62.641567 66.856964 0.027976 
95.249100 66.008308 65.197617 65.783836 67.897827 0.000000 
95.910637 76.982407 76.085724 80.382805 80.108025 0.034264 
94.699898 67.930611 64.441223 74.166100 74.256119 0.027976 
98.985435 59.093754 62.141785 60.221687 63.763119 0.019782 
94.345268 91.167732 93.670532 90.375671 91.228722 0.000000 
93.996048 69.479805 72.944260 78.095146 74.094574 0.027976 
98.301865 64.618156 67.927658 73.903313 72.504036 0.019782 
95.730659 64.972610 71.582458 73.253311 75.168610 0.000000 
89.624794 86.720215 89.397072 90.084969 92.954132 0.019782 
91.589470 90.277061 92.608574 91.245148 91.895782 0.000000 
101.090263 68.559692 68.415070 77.570084 68.878708 0.000000 
92.149857 68.041649 76.200417 78.447876 76.730492 0.000000 
93.432457 61.958935 67.932037 69.520798 72.476105 0.000000 
88.775581 82.975227 86.918266 85.682755 83.132797 0.000000 
89.033867 77.894043 82.308479 81.591446 79.262032 0.000000 
88.018723 96.481171 97.817596 97.231285 95.998199 0.019782 
89.458260 73.910263 76.754898 76.371017 75.054077 0.000000 
97.147942 78.926765 82.823616 82.803734 83.952187 0.000000 
99.327904 90.939346 88.984604 92.329514 89.472069 0.034264 
93.579422 70.247238 77.271301 84.727051 82.831123 0.000000 
84.292625 80.698486 89.192566 88.997849 92.798698 0.000000 
96.579697 83.329979 79.552643 83.969643 84.841278 0.000000 
93.771782 79.575783 82.948547 82.198563 80.312340 0.000000 
91.337479 63.322868 74.895805 75.940422 79.395615 0.039565 
100.491112 72.265152 72.026787 73.760101 75.087540 0.019782 
93.998016 73.899788 77.455254 85.756683 81.073463 0.000000 
94.003380 77.936493 80.475296 82.862129 84.256363 0.027976 
93.407875 76.514938 78.195198 80.434288 79.629166 0.019782 
99.083710 82.728020 83.803749 85.084213 86.420036 0.000000 
91.766876 91.556549 92.227936 95.303154 94.677742 0.000000 
99.058838 86.115585 88.512596 85.204094 81.476250 0.034264 
92.783073 81.365517 83.960556 85.809708 85.386665 0.019782 
86.324135 69.422714 67.622398 70.098160 76.588402 0.027976 
96.136169 94.275528 91.579933 88.488205 94.303696 0.000000 
90.674156 75.601051 80.605621 84.532944 78.160507 0.000000 
86.789436 75.676811 83.188698 81.963890 82.716400 0.000000 
102.432976 64.267029 62.466396 63.067432 53.552063 0.000000 
94.548592 77.833252 85.542519 86.710823 78.623520 0.019782 
93.793404 65.242355 59.611778 61.570637 57.960693 0.019782 
96.413521 86.270813 84.015839 85.047302 88.362541 0.019782 
85.271988 67.438873 71.865776 75.397568 68.985916 0.019782 
100.424240 66.183357 65.007866 70.402428 70.210320 0.027976 
92.593437 66.440331 67.399757 66.263374 65.767807 0.000000 
85.156631 91.873924 94.645103 94.420593 94.066696 0.000000 
95.875504 79.065025 80.774773 79.906921 88.538269 0.027976 
92.160858 88.201889 87.108643 90.543716 85.848297 0.027976 
96.301872 91.862206 90.640572 89.910835 86.035049 0.019782 
90.850243 78.320824 84.096260 85.678444 81.555084 0.000000 
95.498924 68.181229 74.226692 86.793182 83.915916 0.034264 
82.662407 84.918152 86.791061 90.992691 92.884705 0.000000 
92.102905 71.700996 72.515160 72.946266 77.311279 0.000000 
92.513634 79.865456 84.605652 85.913322 83.825798 0.000000 
90.263069 67.573578 75.751617 79.602882 80.561508 0.027976 
99.865288 95.565674 91.334564 85.434921 92.839500 0.039565 
89.432358 72.050789 74.274124 80.315697 85.494736 0.000000 
95.382912 83.048210 87.253654 89.194008 84.944763 0.000000 
89.380562 86.461937 91.704964 93.069389 92.999680 0.034264 
90.141037 89.927689 95.490761 100.002731 99.403557 0.000000 
96.181320 97.223190 98.507774 98.924538 98.149193 0.027976 
91.246048 78.441338 78.573296 82.054466 81.020737 0.019782 
93.285423 86.601402 87.451752 88.995415 89.985565 0.000000 
93.004387 65.413658 71.884369 70.864647 78.770920 0.000000 
83.649551 90.257118 93.967186 97.751030 94.604393 0.019782 
96.398872 84.140213 82.362854 82.791275 85.667030 0.000000 
100.414474 74.383049 74.933060 80.585823 84.549156 0.019782 
89.483116 83.786224 84.884575 88.526604 90.451454 0.027976 
87.891685 93.847481 93.003387 90.344910 92.579285 0.000000 
86.136551 97.063713 100.340118 97.350502 101.742462 0.000000 
99.709633 60.533714 62.366001 64.962418 68.197510 0.000000 
83.069885 64.171249 70.664566 75.936188 85.032539 0.000000 
96.139465 75.634071 76.308304 78.516991 79.185593 0.000000 
96.373108 75.187370 73.860123 75.894135 78.853386 0.034264 
90.828850 99.788506 96.335754 96.577324 98.459663 0.000000 
84.787193 78.107758 83.757698 89.312325 91.431801 0.019782 
94.470657 98.589951 99.906776 100.188385 101.707466 0.019782 
91.803566 75.142120 82.024010 78.457848 83.907906 0.027976 
91.703102 68.684273 80.421127 83.810028 88.603577 0.000000 
87.878899 76.888023 78.644470 80.308815 84.277962 0.000000 
90.110977 80.793495 78.441719 84.658119 87.913948 0.000000 
93.459648 85.458641 86.610611 82.597191 89.356293 0.000000 
96.424065 72.556633 73.774231 77.807625 75.363571 0.000000 
100.356216 84.008194 92.250786 88.800247 86.540680 0.000000 
90.321098 69.331146 70.196922 82.605408 85.864876 0.019782 
93.803719 79.168648 86.731079 90.024071 86.303711 0.000000 
99.127861 64.898300 63.102188 61.973408 54.686310 0.027976 
94.671570 79.075966 80.591576 80.490433 87.343628 0.019782 
94.802750 81.317398 77.109085 82.963097 85.708969 0.034264 
97.742477 80.099960 84.845619 86.943222 83.283661 0.000000 
107.557159 90.750015 95.371140 88.873970 89.534447 0.019782 
89.948463 82.601013 81.049141 85.053093 87.650276 0.000000 
90.309105 80.903824 85.088074 87.047386 84.810143 0.019782 
83.350174 83.710213 86.766769 85.451843 81.952477 0.027976 
102.256020 64.859177 66.540154 68.268166 62.344585 0.027976 
88.369614 102.291740 102.357986 103.975677 103.706474 0.000000 
92.654648 96.448212 95.314659 99.856232 98.220078 0.000000 
96.746948 95.034050 90.811523 88.292686 85.510628 0.000000 
83.086990 79.428497 79.203293 80.439873 83.049110 0.019782 
85.776390 97.216515 101.059975 94.585503 88.109436 0.019782 
101.111313 74.811096 75.953453 79.297516 85.827377 0.000000 
102.242790 81.454979 82.258118 82.359726 73.677368 0.000000 
90.531967 71.114128 74.444786 77.052002 78.601776 0.000000 
95.453789 84.138824 87.664589 84.853889 86.692360 0.027976 
96.471779 73.016884 81.368462 79.401352 84.655952 0.000000 
102.470192 75.785660 77.271965 77.427628 75.350960 0.027976 
105.332047 70.108452 70.547134 67.605148 65.525200 0.027976 
91.667366 66.880157 68.114609 71.716957 71.297485 0.000000 
95.442558 82.988869 82.986603 86.032112 85.041527 0.019782 
86.495377 93.227638 94.449600 93.352219 94.971260 0.000000 
89.653931 57.176548 58.074306 60.580620 64.625877 0.000000 
87.243011 80.856689 83.990685 86.394424 85.698196 0.000000 
99.059959 62.720135 65.485313 62.190292 59.575977 0.000000 
96.027206 69.746460 73.143417 72.954239 74.679466 0.019782 
91.025810 64.594498 66.282158 72.808052 73.591309 0.000000 
97.766533 74.030334 76.979874 75.077492 78.360641 0.027976 
99.710899 75.262383 74.140106 76.837280 78.418282 0.027976 
97.924789 59.754696 60.277390 60.237881 61.736565 0.019782 
95.808067 80.444221 80.544365 79.807800 83.838577 0.000000 
92.247841 64.523674 66.804710 72.107307 74.044495 0.000000 
90.570320 91.835190 98.795891 101.995636 101.381180 0.034264 
91.465851 68.034187 74.283623 80.804237 79.707382 0.000000 
96.011566 83.128876 83.944176 87.232063 87.806824 0.027976 
90.205666 80.982323 87.600609 86.891716 83.809959 0.000000 
96.062370 89.076309 87.911461 89.267990 84.607056 0.000000 
89.500153 79.383202 80.940086 88.050613 92.662331 0.000000 
99.464005 81.423622 81.254295 80.682678 79.685768 0.034264 
95.610626 78.178505 77.018677 81.787956 76.133934 0.000000 
89.317207 84.247719 92.078087 99.203682 97.891090 0.034264 
87.642097 93.098701 93.810150 88.106522 88.175941 0.034264 
101.114258 78.829865 77.851814 78.626022 77.662537 0.000000 
93.363441 63.750252 64.822052 69.723892 72.522377 0.034264 
89.862297 83.250671 83.174454 83.350258 87.109894 0.027976 
98.437485 57.354622 56.373013 60.457226 54.986370 0.027976 
90.474152 83.599533 90.320145 86.869995 91.640686 0.000000 
91.586060 74.397781 68.707367 78.156097 76.363205 0.000000 
90.456863 70.804901 69.588608 73.704437 70.274925 0.027976 
100.308739 93.633812 100.340904 100.423164 92.428230 0.000000 
101.979034 65.266441 64.718971 70.863953 70.852364 0.019782 
98.118416 80.158295 82.100189 83.648674 84.417717 0.000000 
93.914879 65.735825 72.083687 79.444473 77.246033 0.000000 
97.872833 74.169548 77.576897 73.525299 76.825760 0.000000 
87.017654 76.235886 80.877304 77.239288 81.347725 0.000000 
96.560684 69.966507 67.831596 64.328423 63.223606 0.000000 
94.623596 62.777798 65.890396 66.724617 61.865776 0.000000 
95.536423 86.201218 90.068672 93.515793 100.764297 0.000000 
85.754234 86.906242 90.544540 85.802048 91.441330 0.000000 
98.541763 83.632812 87.761551 87.867676 83.747620 0.000000 
95.761757 76.670456 74.975418 79.497330 82.831879 0.027976 
88.404205 78.290779 82.986961 85.245461 84.964546 0.019782 
98.639870 72.094299 79.394104 84.647125 89.321045 0.000000 
97.449059 77.776184 82.747826 83.670822 85.983650 0.000000 
92.880386 58.427460 57.776638 54.496807 59.733139 0.000000 
89.677704 85.555504 84.899231 88.343719 87.044327 0.019782 
88.862617 73.865944 79.953026 78.866928 71.000977 0.000000 
92.510818 93.550797 96.375648 95.656334 83.964760 0.000000 
94.163147 75.270027 82.489777 87.660606 84.087898 0.034264 
90.373070 80.609840 80.505844 86.210762 91.849030 0.000000 
94.976440 79.718132 81.215057 78.833359 77.497772 0.000000 
97.960388 60.326633 63.975445 62.327301 64.382248 0.000000 
93.701996 81.975510 79.166420 79.400658 87.994255 0.019782 
98.351852 98.834770 97.843452 94.635941 81.600906 0.000000 
87.588287 89.883141 90.475807 91.146790 87.122215 0.039565 
91.088242 85.404373 88.896011 88.769920 90.125076 0.000000 
87.849434 80.573242 88.656822 93.283981 92.285393 0.000000 
91.505219 93.854088 91.993698 93.343613 92.583900 0.000000 
95.597610 62.574348 62.288097 63.142891 65.307213 0.000000 
107.009377 81.099503 81.400101 81.020203 80.395927 0.000000 
101.927307 71.015602 75.724861 70.155174 64.271675 0.000000 
98.339867 61.184120 59.548573 56.996464 46.923008 0.000000 
90.079391 66.230721 69.484383 70.710571 73.054146 0.000000 
98.244003 105.226631 108.649727 108.237442 104.275452 0.000000 
94.337021 81.630180 86.019958 82.742279 84.350426 0.000000 
109.297676 115.595062 107.340607 97.199806 92.390663 0.000000 
96.787231 79.188095 78.432983 85.233398 70.073059 0.019782 
93.917160 81.865234 85.262314 84.481895 86.344498 0.019782 
92.377815 77.895157 86.778572 94.332687 91.858803 0.034264 
91.303955 87.669380 90.995094 95.635887 98.139069 0.000000 
87.205276 68.029495 66.476860 74.180550 67.612099 0.000000 
94.648819 101.037498 100.395363 98.313560 97.467583 0.000000 
99.709053 84.701134 84.268463 85.275032 85.700516 0.000000 
102.126801 83.075417 82.998573 82.650742 85.906601 0.000000 
93.228432 80.771011 87.044853 84.446136 90.407440 0.000000 
101.467491 70.469543 69.626717 72.208755 76.310303 0.039565 
92.879234 87.124878 90.359566 93.396355 92.740410 0.027976 
100.456329 61.551769 59.381962 62.820961 65.407784 0.000000 
109.019325 59.632851 58.545387 61.091736 50.531364 0.000000 
95.294312 68.010689 68.105316 70.882187 63.999950 0.000000 
102.846901 90.094360 87.085411 87.060585 85.471275 0.027976 
97.379074 75.181068 78.606537 82.645531 82.202751 0.034264 
89.347237 91.472069 90.279510 92.690353 89.582901 0.019782 
98.511703 82.197334 83.638550 87.975914 85.953651 0.044235 
103.484360 84.453445 80.480865 85.007172 84.054779 0.000000 
97.624214 81.964027 79.612350 81.372581 82.518700 0.000000 
98.003403 103.833221 102.945976 99.909065 98.729347 0.000000 
92.759674 79.949348 87.485268 89.025284 84.738060 0.027976 
87.639557 77.920135 78.212067 85.378708 81.408928 0.000000 
99.198563 79.640572 79.710968 83.555885 77.772598 0.000000 
93.136200 67.353012 71.943336 71.760696 77.352036 0.000000 
100.201057 91.856140 92.825897 95.871918 92.857117 0.000000 
93.003441 89.259079 84.685562 84.985451 86.613701 0.000000 
98.543259 68.401810 70.773941 75.113686 75.561310 0.000000 
89.583626 81.947716 86.412674 89.457458 88.847557 0.000000 
100.472733 71.554871 70.996071 76.850487 73.011803 0.027976 
90.035332 89.969322 93.044884 93.725639 95.187454 0.000000 
104.434082 96.376389 98.459000 98.573883 94.905800 0.027976 
86.842583 80.297180 81.765274 82.063072 86.322105 0.000000 
91.193954 71.010757 77.403488 80.155350 83.031425 0.000000 
101.792755 65.818527 57.580620 60.266678 62.441780 0.000000 
99.257591 85.674568 97.825966 100.451973 95.238213 0.000000 
91.424789 98.819496 100.792870 101.500687 104.085548 0.027976 
87.348549 79.071266 79.332970 85.861130 88.561310 0.000000 
97.696243 67.402817 71.647598 75.695274 76.765259 0.000000 
91.571983 58.809319 58.663208 61.805450 70.093788 0.000000 
94.689796 67.315048 72.345314 82.691566 81.395912 0.034264 
93.754608 62.198967 65.473412 68.313065 70.818977 0.000000 
87.561386 109.483025 112.722771 107.959465 105.129143 0.034264 
97.599045 82.695602 87.834595 90.350601 89.455704 0.000000 
96.020203 73.583443 76.323753 82.762154 83.826530 0.000000 
96.776634 78.361069 85.377243 88.251343 92.507339 0.039565 
92.035126 62.258018 64.353325 68.608612 57.607861 0.000000 
96.724167 83.825180 84.858864 85.405617 84.365204 0.019782 
100.612480 64.097366 63.252178 70.014809 69.868164 0.019782 
89.257019 86.791367 88.020042 98.044685 93.788277 0.000000 
90.930489 73.209618 76.755371 80.568954 80.046051 0.000000 
96.413109 62.489159 64.678970 66.414551 62.041473 0.000000 
96.423058 60.926659 67.294907 76.364174 77.054840 0.027976 
93.457222 86.603310 86.937469 86.775406 85.270287 0.000000 
84.256195 71.330315 82.639122 83.034523 76.292244 0.000000 
90.919472 86.002640 90.139824 88.176826 89.140022 0.019782 
91.694321 78.392242 82.066017 78.913940 85.175056 0.000000 
94.698540 71.381210 67.221603 71.165909 77.353951 0.000000 
94.792358 81.286476 86.892883 85.426552 82.112518 0.019782 
95.610680 74.176598 73.709099 77.553558 81.018333 0.000000 
93.837273 63.044891 60.712929 65.907898 65.911896 0.048457 
104.756454 67.135406 73.049484 74.741936 70.521614 0.000000 
90.107582 66.337349 65.922462 65.952408 67.013878 0.019782 
95.104248 59.308403 58.964039 60.013760 65.965805 0.027976 
93.047142 69.474464 73.805748 83.194809 85.284897 0.000000 
96.045486 72.770943 77.179291 79.799126 82.582993 0.019782 
90.655388 99.811806 96.903336 98.679184 94.162636 0.044235 
107.082863 105.055779 102.321045 95.966637 93.993492 0.000000 
97.765182 89.249756 92.983871 93.507721 95.140526 0.027976 
92.821472 76.212906 81.012192 80.704056 84.749565 0.027976 
93.436508 93.182907 92.613022 91.259666 91.834038 0.048457 
92.612816 70.244064 71.724045 75.749962 75.452797 0.000000 
89.370674 61.834438 63.803360 67.301598 63.788197 0.000000 
98.568352 81.401192 85.113670 82.215492 81.847595 0.027976 
86.251945 75.844582 84.736397 91.274017 90.124252 0.019782 
94.495392 69.386482 71.431564 76.744438 79.339676 0.000000 
99.541031 76.619606 74.250351 77.871468 70.437744 0.000000 
83.588898 85.890213 93.392807 96.759186 92.127861 0.000000 
98.887024 83.558632 81.976677 83.642227 83.616959 0.000000 
90.770218 92.732269 94.517120 92.358040 93.875755 0.019782 
92.966522 59.079845 61.323921 62.946041 79.916710 0.034264 
92.806473 67.877434 73.481117 76.983910 81.307030 0.000000 
93.943466 70.497505 77.455048 80.294388 83.970123 0.034264 
99.595360 87.556122 89.109886 92.045036 90.408768 0.000000 
96.455719 82.885033 84.727226 84.806717 86.128059 0.000000 
91.149063 59.015373 59.479301 59.970432 68.484779 0.019782 
83.496773 68.874077 73.825539 71.773262 66.662445 0.019782 
95.670258 67.716927 67.437935 76.199158 69.030373 0.000000 
90.272346 63.573830 68.968330 75.018044 77.749313 0.039565 
92.608932 85.393044 90.559746 91.409302 90.361580 0.027976 
92.539215 70.441620 75.635437 78.161804 82.127510 0.019782 
95.951080 59.887897 65.272392 70.357841 70.127373 0.019782 
86.624428 74.392067 78.568542 83.461411 84.661247 0.039565 
88.323372 105.078056 100.813530 93.341675 100.751068 0.000000 
66.627205 59.898617 67.452698 79.078186 84.339081 0.027976 
99.144814 60.260948 65.103401 64.157700 71.006096 0.000000 
91.898399 59.666878 65.994514 79.316277 80.730850 0.027976 
88.975761 73.372719 78.677589 83.018387 80.956711 0.019782 
95.715698 72.885422 74.483810 72.342125 94.476418 0.000000 
89.604248 67.763275 76.343369 76.781769 77.534332 0.019782 
95.451736 75.110687 74.181595 77.704834 77.183304 0.000000 
94.603165 66.225685 66.520996 70.055443 76.482307 0.039565 
104.697311 81.662842 80.129807 83.829300 81.753418 0.000000 
89.150635 100.945915 100.203430 96.192238 97.930046 0.027976 
90.807877 74.883186 76.374695 73.274811 82.401199 0.000000 
94.343857 61.430340 64.303192 69.423920 77.220154 0.044235 
89.892876 66.479584 69.661606 78.939560 78.453163 0.019782 
96.431419 87.018974 82.267395 86.143822 85.571602 0.034264 
90.398506 103.356865 101.509949 97.811539 96.641891 0.027976 
88.341202 83.698837 86.543076 85.368294 85.785904 0.000000 
94.980316 106.722572 106.600632 105.305222 97.064606 0.000000 
93.875587 88.764153 90.672745 88.611046 89.123909 0.000000 
89.686516 78.797729 80.735252 80.730431 80.151169 0.000000 
88.013382 72.916901 84.695160 88.303268 86.773636 0.034264 
91.492409 66.846909 67.730774 67.583359 72.070488 0.019782 
94.873856 60.099445 61.940647 62.226601 61.408371 0.000000 
89.505264 89.564423 96.474403 97.649132 95.077850 0.000000 
99.907455 75.340485 79.095169 80.718353 83.187569 0.000000 
91.436676 63.836994 66.370865 70.170662 75.935341 0.000000 
95.253242 66.749870 72.404160 78.160393 82.934982 0.000000 
96.815315 76.525642 76.201889 86.772224 88.665390 0.000000 
93.492867 73.590584 84.610092 91.462585 95.820541 0.000000 
92.753204 88.921150 90.891975 89.473648 91.082687 0.019782 
97.369614 87.800591 94.647217 93.469093 94.042336 0.000000 
106.037956 82.821594 83.206070 82.201759 76.779930 0.000000 
92.766045 73.807388 76.395172 87.148163 78.731255 0.000000 
92.527206 70.956375 71.967918 75.113297 72.602470 0.039565 
93.761581 76.558350 72.840668 79.034370 79.639618 0.000000 
96.827194 89.166672 91.815460 90.066803 90.509483 0.000000 
98.622505 62.824505 66.192230 69.730034 77.521393 0.027976 
101.697197 61.572018 62.449856 74.245140 87.014664 0.000000 
93.671791 65.078743 73.564034 72.064140 77.165726 0.034264 
101.274628 69.186005 71.198151 76.900398 79.563721 0.000000 
88.373451 71.872574 79.338669 87.848396 88.457329 0.000000 
93.729301 87.022789 91.075455 93.065102 96.510857 0.000000 
97.716248 45.913826 49.091873 56.673981 70.315392 0.019782 
91.002266 69.769203 75.474419 81.968834 84.579338 0.019782 
86.481468 73.358665 81.298737 88.660606 93.190552 0.000000 
95.486534 73.378685 69.358490 73.978607 72.230042 0.000000 
97.124847 68.656456 72.174339 79.236488 76.875694 0.034264 
83.166168 79.849388 84.066040 89.372292 89.328011 0.019782 
91.915665 55.809093 55.858505 62.741886 61.856007 0.000000 
91.221756 112.903664 111.092278 110.213028 104.475822 0.019782 
103.807816 63.720406 62.792030 62.201153 67.751305 0.000000 
103.997330 99.115807 96.372589 88.897385 83.362579 0.019782 
100.504768 55.280479 59.918724 65.700180 69.276459 0.027976 
93.520927 60.643307 69.895638 74.544907 78.333267 0.000000 
92.917709 57.493492 59.167305 70.031761 70.031769 0.000000 
95.253258 53.840740 58.728565 59.683594 60.725185 0.019782 
98.076363 93.185974 94.154633 92.434052 90.502937 0.000000 
92.389664 66.386253 71.006310 74.593620 77.490440 0.000000 
93.590378 63.299564 68.627571 73.655762 75.036499 0.034264 
92.571404 69.228882 75.659851 76.999557 81.815887 0.000000 
99.736755 79.188667 80.741432 84.812958 86.333008 0.000000 
90.470345 63.258518 59.511749 62.670452 61.540531 0.000000 
88.861832 99.038307 96.123474 95.072044 92.372375 0.019782 
92.995476 92.448921 94.964149 95.033607 95.254471 0.019782 
88.829918 85.898605 89.060814 83.680954 88.004677 0.000000 
91.655312 101.046288 93.732185 97.749184 97.431061 0.000000 
95.250908 59.875446 59.070919 55.811695 59.617599 0.000000 
92.574394 87.037300 89.731949 91.157089 88.351013 0.027976 
102.644287 70.201111 72.990562 77.689690 83.117210 0.039565 
101.124313 79.456657 80.857330 82.146591 87.777176 0.044235 
105.387794 78.384041 79.974991 86.242355 84.955536 0.039565 
89.024223 80.269196 86.065140 92.216385 95.024300 0.000000 
97.270370 74.537445 75.539459 80.004257 81.806587 0.000000 
90.605675 87.114502 88.122803 88.538811 91.419060 0.034264 
91.072136 84.045601 85.456856 90.725967 88.380455 0.000000 
98.495232 82.823975 83.022781 84.550507 85.566780 0.000000 
86.659210 78.356865 82.016724 83.753258 87.355644 0.027976 
92.394623 54.993942 57.544857 65.350662 70.120697 0.000000 
91.275978 88.986069 94.600044 95.898712 94.985909 0.027976 
89.424034 49.725346 55.472939 61.738037 67.931435 0.000000 
93.213837 72.325912 77.577652 80.194756 81.141373 0.034264 
92.836990 64.487930 71.920570 75.342628 74.896599 0.000000 
104.205986 72.587570 74.583336 76.089485 74.706879 0.027976 
96.214447 60.071983 67.549080 71.039627 78.897820 0.000000 
95.796303 65.580070 68.629433 73.040833 79.162788 0.000000 
97.848923 72.400665 76.814430 82.521545 86.211617 0.027976 
89.392570 57.019150 61.193638 68.390038 70.734848 0.019782 
92.157104 60.162457 55.771927 56.790215 64.508514 0.019782 
94.622299 60.103176 60.396984 67.091347 69.847839 0.027976 
91.570244 93.746170 92.309074 98.705254 89.374870 0.000000 
90.578384 79.792366 77.217316 79.165100 86.861923 0.027976 
91.239006 61.050678 63.872837 74.315979 76.843262 0.000000 
83.025772 63.588493 63.355492 71.301826 77.121246 0.000000 
93.945641 98.282837 100.951042 103.905762 101.044136 0.048457 
89.698486 65.037949 75.064857 80.455437 79.069733 0.000000 
87.164284 53.105793 59.258369 61.732697 71.635490 0.019782 
88.956596 75.096893 87.513428 93.126007 92.362099 0.000000 
84.307236 92.092827 90.576653 92.423927 93.709465 0.000000 
93.974457 74.148361 76.201805 79.652725 82.969810 0.034264 
91.131981 67.943024 76.501038 73.632523 78.342934 0.000000 
89.348351 96.157860 92.715477 90.724716 96.528671 0.000000 
97.702003 89.023338 91.785149 94.386253 89.565208 0.000000 
90.193520 97.296417 99.160927 94.034943 95.023628 0.000000 
97.728615 60.235039 63.445572 64.048286 67.500351 0.000000 
100.796181 61.041763 57.449314 62.083633 65.303574 0.034264 
90.036934 84.622055 88.652245 96.019051 102.777657 0.019782 
92.535088 98.383423 103.332901 103.892601 101.307442 0.000000 
95.229424 54.258831 52.419205 61.571468 54.462734 0.000000 
93.876137 78.397476 76.562149 78.897507 79.256943 0.039565 
89.712646 75.790428 77.103607 82.090050 88.077377 0.000000 
94.419037 61.832035 70.039452 70.778061 70.649025 0.000000 
89.087143 58.601997 60.862057 69.249893 67.939186 0.000000 
94.703995 71.958458 78.773659 81.914680 77.322784 0.027976 
97.351250 59.091736 58.793869 67.828026 72.927841 0.044235 
88.592880 97.633308 97.947647 96.832664 95.845032 0.048457 
93.246719 93.299965 97.508347 91.865372 96.004211 0.000000 
94.050758 77.664406 84.755920 85.499184 86.255737 0.027976 
93.708435 54.563713 58.038250 64.191551 77.154915 0.000000 
95.740089 74.179207 87.228340 91.261299 90.933876 0.000000 
91.333961 58.706837 59.002960 65.140854 59.142776 0.000000 
95.967659 68.021294 72.623459 73.926086 75.976257 0.000000 
93.981232 70.915154 74.301857 79.819191 72.944229 0.000000 
95.834831 62.846092 63.620930 70.361687 76.063858 0.034264 
98.129288 74.843109 76.385513 70.466934 71.891975 0.000000 
90.755196 89.292740 91.434654 89.635696 90.258842 0.000000 
98.293900 74.457886 77.542900 74.638153 81.063377 0.000000 
99.640961 75.065758 75.614677 73.555138 78.265327 0.019782 
94.078499 86.207245 95.272232 90.882812 89.968079 0.027976 
93.840973 76.055809 81.218338 82.421928 82.518341 0.000000 
91.681129 83.534943 89.756935 90.888771 92.194527 0.034264 
89.353027 91.558105 96.176888 97.016418 97.349648 0.000000 
90.498993 59.886204 64.526787 70.974556 68.858353 0.027976 
81.719757 93.811005 99.428490 97.044357 92.087448 0.034264 
89.649414 61.154682 63.301704 75.796768 81.153679 0.034264 
91.299362 43.691357 46.579559 54.084522 54.059273 0.027976 
97.700157 74.891739 76.960487 78.752151 81.640839 0.000000 
91.381477 80.290611 82.446281 79.964745 82.983780 0.000000 
93.874924 79.317581 85.547707 86.909157 88.990402 0.027976 
90.716286 66.352074 72.095291 80.245239 84.903519 0.000000 
87.161339 73.559113 79.785583 79.877480 81.255501 0.039565 
92.710182 65.144035 69.650848 77.632660 80.614441 0.027976 
84.467270 70.571297 68.085503 66.104767 63.444878 0.000000 
102.684067 77.030663 77.521179 78.282570 80.945549 0.000000 
96.788513 66.938118 75.983032 76.614983 80.096825 0.039565 
99.410339 78.992355 80.536835 79.086418 78.412407 0.000000 
94.458191 67.622314 71.302727 73.899368 76.689934 0.019782 
87.701004 79.030907 85.612175 85.349106 88.227654 0.027976 
85.283356 76.025627 79.695000 84.897278 83.020760 0.000000 
96.103630 80.116150 83.462906 88.848137 90.621109 0.000000 
88.982475 91.073341 90.664803 94.172707 94.118057 0.000000 
85.955322 82.069145 88.279388 91.960976 91.339264 0.000000 
90.864639 73.611046 76.892456 75.687386 80.732872 0.000000 
97.975906 73.105934 77.933250 82.656952 87.474670 0.000000 
97.069756 54.992661 59.163486 62.069359 66.295357 0.039565 
96.685394 44.850990 46.537395 53.138519 54.340263 0.000000 
94.919357 82.530754 81.583092 85.476097 86.457794 0.027976 
93.097664 88.874435 90.997459 91.117592 92.585091 0.019782 
95.000610 73.305069 76.966293 82.005226 81.986221 0.000000 
89.828209 93.630852 93.838036 92.262344 92.593788 0.000000 
97.715828 82.194977 85.042641 82.075920 84.648689 0.000000 
100.160873 56.120079 65.641777 62.443630 73.001480 0.019782 
90.366081 67.753456 72.371086 75.172142 82.727310 0.000000 
82.589836 64.320831 73.723976 83.581512 83.032768 0.000000 
89.153839 64.883408 67.198685 72.815529 80.710945 0.019782 
85.891655 58.345211 61.223846 63.738178 70.438309 0.000000 
96.287430 70.215607 71.018501 79.755112 80.444244 0.019782 
86.680038 80.588646 83.599442 79.877571 83.716583 0.027976 
93.615784 57.281406 56.591385 61.849194 70.362007 0.027976 
95.686813 66.096001 72.664452 80.491402 81.851013 0.000000 
89.398872 50.233025 54.881115 58.176533 69.924065 0.034264 
98.246826 91.722984 93.841507 93.863548 89.150208 0.000000 
92.234108 50.136604 53.911461 73.573738 71.948753 0.000000 
94.992065 74.545029 77.348328 83.694984 83.206337 0.000000 
100.691643 67.616562 70.236954 75.353218 80.930672 0.000000 
92.494453 61.725861 72.382759 79.982414 82.077522 0.000000 
89.118477 80.695076 84.491020 89.945663 89.098923 0.000000 
88.341385 68.577408 69.493866 77.434486 76.477364 0.000000 
88.838936 72.731010 78.806633 83.520447 84.994957 0.000000 
88.877632 55.157635 60.381496 68.740295 70.973526 0.027976 
91.258705 72.619324 82.329704 87.556610 89.876373 0.000000 
94.145615 67.046158 76.022697 77.445274 79.366493 0.000000 
94.030212 89.681648 87.977448 94.635933 93.953560 0.000000 
97.495720 55.884239 58.869049 67.325554 67.652802 0.034264 
99.555443 70.623466 76.007202 80.526840 83.199295 0.000000 
84.324776 70.977997 77.457390 84.159889 87.284393 0.000000 
88.673790 79.933769 86.127739 89.887947 89.892555 0.000000 
89.868484 53.606262 56.528961 60.424168 65.539406 0.000000 
89.387268 59.119106 59.884377 57.553436 67.408485 0.034264 
90.080322 112.129364 106.943375 104.535042 99.813263 0.000000 
90.455864 63.539036 69.410156 72.200653 73.612083 0.000000 
90.129501 64.784241 70.285995 82.411728 83.742493 0.000000 
86.765182 66.678307 70.979042 65.483109 63.162521 0.019782 
94.565201 80.617828 81.740013 83.552017 80.861481 0.000000 
86.299179 87.004852 94.864601 84.134773 84.950104 0.000000 
95.138138 96.304604 95.202774 93.301865 89.181984 0.000000 
98.179100 58.955536 64.620636 67.145660 75.859329 0.019782 
97.997299 50.521057 58.162495 67.589516 75.506302 0.000000 
83.868950 55.213787 55.738926 58.752964 55.379848 0.000000 
93.326660 87.314407 90.328316 89.476517 88.129822 0.000000 
96.221481 61.594540 66.702560 71.649849 74.159233 0.000000 
94.583580 64.174019 68.914764 77.833015 84.413643 0.019782 
87.911644 55.398212 57.956085 62.084488 63.843872 0.000000 
97.741470 62.529438 64.182053 68.061569 72.207886 0.000000 
87.945625 74.053925 76.606758 83.555321 85.249947 0.000000 
87.571701 85.188698 91.014923 91.591423 95.248207 0.027976 
86.066833 94.741463 92.572525 91.702759 91.224030 0.000000 
99.993912 61.798107 67.644760 73.201263 77.844650 0.019782 
90.346817 88.836395 87.321945 91.190071 93.884178 0.019782 
89.547142 53.069122 56.820236 66.012253 71.932846 0.000000 
98.868591 79.380615 78.453072 81.350853 81.690895 0.000000 
93.531006 96.520020 99.871986 96.699944 92.651680 0.000000 
92.570282 106.762016 105.939743 103.707130 98.177071 0.044235 
89.527275 88.079323 93.365715 95.313683 95.970253 0.000000 
91.375366 65.964394 65.117821 75.302765 82.441559 0.000000 
85.737099 90.293251 94.272598 95.254181 102.837631 0.000000 
89.002571 73.563530 72.966820 80.651588 85.079948 0.019782 
85.673851 88.275002 88.130409 90.972336 91.634499 0.000000 
91.228302 68.422737 64.369431 67.729187 66.701935 0.000000 
94.805435 83.021294 79.313858 83.669762 83.231483 0.027976 
92.481636 90.826416 90.587631 91.034714 90.979553 0.000000 
87.205582 96.731842 97.431053 99.742905 92.921043 0.000000 
87.553246 78.971336 82.773682 85.288872 89.595039 0.019782 
93.960503 71.470947 74.055542 80.537994 81.451141 0.019782 
101.508591 83.237686 85.706604 85.554131 88.255882 0.027976 
89.070366 68.465004 70.351532 71.853775 74.872673 0.000000 
95.972481 62.850212 66.034454 74.961647 81.817734 0.000000 
92.915428 73.846558 76.520157 79.638962 78.615738 0.034264 
93.965546 66.498260 72.329155 80.892075 82.723930 0.027976 
98.170883 80.688988 85.428268 84.507851 90.028358 0.019782 
93.788597 99.559380 96.109779 91.344994 89.391708 0.000000 
91.142616 74.634125 76.692543 78.310677 79.651268 0.000000 
94.491348 67.489075 76.881470 82.036766 83.257477 0.000000 
88.282265 98.578865 96.067970 94.310417 94.987785 0.052339 
86.567871 93.458191 96.373489 98.270027 96.306213 0.000000 
89.660103 111.468803 107.249680 102.781784 99.557281 0.019782 
100.139366 82.542786 78.898346 80.730049 81.735222 0.000000 
90.534592 75.667755 76.436104 79.156975 72.384926 0.000000 
96.617691 65.188652 71.704491 76.128067 79.719467 0.000000 
98.810204 61.123470 65.091194 71.416100 73.132416 0.000000 
93.135323 73.618813 78.759743 83.016426 88.958305 0.000000 
79.635010 79.661018 81.389816 86.076378 90.303932 0.000000 
97.587082 54.166996 59.277435 71.365662 75.387001 0.000000 
92.174675 78.193871 80.957939 85.774689 86.583443 0.000000 
81.351784 83.520515 86.869949 89.068245 89.412552 0.000000 
85.900093 82.934311 85.987030 90.571602 91.463608 0.000000 
93.611191 80.866112 85.922813 83.854858 81.063507 0.000000 
97.602783 77.044044 76.945877 80.884186 82.628586 0.052339 
92.357399 72.217720 72.341019 80.096344 79.142181 0.027976 
94.476814 81.398453 81.986496 84.080597 84.839096 0.019782 
97.148071 80.385597 86.822342 87.860664 86.337029 0.000000 
89.170395 68.712761 72.974983 81.274223 84.177460 0.000000 
90.339432 88.010788 89.299683 89.803093 91.349686 0.000000 
86.131577 66.980240 68.247940 77.306770 84.486763 0.000000 
100.476418 67.153595 68.937820 73.318321 73.539322 0.027976 
86.122971 46.667789 48.819515 59.955963 65.023865 0.000000 
93.048080 107.636223 103.955048 101.615059 98.528770 0.000000 
102.240318 64.957802 68.725777 68.774666 66.704140 0.019782 
101.149246 104.932945 104.318138 100.516708 98.348564 0.019782 
90.315613 62.551689 61.958012 65.981689 68.247101 0.000000 
88.036278 75.700516 79.742943 82.253036 84.504364 0.000000 
82.474800 84.576241 93.329567 92.890228 93.145683 0.000000 
96.342415 85.215622 85.903969 88.557915 88.568100 0.000000 
94.670532 76.503952 78.072632 79.843079 82.344086 0.019782 
92.133392 90.905006 91.584549 89.003288 85.951820 0.000000 
88.345184 49.964169 55.996246 63.130268 68.725327 0.039565 
91.379150 63.077972 66.428055 75.215645 81.603996 0.000000 
98.911423 74.216682 84.156876 84.876442 87.184158 0.000000 
100.219604 67.160439 65.930298 65.344139 66.881653 0.000000 
91.216751 87.187668 91.182915 97.209991 98.454628 0.000000 
99.984489 86.993874 89.163338 92.230721 93.527077 0.019782 
93.108353 90.238152 96.090958 97.744362 97.522346 0.000000 
94.189186 74.121864 75.440002 80.074203 81.421150 0.039565 
99.916885 54.738579 53.629925 58.999252 60.527824 0.019782 
94.010170 78.863564 86.180290 87.622177 85.315460 0.027976 
88.680290 68.385628 73.636803 74.271095 72.253532 0.000000 
82.871376 76.256851 77.606972 78.852882 78.511429 0.000000 
94.868652 61.755547 65.538750 72.068451 78.606483 0.039565 
89.884979 56.907951 66.812637 70.568787 75.865181 0.019782 
94.316727 61.471981 62.693516 65.495369 69.316528 0.027976 
90.799110 112.527214 110.165024 101.179070 98.241211 0.000000 
98.830322 79.705063 87.539627 90.112885 88.671875 0.000000 
97.711525 93.173454 98.439583 105.978851 105.768501 0.000000 
96.621735 114.666306 117.131302 113.503906 108.872139 0.000000 
99.598053 81.794533 84.288902 83.736755 85.152580 0.000000 
95.211693 49.035694 57.315739 65.115501 68.076874 0.000000 
92.669846 70.583748 77.017044 79.877243 81.054710 0.000000 
91.792755 81.444077 85.924377 85.494965 91.630409 0.000000 
94.414268 45.542797 52.572784 63.013023 80.495697 0.000000 
94.074913 72.739594 76.380074 82.550949 85.200447 0.019782 
95.649002 80.525467 79.546997 84.504105 85.262505 0.000000 
96.766563 73.958313 81.623756 88.875092 88.032234 0.000000 
91.983414 83.586983 89.327820 92.113731 92.109077 0.019782 
98.318268 88.555153 92.882156 94.015640 94.348900 0.000000 
95.392921 84.215355 90.457802 95.933098 94.304199 0.000000 
91.068001 72.978180 79.116257 87.277023 85.532402 0.000000 
96.638596 80.927612 86.828712 89.529762 89.368294 0.000000 
95.435249 84.153229 87.618103 93.222687 93.707878 0.000000 
93.592529 99.445602 96.412201 92.039154 90.794685 0.044235 
93.016754 83.187317 85.078758 84.749481 86.853798 0.019782 
86.678764 125.266396 113.950409 107.070992 102.660347 0.000000 
94.369484 61.138268 67.849426 75.530991 79.762863 0.019782 
89.537109 60.192486 72.248215 78.627739 80.243767 0.019782 
92.047630 55.125202 60.654900 62.515320 60.167530 0.000000 
89.767914 80.694817 85.192566 89.265297 92.803383 0.000000 
87.529709 82.309746 83.684280 83.266144 88.091782 0.000000 
86.516350 77.806305 82.910614 87.691429 95.976654 0.027976 
91.813026 50.650661 56.265896 59.255733 62.571758 0.059347 
96.688683 82.959259 84.864410 89.702919 91.574280 0.000000 
93.624962 57.495838 59.167732 63.091072 66.190506 0.027976 
82.655830 102.115883 101.556030 97.700752 95.698929 0.000000 
90.588524 75.166344 78.319771 81.616226 82.264053 0.000000 
92.026581 100.083908 97.794746 99.432487 94.997910 0.000000 
86.627357 98.764481 99.133652 97.621407 93.498886 0.000000 
90.321037 109.232246 105.767502 99.454430 96.373985 0.000000 
95.183617 108.080574 108.238754 108.308922 102.953644 0.027976 
93.142532 92.401413 96.794220 101.586121 99.977348 0.000000 
94.193581 93.434021 97.812393 103.393387 102.140068 0.000000 
99.203537 69.113480 75.904648 87.437592 91.771530 0.027976 
92.054367 53.992992 61.659565 63.769810 80.120201 0.034264 
99.070374 78.171272 76.690353 82.505791 82.451454 0.000000 
95.552094 60.422939 62.903725 71.190567 78.101883 0.019782 
100.234581 70.770256 76.548035 81.514656 83.557724 0.000000 
90.886398 59.225628 63.855400 73.651901 77.158257 0.000000 
87.179817 73.867050 83.154411 88.363670 89.480415 0.019782 
90.028366 105.476318 101.544960 97.354507 97.676117 0.000000 
88.545166 81.167709 89.319305 88.492577 91.353630 0.027976 
104.392265 95.963669 98.050835 96.675499 94.521187 0.027976 
85.134895 53.671913 61.598568 66.080513 77.831596 0.000000 
92.731506 47.983505 52.666355 54.502659 55.958805 0.019782 
91.087440 80.250214 81.963455 79.132210 81.401848 0.000000 
94.611160 78.455742 84.425285 88.440712 88.050888 0.000000 
94.801926 61.020195 70.916908 77.649048 82.041298 0.000000 
97.215630 69.172890 75.273575 81.704468 82.230423 0.039565 
86.953987 44.897346 52.880470 57.262527 70.649918 0.019782 
89.954468 122.111946 117.952286 109.807106 102.820450 0.019782 
97.223022 82.929619 81.271278 79.874161 80.380684 0.019782 
89.174316 59.212315 62.002880 70.203499 70.996712 0.000000 
89.810188 65.499336 68.010117 73.743210 80.503754 0.019782 
87.373924 65.459991 77.847916 88.264984 91.584625 0.027976 
97.189064 68.155853 72.042343 75.286034 77.185562 0.000000 
89.508820 75.672615 82.273888 83.791397 88.728149 0.027976 
88.420494 85.518097 97.438599 103.117836 97.471779 0.000000 
94.858376 79.796707 87.578873 90.439659 93.464951 0.044235 
94.503548 101.892731 97.809074 95.268005 91.657089 0.000000 
93.875694 81.435448 88.319031 93.884094 92.385368 0.000000 
100.564621 79.160034 88.854897 93.362984 96.348061 0.000000 
99.128716 48.417793 52.183342 62.067413 61.187687 0.000000 
87.940575 81.739502 90.586250 93.936760 90.904793 0.000000 
91.583435 39.578922 46.799553 62.037853 70.437164 0.000000 
88.418785 84.141533 90.757561 93.336891 96.573776 0.039565 
89.763374 73.497520 82.155403 82.182983 77.716072 0.019782 
87.485558 76.171425 86.208809 89.435875 92.015327 0.034264 
89.517395 83.322479 85.705101 88.843323 87.802505 0.000000 
88.402451 86.401657 87.021538 90.117683 89.846138 0.000000 
96.490250 60.159512 66.200447 73.545425 76.649200 0.027976 
86.818184 130.811722 124.188492 113.315170 102.525337 0.027976 
87.125282 90.476593 100.756111 103.267532 100.853767 0.000000 
98.458885 43.907509 49.936340 54.722092 60.141426 0.000000 
101.550652 59.412910 70.306404 76.954819 82.100044 0.027976 
90.145844 89.965881 93.541283 95.218369 90.703499 0.027976 
88.461807 88.466423 91.495300 92.494667 94.268486 0.000000 
98.324898 73.132370 79.662369 86.083694 87.747238 0.019782 
91.920357 96.542267 97.082092 95.276970 95.967384 0.019782 
87.106499 43.518009 54.648560 51.029461 69.643326 0.000000 
95.064552 69.657356 79.325150 85.153877 88.387970 0.000000 
94.469971 50.624191 61.139481 69.037621 77.958267 0.000000 
92.164787 86.195862 80.846306 81.313812 95.092262 0.000000 
99.358185 91.938797 94.601746 91.667923 89.999001 0.000000 
89.387543 73.448769 79.397507 83.914001 83.684303 0.000000 
92.648911 77.483444 83.181061 84.860168 86.856613 0.000000 
93.566696 95.771118 95.737793 96.198776 93.478539 0.000000 
92.940895 99.267471 96.715721 96.936852 94.057396 0.027976 
89.806961 83.321091 84.098717 85.068451 84.545525 0.000000 
93.590157 100.628380 106.320045 105.055222 100.801392 0.019782 
82.629341 84.716629 91.533829 95.288017 94.729477 0.000000 
94.016502 41.937271 38.919121 46.787083 44.552437 0.000000 
95.270424 80.067375 82.966934 87.190025 86.943214 0.000000 
91.282669 76.909508 79.593437 81.014412 80.489876 0.027976 
86.930450 79.559875 85.476585 87.666061 87.366859 0.039565 
90.320641 76.472008 77.797081 79.386299 79.147301 0.027976 
100.715591 104.029716 107.859375 104.128525 101.564217 0.000000 
96.781593 64.103569 70.616943 79.352486 86.220909 0.000000 
90.225960 43.321869 48.096153 60.256958 67.115158 0.034264 
80.640213 73.502121 74.844414 77.039558 78.996010 0.000000 
94.430962 66.402733 73.108543 82.178909 87.014381 0.000000 
92.125732 68.735275 73.456520 77.214211 80.983711 0.000000 
99.873901 53.208286 56.882641 63.788925 69.448250 0.027976 
93.378830 63.146591 70.359787 75.098946 84.157524 0.027976 
94.376617 87.580933 87.529152 85.222847 83.552643 0.000000 
93.495369 70.658043 74.049232 74.766724 74.448593 0.027976 
92.552780 73.481888 80.480789 86.048080 83.611099 0.000000 
92.803558 72.128036 76.081512 78.091232 81.078789 0.027976 
94.364929 100.653519 96.612190 94.821289 95.072464 0.000000 
83.876045 83.537537 90.258789 92.099709 96.000145 0.034264 
94.052071 99.350311 96.791077 96.475258 97.172386 0.000000 
95.853577 93.224297 92.093506 94.231796 93.592598 0.000000 
98.485252 84.000526 90.509201 91.823853 92.530891 0.000000 
100.654350 61.613464 61.760826 66.684853 66.951424 0.000000 
91.565697 53.319740 63.811562 72.956383 80.509209 0.000000 
90.941391 81.580391 86.260208 85.074150 84.277931 0.027976 
85.542625 120.093025 114.012329 108.115204 105.110565 0.000000 
77.816040 83.313179 85.785301 89.177475 89.075172 0.000000 
92.333305 86.922501 96.238388 102.407440 105.260696 0.027976 
98.740875 57.985199 57.839382 67.164642 70.609947 0.019782 
87.905891 98.935127 99.710732 95.713501 93.755219 0.044235 
94.185616 56.683865 64.031616 73.343079 78.896729 0.000000 
97.148628 68.113907 74.719337 81.161102 87.736763 0.034264 
92.331749 91.173454 95.746094 98.819382 96.169312 0.000000 
105.523842 82.856026 82.576370 83.104874 83.089409 0.000000 
91.589500 44.785675 51.440811 62.651840 62.502880 0.000000 
94.823547 75.739151 79.972946 86.843391 86.399986 0.000000 
95.456886 72.275146 79.385338 84.484131 91.710487 0.000000 
91.309883 82.065994 84.824966 83.569931 81.971619 0.027976 
88.738594 114.868408 108.708328 102.648605 99.343163 0.000000 
86.874023 89.687279 87.596222 91.473076 95.141418 0.000000 
93.352356 93.752632 98.144302 97.627258 97.856033 0.034264 
93.550201 75.052742 79.704971 87.644585 90.851479 0.027976 
90.545677 51.396496 54.652882 64.947342 77.154915 0.000000 
91.254120 60.950565 66.213722 74.896248 85.618492 0.019782 
98.188911 37.067120 49.769222 60.252419 76.586632 0.000000 
95.669632 74.842453 82.199341 85.729179 90.398827 0.000000 
101.632652 62.651203 65.978966 73.366417 80.216194 0.019782 
104.757553 113.677399 128.250122 123.127243 105.493614 0.000000 
85.599724 89.545639 93.854195 96.686409 95.128761 0.000000 
93.929115 38.514877 43.564133 59.107437 67.087204 0.019782 
94.696312 46.474552 56.036785 69.403320 76.392426 0.027976 
95.327988 47.772133 53.386589 65.617630 89.410629 0.034264 
91.246300 96.569000 95.133240 95.024086 93.664970 0.019782 
89.832825 110.694496 105.217087 99.966049 96.327469 0.000000 
99.451424 45.821045 50.165848 64.031952 77.765564 0.000000 
93.944710 117.792618 114.101204 106.934052 101.176285 0.000000 
99.585472 44.485355 55.370449 67.474236 74.816498 0.027976 
95.847748 33.740128 36.528522 45.946888 68.590080 0.039565 
94.730400 87.009651 94.106056 98.336151 94.930161 0.000000 
89.283356 115.775970 108.530632 103.556839 98.561584 0.000000 
85.997978 69.759918 73.689171 81.283325 82.834724 0.027976 
80.400673 100.749405 109.194061 99.286385 92.337036 0.019782 
92.289604 34.458721 33.323696 40.849728 52.233398 0.019782 
94.408791 68.764221 76.272224 83.145409 85.670197 0.000000 
91.443573 54.608212 58.878803 68.009682 74.186264 0.000000 
85.278961 52.789326 61.168385 64.983154 72.325691 0.000000 
93.437820 94.064774 97.733246 96.756966 97.967964 0.000000 
91.724052 50.613277 57.435795 64.215401 67.321793 0.000000 
107.634850 97.733437 95.991867 95.653992 97.431427 0.000000 
97.630219 84.910027 88.288086 94.088913 94.216690 0.000000 
87.702003 97.529274 101.942368 99.244713 97.599297 0.000000 
95.991302 81.875298 87.098015 93.506226 95.849487 0.000000 
93.860291 68.845169 69.302589 71.947777 73.125427 0.019782 
99.106987 84.510841 90.066772 95.836250 99.667809 0.027976 
106.201775 115.252800 112.189560 110.661911 106.277359 0.000000 
92.570480 54.909946 63.807789 68.589211 71.295776 0.019782 
