3.751021 
3.938041 
3.948844 
3.897131 
3.859477 
3.728780 
3.900529 
3.832318 
3.767647 
3.853670 
3.710399 
3.835267 
3.884236 
3.980681 
3.958486 
3.805154 
3.952101 
3.864594 
3.961202 
3.827656 
3.745511 
3.885137 
3.952912 
3.862483 
3.861322 
3.907955 
3.805841 
3.850652 
3.805382 
4.006621 
3.797946 
3.884758 
3.868823 
3.927332 
3.909241 
3.866450 
3.847927 
3.836380 
3.860183 
3.861901 
3.970729 
3.769441 
3.822561 
3.899638 
3.923641 
3.898490 
3.815181 
3.921166 
3.940135 
3.843400 
3.838119 
3.833446 
3.867621 
3.972508 
3.775426 
3.821020 
3.852148 
3.877120 
3.923666 
3.899443 
3.763190 
3.790280 
3.880761 
3.754308 
3.844575 
3.889733 
3.863088 
3.882268 
3.780968 
3.882412 
3.844152 
3.963710 
3.898988 
3.829504 
3.740723 
3.865376 
3.825561 
3.913236 
3.796923 
3.722830 
3.746004 
3.899091 
3.794257 
3.986654 
3.835446 
3.826562 
3.861966 
3.838716 
3.831795 
3.763971 
3.812757 
3.764624 
3.862463 
3.863459 
3.869481 
3.931977 
3.833718 
3.845477 
3.893032 
3.813058 
3.883589 
3.847037 
3.927288 
3.885099 
3.793834 
3.897058 
3.766351 
3.903975 
3.876073 
3.908211 
3.722408 
3.825743 
3.899897 
3.809975 
3.843566 
3.918454 
3.828525 
3.903984 
3.744008 
3.860085 
3.814637 
3.815190 
3.809370 
3.883957 
3.820206 
3.909596 
3.826959 
3.847127 
3.849900 
3.772530 
3.898080 
3.880750 
3.830519 
3.960925 
3.868443 
3.817711 
3.858210 
3.920003 
3.828834 
3.810887 
3.770118 
3.836350 
3.812808 
3.890627 
3.824790 
3.912343 
3.865221 
3.834399 
3.890528 
3.863765 
3.860985 
3.832275 
3.856957 
3.941061 
3.804727 
3.787583 
3.739923 
3.808842 
3.817833 
3.852222 
3.819348 
3.855771 
3.809954 
3.750072 
3.875200 
3.795410 
3.860136 
3.850852 
3.794726 
3.887331 
3.929963 
3.889359 
3.823889 
3.828421 
3.878687 
3.817980 
3.862136 
3.775586 
3.841177 
3.888747 
3.824677 
3.769668 
3.849416 
3.948363 
3.890148 
3.845059 
3.884896 
3.861607 
3.863265 
3.765270 
3.910755 
3.899850 
3.833288 
3.741264 
3.884984 
3.805734 
3.869980 
3.819742 
3.837043 
3.806125 
3.852019 
3.807355 
3.656447 
3.736937 
3.712089 
3.700645 
3.666381 
3.746497 
3.814525 
3.606001 
3.776078 
3.516908 
3.458777 
3.015197 
2.476289 
1.841107 
2.289124 
1.641440 
1.905873 
2.034998 
2.172321 
1.591967 
1.516787 
1.866885 
1.931106 
2.118019 
1.819052 
1.602871 
1.843168 
1.704334 
1.824163 
1.278269 
1.183750 
1.905208 
1.525352 
1.154115 
1.858136 
1.883917 
1.623611 
1.840672 
1.823256 
1.795913 
1.620122 
1.261260 
1.605813 
1.571032 
1.613897 
1.458818 
1.668145 
1.027156 
1.780326 
1.664031 
1.413049 
1.378156 
1.465490 
1.792816 
1.471858 
1.202015 
1.500459 
1.134418 
1.273488 
1.678673 
1.274099 
1.405745 
1.928789 
1.567683 
1.747848 
1.450767 
1.308672 
1.482843 
1.206031 
1.079347 
1.561306 
1.398003 
1.117705 
1.560934 
1.399066 
1.415099 
0.882361 
1.422809 
1.279482 
0.883944 
1.259633 
1.440332 
0.903806 
1.304459 
0.629510 
1.478993 
1.168636 
0.804879 
0.577476 
0.948963 
1.243582 
0.763584 
0.846323 
1.001366 
1.350806 
1.099598 
1.587651 
0.827490 
1.119377 
0.671124 
0.895513 
1.470565 
0.535900 
1.267602 
1.320219 
0.998677 
0.868199 
1.128481 
1.481663 
1.748206 
0.922096 
0.334116 
0.800668 
1.152698 
1.357618 
1.281000 
1.091123 
1.178956 
0.873716 
0.785346 
0.773739 
0.997792 
0.547651 
1.035041 
0.795192 
0.815702 
0.582836 
0.824754 
0.771564 
1.185045 
0.378247 
0.521878 
0.749589 
0.620068 
0.620295 
0.799562 
0.661864 
0.757462 
0.911010 
0.387827 
0.798482 
1.600870 
0.796091 
1.381081 
0.790206 
1.384200 
1.389104 
1.034407 
1.283594 
0.484450 
0.695889 
0.856265 
0.909752 
0.531730 
1.365765 
0.800653 
0.969846 
0.385789 
0.957823 
0.642137 
0.654195 
0.626308 
1.376344 
0.365864 
0.901132 
0.816314 
1.472392 
0.646648 
1.184235 
1.554087 
0.829889 
0.457567 
0.590245 
0.830877 
1.313377 
0.800035 
0.841802 
0.495410 
0.943103 
0.710814 
0.470247 
1.451661 
0.675756 
0.610684 
0.899596 
1.028866 
1.115984 
1.065737 
1.148516 
1.097588 
0.902778 
1.424467 
0.948447 
1.027491 
0.818969 
0.496035 
0.950049 
1.123958 
1.105688 
1.161033 
0.529512 
0.834723 
0.843887 
0.805543 
1.638689 
0.377710 
1.386650 
0.983086 
0.839277 
0.422651 
1.203943 
0.900542 
0.569122 
0.915438 
1.117205 
1.020559 
0.665038 
0.677721 
0.783921 
0.768501 
0.548593 
1.064791 
0.736679 
0.569431 
0.954819 
0.833622 
1.229027 
0.712774 
0.936680 
0.885111 
1.413607 
0.728704 
0.581874 
0.906942 
0.722127 
1.049200 
0.973372 
0.976055 
1.429779 
0.939717 
0.673284 
0.955887 
0.889357 
1.295096 
1.002864 
0.798483 
0.721373 
0.951188 
1.019426 
0.777839 
0.699686 
0.617712 
1.144227 
0.942152 
0.874010 
1.263559 
0.772829 
0.944451 
0.732172 
1.167854 
0.915645 
0.424519 
0.866630 
0.674005 
0.885561 
0.833208 
0.920412 
0.674060 
0.661323 
0.774547 
1.197659 
0.914756 
1.174604 
1.388328 
0.743754 
0.882565 
1.138532 
0.711540 
0.710756 
0.974582 
0.625822 
0.870839 
0.879899 
0.953834 
0.597075 
0.865977 
0.972987 
0.699673 
0.854393 
0.926720 
0.726498 
1.042830 
1.064993 
0.989749 
1.084692 
0.878108 
0.761123 
0.593609 
0.822746 
0.655277 
0.936525 
0.726944 
0.813243 
0.881312 
1.067118 
0.790581 
0.923289 
1.000921 
1.420944 
0.872881 
1.044022 
1.081415 
0.971330 
0.645842 
0.990346 
1.095936 
0.999608 
1.260058 
1.030346 
1.443892 
0.857114 
1.418543 
0.700685 
0.794974 
0.655695 
1.003635 
0.674179 
0.844982 
1.069675 
0.920590 
0.704717 
1.112834 
0.577451 
0.481749 
0.797645 
0.790395 
0.581470 
0.589643 
0.974157 
1.125238 
0.526359 
0.771523 
1.017987 
0.627100 
1.032022 
1.661937 
0.368584 
1.000677 
1.182260 
1.061128 
0.879226 
0.765225 
0.546912 
0.946737 
0.895751 
0.830549 
1.159771 
1.202148 
1.187523 
0.967587 
1.190257 
0.633359 
0.753213 
0.767494 
1.538049 
0.822518 
1.339464 
0.885924 
0.761541 
0.893766 
0.939894 
0.673594 
0.804234 
0.694549 
0.703388 
0.680228 
0.898994 
0.758418 
0.976459 
0.641162 
0.948785 
0.770484 
1.145413 
0.988211 
0.974837 
1.247134 
0.764350 
1.036355 
1.022842 
0.889807 
0.517644 
0.351251 
0.862447 
0.973944 
0.895051 
0.611277 
1.497242 
1.074235 
0.684792 
0.832840 
0.820648 
0.939426 
0.621346 
0.884368 
0.796811 
1.102492 
0.779648 
1.273813 
1.012487 
0.916027 
0.790004 
0.908414 
1.165566 
1.050505 
1.156846 
0.859419 
0.386575 
0.779961 
1.177670 
0.939412 
1.044144 
0.793977 
0.826096 
1.031456 
0.559204 
0.870936 
1.112298 
0.963523 
0.893069 
1.002112 
0.454463 
0.558924 
0.350638 
1.180215 
1.117325 
0.698757 
0.885525 
0.576620 
0.882935 
1.030535 
1.374332 
0.998416 
0.759522 
0.920410 
0.777531 
0.745812 
0.816048 
0.824224 
0.705340 
0.951992 
0.410135 
1.281936 
0.827014 
0.712813 
0.547519 
0.514616 
0.813931 
0.749407 
0.864442 
1.146540 
1.213387 
0.821239 
0.753437 
0.965813 
1.024175 
1.068909 
0.581856 
0.880823 
1.151112 
1.054466 
0.960177 
0.806334 
0.746500 
0.846441 
0.900193 
0.909147 
0.825030 
0.997112 
0.589566 
1.162846 
1.007954 
0.753698 
0.745455 
1.025885 
1.084259 
1.080387 
0.798292 
1.063565 
0.792692 
0.768801 
0.925434 
0.454506 
0.451412 
0.430133 
1.461617 
0.906891 
0.665398 
1.075123 
0.668836 
0.995904 
0.982802 
0.753214 
1.131361 
0.756775 
0.687044 
0.830068 
0.847231 
0.704563 
0.905759 
0.663564 
0.585231 
0.653951 
0.894966 
0.558824 
0.823485 
1.032749 
1.031516 
0.979048 
1.125032 
0.948842 
1.426311 
0.791462 
1.122212 
0.822028 
0.666227 
0.686740 
0.860843 
0.582010 
0.519836 
0.729775 
0.814051 
1.081624 
0.699053 
0.867997 
0.639282 
1.220031 
0.641375 
1.207335 
0.643465 
0.611545 
1.251833 
0.907041 
0.639583 
1.090328 
0.934963 
0.948437 
0.504594 
0.660901 
0.602882 
0.828820 
0.975624 
0.746435 
0.743953 
1.463304 
0.674481 
0.648849 
0.685429 
0.514296 
0.867875 
0.985903 
0.615965 
0.843676 
0.477160 
1.052209 
0.838372 
0.790689 
0.945256 
0.763212 
1.030553 
1.170352 
0.748705 
1.230015 
0.871857 
1.478171 
0.735358 
1.543998 
0.700750 
0.831861 
0.550937 
1.240381 
1.211029 
0.961554 
0.656798 
1.335207 
0.571526 
0.905003 
0.657830 
0.752327 
0.576073 
0.639236 
0.836314 
0.648784 
1.082274 
0.894982 
0.802289 
0.676123 
0.895666 
0.870077 
