88.669388 67.242073 68.359055 55.587486 43.150284 0.000000 
87.800041 59.817139 62.326080 55.983444 44.587959 0.000000 
83.677902 55.182007 55.013607 54.793957 53.943371 0.027976 
86.520554 76.238579 78.339851 63.032600 33.609203 0.019782 
85.563896 72.915031 66.652023 53.406872 31.856087 0.027976 
91.709038 56.714275 59.013676 49.609585 41.674702 0.000000 
93.715866 68.231606 53.043030 43.455189 35.043205 0.000000 
87.301430 67.049301 58.561676 61.769154 43.454029 0.000000 
81.525757 63.744934 61.289524 57.342197 44.947548 0.000000 
87.297523 57.390129 48.468189 38.338783 29.085321 0.027976 
88.205681 88.221519 66.221344 57.719868 40.172783 0.027976 
89.159042 68.628586 59.772110 52.600128 35.352573 0.000000 
91.777435 68.318581 52.097221 50.242359 41.419285 0.000000 
89.540833 79.399040 70.166664 66.319412 45.345646 0.000000 
92.496399 62.268795 53.581757 54.392399 33.275757 0.000000 
94.708122 65.222778 62.281837 52.533562 27.022015 0.000000 
90.763435 61.488125 55.599136 42.064880 34.112049 0.027976 
88.861572 66.420578 57.494633 52.095753 32.160442 0.000000 
91.471085 63.370464 62.374260 55.522137 39.637623 0.000000 
85.205109 61.434078 60.180695 53.210457 22.394636 0.000000 
90.636559 55.599354 55.409725 44.920238 36.241898 0.000000 
92.902962 57.102501 58.329193 47.819145 30.053669 0.027976 
81.031975 60.517303 59.631428 56.185787 42.318291 0.019782 
92.287445 78.650375 71.665375 59.796089 35.309326 0.027976 
91.349747 60.077202 49.890385 52.082233 33.290607 0.000000 
84.480942 61.889263 54.799965 57.718548 43.449978 0.000000 
88.778709 70.669533 62.653793 53.910858 31.170181 0.027976 
90.014160 62.280190 57.500614 56.972599 42.704605 0.019782 
90.951599 65.423172 66.397209 52.161671 33.836468 0.000000 
93.396973 74.156868 64.875511 44.508713 39.862175 0.027976 
