3.850146 
3.850146 
3.850146 
3.850146 
3.850145 
3.850145 
3.850144 
3.850143 
3.850143 
3.850138 
3.850143 
3.850142 
3.850141 
3.850142 
3.850139 
3.850122 
3.850132 
3.850134 
3.850132 
3.850134 
3.850131 
3.850126 
3.850123 
3.850122 
3.850123 
3.850121 
3.850116 
3.850116 
3.850110 
3.850107 
3.850085 
3.850080 
3.850100 
3.850095 
3.850059 
3.850085 
3.850068 
3.850081 
3.850070 
3.850066 
3.850049 
3.850053 
3.850043 
3.850036 
3.850039 
3.849959 
3.850012 
3.849929 
3.849922 
3.849982 
3.849974 
3.849959 
3.849942 
3.849939 
3.849943 
3.849929 
3.849901 
3.849897 
3.849878 
3.849860 
3.849855 
3.849699 
3.849818 
3.849798 
3.849763 
3.849766 
3.849752 
3.849688 
3.849707 
3.849676 
3.849658 
3.849615 
3.849585 
3.849513 
3.849516 
3.849504 
3.849199 
3.849448 
3.849398 
3.849326 
3.848863 
3.849225 
3.848847 
3.849202 
3.849130 
3.849101 
3.848523 
3.848917 
3.848950 
3.848835 
3.848224 
3.848813 
3.848582 
3.848629 
3.848445 
3.847614 
3.848433 
3.848269 
3.848219 
3.847077 
3.848014 
3.847919 
3.847841 
3.847636 
3.847514 
3.847294 
3.847225 
3.847056 
3.845236 
3.846792 
3.846425 
3.844388 
3.843828 
3.833501 
3.842904 
3.845332 
3.843367 
3.843357 
3.842001 
3.820503 
3.841742 
3.818111 
3.843716 
3.797401 
3.814420 
3.828204 
3.833712 
3.771906 
3.482180 
3.303929 
3.130346 
3.179521 
3.312737 
3.078587 
2.527245 
3.149575 
3.326865 
2.905970 
3.037872 
2.287458 
2.529047 
2.554721 
2.580658 
2.546619 
2.082382 
2.325750 
2.152667 
1.776910 
2.198595 
1.979090 
2.134452 
1.697707 
1.803447 
1.878241 
1.864990 
1.727070 
1.912016 
1.788003 
1.670351 
1.702611 
1.708364 
1.682547 
1.702436 
1.665373 
1.666225 
1.638028 
1.696452 
1.708239 
1.723382 
1.815560 
1.546517 
1.612963 
1.796451 
1.690556 
1.672660 
1.559767 
1.403895 
1.634583 
1.429076 
1.301590 
1.610897 
1.470056 
1.370473 
1.474885 
1.429137 
1.335775 
1.376886 
1.688951 
1.576416 
1.678689 
1.487675 
1.516119 
1.198216 
1.709601 
1.233328 
1.341683 
1.341400 
1.276072 
1.409563 
1.335888 
1.286681 
1.687119 
1.436246 
1.587784 
0.715338 
1.378840 
1.635774 
1.367575 
1.440994 
1.158893 
1.353429 
1.023511 
1.075961 
1.188178 
1.167487 
1.072160 
1.050931 
0.696445 
1.201966 
1.512423 
1.292688 
1.186902 
0.966050 
1.099907 
1.145392 
1.047078 
1.387434 
0.743188 
1.330923 
1.251451 
1.180637 
0.718980 
0.927992 
1.413239 
1.046709 
0.986139 
1.004022 
1.127670 
1.051427 
1.512032 
1.129574 
1.281718 
1.324617 
1.221636 
1.337454 
1.287192 
1.171031 
1.180642 
1.020048 
0.835537 
1.348854 
0.905077 
1.002547 
1.082173 
1.064517 
1.278320 
0.839068 
0.779262 
1.354443 
0.976678 
1.050867 
0.977804 
0.873300 
1.012470 
1.200970 
1.433061 
1.100426 
1.241146 
0.867422 
1.002329 
1.073061 
0.688046 
1.179725 
1.131978 
1.072350 
1.201451 
1.069568 
1.248466 
0.820321 
1.014149 
0.959964 
0.790069 
1.009192 
1.122396 
0.675871 
1.012761 
0.574794 
1.263226 
1.057217 
0.721963 
0.512652 
0.681407 
0.996233 
0.643038 
0.859988 
1.149284 
1.445121 
0.973534 
1.331890 
0.966651 
1.029674 
1.261921 
1.015999 
1.133103 
0.728036 
0.944920 
0.829328 
1.236427 
0.859798 
1.186070 
1.241222 
1.333387 
1.109699 
0.351067 
0.991164 
1.152133 
1.408041 
1.328210 
0.996114 
1.118369 
1.003151 
0.792738 
0.749223 
0.700409 
0.447616 
0.694613 
0.866906 
1.041877 
0.815923 
0.764471 
1.176237 
1.478303 
0.526054 
0.705729 
0.781032 
0.789403 
0.780813 
1.044680 
0.891727 
0.959969 
1.164388 
0.393905 
0.750853 
1.103663 
0.974314 
1.464598 
0.914225 
1.344102 
1.142325 
0.710400 
1.311991 
0.570721 
0.994068 
0.959041 
0.805273 
0.768665 
1.139845 
0.947281 
0.780210 
0.458172 
0.938752 
0.705863 
0.926118 
0.875758 
1.376164 
0.690052 
0.894012 
0.907193 
1.224082 
0.702604 
0.891880 
1.172561 
1.013186 
0.474463 
0.600656 
0.886134 
1.135625 
0.676606 
1.011954 
0.536545 
0.672167 
0.732310 
0.537796 
0.921721 
0.735679 
0.647553 
1.078916 
1.027883 
1.129917 
1.013774 
1.118667 
1.017116 
1.082223 
1.463236 
1.314809 
0.683376 
0.715839 
0.436365 
0.867482 
1.105601 
0.989343 
1.079089 
0.419705 
0.613327 
0.803149 
0.838834 
1.356342 
0.242281 
1.558820 
0.929280 
0.791833 
0.411620 
0.975251 
0.733921 
0.757757 
0.849631 
1.052770 
1.029178 
0.654108 
0.598176 
0.771298 
0.916334 
0.522584 
1.064220 
1.049102 
0.733098 
1.027684 
1.021174 
0.896251 
0.822175 
0.996819 
0.702865 
0.990945 
0.884580 
0.543984 
0.957099 
0.772417 
0.971730 
0.827482 
0.771075 
1.346611 
1.001656 
0.562716 
1.175078 
1.000552 
1.258677 
1.179464 
0.683880 
0.595139 
0.870839 
0.832225 
0.847867 
0.758101 
0.482899 
1.049859 
1.031198 
0.693737 
1.012530 
0.634419 
0.862535 
0.666060 
0.977355 
0.999089 
0.325768 
1.005451 
0.623760 
1.025853 
0.793107 
0.778234 
0.588419 
0.662159 
0.722873 
0.969166 
0.980340 
0.960965 
0.938284 
0.712261 
0.821493 
0.987079 
0.636879 
0.592838 
1.020781 
0.652813 
0.671245 
0.777505 
0.906567 
0.479662 
1.031529 
1.097398 
0.535698 
1.001390 
0.960793 
0.662635 
0.833779 
1.136060 
1.063490 
0.892664 
1.008048 
0.862788 
0.559143 
