0.623924 
0.667898 
0.358824 
0.528199 
0.692600 
0.371571 
0.349619 
0.356622 
0.622781 
0.440013 
0.565791 
0.520753 
0.240398 
0.735060 
0.443147 
0.263735 
0.324266 
0.506805 
0.422690 
0.536317 
0.505996 
0.770044 
0.391450 
0.483723 
0.639364 
0.483599 
0.598034 
0.420141 
0.363342 
0.294763 
0.414685 
0.198996 
0.531498 
0.546530 
0.319964 
0.649918 
0.460147 
0.946633 
0.493067 
0.460776 
0.683196 
0.688606 
0.556321 
0.546983 
0.508689 
0.273894 
0.488029 
0.257009 
0.236103 
0.603582 
