598.006348 424.852966 265.567566 184.096359 60652.808594 
632.590576 465.938873 330.422882 225.690491 59692.152344 
570.499451 411.625000 269.522461 133.476166 71024.640625 
641.923645 501.376556 391.892395 164.426788 50814.828125 
685.662476 545.486816 299.422424 163.670486 58435.101562 
702.138123 452.948120 203.710144 167.991333 55519.687500 
613.266907 521.914062 222.845932 137.898392 58318.386719 
463.584717 352.163849 213.923492 147.007690 56546.250000 
626.644714 467.873199 381.239838 178.292877 77663.453125 
480.233490 342.657959 190.317993 128.975906 71839.867188 
680.541321 393.150757 251.663055 145.390137 57384.460938 
587.106262 533.226562 494.893616 266.170654 51391.441406 
763.736755 478.705078 342.831757 162.272217 67333.281250 
706.352905 471.009247 340.833130 194.869431 54083.941406 
683.150513 444.494415 348.747040 251.841125 68013.164062 
342.323761 279.151733 201.772018 136.184845 64689.789062 
499.170624 328.350616 196.516266 120.379242 74746.906250 
668.587036 435.269745 250.988358 138.988983 59595.363281 
629.079712 388.834290 242.624283 186.631607 51748.523438 
791.144897 549.767029 339.901672 193.452255 76322.007812 
600.490112 432.699799 278.032013 196.142059 69175.937500 
511.725189 329.129181 203.138855 144.330994 60577.320312 
725.335266 408.230377 327.230225 156.535950 63538.734375 
697.116821 435.452240 229.380280 155.550125 65201.484375 
554.835815 399.556396 196.940857 132.699097 55707.402344 
674.411255 473.014221 240.074600 131.664993 75475.171875 
536.220947 298.730591 232.856583 99.432152 55874.386719 
444.903076 419.834534 191.247559 211.690521 50567.933594 
631.972168 636.180542 477.266418 220.445358 67299.664062 
464.620667 385.685516 290.454987 218.988434 63131.593750 
620.448486 430.269196 230.073029 131.569763 70142.906250 
633.904602 391.421173 307.658661 121.118401 74706.859375 
576.291565 413.871826 309.018158 270.678528 77466.593750 
597.578918 508.284515 326.266113 198.146484 61480.714844 
503.662262 409.845612 324.530243 235.400696 63315.285156 
821.986816 527.861267 388.133759 158.093185 57452.980469 
711.658752 498.520386 256.352417 150.125854 76642.171875 
485.074554 313.048096 307.167389 166.009720 66935.578125 
615.265259 527.181152 336.312714 274.340790 48830.343750 
641.896118 369.509491 269.997375 234.056473 51165.285156 
804.602234 652.933777 538.241089 356.215363 66918.210938 
727.018677 475.898407 357.713257 249.621597 68237.687500 
825.496582 510.662689 415.579254 166.870438 66778.976562 
679.477600 465.447327 265.167847 143.013641 70066.421875 
565.347900 344.255768 218.807693 115.749550 65184.417969 
547.881836 387.802948 272.337494 171.229385 73232.140625 
529.424011 369.089935 261.524353 161.962433 56608.148438 
463.227234 306.948608 306.615601 136.854477 70558.117188 
683.848511 397.668976 250.972137 153.725113 75837.054688 
450.745514 271.582275 284.778564 128.527496 56771.800781 
