1176.891968 551.953491 315.032562 190.359711 87892.109375 
1466.007080 1095.828125 817.943115 347.048004 68941.101562 
1130.197388 594.987549 486.252838 427.498413 92800.593750 
1219.205078 1005.916870 889.696777 323.929962 57161.304688 
1091.410278 695.579773 547.197876 179.446503 49606.164062 
1207.680542 426.726593 273.817810 166.782547 63025.109375 
1127.128540 401.860748 257.111603 191.777390 93029.171875 
1099.576782 459.879913 358.155151 218.187958 78445.281250 
1322.325684 759.080566 452.836792 267.558746 65189.203125 
1422.229370 773.897827 585.874146 220.145996 76637.492188 
1219.213623 771.957764 654.176270 347.840485 68057.281250 
1315.724854 959.325073 744.631226 371.423187 61211.734375 
1369.360474 551.481567 482.695374 266.649139 97835.718750 
1422.954712 1623.076416 1959.582275 394.597687 78661.007812 
1226.835205 528.498230 433.479706 210.503662 69434.390625 
1056.763794 595.696106 468.709778 240.491089 88566.523438 
1074.545532 496.604309 330.184937 247.069031 103004.601562 
2783.158936 909.808899 137.076355 0.106620 51.957832 
1362.638428 712.574829 668.660522 317.998077 57369.554688 
2526.103027 1869.498535 437.673370 251.854599 1912.776611 
1238.213257 873.403992 544.507385 150.701996 70472.945312 
1844.669189 615.727905 265.792084 57.641880 65295.750000 
1140.153809 487.373871 463.284882 371.851196 83119.945312 
1179.942261 779.135559 550.037292 216.934540 105365.085938 
1293.428833 567.948914 344.144226 177.152054 63301.187500 
1219.994385 750.980408 423.940094 172.201813 45868.414062 
1278.423096 622.075195 367.081024 170.701538 60595.687500 
1193.604370 568.275879 360.277161 233.401901 72187.937500 
1384.295898 1111.704956 932.433411 538.129211 64325.097656 
1388.082642 1007.315247 561.654175 169.791580 76391.523438 
917.721985 434.708588 307.206848 197.434555 76370.875000 
1346.166382 562.600525 351.731598 249.164810 110515.726562 
1364.913574 765.731689 507.537506 319.200745 78453.570312 
1317.617065 498.408295 296.732178 169.534424 79566.929688 
1054.653076 497.228394 275.133881 170.631989 76475.828125 
1384.689087 927.089294 858.261597 474.727509 95641.398438 
1185.229004 549.956909 412.263214 183.756775 62677.625000 
1308.484619 932.476624 509.587524 349.987274 71979.890625 
1375.479126 1057.158691 1324.041870 350.567505 76768.531250 
1186.514282 549.288574 369.492767 193.156830 62122.871094 
1223.343384 652.483765 407.341583 129.360855 54527.300781 
1210.569824 872.938049 737.858704 430.734528 88158.398438 
1218.016479 551.550171 346.609833 220.008163 62580.316406 
1168.848267 618.866516 393.098267 178.553070 66647.578125 
1135.187988 726.451843 452.298767 261.865875 51974.976562 
1304.709717 486.282379 264.498535 192.400101 68416.953125 
2360.914062 885.736633 167.956604 0.024059 46.447098 
2671.593262 638.732056 3.298810 0.000074 12.155864 
1214.279419 625.478760 500.800415 274.308380 106127.437500 
1082.626221 405.145233 266.277039 150.032471 53921.324219 
