82.219025 48.038567 37.686531 30.655146 18.239773 0.000000 
81.667809 40.868462 36.396149 31.894644 17.541737 0.000000 
82.458420 48.598732 41.753860 36.235920 30.096165 0.000000 
80.929710 44.955559 40.705059 32.797897 19.587284 0.034264 
85.301178 63.320900 53.926365 46.679733 20.557474 0.019782 
87.859085 49.154568 35.477615 34.167706 20.164684 0.019782 
84.092720 63.336052 47.505913 33.954132 22.807835 0.000000 
82.436226 52.862804 44.200775 34.602234 16.456762 0.000000 
83.804642 54.293457 50.772301 41.746628 21.963062 0.019782 
80.793190 43.110569 30.068838 30.284016 23.306244 0.019782 
80.665039 61.197018 39.796391 29.996494 20.607548 0.000000 
85.377220 44.692768 37.375080 23.501156 18.619875 0.027976 
94.247925 53.350105 49.061504 36.558727 30.101824 0.019782 
80.475815 49.867252 45.087532 32.171848 13.952191 0.000000 
82.353455 51.665661 41.116455 35.604538 27.591137 0.000000 
86.212975 50.373264 53.447491 54.565681 71.279884 0.000000 
85.028603 56.076046 47.244644 43.011166 40.002254 0.027976 
92.515404 21.553871 44.596783 45.142189 65.802803 0.027976 
82.170700 56.368427 39.337624 39.228466 20.394859 0.019782 
93.248474 67.136559 67.153259 76.971329 72.607269 0.000000 
79.221268 52.845043 46.185944 42.343990 24.028418 0.000000 
61.524921 40.970459 30.615124 22.865067 16.524210 0.034264 
79.252251 46.752205 40.357029 25.675446 21.552031 0.019782 
87.507233 37.189400 35.340389 30.635857 24.229542 0.000000 
85.009827 61.780888 47.951191 40.840130 20.104252 0.027976 
79.954361 46.526947 38.078300 23.864285 14.745071 0.048457 
82.360603 48.972694 48.166855 34.015175 23.180435 0.000000 
88.808456 54.127941 45.824833 34.578503 23.548794 0.000000 
77.341515 53.796997 45.341438 34.182304 18.067343 0.000000 
75.813530 33.903057 42.560329 30.072620 28.709433 0.000000 
88.516907 55.454670 47.659817 36.321224 22.751757 0.027976 
72.478508 38.579773 40.123219 28.177097 23.948978 0.000000 
80.343353 51.584869 41.525433 33.463169 24.289040 0.019782 
89.155014 47.898098 43.738670 33.898483 29.704596 0.039565 
81.342911 54.080986 47.821766 34.162758 28.071104 0.000000 
80.586205 46.111343 34.298248 35.623489 27.338745 0.000000 
79.538536 49.576233 38.128796 30.582890 18.478266 0.000000 
81.811371 48.305557 38.774609 35.061630 21.524059 0.027976 
79.941345 47.153400 41.731995 35.679504 17.601465 0.034264 
87.212456 48.856281 38.289394 35.126732 24.808628 0.000000 
85.845421 65.903702 48.137161 41.090977 12.522323 0.000000 
81.609726 35.607391 30.702803 26.014654 23.516924 0.000000 
78.875259 48.567429 52.967537 46.122765 18.114754 0.019782 
84.503189 51.114910 43.868191 39.338963 24.170982 0.000000 
86.047935 68.786407 58.664371 48.621414 17.434366 0.000000 
86.040474 43.834873 33.018330 40.456673 23.547102 0.027976 
90.373993 30.392216 46.005928 59.683079 72.927666 0.000000 
96.189392 20.487345 42.453102 44.343468 42.172035 0.034264 
83.154411 43.817848 32.438259 28.402891 25.447872 0.000000 
84.863029 51.299339 45.618858 40.352989 28.245100 0.039565 
