9744.616211 6941.654297 11477.457031 5163.897949 1276.886353 
17162.419922 11369.765625 4705.982910 7568.402832 964.005066 
9811.235352 5083.671875 4122.455566 3328.079102 777.198547 
9984.758789 4922.254883 7010.762207 2830.586670 492.166748 
8094.707031 3437.195557 4298.488281 1124.349854 428.356903 
5937.726074 3419.662842 2315.787598 925.351135 330.611023 
5194.084961 2171.804443 1117.945435 507.900055 232.106934 
6840.918945 2755.106689 1664.180176 1116.383301 297.411224 
4610.496094 2193.058350 888.508362 901.702209 197.994385 
4116.864258 1343.444092 738.485168 631.872192 175.629028 
3862.417969 2124.045898 669.193176 241.256042 96.513344 
3981.543945 950.670166 550.470093 443.647949 107.019798 
3782.156250 1000.166443 756.537598 415.074554 119.425797 
2934.289062 839.803650 286.790009 209.942993 84.221863 
2842.890869 887.443787 737.769592 269.710938 59.134853 
2537.786621 805.302246 613.264771 421.043182 83.536606 
2777.663330 662.064087 349.167267 288.414886 57.171581 
2852.712891 449.882416 286.422424 156.386642 53.219788 
2593.070801 532.521606 256.114136 141.958664 73.428749 
2946.340332 675.562195 318.446442 96.313103 75.563835 
2397.496826 565.434448 252.988007 230.539978 64.375092 
2378.573242 410.809662 315.535309 149.879623 33.366146 
2240.201172 386.639282 201.825211 88.607010 40.555523 
2681.500977 471.021729 308.048615 123.127075 61.079933 
2372.542969 371.642975 144.102692 89.939949 39.572376 
2125.075195 407.861206 171.135727 83.778679 50.999470 
2431.118164 384.046753 295.078217 164.449707 81.824913 
2073.630859 329.987549 192.168701 138.573975 58.195766 
2084.791016 337.106018 153.561554 100.779289 35.316330 
2212.543213 386.317780 177.335587 78.846558 26.448347 
1809.607544 410.770538 157.664642 96.368065 34.268833 
2455.535156 463.119537 245.262634 91.408783 35.283646 
2229.914307 266.399719 168.312332 102.466736 27.345793 
2412.348145 277.440948 170.844238 93.589554 33.386681 
1738.487671 255.056137 101.616318 64.680878 32.328094 
2144.208252 231.745087 110.113838 68.172348 36.170525 
1785.214355 373.350098 163.364258 65.518929 33.263763 
1916.310547 240.443558 125.048668 102.970749 33.488155 
1803.664429 309.758270 162.398224 85.069893 34.228584 
1762.304321 272.462036 119.704834 89.686127 37.499973 
1805.456055 230.142670 155.366272 127.092094 37.256248 
2070.332275 218.857834 149.438110 92.810150 31.086956 
1856.713257 350.280487 137.656174 117.849648 35.383095 
1587.580933 236.925888 183.746155 90.457413 37.493080 
1601.907593 233.752045 126.226761 55.772354 23.431280 
1888.820557 280.787445 120.333649 53.532997 33.852802 
1800.980225 233.040848 69.597542 54.860607 23.026865 
1910.857544 228.998199 109.186012 81.202431 36.587841 
1826.979004 239.140915 92.057899 81.456490 36.250538 
1713.844849 185.837357 191.302353 181.489517 23.604601 
1765.165283 230.834427 133.903839 50.921886 48.170605 
2096.189941 244.808746 112.373192 64.728714 35.942593 
1724.561157 295.702454 122.390366 66.101089 23.862518 
1853.634888 249.322540 103.743538 79.256271 23.910183 
1882.940063 236.093475 119.653465 64.128250 31.520769 
2185.237305 152.886139 106.661125 50.337074 33.030907 
1608.671387 202.683899 70.775856 63.992081 20.649910 
1779.837280 191.018890 86.158669 52.208775 18.129183 
1852.610840 203.802002 150.330261 62.133675 31.404940 
1937.214722 192.421616 109.034035 49.096085 25.560188 
1890.994385 172.633621 101.798599 52.567562 19.243561 
1397.791260 336.761444 123.495628 35.171135 29.891474 
1889.846313 178.294327 88.271355 66.892479 19.645674 
1681.227417 183.305923 98.492569 39.727417 33.001408 
1688.422607 180.678741 119.983521 67.471924 35.465282 
1934.470581 173.530853 130.943802 75.114952 33.765144 
1787.701904 227.061172 151.953339 72.036171 24.573917 
2159.283691 194.678329 108.466980 57.252026 22.288731 
1618.166504 198.501663 98.092056 76.196655 30.628918 
2044.785034 225.385284 146.119202 81.306564 35.337322 
1828.714966 276.105438 90.733772 85.663910 46.981457 
1947.450317 165.782700 86.903305 55.148586 23.920368 
1731.459717 205.698730 137.501221 84.911392 33.400993 
1581.901489 222.458588 90.773331 84.133125 27.068392 
1262.938477 204.476212 97.441261 65.077293 23.229662 
1748.163940 178.280167 96.291367 60.925755 31.599493 
1822.621582 168.501953 106.623894 67.149345 27.894960 
1874.084351 196.716003 87.657074 67.552788 23.645206 
2228.941406 152.607178 91.531494 72.601715 25.272886 
1723.027344 232.427963 165.615326 76.084999 29.802004 
1774.618164 180.019547 106.429794 125.234337 30.921877 
1762.777100 191.507141 86.268738 89.344376 17.507601 
1565.873657 205.015305 105.453300 75.825699 28.428854 
2342.478516 155.508011 134.791611 77.318970 33.399971 
2181.323730 197.874329 148.536972 46.616859 24.605347 
1920.668823 165.295837 122.243141 78.827698 15.665067 
1959.186523 277.282776 134.868607 85.676437 32.217258 
1658.900879 201.047821 100.352386 130.912460 40.631100 
1901.581665 220.479721 140.623581 64.806450 35.275604 
1926.520630 175.291687 99.287010 56.484112 22.557775 
2256.587646 191.288132 110.924561 49.360790 19.621265 
1846.814697 166.964081 83.497612 68.342316 23.837914 
1847.238403 171.494949 172.951553 56.194496 28.300032 
1938.140991 212.150330 127.897949 59.930798 32.669174 
1990.261841 148.019196 116.329781 70.466042 25.003878 
2162.081543 248.630569 125.144173 118.171181 25.440210 
2032.899292 170.133804 124.449211 63.315765 16.750439 
1710.249512 263.230713 148.881226 62.712158 29.078562 
1757.148682 169.400238 123.997574 59.083103 25.902544 
2258.696533 224.088547 102.873650 89.951378 20.406664 
2135.031250 190.432159 92.889267 63.917767 27.748077 
1693.315063 288.633636 135.508194 87.794250 29.615322 
1965.360840 233.317490 138.384308 85.098869 32.917854 
2093.029785 235.303314 155.601532 91.089897 30.353161 
1943.812744 198.909470 158.608566 79.784309 34.662487 
1957.662842 240.771500 145.168854 76.770004 27.154963 
2099.290283 283.589081 151.864655 124.290932 28.243458 
2259.404053 247.950012 99.656250 103.119469 44.362762 
2075.296387 229.894852 101.220993 77.012482 19.291496 
1960.776001 229.731537 194.516647 98.461548 45.584343 
2053.000488 288.684662 216.017715 187.597183 46.530220 
1988.294678 327.040222 144.986603 88.324081 45.274792 
2444.412598 221.368393 140.148315 75.975700 28.594246 
2330.818604 251.250595 161.824493 66.622444 33.551052 
2256.890137 210.138565 149.620636 96.764145 27.417330 
2346.475586 384.307709 209.754684 124.933540 59.008884 
2009.019043 269.177734 236.415970 121.789909 41.430130 
2169.677979 338.339752 133.546494 132.560013 28.566601 
2305.336914 406.485107 174.729874 156.964783 37.197830 
2520.181885 341.806732 122.294182 73.792412 64.931572 
2361.731445 282.411743 236.485352 181.862778 43.998447 
2769.559326 366.816437 224.381073 103.661865 60.685795 
2366.145996 492.012482 183.865173 108.152473 44.498680 
2618.679199 484.580322 273.665283 118.183105 45.136093 
2700.089355 438.152985 453.535919 275.544373 52.459461 
2487.467773 736.184448 445.759613 121.242599 71.561272 
2569.208008 549.339539 291.872894 177.568359 54.009884 
3423.310547 934.012573 491.942078 263.640472 90.058990 
3202.821533 696.332031 305.397369 190.108521 56.475174 
3088.533691 684.980103 219.445694 221.249817 53.399227 
3467.127686 768.651550 483.963318 256.341614 58.809769 
3566.094482 791.026123 455.055969 248.406219 85.407364 
3534.484863 1163.973389 431.480164 176.788574 146.265411 
3805.978271 1905.925781 1491.175171 524.882751 170.728622 
5268.280762 1920.291626 758.457458 924.184692 256.705078 
5701.438965 3652.991943 2399.944092 1622.134155 512.681763 
6049.109863 3437.869873 2638.294922 1649.371948 634.574402 
7547.152832 6592.613281 6205.886719 9626.252930 2632.175537 
7028.694824 5408.671387 5932.165527 5482.423340 4372.808105 
9249.911133 5956.246094 5720.146973 4267.762695 7577.267578 
10640.018555 7918.983398 6025.651367 4456.257324 8184.716309 
13264.342773 9892.570312 6326.164062 6245.212402 8260.351562 
16956.521484 14555.220703 12400.011719 8238.093750 10269.726562 
21099.632812 14069.197266 13101.203125 10909.938477 12682.804688 
24958.783203 21134.054688 17789.554688 18333.683594 15495.753906 
23612.644531 21527.519531 15640.405273 15401.686523 15458.731445 
27226.560547 24274.359375 15357.145508 12917.958008 12214.559570 
28253.794922 25801.783203 24274.277344 18015.189453 19054.732422 
26822.587891 20220.787109 18607.218750 18267.554688 13554.637695 
31851.949219 26101.804688 21233.394531 18649.896484 14043.606445 
32042.316406 28236.962891 27128.681641 23972.867188 15948.773438 
29654.300781 26196.466797 25352.947266 20325.906250 21427.449219 
27805.572266 24622.712891 21964.890625 16174.756836 30712.626953 
25398.353516 22227.480469 18935.583984 16619.607422 14510.525391 
22652.523438 20436.341797 19120.953125 16290.428711 21504.990234 
23222.005859 20356.744141 22114.212891 17002.113281 19498.335938 
21071.488281 15143.597656 16705.617188 13889.994141 19864.599609 
20304.232422 17400.873047 16461.908203 15000.988281 19158.671875 
18467.439453 16773.775391 14344.597656 12870.934570 16887.667969 
17632.380859 13283.126953 11661.483398 8856.353516 13375.861328 
15511.038086 11888.458984 9606.879883 8708.979492 15602.602539 
14535.750977 9961.544922 7780.491211 6433.258301 15953.174805 
11923.791016 8925.039062 6405.224609 4123.965332 18569.460938 
11068.582031 8082.088379 8267.056641 5824.631836 14266.145508 
12222.858398 9043.204102 7344.676270 6688.740723 17146.427734 
11939.965820 8660.700195 6050.943359 4398.731934 12544.535156 
9534.892578 7801.999023 5803.720215 5651.005859 21667.501953 
8857.757812 6716.911133 5561.685059 4974.081543 13590.827148 
8471.819336 6078.827148 5724.361328 4162.316895 11452.363281 
8632.748047 6762.157227 5419.875488 4521.067383 15407.152344 
9202.118164 6182.888672 5450.036621 4299.776855 17164.279297 
6781.287109 4983.409668 4039.458252 3276.858398 11357.788086 
7944.455566 5292.553711 4122.307617 2835.119629 11102.564453 
7879.519043 5502.164062 4522.849609 3324.998047 14599.761719 
8196.527344 6618.099121 4828.756836 3864.139648 19228.945312 
8243.542969 5375.697266 4840.551758 3779.988281 15679.183594 
7519.485352 5247.504395 4031.467041 3240.443359 14921.308594 
7897.382324 6080.320312 4520.567871 3766.946777 15030.933594 
6969.447266 5350.260742 4441.744629 3594.176758 17154.347656 
7186.050781 4797.294434 4546.561035 3382.198730 12178.044922 
8060.249512 5950.596191 4782.785156 3336.675781 17134.001953 
9325.080078 5995.680176 5066.177734 4652.969238 14897.666992 
7496.734863 5487.429688 4696.955566 4351.771484 17268.419922 
8323.613281 5434.147949 3911.435303 4274.403320 15818.065430 
9766.848633 6502.484863 4355.377441 4579.015137 17109.171875 
9673.628906 6721.173828 6400.852051 5156.015137 20688.521484 
9705.924805 5915.618164 5189.469238 4458.394531 21506.373047 
8993.899414 6240.644531 5739.337402 4592.007324 17297.619141 
9823.332031 6858.778320 6040.990234 4913.920898 19408.265625 
10044.137695 7144.042480 6237.913086 5210.884277 21403.369141 
10436.956055 6685.188477 5487.434082 4991.016113 18274.533203 
11025.635742 7837.548340 6757.733887 4851.675293 26497.830078 
11315.515625 8744.186523 7488.322754 6508.607422 24619.724609 
11198.207031 8510.700195 6344.875000 4975.939941 21166.968750 
11531.109375 8104.418457 5881.643066 5922.023926 20442.205078 
10818.983398 7948.324219 6535.133301 5591.064453 18128.109375 
11076.982422 8186.740234 5481.058594 5119.318848 17724.931641 
13038.893555 10689.790039 7414.908691 5546.325195 22718.060547 
12626.621094 9342.583008 8760.232422 6342.019043 23683.042969 
12236.407227 8768.664062 7597.959473 5326.089844 31489.714844 
12533.649414 8719.875000 6917.318359 7277.561523 25019.529297 
11065.520508 8112.180176 7427.348633 6306.412598 20970.929688 
12554.579102 8679.362305 8462.802734 6796.083496 25039.822266 
11552.909180 8464.603516 7006.773926 5063.727539 27402.246094 
9955.505859 6589.501465 5772.360352 4771.105469 25555.859375 
11041.739258 7488.589355 5652.461426 4449.978516 28102.289062 
10355.188477 7160.657227 6100.539551 4046.510254 21260.533203 
9072.572266 6686.798828 5920.243164 3746.833008 23281.839844 
10043.747070 8192.858398 6395.142578 3965.113037 24971.205078 
8941.553711 6134.665527 4033.040771 3091.546387 28749.267578 
8417.083984 6037.901367 4459.767090 3125.472900 35123.492188 
8848.602539 6211.688965 4753.325684 3124.695557 24813.599609 
7884.721191 4732.593262 3743.198242 3306.456299 19059.236328 
6554.826660 5100.025879 4086.460205 2556.569580 19205.464844 
8718.407227 5541.627441 4696.409668 3785.386475 23838.962891 
7477.822266 5000.061523 5040.783203 3205.584473 34867.617188 
6684.917480 4176.617188 3034.181152 2646.534180 25585.050781 
5318.559082 3479.660156 2824.734619 2669.474854 29454.548828 
5605.182617 3456.495117 2715.333008 2115.478516 22808.982422 
5633.138672 3254.950439 2649.809082 2032.105103 16747.861328 
5655.609863 3736.465332 2650.150635 2001.542847 20407.322266 
5622.138184 3877.104980 2868.032959 2204.539307 24639.404297 
5826.010742 3737.443604 2773.010498 2428.190918 24784.914062 
5306.837891 3384.614502 3168.250244 2275.648926 20211.210938 
5896.620117 3637.896240 2966.252930 2328.243652 26594.503906 
5376.708496 3435.409912 3210.765381 2356.468994 21903.773438 
5581.332031 3835.435547 3064.246826 2556.937256 25523.464844 
5813.460938 4138.320801 2902.833252 1864.850464 19707.564453 
5301.312500 3703.149902 2780.758545 1789.617554 21132.355469 
6324.149414 4181.581055 3145.836182 2754.163086 36044.367188 
6579.903809 4227.401367 2743.453613 2419.770508 27844.306641 
6988.708496 4371.352539 3714.667725 2346.463867 36199.093750 
7197.604980 4156.401855 3297.171387 2148.294189 25794.205078 
6762.763672 4872.211914 4003.367188 2711.846191 31752.324219 
7069.620117 4442.392578 2907.448975 1879.354614 23996.117188 
5743.683594 3491.984375 2836.327881 2147.937744 37639.136719 
6687.067383 4095.549805 3575.515625 2409.633057 27108.726562 
6962.305176 4312.170898 3239.127686 2174.034668 32966.507812 
6994.927246 4465.338379 3382.351318 2629.923584 26407.251953 
7608.520996 4845.870605 3273.005371 2415.183350 21335.015625 
6698.175781 4433.166992 3005.964355 2536.138428 32854.664062 
7709.898926 5164.023926 3717.432129 2779.562988 34776.585938 
6188.506348 3626.430664 3027.819580 2633.454590 21221.078125 
6790.420410 4328.294922 2604.466553 1900.436035 35121.292969 
4671.614746 3213.385254 2696.948730 1623.206665 20401.712891 
6066.909180 3903.576416 2902.433838 2328.513916 37116.531250 
5326.127441 3171.337891 2615.533203 2782.750488 28018.656250 
5065.256836 3508.576904 2402.932861 1921.043335 28489.109375 
5078.285645 3363.041260 2201.668457 1792.020264 24985.794922 
4481.268555 2818.557129 2210.651855 1981.818115 37482.316406 
4079.730469 2903.846191 2138.445312 1526.674683 21664.785156 
5355.628418 3004.561523 2988.328125 1756.000488 39901.648438 
4032.526611 2520.697998 2023.343506 1600.932129 27870.982422 
4563.171875 2812.806641 2397.192139 1828.652710 26860.582031 
4681.620605 2998.805664 2043.992676 1331.344238 29582.718750 
4516.272461 3035.560791 2326.032471 1692.261963 33815.449219 
4100.657715 2241.279785 1994.362915 1658.789673 27579.947266 
4030.374756 2518.918701 1955.012085 1545.409668 30594.587891 
4563.470703 2755.942871 2017.930298 1578.874268 31655.140625 
3086.987061 2040.477661 1710.579956 1426.589966 22522.162109 
3448.010254 2325.166016 1799.805176 1412.371826 30073.722656 
3981.805664 2538.536865 1911.390503 1497.548950 30155.835938 
3552.587158 2073.397949 1832.178589 1368.090088 28185.658203 
3887.428955 2531.606689 1808.722900 1461.768799 29420.839844 
3815.916504 2362.073975 1680.792358 1209.300781 32077.326172 
3793.653809 2689.826172 2022.051880 1674.300781 25222.166016 
4034.243896 2055.339355 1609.613403 1344.774658 36923.820312 
3632.479004 2347.916016 1823.470825 1495.088745 34424.527344 
3950.117920 2583.771240 2041.872559 1498.474976 26546.988281 
3659.123779 2469.394043 1771.626221 1558.574341 30462.972656 
3950.549072 2951.486816 2046.252563 1531.362061 39511.226562 
5097.368652 3116.824219 1928.074341 1369.419800 37333.542969 
4705.578613 3178.592773 2325.271973 1660.320923 42705.960938 
4959.567383 2970.755127 2762.029541 1839.189453 32536.896484 
5291.166016 3167.505127 2714.009277 1708.454102 35753.960938 
4872.036133 3072.605957 2633.769287 1684.763916 30239.466797 
4573.715332 3163.904541 2479.297607 1511.098389 28961.052734 
5552.548828 3496.546143 2297.504395 1804.868286 32192.509766 
4550.507812 2667.088379 1821.052002 1803.663086 30961.199219 
4513.125977 3163.356934 2303.055176 1915.041626 36869.339844 
4665.928711 3123.725830 2456.206543 2029.811401 44480.441406 
4168.472168 2842.894531 2092.640625 1877.666626 45866.351562 
4584.539551 3053.486572 2441.131348 1641.243896 40727.824219 
4386.242676 2846.814941 1769.228271 1662.956055 32577.677734 
3510.287598 2301.002686 2001.581421 1433.911133 34796.390625 
3909.319580 2868.858398 1892.258911 1679.425415 44710.281250 
3023.323486 2299.804688 1586.062866 1071.523560 41526.167969 
3778.233154 2651.589844 1784.302490 1323.407349 35836.687500 
4059.207031 2431.836670 2141.913086 1468.753662 38682.843750 
3601.510254 2248.143311 1888.781128 1260.566895 37178.023438 
3080.579346 1898.112549 1264.025635 898.096375 27810.488281 
3062.573486 2272.500488 1746.700073 1398.768677 40064.625000 
3758.562256 2221.585693 1754.262695 1141.275635 45276.664062 
4003.851807 2682.353271 1658.753540 1505.616333 60198.656250 
4299.370605 2697.354492 1722.582764 1575.750488 38595.996094 
4300.986816 2627.332520 1946.302979 1434.493408 52397.964844 
3300.119629 2176.905762 1714.373901 1417.138306 30788.912109 
3500.925293 2337.775879 1715.236694 1259.384766 39330.492188 
4407.270508 2865.608154 2094.486572 1542.458008 32744.789062 
3882.813477 2594.721436 1866.772705 1448.576538 38353.304688 
4254.692383 2676.806641 2088.977539 1429.640625 44521.488281 
4381.506348 2861.180664 2211.111572 1918.706665 41251.253906 
5306.291992 3419.128174 2779.194580 2120.240479 48288.921875 
5344.611328 3432.385498 2739.155762 1547.600220 45451.238281 
4672.815430 3168.298340 2353.419678 1870.760132 47897.730469 
6115.077148 3504.539307 2950.085938 2328.884277 49148.500000 
5582.749023 3204.031494 2848.390625 2084.657227 44886.449219 
5001.575195 3472.510742 2869.930908 2193.034668 54247.859375 
4859.607422 2869.582275 2940.165039 2539.529297 48773.500000 
4690.003906 3168.925293 2595.412109 1921.463623 50960.718750 
5054.808594 3157.159424 2380.811523 2208.017334 51579.847656 
4456.778809 3021.751465 2255.527832 1869.913452 43162.523438 
3756.955566 2443.567871 1805.851807 1779.968262 41122.582031 
3972.187744 2716.950684 1710.791382 1363.035278 47106.691406 
4021.929688 2439.261963 2127.201660 1799.396729 53435.722656 
2686.345459 1738.783813 1507.538818 1021.889160 27969.250000 
3480.322021 2244.156494 1673.390869 1489.908936 53353.117188 
3204.022217 1929.618042 1594.440918 1142.458496 47217.406250 
3200.334961 1961.096680 1749.132812 1255.672607 47561.136719 
3082.750488 2050.268555 1423.294922 1044.535767 40563.648438 
3387.076172 1928.484741 1457.906738 1029.880493 42859.855469 
3139.902832 1836.227295 1475.182739 1164.390625 41685.218750 
2681.704102 1577.355469 1497.556030 1095.506104 37653.015625 
2923.073242 1838.210693 1556.466553 1136.616333 51450.269531 
2496.216797 1765.213989 1274.316528 942.828186 40331.984375 
3392.151611 1890.846436 1484.916504 1273.194946 45737.621094 
3337.902344 2118.548340 1854.743896 1356.810425 51314.195312 
3784.387939 2278.118164 2021.868774 1823.431152 53008.968750 
3679.648438 2217.357910 1852.234131 1512.435303 52457.816406 
2593.222656 1802.402832 1509.092407 1691.800293 45165.230469 
3453.312988 2226.660889 2006.777466 1690.689331 29712.246094 
3626.969971 2575.000244 2024.636841 1388.098022 36348.878906 
3425.950439 2153.130859 1605.778198 1206.406860 47049.484375 
3953.468994 2668.608887 1940.251221 1561.881958 59731.820312 
4551.643066 2994.018555 2565.771729 2205.404053 52230.527344 
4298.110352 2676.020020 1975.994507 1333.125610 53057.757812 
4630.723145 3086.586426 2875.142822 3006.675781 94325.898438 
4193.986328 2593.465820 2024.132812 1422.594727 66047.335938 
3952.449219 2717.525146 1835.020508 1491.391479 40905.925781 
3860.794434 2431.208496 1814.041626 1429.302002 51572.437500 
3453.888184 2062.757324 2158.060059 1536.171143 49076.691406 
2139.468750 1445.206543 1415.198853 1215.946899 50045.410156 
3281.145508 2026.480347 1633.551147 1619.054810 35005.937500 
3273.619141 2350.374756 2133.180420 1615.953247 58822.207031 
2962.796143 2122.795654 1762.283569 1461.686035 36602.304688 
3982.829834 2528.196045 1937.756104 1677.370972 47055.304688 
2680.701660 1771.117920 1697.948730 1633.302246 42013.546875 
3305.669189 2102.436035 1821.836426 1164.368286 58226.375000 
2906.617920 1824.132935 1405.568359 1161.465454 37578.199219 
3189.918701 2045.270142 1634.746582 1281.280762 65339.820312 
2992.313721 2157.652100 2038.742798 1348.298218 54079.718750 
2513.879883 1568.357422 1237.664307 1184.773804 37439.195312 
3129.833496 2144.435059 1899.458618 1542.672607 50414.390625 
2788.808350 1816.696533 1565.032959 1155.662842 45130.121094 
2701.446777 1746.776245 1351.849731 934.542358 40895.718750 
2665.578125 1657.174561 1466.483765 1036.729736 41112.296875 
2573.420898 1717.694580 1448.746948 1139.680054 39854.769531 
3303.558350 2141.881348 1681.514038 1740.566772 50514.929688 
2688.310059 1686.957642 1352.435791 929.030823 42287.597656 
2436.919678 1647.822144 1156.668335 802.614197 50779.015625 
2678.727539 1807.270264 1394.845947 937.910950 38704.523438 
2092.636719 1502.080200 1235.843140 1244.885010 47371.128906 
1775.796875 1167.915771 932.527405 666.091064 30565.412109 
1598.814941 1213.450562 1003.227661 718.121460 30461.503906 
1863.263062 1145.900391 949.274536 847.807068 28937.578125 
1608.074707 1085.660034 864.107788 605.736145 37896.828125 
1728.980957 1197.020020 921.275452 806.548950 35107.921875 
1703.480957 1105.279907 782.922302 762.324646 41327.386719 
1724.736328 1139.513916 926.383362 822.344055 39172.398438 
1900.952515 1205.413574 894.873291 1005.040588 60084.980469 
2246.765625 1431.320312 1130.356934 906.729614 65472.390625 
2016.898438 1235.102661 965.199829 732.477173 49708.703125 
1999.897583 1456.677368 1131.987305 959.793579 48189.191406 
1850.324585 1211.972534 991.891846 952.113159 87151.031250 
1891.278442 1336.505615 969.095703 877.726501 42581.699219 
2003.090698 1272.785889 1089.160889 934.618164 47482.933594 
2533.811768 1522.266357 1198.102417 1083.168579 60199.449219 
2102.486816 1482.828125 1353.471069 951.703918 56948.359375 
2478.484375 1623.377319 1394.622559 1152.869873 49767.320312 
1824.813354 1332.239136 959.827515 833.823914 45033.890625 
2251.119873 1629.074951 1384.562988 1051.067139 44978.113281 
2136.133301 1423.205688 1316.288696 1082.942749 48849.382812 
2152.551025 1517.212158 1105.183838 984.767090 40602.773438 
2281.758301 1556.501831 1451.494507 1163.785400 58545.738281 
2423.467529 1699.684814 1342.615601 1116.742798 61886.683594 
2188.947266 1695.691895 1235.733154 1143.503174 47941.113281 
2381.108643 1821.226562 1474.912231 1558.345337 63280.230469 
2142.693115 1695.174194 1305.200317 1045.731079 42650.253906 
2748.716064 1949.427124 1990.492554 1226.014404 59884.628906 
2847.616943 1962.243164 1609.401245 1461.412964 41893.324219 
2662.263916 1678.996460 1485.927734 1490.070923 78465.351562 
2552.950684 1891.468872 1387.247925 1131.662354 46615.542969 
2162.401367 1677.562500 1249.268066 983.220093 63693.562500 
2422.666748 1643.713135 1332.464966 1336.435669 41048.351562 
2330.531738 1750.939331 1590.183838 1892.997437 57923.664062 
2325.518311 1842.081055 1498.783936 1020.301575 62860.503906 
1882.650024 1199.029053 1052.686401 767.324829 45001.289062 
1384.807739 929.090576 844.965637 660.345764 59130.609375 
1701.979858 985.764160 899.124146 905.264771 56763.085938 
991.999146 725.881897 611.409607 534.098145 28851.818359 
1635.694336 1020.051147 931.547729 862.435425 47109.550781 
1351.102539 991.016418 757.447449 724.327026 43707.101562 
1314.234863 1020.305725 1009.668152 818.585632 48457.238281 
1404.244873 941.250977 730.188477 729.642029 52147.070312 
1205.078003 838.103638 708.026978 740.878601 39354.410156 
1185.542358 765.325562 716.793579 564.287048 43726.515625 
1469.479126 945.042358 922.780029 699.568115 44158.531250 
1106.755615 688.599060 585.305176 384.380249 38944.355469 
1538.609741 1128.501099 945.571777 565.757996 57735.453125 
1588.904175 1048.020874 882.636536 748.546265 51367.792969 
1636.402832 1064.338867 917.591370 596.386597 46173.750000 
1523.998047 927.429871 733.376892 580.679932 46889.074219 
1638.559082 1071.318848 875.961426 627.473511 51898.457031 
1643.934937 1197.026855 889.811829 721.352783 54817.460938 
1604.555542 1002.948669 779.233887 640.527649 76716.031250 
1782.780029 1083.607178 852.132629 665.887085 61023.683594 
1815.129150 1285.785400 1125.898682 1022.710266 65093.789062 
1718.332153 1149.566284 926.832642 812.086304 42085.457031 
1876.611450 1196.255737 926.831604 693.891663 50617.386719 
1508.433350 1041.094727 927.955505 902.539429 55719.238281 
1869.500488 1189.162354 976.141724 716.401978 53081.437500 
1841.589233 1272.068970 1133.353638 844.608276 57202.367188 
1784.036621 1162.987549 928.006042 844.357727 73937.476562 
1725.881348 1264.280396 1076.472412 854.578186 34257.289062 
2303.231445 1474.302856 1282.114990 1167.032715 82229.078125 
2067.904785 1355.685913 988.247192 856.904968 87689.257812 
2347.101807 1556.759155 1186.365967 1019.191833 55784.457031 
2559.981201 1714.294922 1183.509399 814.057373 57235.226562 
2674.387207 1938.503784 1488.233765 1347.413696 70124.945312 
2574.312744 1672.458740 1668.504883 1106.195557 72174.757812 
2962.646973 1780.694214 1526.605225 1219.990601 66681.773438 
2474.952148 1662.307129 1191.693848 1054.509766 67197.429688 
2891.691406 1826.162964 1278.100952 1199.852173 65739.453125 
3324.565674 2091.115723 1507.162354 1228.273315 92732.109375 
2871.466309 2052.965576 1673.277954 1570.494629 89240.546875 
3141.633301 2050.103027 1669.026245 1468.682251 65372.578125 
2869.716309 1913.870239 1753.641479 1358.552490 66923.671875 
3193.553223 2167.629150 1986.917114 1294.775269 56209.503906 
3157.940918 1863.863770 1629.959229 1190.973633 72461.875000 
3638.283691 2572.710449 1992.425415 1644.110352 93800.242188 
2929.409424 1724.261475 1529.130615 1085.438354 76908.843750 
2493.128662 1658.502563 1406.906982 1089.231934 55383.246094 
2299.696045 1526.917358 1095.516235 943.741821 71493.226562 
2634.782471 1706.288330 1903.811035 2125.921387 92850.578125 
2154.542236 1620.063110 1691.517578 1460.606079 90293.406250 
2130.889648 1479.419800 1298.540771 1464.792603 85988.203125 
1814.232788 1226.374512 946.575684 644.114075 62610.339844 
1360.171021 997.265564 663.637878 664.840759 48234.000000 
1320.915039 958.956665 796.178772 632.096985 55450.003906 
1251.479126 739.829956 777.616333 676.930847 46206.750000 
1317.187866 848.567505 804.981506 565.285461 57387.882812 
1046.920288 756.868042 624.360413 457.186249 53263.308594 
933.669678 624.677246 556.902283 403.569946 59037.054688 
946.532593 629.158691 492.910919 407.751953 51129.308594 
883.710815 605.162354 469.265167 381.066681 37047.062500 
897.164001 578.419373 467.072174 335.478149 46212.843750 
797.458496 579.692932 537.596497 367.883911 41562.917969 
836.399414 621.181396 481.543335 495.448853 47364.281250 
967.044067 642.306335 503.118958 476.865814 65950.812500 
921.146362 566.627747 427.009613 336.192535 41455.535156 
833.599854 627.427856 464.091034 441.513000 48036.613281 
946.064880 684.689209 483.256042 403.218811 53752.585938 
781.514954 544.775757 468.466156 472.955048 43078.617188 
780.596497 557.981140 383.694122 322.386414 39159.656250 
798.703430 559.198547 468.361237 383.459839 56617.171875 
805.667847 537.130920 435.308167 347.423920 51694.414062 
934.687317 609.571655 416.639191 350.203766 50324.304688 
712.854980 493.215424 380.507782 288.841064 30293.164062 
837.287537 586.412964 483.497864 320.993378 36545.960938 
754.032715 522.636841 486.807098 420.072266 32539.158203 
977.664917 646.898560 501.559875 401.229340 53136.546875 
976.251160 693.781128 743.362305 684.015991 52901.957031 
989.309509 629.463867 612.744995 490.421997 40815.640625 
1079.588867 727.809448 617.499207 553.820435 37156.484375 
1126.501099 778.326416 642.820312 681.484558 56472.457031 
1178.181274 898.116577 704.348389 741.945496 51283.628906 
978.177612 664.371277 587.707581 444.579987 47194.394531 
1343.737427 881.738647 702.374634 514.876404 58781.335938 
1244.266235 819.127380 767.979858 563.964233 44868.847656 
1325.486450 896.862488 674.217102 674.314331 51851.671875 
1519.001465 1003.709290 892.452393 734.195557 54427.832031 
1567.672607 1270.669922 848.074219 693.844543 55341.765625 
1397.085083 938.077881 769.238831 581.748291 44741.992188 
1767.344971 1181.086792 1197.224854 904.927673 54742.417969 
1642.502686 1084.177368 1078.388672 750.510010 60705.777344 
1797.120605 1245.501343 1128.609985 849.036072 60065.074219 
1999.409058 1411.533813 1118.973022 808.793823 64793.250000 
2304.371826 1532.029419 1241.022827 863.039429 61039.277344 
2351.421875 1735.377930 1464.043457 1108.869629 59760.628906 
2754.072754 1825.104736 1472.971802 1069.120117 68122.812500 
3532.959717 2345.713867 2049.842285 1692.215820 67543.406250 
3950.240723 2562.645264 2539.905518 2406.252441 63146.851562 
3843.285889 2998.169922 2645.983887 2217.994873 64696.253906 
4089.812988 2546.771240 2422.915039 2100.410645 59827.640625 
4127.540039 3177.322266 2928.271484 2398.638672 78181.757812 
4568.188965 3346.309814 2477.739990 1784.669556 80009.429688 
3680.053955 3042.920654 3110.392822 2664.821533 76153.140625 
3733.719727 2578.264160 2265.264648 2420.350586 111313.585938 
2985.788086 2449.192383 1732.412354 1479.053223 78589.007812 
2573.266846 1623.651855 1442.832764 1203.664185 65951.296875 
