88.744797 86.269707 68.760063 71.364433 0.019782 
89.145744 52.297447 70.848183 76.979050 0.027976 
84.478943 86.218079 125.633514 59.927380 0.000000 
88.985573 77.807945 104.749672 23.435783 0.000000 
88.427025 58.666042 111.780350 65.668236 0.000000 
91.554497 38.002316 90.267075 91.417221 0.019782 
92.004005 57.501335 61.329453 43.710480 0.000000 
88.794601 67.996841 128.399826 101.010712 0.019782 
95.478928 56.404449 58.525661 76.716515 0.000000 
81.447952 48.965340 64.934303 63.268162 0.000000 
88.690781 43.037365 24.241772 56.830246 0.000000 
87.035866 41.004398 50.547035 17.779638 0.000000 
95.051895 85.692085 57.160488 19.488661 0.000000 
91.271423 41.040730 84.384079 55.102470 0.000000 
93.475235 64.349251 51.838047 26.682829 0.000000 
92.115883 48.156342 32.805359 22.596151 0.000000 
86.510078 114.940445 50.982929 94.261208 0.034264 
94.987373 55.217030 57.155949 64.522728 0.027976 
88.078140 20.114008 35.430405 13.181645 0.034264 
93.435944 49.719341 30.084089 19.490257 0.000000 
80.230469 29.225014 48.762672 159.913712 0.027976 
92.729744 24.390347 50.975677 16.129583 0.027976 
85.502792 46.936752 73.675339 71.400482 0.000000 
88.094025 66.194054 69.937805 39.624798 0.000000 
89.165436 91.646538 79.153473 54.865349 0.027976 
94.934471 108.406738 114.754944 68.562019 0.000000 
90.148109 53.515926 74.492241 50.732040 0.019782 
87.526978 90.346519 94.643158 49.252407 0.000000 
86.327156 95.533508 72.062439 13.046799 0.000000 
92.906715 95.982758 54.181931 61.426968 0.000000 
92.134087 95.496742 63.720963 36.633247 0.027976 
92.973335 89.641457 99.105080 113.774979 0.019782 
97.399826 136.574554 108.186493 96.511780 0.000000 
86.077202 68.211754 74.824753 39.229511 0.000000 
83.150856 60.273521 95.109512 66.299591 0.019782 
99.252151 81.917137 53.722435 34.519176 0.000000 
83.255379 71.373917 51.105366 36.508385 0.000000 
91.154144 55.096375 75.068558 110.682076 0.000000 
92.582909 60.901283 89.739456 64.511040 0.000000 
91.357071 38.371376 57.442108 52.045898 0.000000 
90.370728 66.330673 32.053921 50.866451 0.000000 
92.875854 76.571281 80.780479 80.285927 0.027976 
89.933640 134.915878 91.330093 162.617371 0.027976 
90.945061 126.408081 133.848572 70.443291 0.000000 
81.537376 71.325180 50.967613 21.202564 0.000000 
91.902756 47.887272 50.885166 57.710587 0.027976 
90.488091 68.121727 51.916218 87.009705 0.000000 
89.324051 82.609833 44.809574 75.450127 0.000000 
90.407318 69.852448 74.716095 80.530952 0.039565 
86.735390 112.795479 58.561760 54.111012 0.019782 
90.028351 87.878288 100.295715 165.739014 0.027976 
88.772552 82.983833 86.720070 98.029617 0.000000 
91.696129 112.241089 122.223541 141.624207 0.000000 
88.557968 109.961945 68.019867 45.677666 0.027976 
90.382256 82.864876 98.795746 44.610405 0.000000 
91.006096 98.093109 81.875893 29.563585 0.027976 
98.257889 61.619488 73.225014 118.682877 0.000000 
88.085518 64.104126 67.272606 27.174814 0.019782 
95.756371 85.303368 62.517921 70.435898 0.000000 
87.590080 88.328552 75.464363 26.329723 0.000000 
97.021759 107.502907 62.894180 70.470848 0.019782 
90.233658 63.016033 75.747612 111.933731 0.019782 
94.052757 50.365555 97.246574 52.851921 0.000000 
86.489944 78.184128 69.713928 82.598907 0.000000 
93.404305 68.034050 108.136047 76.914978 0.000000 
93.283981 61.646221 65.882904 135.263077 0.000000 
86.715256 71.875565 101.986839 110.412582 0.000000 
87.904236 28.776110 103.287468 99.622635 0.000000 
89.356247 109.080612 73.084213 78.966499 0.000000 
85.773590 103.901459 113.548683 94.318138 0.019782 
87.489128 80.515259 64.038887 35.423008 0.000000 
89.424828 81.711845 80.674339 88.098366 0.027976 
86.541489 75.527313 62.490372 41.111805 0.000000 
88.772591 62.216560 113.791580 15.922393 0.019782 
87.804070 81.553085 61.910946 93.916443 0.000000 
91.123184 62.595734 103.474243 120.723740 0.000000 
89.291649 57.090858 63.543198 133.764496 0.027976 
84.312088 86.004463 99.006218 113.962212 0.000000 
95.694389 61.413902 106.205284 131.277695 0.000000 
85.335007 105.793793 109.666290 73.848656 0.019782 
91.848068 133.190079 111.532356 68.155937 0.000000 
96.798927 66.555496 88.699272 79.206017 0.000000 
89.242088 106.880280 68.270363 79.966393 0.000000 
90.952286 85.349037 79.797997 118.049072 0.019782 
91.340759 86.734360 57.626301 91.376633 0.034264 
90.806015 100.087936 124.844215 70.271736 0.000000 
87.763359 117.773178 95.700577 35.563671 0.000000 
92.591270 71.214035 73.226295 88.547913 0.000000 
82.782822 87.004761 38.237995 71.105026 0.000000 
88.905617 63.896961 59.225525 59.988331 0.027976 
87.402199 94.862114 93.133003 122.249100 0.000000 
94.864281 43.168133 51.704250 49.795723 0.000000 
90.344818 76.157181 51.488953 67.496315 0.000000 
84.640678 101.581276 63.286453 98.939445 0.000000 
94.779747 71.215508 78.284508 92.514778 0.019782 
90.510201 118.303574 76.331200 45.945316 0.034264 
91.211693 66.586555 61.010277 102.163742 0.027976 
91.237701 120.413857 54.551674 88.752365 0.000000 
89.162193 63.545502 71.124153 57.934608 0.000000 
91.456070 75.784798 148.256821 22.051340 0.000000 
91.277588 71.591393 76.721054 115.180313 0.019782 
87.692139 118.349373 114.132584 73.351013 0.000000 
89.817780 56.811314 83.848618 67.848816 0.000000 
86.249550 82.908707 50.811214 55.122902 0.000000 
89.603241 78.565514 56.858879 75.389427 0.000000 
98.632919 116.834335 95.551559 150.285950 0.000000 
89.275337 90.088387 94.283279 71.839661 0.000000 
89.619804 103.423248 87.471138 39.533699 0.027976 
87.683212 82.407990 94.887054 70.823372 0.000000 
88.255699 113.584274 126.418869 102.349464 0.000000 
89.110146 37.588921 66.644272 68.956718 0.000000 
90.286095 99.150116 47.441437 100.101051 0.000000 
90.687859 83.631920 116.589035 128.796158 0.000000 
86.903046 91.923866 73.990913 91.334366 0.027976 
90.903259 75.122810 67.050224 62.077744 0.000000 
87.162262 109.912163 49.789120 30.906841 0.000000 
90.350761 90.176506 83.258583 107.072098 0.019782 
90.375557 89.065964 93.063187 158.163498 0.000000 
92.571220 72.797806 68.663727 100.300743 0.000000 
93.994019 84.731758 70.943039 48.064537 0.019782 
96.105141 68.961502 95.429810 56.381325 0.000000 
91.341820 81.663132 32.492420 112.771179 0.000000 
95.001717 69.647179 86.570816 116.796089 0.000000 
88.016525 96.341782 115.915520 95.486130 0.019782 
94.389931 109.910217 93.781326 59.930374 0.027976 
82.107132 88.921539 76.141190 104.128494 0.000000 
89.761620 78.528526 95.768791 60.088634 0.000000 
93.730865 66.726601 47.742882 94.693169 0.027976 
90.365501 103.514511 84.921021 108.973289 0.000000 
94.206406 125.703949 42.642174 90.708130 0.000000 
89.646225 33.553604 77.889709 56.749584 0.000000 
93.637810 104.039032 114.216133 73.627052 0.019782 
88.850403 76.920860 87.940109 113.511375 0.000000 
93.373199 38.584244 41.784771 166.226349 0.000000 
94.069778 116.337402 129.915359 35.940548 0.027976 
90.449112 39.843166 51.143608 78.809029 0.019782 
95.851578 88.161324 70.599060 100.553673 0.000000 
93.832397 99.803307 141.998230 93.142487 0.000000 
94.615540 60.787189 62.867531 7.440783 0.000000 
84.263336 99.099411 91.288597 153.343155 0.000000 
90.931099 94.102394 106.956383 86.833504 0.027976 
85.448174 79.334198 67.589500 122.571457 0.000000 
91.698357 85.706848 73.877022 80.192299 0.000000 
87.220467 92.614906 79.811333 45.774483 0.019782 
91.059959 73.616318 66.872139 59.109627 0.019782 
91.244019 43.666660 37.597515 95.333176 0.019782 
91.680344 105.766823 91.684402 150.381989 0.000000 
90.445366 100.288185 109.259979 113.557938 0.027976 
94.384796 88.173187 71.073830 137.830765 0.000000 
91.261856 55.178795 52.246243 51.637798 0.000000 
97.870987 49.512562 69.622108 36.947025 0.027976 
86.016304 79.929634 76.066597 68.163315 0.039565 
90.067635 90.057373 132.194122 130.332214 0.019782 
92.611298 62.838680 65.024033 71.606041 0.027976 
88.580971 19.625898 41.681919 100.301697 0.000000 
95.189438 113.990334 96.085564 125.514252 0.000000 
89.474022 82.347557 66.174370 146.219727 0.000000 
93.115944 96.295563 109.835899 111.465736 0.000000 
92.542404 72.717415 64.097168 76.396286 0.019782 
94.380943 59.941338 150.255737 163.396790 0.000000 
87.563202 46.737965 66.059418 63.019886 0.000000 
93.932800 120.063545 128.924713 65.866341 0.000000 
89.966377 97.864647 69.536690 68.663521 0.039565 
93.570869 79.611221 90.037498 166.671921 0.027976 
86.801224 46.717842 81.080574 68.684708 0.019782 
87.749908 31.279892 75.584839 142.301300 0.000000 
89.439888 67.741768 101.828873 152.718948 0.019782 
83.635384 100.472870 120.341072 111.394943 0.000000 
80.461678 124.636703 85.533646 69.523560 0.027976 
87.565826 79.327705 54.870853 108.684746 0.019782 
90.372345 49.483364 63.459324 19.829153 0.034264 
94.270607 85.300629 97.408463 177.111053 0.039565 
87.273972 73.740486 91.214478 145.538269 0.027976 
91.929436 102.344666 92.847076 105.346481 0.000000 
92.360550 100.647903 108.243660 87.395370 0.000000 
91.781792 79.268074 103.135666 27.259092 0.000000 
91.133957 36.992783 112.638153 59.348175 0.000000 
90.034241 64.884842 81.831108 144.037338 0.000000 
89.025002 101.119911 123.168961 121.654655 0.027976 
93.313354 65.999458 94.688889 53.227188 0.027976 
89.475327 43.769901 86.564003 102.697403 0.000000 
89.785881 99.808052 116.125725 41.143505 0.027976 
90.731308 86.307732 82.554543 93.542313 0.000000 
85.056664 45.245258 77.028587 94.424385 0.000000 
90.870514 26.632263 106.419312 33.417927 0.000000 
85.632874 47.857590 113.008194 38.367176 0.000000 
94.012749 95.635010 35.919819 126.299301 0.019782 
90.960922 87.842247 63.966881 91.644798 0.019782 
89.488266 131.089767 107.838890 58.118801 0.000000 
90.879158 60.700634 75.514114 137.622574 0.000000 
89.254173 65.943184 33.796555 76.156830 0.000000 
84.300011 116.310753 113.544846 155.707565 0.000000 
86.204102 77.801155 79.909401 103.897682 0.000000 
89.719994 87.326561 67.946609 102.839935 0.000000 
88.260979 34.114609 58.033657 144.811508 0.027976 
90.001755 93.364410 64.007118 64.603668 0.019782 
84.823105 113.146057 74.701660 138.397064 0.000000 
84.298508 83.779007 90.989426 110.130997 0.034264 
86.167488 66.372925 54.815853 127.609108 0.000000 
88.798729 78.918510 108.936272 72.936600 0.000000 
