4267.441895 2383.856445 650.682922 498.241577 138083.328125 
13957.097656 2264.539062 814.797302 509.795074 204349.656250 
14971.941406 1724.320312 663.305908 373.589600 126111.492188 
7870.289551 2518.774170 821.459656 702.356628 199185.484375 
6645.548340 1658.214478 660.967590 450.088531 115816.296875 
11247.222656 1940.961670 720.267334 437.120026 157063.593750 
7093.005859 1839.262817 568.133850 396.677612 213211.453125 
4868.401855 1513.204834 559.272583 383.058868 176306.093750 
14631.692383 2237.900635 825.983215 577.799011 186689.468750 
10052.887695 1734.362671 654.121521 507.923798 237906.437500 
5329.472168 1867.804321 672.221680 439.061188 134400.875000 
6647.501465 1690.054077 702.810364 482.150421 153006.484375 
6906.444336 1727.766479 805.880493 565.022339 176547.500000 
10233.277344 3037.230225 906.397949 572.660095 174848.750000 
7426.158691 2063.153320 702.086548 519.691406 206963.765625 
15112.713867 1448.187744 587.134583 454.416504 167089.015625 
8555.770508 1279.637573 586.913391 380.880676 176389.265625 
5790.869629 1873.725342 726.823059 584.863464 193216.203125 
8466.722656 2153.714355 849.511353 669.866638 152333.343750 
12020.983398 2351.456787 780.654724 591.492432 129532.242188 
