87.140709 76.229851 80.235596 71.731171 44.850681 0.019782 
89.913437 78.632774 74.180222 63.802216 41.334682 0.000000 
89.415703 84.706764 76.287193 72.132141 46.012810 0.000000 
89.799416 72.657722 59.480331 51.071339 36.249481 0.027976 
94.831558 78.461075 75.533554 65.547295 30.750528 0.000000 
88.157951 70.985336 66.164253 57.199764 31.009211 0.027976 
88.644463 76.469254 68.171471 59.323963 56.745621 0.027976 
85.762344 70.305870 71.130959 58.613400 44.634174 0.000000 
90.312813 77.871147 70.092232 58.367256 34.636650 0.019782 
91.313461 66.985214 60.033939 52.719067 37.029243 0.000000 
88.901596 77.983978 60.844143 56.881363 39.135944 0.000000 
88.224152 69.944458 69.645927 67.099739 44.802608 0.000000 
90.715912 74.341850 67.018280 60.334461 36.657726 0.000000 
86.671051 66.678734 72.381935 62.439861 37.779083 0.027976 
88.955078 62.331062 51.308540 43.155087 34.812946 0.027976 
90.959175 72.677628 81.496811 85.750549 83.664558 0.000000 
86.853844 74.675812 69.382278 73.820625 66.728249 0.000000 
88.888374 59.057503 58.632145 48.811363 38.011223 0.000000 
93.542557 58.794483 56.301975 59.397469 43.804840 0.019782 
87.762611 63.330219 62.292831 47.584145 32.633171 0.019782 
82.529839 82.562256 75.440880 59.237503 31.321898 0.000000 
93.417198 68.761940 55.430569 54.146118 33.967041 0.000000 
89.747398 69.629761 57.171730 50.872253 41.029961 0.027976 
90.597954 59.192924 62.124714 52.419548 41.775433 0.000000 
88.354713 76.448029 68.895416 57.806213 33.491943 0.019782 
89.086327 74.540199 59.366444 45.906113 28.759687 0.027976 
93.969421 87.143097 70.450844 64.295502 36.761841 0.000000 
95.296104 63.885174 68.336823 62.376850 36.816170 0.027976 
91.658646 77.257805 65.827187 46.548534 25.231653 0.000000 
84.915474 57.711845 46.945877 43.191906 44.538071 0.000000 
93.659462 71.886345 75.127754 66.360214 45.882889 0.000000 
90.771645 61.586269 67.789253 61.749443 41.592350 0.000000 
88.048401 68.840218 66.775726 59.967339 38.119522 0.000000 
90.161377 69.144646 60.947716 52.918468 41.110203 0.034264 
90.556976 78.620728 69.502541 61.713833 43.701027 0.000000 
90.149673 59.995888 70.869049 61.801380 36.986980 0.000000 
95.467407 62.521706 76.908821 53.569004 46.460270 0.000000 
90.081673 79.157715 75.596199 57.942348 46.170368 0.039565 
92.015808 81.789909 73.194473 61.413429 39.410748 0.019782 
85.427422 80.939156 72.570084 70.776405 41.526699 0.000000 
92.080849 94.564941 71.713089 54.473896 23.896231 0.000000 
86.814468 58.481319 66.062477 48.626080 36.307964 0.019782 
86.029793 75.112991 74.177582 60.672855 44.833725 0.000000 
96.952362 69.365799 63.627472 50.184658 34.854206 0.000000 
89.209663 82.990112 71.490295 64.373192 39.207577 0.027976 
92.090652 64.109940 65.959480 60.470448 36.451275 0.000000 
88.670921 73.958870 76.667938 60.653690 38.763916 0.019782 
83.109512 81.726906 68.081284 65.168549 51.997364 0.000000 
92.652077 61.094055 60.841419 59.263786 46.425594 0.019782 
86.963333 66.457428 64.450127 62.384552 43.065842 0.000000 
