89.575233 84.867653 88.455078 88.390511 82.208817 0.000000 
92.586784 94.237938 89.823036 87.056747 82.094330 0.019782 
93.033112 89.579880 95.708420 85.819237 86.774971 0.000000 
88.837425 87.296539 87.231735 95.901604 78.060699 0.044235 
91.021355 95.790451 89.659897 88.877251 88.930290 0.000000 
91.878685 88.056953 86.252678 90.593330 83.258026 0.000000 
88.697624 92.482887 92.788406 90.858002 96.553223 0.019782 
87.100746 83.506210 102.134705 90.031723 98.424583 0.027976 
91.513824 86.420059 99.356377 94.475967 89.943535 0.019782 
86.405655 91.078072 84.143379 89.125488 91.025581 0.000000 
89.641998 91.743401 92.018921 94.139603 100.082176 0.000000 
91.731560 78.187157 92.859840 98.217163 71.822121 0.034264 
88.525467 90.016403 90.340797 79.292412 95.960083 0.000000 
88.454041 97.001572 89.092941 95.687195 91.738968 0.000000 
90.192947 85.098328 93.021805 99.840088 93.535583 0.000000 
84.676178 92.864922 92.085022 87.903267 87.281113 0.000000 
87.034126 99.051628 87.072533 86.413681 96.702469 0.000000 
86.297134 93.725998 96.614304 86.566704 93.627075 0.019782 
97.136925 99.914375 83.472023 85.763054 91.767616 0.000000 
84.582954 91.826233 98.177246 104.103302 93.166237 0.000000 
89.653450 84.576706 82.524574 88.296158 80.336906 0.000000 
88.829483 79.484520 87.884758 92.200394 87.202255 0.000000 
88.199890 99.772095 82.751060 92.763840 77.814873 0.000000 
90.649643 84.178932 76.751625 86.532417 94.514320 0.019782 
92.656204 97.433884 89.643173 91.368950 97.978058 0.000000 
88.332214 87.458710 89.508110 85.162910 88.989159 0.048457 
92.463493 92.733940 95.807220 81.216217 87.999123 0.019782 
91.155167 93.706406 89.021385 84.430550 94.020607 0.019782 
89.797577 92.862518 87.777695 94.666901 74.231651 0.000000 
92.665161 92.053589 79.974861 95.548615 92.430145 0.000000 
90.723969 84.819283 91.300781 81.209023 99.945160 0.000000 
92.560135 93.945076 95.463577 102.111038 86.218567 0.000000 
92.264557 84.528336 86.304787 85.720932 84.642822 0.000000 
92.303490 98.122086 84.995865 89.995834 77.448830 0.019782 
88.358383 87.457657 98.754890 91.420990 91.705414 0.019782 
86.445320 87.246902 90.596207 83.784523 92.119911 0.000000 
91.218803 88.909615 87.202713 86.540359 105.493950 0.000000 
88.168800 88.757278 86.244202 95.133316 82.541191 0.027976 
99.270676 87.713547 94.587456 89.310234 83.316704 0.000000 
89.567162 95.761505 98.674004 83.987518 88.040993 0.000000 
89.775925 84.805336 90.121330 82.825981 84.867546 0.019782 
92.346848 91.672508 92.324532 95.249512 88.125488 0.000000 
90.740089 89.116753 94.208687 88.977982 93.986244 0.000000 
89.942474 95.911575 89.728844 94.739922 89.725502 0.000000 
89.343971 81.977577 86.243324 89.589561 83.387512 0.027976 
87.991478 94.994202 94.697098 88.086815 80.992165 0.019782 
94.385300 93.525070 87.583466 90.975456 76.473198 0.000000 
90.456062 91.229897 96.366501 102.691360 103.222450 0.000000 
90.310165 90.238884 95.742058 100.061806 87.837631 0.034264 
85.374657 92.891266 95.887749 88.552101 90.655144 0.000000 
86.116043 87.504013 94.026634 84.057899 80.843056 0.000000 
89.695511 93.489304 92.281059 79.640388 86.548843 0.019782 
81.994324 103.198997 94.662788 89.857666 93.336510 0.019782 
85.389992 91.526550 94.120834 91.590477 80.107796 0.019782 
89.546204 88.657410 87.656746 95.476624 86.889626 0.019782 
90.549767 92.629662 96.006165 100.880089 89.399406 0.027976 
87.960442 93.575447 87.362366 78.474159 95.521172 0.000000 
84.081253 88.363525 92.606171 84.243782 84.111069 0.000000 
88.171097 87.976639 82.188637 85.297577 94.069870 0.000000 
95.754379 97.594063 87.742844 94.290306 97.021729 0.000000 
91.788498 94.926689 92.018929 97.509415 85.368645 0.000000 
83.780334 85.707657 91.909081 94.627716 87.363091 0.000000 
92.890442 83.369446 88.768303 99.403305 83.037056 0.019782 
93.338074 73.976456 97.490578 92.002647 92.966309 0.000000 
96.374168 85.687057 95.027588 95.956650 89.119118 0.000000 
88.061981 90.433815 86.913811 95.690765 83.835602 0.000000 
88.019295 97.126884 90.763405 90.420006 81.600243 0.000000 
89.780190 95.973694 97.167473 84.741737 90.670990 0.019782 
91.086731 91.505150 91.167686 86.556198 84.904434 0.034264 
86.448700 87.790527 83.280579 101.047943 81.409256 0.000000 
94.413147 85.132141 85.955215 94.869293 89.568443 0.000000 
88.762306 90.971504 91.204048 91.932777 95.855759 0.000000 
90.072304 97.521507 87.970154 80.245209 95.394264 0.027976 
89.825066 96.637512 91.987869 90.538506 99.405540 0.027976 
87.671707 88.263153 92.379539 100.083237 90.432686 0.000000 
88.742332 87.157196 101.407852 97.207191 92.563301 0.000000 
86.212349 92.082115 92.370529 83.543877 101.910408 0.019782 
85.901466 86.646332 86.683685 90.500313 90.086227 0.019782 
85.613129 89.344650 83.662102 81.066315 101.168007 0.019782 
85.731194 89.915474 88.702667 84.446045 99.407463 0.000000 
91.831497 98.719986 92.494743 84.987442 99.880737 0.000000 
93.094398 81.620316 89.137291 96.473877 91.688240 0.027976 
94.469551 93.303398 86.044090 97.092445 104.551765 0.000000 
93.034561 89.546402 91.008072 89.332626 103.737373 0.000000 
92.196373 82.816704 97.487648 91.916252 98.170700 0.000000 
82.007751 84.166481 90.279900 90.358337 106.180191 0.000000 
90.692543 91.290489 79.466110 89.493004 96.688889 0.000000 
88.250473 85.959908 92.852173 98.520248 94.414200 0.000000 
87.865700 87.616486 85.720375 84.823044 101.851074 0.019782 
89.773911 93.809227 92.415657 96.374588 87.494339 0.000000 
90.860451 87.398552 80.244019 87.637291 108.597588 0.000000 
89.437431 81.577049 85.640343 90.115311 95.028893 0.000000 
97.867355 90.017113 94.144516 94.681404 92.872414 0.027976 
89.509361 92.748901 97.918076 100.878159 92.456474 0.019782 
89.440132 84.771034 89.698021 95.150299 91.401833 0.000000 
90.196556 83.534340 94.983353 93.934433 102.385162 0.019782 
95.922554 90.866684 90.487389 87.030418 92.198349 0.034264 
89.257362 90.890007 93.168549 86.102539 100.622688 0.027976 
86.050743 87.091217 82.824356 87.728416 83.890579 0.027976 
84.118332 89.802238 92.554169 93.259171 88.705482 0.019782 
89.746086 86.296768 89.835434 94.070946 97.917915 0.027976 
89.878098 94.702927 92.466667 87.978455 103.025444 0.027976 
88.972496 91.874939 89.099197 92.157303 88.171661 0.000000 
83.172256 93.044418 79.602036 100.415932 95.704056 0.000000 
87.261261 92.059097 83.010780 88.211838 90.968307 0.000000 
92.266411 86.495392 92.908722 83.150894 78.685387 0.027976 
96.964737 90.896515 100.815033 89.220123 95.963814 0.000000 
90.516464 89.083107 85.895493 99.486282 84.751701 0.027976 
83.278419 91.714661 83.183807 88.586952 96.209755 0.000000 
91.473961 87.244934 88.461067 88.166702 84.370178 0.000000 
96.801155 84.578239 88.921738 87.791367 94.898140 0.000000 
89.802956 84.231041 81.181381 94.537323 99.265343 0.000000 
89.377533 90.343666 87.890038 94.932907 97.176880 0.000000 
93.419777 85.033615 88.546188 90.762344 88.830444 0.000000 
96.154724 93.794876 97.855186 94.228889 81.943230 0.000000 
90.879585 87.175255 84.768700 99.142021 82.229095 0.000000 
90.501488 93.392891 92.222824 80.238029 93.190147 0.000000 
90.846268 91.876297 87.353050 87.765640 101.410683 0.027976 
87.486450 92.250504 98.636795 81.994942 100.402725 0.019782 
84.022049 96.826881 82.375092 82.768456 95.545654 0.000000 
94.878922 89.345123 93.857162 88.867523 104.566383 0.000000 
86.585945 91.741341 82.704010 91.825958 88.371613 0.034264 
92.040863 86.243088 92.126434 92.695908 90.231087 0.000000 
91.130280 97.749069 86.149712 89.663155 83.972008 0.000000 
87.947517 85.849579 88.440529 97.035843 90.728874 0.000000 
86.242119 92.181572 83.354156 73.895248 109.055809 0.000000 
91.309761 90.760185 103.744598 96.211334 93.843071 0.000000 
89.876274 79.344398 95.211845 89.017365 104.154762 0.000000 
92.075676 83.742271 83.645607 96.274368 93.303696 0.039565 
92.582779 91.335953 90.779678 89.107529 95.662308 0.000000 
92.203094 90.698776 91.071098 90.497879 84.920265 0.000000 
92.126595 91.986069 89.756607 92.311630 89.667007 0.034264 
91.738762 89.601730 88.178352 89.678902 98.099724 0.000000 
89.815529 89.807419 84.613197 84.964348 91.931290 0.019782 
84.398308 85.104683 92.930267 89.623268 94.439224 0.019782 
91.234070 86.759064 93.932655 88.033913 89.978783 0.027976 
88.904907 96.077736 88.760834 97.321526 92.124741 0.000000 
93.211609 87.799622 93.955017 87.577431 84.885612 0.000000 
87.092812 88.524986 86.946518 83.330353 81.276573 0.019782 
94.491776 92.296616 78.911568 95.272247 81.258263 0.019782 
92.738396 92.872925 96.288658 98.935577 82.966301 0.019782 
86.845238 87.633743 90.889862 90.969666 92.115677 0.000000 
89.482208 97.917763 92.661369 101.260872 103.002754 0.027976 
89.454193 91.525528 91.110229 86.754791 86.155960 0.000000 
90.682098 92.382683 92.618919 87.235931 89.944077 0.019782 
86.258408 92.363182 84.985275 95.467957 83.371124 0.000000 
88.960617 86.728203 90.760704 89.181389 79.630608 0.000000 
90.180702 94.726021 91.154190 87.421494 85.299004 0.000000 
90.338303 82.235481 92.655296 86.759232 76.486000 0.000000 
92.020081 90.300171 92.103157 91.726868 89.898476 0.019782 
89.414070 86.514229 83.263344 93.806236 76.009186 0.027976 
92.584030 93.351364 84.144218 86.293449 92.424004 0.027976 
90.440163 102.060394 92.265327 98.548195 88.317368 0.000000 
90.947990 85.355095 89.020699 96.138840 84.211853 0.027976 
94.065315 86.392845 94.880226 88.921982 99.418892 0.000000 
93.776672 93.053162 90.256699 90.623138 89.987282 0.000000 
89.775253 95.781555 93.018608 85.504532 90.509659 0.000000 
94.614334 85.101151 86.472420 92.353828 91.780518 0.000000 
89.901604 81.400391 81.710556 93.528061 89.481606 0.000000 
90.884056 91.778793 96.327591 83.687096 83.314270 0.019782 
89.053825 86.015236 102.735329 84.986160 81.728531 0.000000 
93.234299 83.425880 88.998657 83.438080 96.665955 0.000000 
88.749413 87.462830 85.516548 87.268051 94.746254 0.019782 
92.506340 91.929810 90.076111 87.960480 87.955696 0.000000 
91.916222 93.327408 89.252525 94.783943 96.531693 0.000000 
90.007126 94.372261 81.350624 91.098175 81.475418 0.019782 
91.827484 91.401909 90.570770 78.557594 94.720596 0.000000 
88.506020 96.799072 84.537712 87.939774 81.994888 0.000000 
93.053581 87.845505 97.039833 87.930794 82.406937 0.000000 
91.067673 86.236526 92.755142 89.647285 86.303818 0.000000 
95.248817 93.362885 93.573586 90.876343 82.872246 0.000000 
89.948662 89.464386 98.425636 82.297768 84.052711 0.000000 
91.820915 89.927437 92.405220 103.518555 87.006401 0.000000 
93.964241 88.811401 93.946609 96.166039 95.811012 0.000000 
90.863525 89.612457 85.710594 88.662979 90.165932 0.000000 
86.664925 88.915604 91.853004 91.893852 87.786568 0.027976 
88.326347 87.341873 86.977806 98.962967 87.945320 0.000000 
88.061928 84.291451 90.667839 83.638458 81.241318 0.019782 
97.980324 92.803421 78.751991 86.852936 78.552658 0.000000 
91.077675 96.367699 90.837021 81.298073 87.397522 0.000000 
86.412949 83.636452 84.295822 82.482918 76.915054 0.000000 
88.160881 88.965675 85.231003 96.797607 84.387970 0.000000 
89.321884 90.169510 93.300034 93.243881 69.551079 0.019782 
92.269600 88.719902 85.485176 83.310860 78.828835 0.000000 
85.496857 79.803711 87.915260 94.607315 80.261009 0.000000 
88.945076 95.655670 91.709808 96.447990 87.113647 0.027976 
85.141861 86.850655 79.707474 82.179642 72.938957 0.027976 
85.492203 89.530945 92.011139 88.663948 100.441010 0.000000 
95.153130 90.836693 92.040977 82.047699 82.676071 0.000000 
92.154984 91.728775 87.731682 93.486221 84.475517 0.000000 
85.341476 87.985336 82.990982 86.046356 89.883224 0.000000 
93.096489 83.816010 87.229866 89.167320 72.853935 0.000000 
85.690956 76.494316 82.220406 73.987701 83.583939 0.000000 
79.823997 79.020233 78.754822 76.373535 65.346191 0.000000 
89.635452 75.403725 89.039764 84.211998 91.819061 0.000000 
92.500107 85.785736 88.255829 94.624748 95.751396 0.027976 
90.109863 82.423111 98.407448 95.457207 79.844734 0.000000 
83.496452 83.789307 88.316727 80.789520 68.802383 0.019782 
84.463684 67.387154 68.995987 82.250923 86.627464 0.027976 
89.772690 85.362076 85.951508 86.373169 71.195541 0.000000 
