Episode: 1: [[0.001 0.    0.    0.    0.    0.    0.    0.    0.    0.   ]
 [0.001 0.    0.    0.    0.    0.    0.    0.    0.    0.   ]] 
Episode: 2: [[ 1.09999999e-03 -9.99999684e-05 -9.99999465e-05 -9.99999975e-05
  -9.99999975e-05  0.00000000e+00  0.00000000e+00  0.00000000e+00
   9.99996191e-05  1.00000005e-04]
 [ 1.09999999e-03 -9.99921467e-05 -9.99967233e-05 -9.99999684e-05
  -9.99992117e-05  0.00000000e+00  0.00000000e+00  0.00000000e+00
   9.98635223e-05  9.99999684e-05]] 
Episode: 3: [[ 1.1755744e-03 -2.5780919e-05 -1.7449762e-04 -1.8185674e-04
  -2.7507474e-05  0.0000000e+00  0.0000000e+00  0.0000000e+00
   2.5615434e-05  2.5758431e-05]
 [ 1.1752602e-03 -2.5858293e-05 -1.7494768e-04 -1.7876450e-04
  -2.7537810e-05  0.0000000e+00  0.0000000e+00  0.0000000e+00
   2.5859708e-05  2.5702484e-05]] 
Episode: 4: [[ 1.2299402e-03  2.7266598e-05 -2.1243643e-04 -2.4781455e-04
   3.1687177e-05  0.0000000e+00  0.0000000e+00  0.0000000e+00
   7.1064453e-05  2.2608958e-05]
 [ 1.1746233e-03  5.7438965e-06 -1.8195527e-04 -2.4549643e-04
   3.5663303e-05  0.0000000e+00  0.0000000e+00  0.0000000e+00
   8.9427842e-05  4.4401142e-05]] 
Episode: 5: [[ 1.2058874e-03  3.2805823e-05 -1.7874688e-04 -2.3958065e-04
   7.5437732e-05  0.0000000e+00  0.0000000e+00  0.0000000e+00
   1.3262453e-04  8.0274622e-05]
 [ 1.1177532e-03 -4.7254918e-05 -1.3589456e-04 -2.8128937e-04
   4.3735381e-05  0.0000000e+00  0.0000000e+00  0.0000000e+00
   6.0086422e-05  1.0435486e-04]] 
Episode: 6: [[ 1.18981081e-03  3.17039885e-05 -1.49243366e-04 -2.38721928e-04
   1.17100746e-04  0.00000000e+00  0.00000000e+00  0.00000000e+00
   1.81356110e-04  1.27907042e-04]
 [ 1.06866739e-03 -9.69488392e-05 -9.45077554e-05 -3.19395913e-04
   5.25871001e-05  0.00000000e+00  0.00000000e+00  0.00000000e+00
   4.94759624e-05  1.54051071e-04]] 
Episode: 7: [[ 1.17916008e-03  3.43112479e-05 -1.21235746e-04 -2.45812204e-04
   1.60426964e-04  0.00000000e+00  0.00000000e+00  0.00000000e+00
   2.16697808e-04  1.68598213e-04]
 [ 1.02208869e-03 -1.31124762e-04 -5.40336405e-05 -3.63853876e-04
   7.76676170e-05  0.00000000e+00  0.00000000e+00  0.00000000e+00
   3.90710520e-05  1.96682406e-04]] 
Episode: 8: [[ 1.1693180e-03  3.8062848e-05 -9.0149369e-05 -2.5734393e-04
   2.0232788e-04  0.0000000e+00  0.0000000e+00  0.0000000e+00
   2.4083767e-04  2.0426209e-04]
 [ 9.7822654e-04 -1.5611616e-04 -1.5782940e-05 -4.0989098e-04
   1.1149957e-04  0.0000000e+00  0.0000000e+00  0.0000000e+00
   3.9448372e-05  2.3151399e-04]] 
Episode: 9: [[ 1.1628979e-03  4.4298169e-05 -6.2941450e-05 -2.7386355e-04
   2.4132886e-04  0.0000000e+00  0.0000000e+00  0.0000000e+00
   2.5905579e-04  2.3554396e-04]
 [ 9.3765778e-04 -1.7547423e-04  2.3594874e-05 -4.5763448e-04
   1.4732733e-04  0.0000000e+00  0.0000000e+00  0.0000000e+00
   3.6924175e-05  2.6256812e-04]] 
Episode: 10: [[ 1.1538301e-03  4.9625611e-05 -3.6247271e-05 -2.9880728e-04
   2.7877503e-04  0.0000000e+00  0.0000000e+00  0.0000000e+00
   2.7642198e-04  2.6369272e-04]
 [ 8.9619268e-04 -1.8846853e-04  6.3841442e-05 -5.0962780e-04
   1.8511586e-04  0.0000000e+00  0.0000000e+00  0.0000000e+00
   3.3146396e-05  2.8958902e-04]] 
Episode: 11: [[ 1.1459251e-03  5.5071981e-05 -1.2126736e-05 -3.2053734e-04
   3.0885160e-04  0.0000000e+00  0.0000000e+00  0.0000000e+00
   2.8859856e-04  2.8879056e-04]
 [ 8.5665804e-04 -2.0442742e-04  9.5131290e-05 -5.5568002e-04
   2.1485194e-04  0.0000000e+00  0.0000000e+00  0.0000000e+00
   3.0235127e-05  3.1374855e-04]] 
Episode: 12: [[ 1.1478144e-03  5.7906065e-05  1.1763551e-05 -3.4746673e-04
   3.3635850e-04  0.0000000e+00  0.0000000e+00  0.0000000e+00
   2.8881987e-04  3.1080548e-04]
 [ 8.2095509e-04 -2.1723409e-04  1.2465367e-04 -6.0764560e-04
   2.4254363e-04  0.0000000e+00  0.0000000e+00  0.0000000e+00
   3.0585616e-05  3.3592252e-04]] 
Episode: 13: [[ 1.1518017e-03  6.1412262e-05  3.3789089e-05 -3.8054792e-04
   3.6384212e-04  0.0000000e+00  0.0000000e+00  0.0000000e+00
   2.8971396e-04  3.3054070e-04]
 [ 7.8671088e-04 -2.2747419e-04  1.5295646e-04 -6.6436443e-04
   2.6958965e-04  0.0000000e+00  0.0000000e+00  0.0000000e+00
   2.4587083e-05  3.5510841e-04]] 
Episode: 14: [[ 1.1562177e-03  6.4677595e-05  5.4774962e-05 -4.1681874e-04
   3.8921606e-04  0.0000000e+00  0.0000000e+00  0.0000000e+00
   2.9488601e-04  3.4836947e-04]
 [ 7.5455860e-04 -2.3706880e-04  1.7974261e-04 -7.2246487e-04
   2.9310503e-04  0.0000000e+00  0.0000000e+00  0.0000000e+00
   2.1101128e-05  3.7176689e-04]] 
Episode: 15: [[ 1.1617227e-03  6.5614993e-05  7.0354741e-05 -4.4801811e-04
   4.1219167e-04  0.0000000e+00  0.0000000e+00  0.0000000e+00
   2.9994617e-04  3.6436971e-04]
 [ 7.2691700e-04 -2.4732479e-04  2.0020831e-04 -7.7362946e-04
   3.1440271e-04  0.0000000e+00  0.0000000e+00  0.0000000e+00
   2.4923449e-05  3.8528626e-04]] 
Episode: 16: [[ 1.1642437e-03  6.4108157e-05  8.9093664e-05 -4.6581632e-04
   4.3205582e-04  0.0000000e+00  0.0000000e+00  0.0000000e+00
   3.1715308e-04  3.7902565e-04]
 [ 6.9409155e-04 -2.5507656e-04  2.2563167e-04 -8.1870251e-04
   3.3734317e-04  0.0000000e+00  0.0000000e+00  0.0000000e+00
   2.7554383e-05  3.9697226e-04]] 
Episode: 17: [[ 1.1867437e-03  6.4384483e-05  9.7741853e-05 -4.8028829e-04
   4.5411615e-04  0.0000000e+00  0.0000000e+00  0.0000000e+00
   3.2059508e-04  3.9085138e-04]
 [ 6.6543481e-04 -2.6578284e-04  2.4478807e-04 -8.6548220e-04
   3.5462214e-04  0.0000000e+00  0.0000000e+00  0.0000000e+00
   3.5981462e-05  4.0741515e-04]] 
Episode: 18: [[ 1.2020083e-03  6.2951964e-05  1.1013413e-04 -4.8538958e-04
   4.7208313e-04  0.0000000e+00  0.0000000e+00  0.0000000e+00
   3.3310690e-04  4.0193507e-04]
 [ 6.3335634e-04 -2.7820407e-04  2.7341797e-04 -9.0453686e-04
   3.6519559e-04  0.0000000e+00  0.0000000e+00  0.0000000e+00
   3.9013059e-05  4.1604601e-04]] 
Episode: 19: [[ 1.21510867e-03  6.19921339e-05  1.21934674e-04 -4.97489178e-04
   4.88285441e-04  0.00000000e+00  0.00000000e+00  0.00000000e+00
   3.44412430e-04  4.12089314e-04]
 [ 6.04293309e-04 -2.91072793e-04  2.99142790e-04 -9.45362146e-04
   3.74299969e-04  0.00000000e+00  0.00000000e+00  0.00000000e+00
   4.20269316e-05  4.23701422e-04]] 
Episode: 20: [[ 1.2289588e-03  6.3307314e-05  1.3227909e-04 -5.0947053e-04
   5.0396193e-04  0.0000000e+00  0.0000000e+00  0.0000000e+00
   3.5594325e-04  4.2126331e-04]
 [ 5.7620404e-04 -3.0217273e-04  3.2528632e-04 -9.8628493e-04
   3.8367353e-04  0.0000000e+00  0.0000000e+00  0.0000000e+00
   4.6827226e-05  4.3015214e-04]] 
Episode: 21: [[ 1.2435814e-03  6.0526934e-05  1.4122279e-04 -5.1887281e-04
   5.1360589e-04  0.0000000e+00  0.0000000e+00  0.0000000e+00
   3.6084239e-04  4.2944599e-04]
 [ 5.5056473e-04 -3.1944178e-04  3.4151238e-04 -1.0245251e-03
   3.7980246e-04  0.0000000e+00  0.0000000e+00  0.0000000e+00
   4.7069076e-05  4.3300650e-04]] 
Episode: 22: [[ 1.2605863e-03  6.0600913e-05  1.4825315e-04 -5.3097407e-04
   5.2317191e-04  0.0000000e+00  0.0000000e+00  0.0000000e+00
   3.6943026e-04  4.3671823e-04]
 [ 5.2819448e-04 -3.3458689e-04  3.5156822e-04 -1.0645372e-03
   3.7535484e-04  0.0000000e+00  0.0000000e+00  0.0000000e+00
   4.9829971e-05  4.3392510e-04]] 
Episode: 23: [[ 1.2802421e-03  6.0610560e-05  1.5049425e-04 -5.4987863e-04
   5.3298299e-04  0.0000000e+00  0.0000000e+00  0.0000000e+00
   3.7633689e-04  4.4310148e-04]
 [ 5.0897757e-04 -3.4802748e-04  3.5885023e-04 -1.1077113e-03
   3.7209559e-04  0.0000000e+00  0.0000000e+00  0.0000000e+00
   5.3146534e-05  4.3424687e-04]] 
Episode: 24: [[ 1.3058241e-03  6.2334650e-05  1.4737385e-04 -5.6514499e-04
   5.4175290e-04  0.0000000e+00  0.0000000e+00  0.0000000e+00
   3.8031524e-04  4.4859742e-04]
 [ 4.8792877e-04 -3.6152883e-04  3.6390108e-04 -1.1538308e-03
   3.6913506e-04  0.0000000e+00  0.0000000e+00  0.0000000e+00
   5.8836056e-05  4.3267634e-04]] 
Episode: 25: [[ 1.3286781e-03  6.3920903e-05  1.4652441e-04 -5.8092159e-04
   5.5303832e-04  0.0000000e+00  0.0000000e+00  0.0000000e+00
   3.8384026e-04  4.5367799e-04]
 [ 4.6826206e-04 -3.6862260e-04  3.6422026e-04 -1.1976176e-03
   3.7419787e-04  0.0000000e+00  0.0000000e+00  0.0000000e+00
   6.3980544e-05  4.3012871e-04]] 
Episode: 26: [[ 1.3496106e-03  7.0420028e-05  1.5102566e-04 -5.9460121e-04
   5.6708447e-04  0.0000000e+00  0.0000000e+00  0.0000000e+00
   3.8030828e-04  4.5830681e-04]
 [ 4.5193842e-04 -3.6947709e-04  3.6524120e-04 -1.2353046e-03
   3.9005175e-04  0.0000000e+00  0.0000000e+00  0.0000000e+00
   6.3493273e-05  4.2540877e-04]] 
Episode: 27: [[ 1.3777995e-03  7.6676421e-05  1.5196488e-04 -6.1006739e-04
   5.8115256e-04  0.0000000e+00  0.0000000e+00  0.0000000e+00
   3.7300284e-04  4.6199339e-04]
 [ 4.3853038e-04 -3.7246483e-04  3.6722972e-04 -1.2766881e-03
   4.0382566e-04  0.0000000e+00  0.0000000e+00  0.0000000e+00
   6.2480241e-05  4.2056132e-04]] 
Episode: 28: [[ 1.4020161e-03  8.2474915e-05  1.5596754e-04 -6.2509213e-04
   5.9706508e-04  0.0000000e+00  0.0000000e+00  0.0000000e+00
   3.6983273e-04  4.6551021e-04]
 [ 4.2010110e-04 -3.7284032e-04  3.7277484e-04 -1.3192062e-03
   4.2241925e-04  0.0000000e+00  0.0000000e+00  0.0000000e+00
   6.1797786e-05  4.1582744e-04]] 
Episode: 29: [[ 1.4255410e-03  9.2565235e-05  1.5403927e-04 -6.5082405e-04
   6.1277125e-04  0.0000000e+00  0.0000000e+00  0.0000000e+00
   3.6064006e-04  4.6868573e-04]
 [ 4.0481560e-04 -3.6969985e-04  3.6787434e-04 -1.3656699e-03
   4.4604851e-04  0.0000000e+00  0.0000000e+00  0.0000000e+00
   6.0781491e-05  4.1091550e-04]] 
Episode: 30: [[ 1.43941271e-03  1.01523634e-04  1.52164066e-04 -6.73173636e-04
   6.25076238e-04  0.00000000e+00  0.00000000e+00  0.00000000e+00
   3.50257760e-04  4.72126645e-04]
 [ 3.87012697e-04 -3.67635221e-04  3.63390165e-04 -1.40657276e-03
   4.63899400e-04  0.00000000e+00  0.00000000e+00  0.00000000e+00
   6.27033878e-05  4.04878811e-04]] 
Episode: 31: [[ 1.43885589e-03  1.11332054e-04  1.57043527e-04 -6.98723423e-04
   6.34094060e-04  0.00000000e+00  0.00000000e+00  0.00000000e+00
   3.45878798e-04  4.76237299e-04]
 [ 3.55775497e-04 -3.69579066e-04  3.77475779e-04 -1.45180756e-03
   4.77482448e-04  0.00000000e+00  0.00000000e+00  0.00000000e+00
   6.70199952e-05  3.97920056e-04]] 
Episode: 32: [[ 1.4390869e-03  1.2614047e-04  1.6110360e-04 -7.2861189e-04
   6.3982443e-04  0.0000000e+00  0.0000000e+00  0.0000000e+00
   3.4327048e-04  4.8001239e-04]
 [ 3.2674611e-04 -3.7289280e-04  3.8719890e-04 -1.4988526e-03
   4.8308689e-04  0.0000000e+00  0.0000000e+00  0.0000000e+00
   8.3391904e-05  3.9152647e-04]] 
Episode: 33: [[ 0.00143921  0.00014179  0.00016482 -0.00075453  0.00064983  0.
   0.          0.          0.00034732  0.00048344]
 [ 0.00029752 -0.00037258  0.00040177 -0.00154323  0.0004942   0.
   0.          0.          0.00010221  0.00038561]] 
Episode: 34: [[ 0.00142607  0.0001641   0.0001884  -0.00075224  0.00066163  0.
   0.          0.          0.00036379  0.00048754]
 [ 0.00025722 -0.00036889  0.00043989 -0.00156732  0.00051437  0.
   0.          0.          0.00013203  0.00038037]] 
Episode: 35: [[ 0.00141426  0.00017386  0.00020636 -0.00075375  0.00068225  0.
   0.          0.          0.00037332  0.00049125]
 [ 0.00022194 -0.00035697  0.00047026 -0.00158872  0.00055174  0.
   0.          0.          0.00014893  0.00037252]] 
Episode: 36: [[ 0.00140205  0.00019465  0.00022466 -0.00077322  0.00069866  0.
   0.          0.          0.00038867  0.00049497]
 [ 0.00018623 -0.00034055  0.00049922 -0.00162376  0.00058655  0.
   0.          0.          0.00016749  0.00036588]] 
Episode: 37: [[ 0.00138908  0.0002169   0.00023581 -0.00079568  0.0007106   0.
   0.          0.          0.00039726  0.00049859]
 [ 0.00015021 -0.00032639  0.00052254 -0.00166066  0.00061054  0.
   0.          0.          0.00018269  0.00035948]] 
Episode: 38: [[ 0.00138525  0.00023593  0.00023179 -0.000827    0.00072698  0.
   0.          0.          0.00040758  0.00050142]
 [ 0.00012242 -0.00030817  0.00054347 -0.00170328  0.0006446   0.
   0.          0.          0.00020237  0.00035155]] 
Episode: 39: [[ 1.3870932e-03  2.6269318e-04  2.2386324e-04 -8.6310442e-04
   7.4342417e-04  0.0000000e+00  0.0000000e+00  0.0000000e+00
   4.1108433e-04  5.0377398e-04]
 [ 9.8921300e-05 -2.9004778e-04  5.5986748e-04 -1.7500753e-03
   6.7455502e-04  0.0000000e+00  0.0000000e+00  0.0000000e+00
   2.1757153e-04  3.4367573e-04]] 
Episode: 40: [[ 1.3870019e-03  2.9177402e-04  2.1395543e-04 -9.0000959e-04
   7.5565110e-04  0.0000000e+00  0.0000000e+00  0.0000000e+00
   4.1149490e-04  5.0608494e-04]
 [ 7.3672571e-05 -2.7798038e-04  5.6793477e-04 -1.7985108e-03
   6.9412455e-04  0.0000000e+00  0.0000000e+00  0.0000000e+00
   2.2877623e-04  3.3592770e-04]] 
Episode: 41: [[ 1.3895091e-03  3.1764014e-04  2.0387424e-04 -9.3024876e-04
   7.6831004e-04  0.0000000e+00  0.0000000e+00  0.0000000e+00
   4.1185552e-04  5.0792738e-04]
 [ 4.9400620e-05 -2.6598456e-04  5.6408398e-04 -1.8435055e-03
   7.1486353e-04  0.0000000e+00  0.0000000e+00  0.0000000e+00
   2.3543583e-04  3.2760698e-04]] 
Episode: 42: [[ 1.3940058e-03  3.5235076e-04  1.9581329e-04 -9.6481608e-04
   7.8034203e-04  0.0000000e+00  0.0000000e+00  0.0000000e+00
   4.1702733e-04  5.0957786e-04]
 [ 2.4148931e-05 -2.5216312e-04  5.6322286e-04 -1.8941871e-03
   7.2978140e-04  0.0000000e+00  0.0000000e+00  0.0000000e+00
   2.4468338e-04  3.1915269e-04]] 
Episode: 43: [[ 1.4010784e-03  4.0278598e-04  1.8294471e-04 -1.0179315e-03
   8.0226013e-04  0.0000000e+00  0.0000000e+00  0.0000000e+00
   4.0504237e-04  5.1100063e-04]
 [ 5.8261298e-06 -2.2270923e-04  5.5577524e-04 -1.9555909e-03
   7.6159678e-04  0.0000000e+00  0.0000000e+00  0.0000000e+00
   2.4456301e-04  3.1115403e-04]] 
Episode: 44: [[ 1.4099847e-03  4.3551286e-04  1.7673562e-04 -1.0306949e-03
   8.2515198e-04  0.0000000e+00  0.0000000e+00  0.0000000e+00
   3.9841424e-04  5.1205844e-04]
 [-9.3757662e-06 -2.0053011e-04  5.5575254e-04 -1.9874927e-03
   7.9597672e-04  0.0000000e+00  0.0000000e+00  0.0000000e+00
   2.4871723e-04  3.0276409e-04]] 
Episode: 45: [[ 1.4159436e-03  4.6190614e-04  1.7645281e-04 -1.0274787e-03
   8.4501400e-04  0.0000000e+00  0.0000000e+00  0.0000000e+00
   3.9669822e-04  5.1311409e-04]
 [-2.4945710e-05 -1.8434097e-04  5.5026403e-04 -2.0068751e-03
   8.2445901e-04  0.0000000e+00  0.0000000e+00  0.0000000e+00
   2.3371991e-04  2.9394170e-04]] 
Episode: 46: [[ 1.4211341e-03  4.9504288e-04  1.7202889e-04 -1.0373091e-03
   8.5943146e-04  0.0000000e+00  0.0000000e+00  0.0000000e+00
   3.9681865e-04  5.1442126e-04]
 [-3.9770704e-05 -1.6212238e-04  5.3814921e-04 -2.0384276e-03
   8.5173687e-04  0.0000000e+00  0.0000000e+00  0.0000000e+00
   2.1826636e-04  2.8414154e-04]] 
Episode: 47: [[ 1.4297529e-03  5.3476170e-04  1.8095580e-04 -1.0377958e-03
   8.6208718e-04  0.0000000e+00  0.0000000e+00  0.0000000e+00
   3.9899052e-04  5.1532662e-04]
 [-5.9028749e-05 -1.4651047e-04  5.4127473e-04 -2.0627095e-03
   8.5357396e-04  0.0000000e+00  0.0000000e+00  0.0000000e+00
   2.0424605e-04  2.7282894e-04]] 
Episode: 48: [[ 1.4364425e-03  5.7424657e-04  1.8785906e-04 -1.0379720e-03
   8.6561858e-04  0.0000000e+00  0.0000000e+00  0.0000000e+00
   4.0370412e-04  5.1632617e-04]
 [-7.6447701e-05 -1.3283716e-04  5.3595594e-04 -2.0852464e-03
   8.5695734e-04  0.0000000e+00  0.0000000e+00  0.0000000e+00
   1.8518895e-04  2.6187199e-04]] 
Episode: 49: [[ 0.00143822  0.00056111  0.00022657 -0.00100002  0.00090033  0.
   0.          0.          0.00039839  0.00051702]
 [-0.00010046 -0.00011046  0.00057708 -0.00207118  0.00091228  0.
   0.          0.          0.00017801  0.00025217]] 
Episode: 50: [[ 1.4434773e-03  5.4268853e-04  2.5968728e-04 -9.6398179e-04
   9.3229144e-04  0.0000000e+00  0.0000000e+00  0.0000000e+00
   4.0203283e-04  5.1731133e-04]
 [-1.2033195e-04 -9.3204275e-05  6.1350613e-04 -2.0566983e-03
   9.6350961e-04  0.0000000e+00  0.0000000e+00  0.0000000e+00
   1.6430914e-04  2.4279940e-04]] 
Episode: 51: [[ 1.4616476e-03  5.3538854e-04  2.9709315e-04 -9.2689827e-04
   9.5777446e-04  0.0000000e+00  0.0000000e+00  0.0000000e+00
   4.0243176e-04  5.1692105e-04]
 [-1.4687837e-04 -8.1873433e-05  6.4951630e-04 -2.0530366e-03
   9.9606300e-04  0.0000000e+00  0.0000000e+00  0.0000000e+00
   1.5236692e-04  2.3101218e-04]] 
Episode: 52: [[ 1.4757646e-03  5.2371738e-04  3.3344515e-04 -8.7864371e-04
   9.8395278e-04  0.0000000e+00  0.0000000e+00  0.0000000e+00
   4.0288240e-04  5.1669026e-04]
 [-1.7274288e-04 -6.9809197e-05  6.8266963e-04 -2.0378570e-03
   1.0302635e-03  0.0000000e+00  0.0000000e+00  0.0000000e+00
   1.4112103e-04  2.2016918e-04]] 
Episode: 53: [[ 1.4841512e-03  5.0579110e-04  3.6202819e-04 -8.3330704e-04
   1.0124941e-03  0.0000000e+00  0.0000000e+00  0.0000000e+00
   4.0215187e-04  5.1679014e-04]
 [-2.0010746e-04 -5.2541483e-05  7.0870121e-04 -2.0236501e-03
   1.0685304e-03  0.0000000e+00  0.0000000e+00  0.0000000e+00
   1.2374105e-04  2.0948825e-04]] 
Episode: 54: [[ 1.4843384e-03  4.9202226e-04  3.9547193e-04 -7.9035247e-04
   1.0360746e-03  0.0000000e+00  0.0000000e+00  0.0000000e+00
   4.0184954e-04  5.1734986e-04]
 [-2.3193183e-04 -3.5051457e-05  7.3855650e-04 -2.0099422e-03
   1.1018470e-03  0.0000000e+00  0.0000000e+00  0.0000000e+00
   1.0554980e-04  1.9762946e-04]] 
Episode: 55: [[ 1.4824998e-03  4.7368271e-04  4.2797197e-04 -7.4234355e-04
   1.0553478e-03  0.0000000e+00  0.0000000e+00  0.0000000e+00
   4.0638246e-04  5.1791326e-04]
 [-2.6338873e-04 -2.3183542e-05  7.6873385e-04 -1.9909737e-03
   1.1295952e-03  0.0000000e+00  0.0000000e+00  0.0000000e+00
   8.5715539e-05  1.8647069e-04]] 
Episode: 56: [[ 1.4776993e-03  4.5617099e-04  4.6001916e-04 -6.9492141e-04
   1.0733679e-03  0.0000000e+00  0.0000000e+00  0.0000000e+00
   4.1695958e-04  5.1861507e-04]
 [-2.9774368e-04 -1.2353000e-05  8.0002414e-04 -1.9727824e-03
   1.1576079e-03  0.0000000e+00  0.0000000e+00  0.0000000e+00
   8.3807048e-05  1.7569665e-04]] 
Episode: 57: [[ 1.4636591e-03  4.4382221e-04  4.9418199e-04 -6.5246254e-04
   1.0862728e-03  0.0000000e+00  0.0000000e+00  0.0000000e+00
   4.3101780e-04  5.1998335e-04]
 [-3.3872758e-04 -3.6205713e-06  8.3340146e-04 -1.9582408e-03
   1.1779781e-03  0.0000000e+00  0.0000000e+00  0.0000000e+00
   8.3587314e-05  1.6540871e-04]] 
Episode: 58: [[ 1.4610121e-03  4.2728530e-04  5.2161957e-04 -6.1207422e-04
   1.1021043e-03  0.0000000e+00  0.0000000e+00  0.0000000e+00
   4.3965961e-04  5.2065693e-04]
 [-3.7319594e-04  1.8515145e-06  8.6844317e-04 -1.9484301e-03
   1.1946590e-03  0.0000000e+00  0.0000000e+00  0.0000000e+00
   8.5114305e-05  1.5403911e-04]] 
Episode: 59: [[ 1.4532659e-03  4.1500921e-04  5.4967677e-04 -5.7949038e-04
   1.1148730e-03  0.0000000e+00  0.0000000e+00  0.0000000e+00
   4.4139323e-04  5.2171625e-04]
 [-4.0641823e-04  1.7331523e-06  8.9912984e-04 -1.9409953e-03
   1.2049410e-03  0.0000000e+00  0.0000000e+00  0.0000000e+00
   9.0709313e-05  1.4169782e-04]] 
Episode: 60: [[ 1.4503851e-03  4.0930815e-04  5.7322992e-04 -5.4998178e-04
   1.1276974e-03  0.0000000e+00  0.0000000e+00  0.0000000e+00
   4.3831716e-04  5.2234915e-04]
 [-4.3071914e-04  1.2334685e-05  9.1786537e-04 -1.9341270e-03
   1.2227418e-03  0.0000000e+00  0.0000000e+00  0.0000000e+00
   9.7170123e-05  1.2543946e-04]] 
Episode: 61: [[ 1.4553827e-03  3.9468711e-04  5.8091950e-04 -5.1372382e-04
   1.1437901e-03  0.0000000e+00  0.0000000e+00  0.0000000e+00
   4.3517264e-04  5.2225194e-04]
 [-4.4594699e-04  2.4188294e-05  9.3129568e-04 -1.9200278e-03
   1.2404061e-03  0.0000000e+00  0.0000000e+00  0.0000000e+00
   9.2622860e-05  1.0850085e-04]] 
Episode: 62: [[ 1.4568645e-03  3.8229319e-04  5.8940868e-04 -4.7900734e-04
   1.1575174e-03  0.0000000e+00  0.0000000e+00  0.0000000e+00
   4.3520698e-04  5.2239338e-04]
 [-4.6350394e-04  3.1321404e-05  9.4622403e-04 -1.9077726e-03
   1.2509718e-03  0.0000000e+00  0.0000000e+00  0.0000000e+00
   9.0094596e-05  9.1556896e-05]] 
Episode: 63: [[ 1.4585602e-03  3.6950799e-04  5.9481850e-04 -4.4570336e-04
   1.1682297e-03  0.0000000e+00  0.0000000e+00  0.0000000e+00
   4.3565032e-04  5.2255107e-04]
 [-4.8158356e-04  3.7377038e-05  9.6322829e-04 -1.8978568e-03
   1.2565284e-03  0.0000000e+00  0.0000000e+00  0.0000000e+00
   8.9768204e-05  7.5388489e-05]] 
Episode: 64: [[ 1.4579509e-03  3.5806757e-04  6.0248311e-04 -4.1501501e-04
   1.1784862e-03  0.0000000e+00  0.0000000e+00  0.0000000e+00
   4.3575218e-04  5.2287785e-04]
 [-5.0063670e-04  4.0743715e-05  9.7618502e-04 -1.8899072e-03
   1.2608276e-03  0.0000000e+00  0.0000000e+00  0.0000000e+00
   9.1582850e-05  6.0057151e-05]] 
Episode: 65: [[ 1.4599254e-03  3.5052389e-04  6.0610968e-04 -3.8949278e-04
   1.1923586e-03  0.0000000e+00  0.0000000e+00  0.0000000e+00
   4.3422863e-04  5.2305806e-04]
 [-5.1533984e-04  5.3534128e-05  9.8801707e-04 -1.8839330e-03
   1.2735099e-03  0.0000000e+00  0.0000000e+00  0.0000000e+00
   9.2522481e-05  4.3820070e-05]] 
Episode: 66: [[ 1.4665357e-03  3.4483211e-04  6.0632481e-04 -3.7103437e-04
   1.2064787e-03  0.0000000e+00  0.0000000e+00  0.0000000e+00
   4.2798647e-04  5.2293215e-04]
 [-5.2716071e-04  6.6569075e-05  9.9646091e-04 -1.8831101e-03
   1.2856616e-03  0.0000000e+00  0.0000000e+00  0.0000000e+00
   8.9450914e-05  2.6901569e-05]] 
Episode: 67: [[ 1.4710476e-03  3.3318487e-04  6.0924835e-04 -3.5177745e-04
   1.2206460e-03  0.0000000e+00  0.0000000e+00  0.0000000e+00
   4.2117017e-04  5.2288349e-04]
 [-5.3981977e-04  7.3327770e-05  1.0127305e-03 -1.8803618e-03
   1.2936421e-03  0.0000000e+00  0.0000000e+00  0.0000000e+00
   8.9180299e-05  7.4317882e-06]] 
Episode: 68: [[ 1.4734740e-03  3.2297886e-04  6.1438722e-04 -3.3335446e-04
   1.2337603e-03  0.0000000e+00  0.0000000e+00  0.0000000e+00
   4.1991679e-04  5.2298431e-04]
 [-5.5488560e-04  8.1862134e-05  1.0334571e-03 -1.8795906e-03
   1.3018051e-03  0.0000000e+00  0.0000000e+00  0.0000000e+00
   8.6212633e-05 -1.2104168e-05]] 
Episode: 69: [[ 1.4719294e-03  3.1413048e-04  6.2276382e-04 -3.1768440e-04
   1.2472111e-03  0.0000000e+00  0.0000000e+00  0.0000000e+00
   4.1852859e-04  5.2335672e-04]
 [-5.7435670e-04  9.1101712e-05  1.0581481e-03 -1.8810986e-03
   1.3100200e-03  0.0000000e+00  0.0000000e+00  0.0000000e+00
   8.0083060e-05 -3.0557210e-05]] 
Episode: 70: [[ 1.4686164e-03  3.0639357e-04  6.2911882e-04 -3.0658813e-04
   1.2624257e-03  0.0000000e+00  0.0000000e+00  0.0000000e+00
   4.1405577e-04  5.2386645e-04]
 [-5.9444265e-04  1.0193400e-04  1.0860722e-03 -1.8849310e-03
   1.3200341e-03  0.0000000e+00  0.0000000e+00  0.0000000e+00
   7.1462004e-05 -4.8592785e-05]] 
Episode: 71: [[ 1.4634460e-03  2.9830108e-04  6.3425169e-04 -2.9491840e-04
   1.2726199e-03  0.0000000e+00  0.0000000e+00  0.0000000e+00
   4.1029361e-04  5.2451820e-04]
 [-6.1474176e-04  1.0592778e-04  1.1094410e-03 -1.8882426e-03
   1.3238966e-03  0.0000000e+00  0.0000000e+00  0.0000000e+00
   6.6523789e-05 -6.5828172e-05]] 
Episode: 72: [[ 1.45945023e-03  2.90851254e-04  6.37984951e-04 -2.90334778e-04
   1.28606928e-03  0.00000000e+00  0.00000000e+00  0.00000000e+00
   4.04646358e-04  5.25150273e-04]
 [-6.34504773e-04  1.14920615e-04  1.13350083e-03 -1.89684366e-03
   1.33221003e-03  0.00000000e+00  0.00000000e+00  0.00000000e+00
   5.16719701e-05 -8.26097239e-05]] 
Episode: 73: [[ 1.4558975e-03  2.8273050e-04  6.4091489e-04 -2.8725495e-04
   1.2962060e-03  0.0000000e+00  0.0000000e+00  0.0000000e+00
   3.9611687e-04  5.2572053e-04]
 [-6.5225037e-04  1.2009702e-04  1.1564033e-03 -1.9057755e-03
   1.3376389e-03  0.0000000e+00  0.0000000e+00  0.0000000e+00
   3.7493493e-05 -9.9169134e-05]] 
Episode: 74: [[ 1.4584579e-03  2.7886644e-04  6.4914225e-04 -2.8943122e-04
   1.3096961e-03  0.0000000e+00  0.0000000e+00  0.0000000e+00
   3.8665693e-04  5.2588165e-04]
 [-6.7197584e-04  1.2805265e-04  1.1807117e-03 -1.9220921e-03
   1.3474153e-03  0.0000000e+00  0.0000000e+00  0.0000000e+00
   2.4766647e-05 -1.1386819e-04]] 
Episode: 75: [[ 1.4622334e-03  2.7634206e-04  6.5779954e-04 -2.9532154e-04
   1.3241896e-03  0.0000000e+00  0.0000000e+00  0.0000000e+00
   3.8167741e-04  5.2597374e-04]
 [-6.9263205e-04  1.3761244e-04  1.2035340e-03 -1.9417609e-03
   1.3585513e-03  0.0000000e+00  0.0000000e+00  0.0000000e+00
   1.0147120e-05 -1.2792408e-04]] 
Episode: 76: [[ 1.4608931e-03  2.7454333e-04  6.6801620e-04 -2.9972068e-04
   1.3389887e-03  0.0000000e+00  0.0000000e+00  0.0000000e+00
   3.7598237e-04  5.2639155e-04]
 [-7.1279512e-04  1.4696749e-04  1.2248087e-03 -1.9572394e-03
   1.3718853e-03  0.0000000e+00  0.0000000e+00  0.0000000e+00
  -2.8872319e-06 -1.4310378e-04]] 
Episode: 77: [[ 1.4617884e-03  2.7305121e-04  6.7374605e-04 -3.0733383e-04
   1.3504444e-03  0.0000000e+00  0.0000000e+00  0.0000000e+00
   3.7088490e-04  5.2667712e-04]
 [-7.2920031e-04  1.5275156e-04  1.2416668e-03 -1.9726299e-03
   1.3812223e-03  0.0000000e+00  0.0000000e+00  0.0000000e+00
  -1.4950544e-05 -1.5870314e-04]] 
Episode: 78: [[ 1.4683425e-03  2.7273028e-04  6.7427673e-04 -3.1787655e-04
   1.3636684e-03  0.0000000e+00  0.0000000e+00  0.0000000e+00
   3.6182904e-04  5.2662246e-04]
 [-7.3431490e-04  1.6165932e-04  1.2535540e-03 -1.9861304e-03
   1.3917440e-03  0.0000000e+00  0.0000000e+00  0.0000000e+00
  -2.2746710e-05 -1.7628226e-04]] 
Episode: 79: [[ 1.4700053e-03  2.7385121e-04  6.8217877e-04 -3.2994495e-04
   1.3793075e-03  0.0000000e+00  0.0000000e+00  0.0000000e+00
   3.5386230e-04  5.2693440e-04]
 [-7.4654928e-04  1.7271575e-04  1.2686497e-03 -2.0022334e-03
   1.4062281e-03  0.0000000e+00  0.0000000e+00  0.0000000e+00
  -2.8967981e-05 -1.9242968e-04]] 
Episode: 80: [[ 1.4676071e-03  2.7402333e-04  6.8952126e-04 -3.3939839e-04
   1.3900457e-03  0.0000000e+00  0.0000000e+00  0.0000000e+00
   3.4212644e-04  5.2753108e-04]
 [-7.6095382e-04  1.7733808e-04  1.2859931e-03 -2.0154258e-03
   1.4162372e-03  0.0000000e+00  0.0000000e+00  0.0000000e+00
  -3.1509186e-05 -2.0802366e-04]] 
Episode: 81: [[ 1.4668392e-03  2.7448405e-04  6.9839519e-04 -3.5266991e-04
   1.4013720e-03  0.0000000e+00  0.0000000e+00  0.0000000e+00
   3.3282026e-04  5.2803452e-04]
 [-7.7580870e-04  1.8339553e-04  1.3001719e-03 -2.0316215e-03
   1.4284457e-03  0.0000000e+00  0.0000000e+00  0.0000000e+00
  -3.3333778e-05 -2.2168999e-04]] 
Episode: 82: [[ 1.4872381e-03  2.7636410e-04  7.1166846e-04 -3.6086189e-04
   1.4163427e-03  0.0000000e+00  0.0000000e+00  0.0000000e+00
   3.2914249e-04  5.2698387e-04]
 [-7.8431284e-04  1.8403941e-04  1.3111784e-03 -2.0511837e-03
   1.4368584e-03  0.0000000e+00  0.0000000e+00  0.0000000e+00
  -4.0388906e-05 -2.3423164e-04]] 
Episode: 83: [[ 1.4976987e-03  2.7622643e-04  7.3392881e-04 -3.7317333e-04
   1.4327631e-03  0.0000000e+00  0.0000000e+00  0.0000000e+00
   3.3315766e-04  5.2670710e-04]
 [-8.0946961e-04  1.8135196e-04  1.3290462e-03 -2.0779967e-03
   1.4442037e-03  0.0000000e+00  0.0000000e+00  0.0000000e+00
  -5.1274212e-05 -2.4581616e-04]] 
Episode: 84: [[ 1.5073927e-03  2.8241458e-04  7.5897598e-04 -3.8713682e-04
   1.4370970e-03  0.0000000e+00  0.0000000e+00  0.0000000e+00
   3.4054078e-04  5.2646763e-04]
 [-8.3695800e-04  1.7996057e-04  1.3505045e-03 -2.1057562e-03
   1.4446030e-03  0.0000000e+00  0.0000000e+00  0.0000000e+00
  -5.6382109e-05 -2.5665259e-04]] 
Episode: 85: [[ 1.5177517e-03  2.8960835e-04  7.7844993e-04 -4.0700586e-04
   1.4427175e-03  0.0000000e+00  0.0000000e+00  0.0000000e+00
   3.4060204e-04  5.2619388e-04]
 [-8.6253113e-04  1.8241369e-04  1.3655256e-03 -2.1357811e-03
   1.4487574e-03  0.0000000e+00  0.0000000e+00  0.0000000e+00
  -5.8810474e-05 -2.6703250e-04]] 
Episode: 86: [[ 1.5272204e-03  2.9700046e-04  7.9404737e-04 -4.2548796e-04
   1.4480279e-03  0.0000000e+00  0.0000000e+00  0.0000000e+00
   3.4197859e-04  5.2597409e-04]
 [-8.8528375e-04  1.8591605e-04  1.3770659e-03 -2.1636006e-03
   1.4537926e-03  0.0000000e+00  0.0000000e+00  0.0000000e+00
  -6.0190749e-05 -2.7780241e-04]] 
Episode: 87: [[ 1.5356267e-03  3.0695021e-04  8.1224780e-04 -4.4509617e-04
   1.4491112e-03  0.0000000e+00  0.0000000e+00  0.0000000e+00
   3.3488800e-04  5.2584766e-04]
 [-9.1091404e-04  1.8256267e-04  1.3881973e-03 -2.1936086e-03
   1.4510778e-03  0.0000000e+00  0.0000000e+00  0.0000000e+00
  -5.7684891e-05 -2.8803188e-04]] 
Episode: 88: [[ 1.5460532e-03  3.1303352e-04  8.2192413e-04 -4.6388133e-04
   1.4440503e-03  0.0000000e+00  0.0000000e+00  0.0000000e+00
   3.2110667e-04  5.2549568e-04]
 [-9.3417679e-04  1.7301922e-04  1.3951755e-03 -2.2218511e-03
   1.4408767e-03  0.0000000e+00  0.0000000e+00  0.0000000e+00
  -5.0281404e-05 -2.9854249e-04]] 
Episode: 89: [[ 1.5566522e-03  3.2046880e-04  8.2973001e-04 -4.8120756e-04
   1.4425548e-03  0.0000000e+00  0.0000000e+00  0.0000000e+00
   3.0755269e-04  5.2514183e-04]
 [-9.5794303e-04  1.6958831e-04  1.4046576e-03 -2.2506542e-03
   1.4375894e-03  0.0000000e+00  0.0000000e+00  0.0000000e+00
  -4.4974404e-05 -3.0815444e-04]] 
Episode: 90: [[ 1.5696612e-03  3.2876502e-04  8.3879253e-04 -4.9696839e-04
   1.4429791e-03  0.0000000e+00  0.0000000e+00  0.0000000e+00
   2.8458220e-04  5.2469462e-04]
 [-9.8561251e-04  1.6648167e-04  1.4142472e-03 -2.2840376e-03
   1.4370881e-03  0.0000000e+00  0.0000000e+00  0.0000000e+00
  -3.9114671e-05 -3.1814698e-04]] 
Episode: 91: [[ 1.5915355e-03  3.4003938e-04  8.5175340e-04 -5.1174167e-04
   1.4441393e-03  0.0000000e+00  0.0000000e+00  0.0000000e+00
   2.5165337e-04  5.2366452e-04]
 [-1.0147104e-03  1.6018238e-04  1.4272744e-03 -2.3239928e-03
   1.4327309e-03  0.0000000e+00  0.0000000e+00  0.0000000e+00
  -3.3877313e-05 -3.2767086e-04]] 
Episode: 92: [[ 1.6017306e-03  3.4708838e-04  8.7808614e-04 -5.2359462e-04
   1.4390043e-03  0.0000000e+00  0.0000000e+00  0.0000000e+00
   2.1386026e-04  5.2350195e-04]
 [-1.0526649e-03  1.4156463e-04  1.4406162e-03 -2.3615728e-03
   1.4184348e-03  0.0000000e+00  0.0000000e+00  0.0000000e+00
  -3.9594663e-05 -3.3698260e-04]] 
Episode: 93: [[ 1.6082039e-03  3.5390953e-04  9.0729597e-04 -5.3797639e-04
   1.4367683e-03  0.0000000e+00  0.0000000e+00  0.0000000e+00
   1.7395662e-04  5.2365474e-04]
 [-1.0921746e-03  1.2930947e-04  1.4575113e-03 -2.3993179e-03
   1.4087916e-03  0.0000000e+00  0.0000000e+00  0.0000000e+00
  -4.1655978e-05 -3.4645046e-04]] 
Episode: 94: [[ 1.6138947e-03  3.5598705e-04  9.3150657e-04 -5.5189559e-04
   1.4339213e-03  0.0000000e+00  0.0000000e+00  0.0000000e+00
   1.3442460e-04  5.2380637e-04]
 [-1.1223179e-03  1.1592793e-04  1.4662984e-03 -2.4305328e-03
   1.3989247e-03  0.0000000e+00  0.0000000e+00  0.0000000e+00
  -4.1714538e-05 -3.5772414e-04]] 
Episode: 95: [[ 1.61703827e-03  3.59471800e-04  9.57052456e-04 -5.66024974e-04
   1.43123628e-03  0.00000000e+00  0.00000000e+00  0.00000000e+00
   9.62703853e-05  5.24105853e-04]
 [-1.15472742e-03  1.07034895e-04  1.47810113e-03 -2.46162177e-03
   1.39190117e-03  0.00000000e+00  0.00000000e+00  0.00000000e+00
  -4.25418912e-05 -3.67756846e-04]] 
Episode: 96: [[ 1.6139772e-03  3.6357527e-04  9.8461716e-04 -5.8056391e-04
   1.4265403e-03  0.0000000e+00  0.0000000e+00  0.0000000e+00
   7.5305055e-05  5.2484206e-04]
 [-1.1904541e-03  9.8723831e-05  1.4901120e-03 -2.4911412e-03
   1.3822826e-03  0.0000000e+00  0.0000000e+00  0.0000000e+00
  -4.1102641e-05 -3.7978753e-04]] 
Episode: 97: [[ 1.6165361e-03  3.6409331e-04  1.0019524e-03 -5.9395569e-04
   1.4257254e-03  0.0000000e+00  0.0000000e+00  0.0000000e+00
   5.1659597e-05  5.2502000e-04]
 [-1.2214395e-03  9.3363495e-05  1.5033655e-03 -2.5188162e-03
   1.3779975e-03  0.0000000e+00  0.0000000e+00  0.0000000e+00
  -3.9366802e-05 -3.9136512e-04]] 
Episode: 98: [[ 1.6151930e-03  3.6823982e-04  1.0195943e-03 -6.1091338e-04
   1.4279742e-03  0.0000000e+00  0.0000000e+00  0.0000000e+00
   2.8820368e-05  5.2551401e-04]
 [-1.2558096e-03  9.3133218e-05  1.5177012e-03 -2.5488206e-03
   1.3766544e-03  0.0000000e+00  0.0000000e+00  0.0000000e+00
  -3.8577302e-05 -4.0243589e-04]] 
Episode: 99: [[ 1.6150336e-03  3.7019837e-04  1.0410513e-03 -6.2831590e-04
   1.4261337e-03  0.0000000e+00  0.0000000e+00  0.0000000e+00
   2.2906150e-05  5.2585179e-04]
 [-1.2920096e-03  8.6269516e-05  1.5374019e-03 -2.5809973e-03
   1.3690972e-03  0.0000000e+00  0.0000000e+00  0.0000000e+00
  -5.1869320e-05 -4.1418566e-04]] 
Episode: 100: [[ 1.6132597e-03  3.8241193e-04  1.0604470e-03 -6.5023481e-04
   1.4154877e-03  0.0000000e+00  0.0000000e+00  0.0000000e+00
  -1.4182015e-06  5.2637979e-04]
 [-1.3302867e-03  7.0749156e-05  1.5566092e-03 -2.6173841e-03
   1.3498527e-03  0.0000000e+00  0.0000000e+00  0.0000000e+00
  -4.8905171e-05 -4.2474054e-04]] 
Episode: 101: [[ 1.6164525e-03  4.0433282e-04  1.0711522e-03 -6.7653554e-04
   1.4038725e-03  0.0000000e+00  0.0000000e+00  0.0000000e+00
  -4.8699672e-05  5.2654184e-04]
 [-1.3639840e-03  5.8338741e-05  1.5713557e-03 -2.6563865e-03
   1.3321791e-03  0.0000000e+00  0.0000000e+00  0.0000000e+00
  -5.1824831e-05 -4.3478835e-04]] 
Episode: 102: [[ 1.6221213e-03  4.3038881e-04  1.0725111e-03 -7.1376021e-04
   1.3906730e-03  0.0000000e+00  0.0000000e+00  0.0000000e+00
  -8.3048813e-05  5.2663812e-04]
 [-1.3940569e-03  4.8543880e-05  1.5829270e-03 -2.7002818e-03
   1.3148481e-03  0.0000000e+00  0.0000000e+00  0.0000000e+00
  -5.8514888e-05 -4.4374305e-04]] 
Episode: 103: [[ 1.6255912e-03  4.5242810e-04  1.0729983e-03 -7.4736914e-04
   1.3733180e-03  0.0000000e+00  0.0000000e+00  0.0000000e+00
  -1.1023430e-04  5.2693096e-04]
 [-1.4240489e-03  3.4870871e-05  1.5933007e-03 -2.7416167e-03
   1.2919774e-03  0.0000000e+00  0.0000000e+00  0.0000000e+00
  -5.8025682e-05 -4.5259451e-04]] 
Episode: 104: [[ 1.6246506e-03  4.8133309e-04  1.0867830e-03 -7.8635296e-04
   1.3588337e-03  0.0000000e+00  0.0000000e+00  0.0000000e+00
  -1.3848397e-04  5.2764575e-04]
 [-1.4620669e-03  2.7429473e-05  1.6052757e-03 -2.7888410e-03
   1.2706023e-03  0.0000000e+00  0.0000000e+00  0.0000000e+00
  -6.3408341e-05 -4.6157956e-04]] 
Episode: 105: [[ 1.6265404e-03  5.0368701e-04  1.0985122e-03 -8.2836876e-04
   1.3391253e-03  0.0000000e+00  0.0000000e+00  0.0000000e+00
  -1.6792824e-04  5.2824151e-04]
 [-1.5021086e-03  1.5175894e-05  1.6149173e-03 -2.8411220e-03
   1.2482305e-03  0.0000000e+00  0.0000000e+00  0.0000000e+00
  -5.7828773e-05 -4.7009095e-04]] 
Episode: 106: [[ 1.6266889e-03  5.3159380e-04  1.1173622e-03 -8.6180452e-04
   1.3273790e-03  0.0000000e+00  0.0000000e+00  0.0000000e+00
  -1.8693067e-04  5.2901765e-04]
 [-1.5478317e-03  7.6050719e-06  1.6294437e-03 -2.8925214e-03
   1.2313437e-03  0.0000000e+00  0.0000000e+00  0.0000000e+00
  -5.2871423e-05 -4.8018055e-04]] 
Episode: 107: [[ 1.6260640e-03  5.6399440e-04  1.1349682e-03 -8.9117524e-04
   1.3223350e-03  0.0000000e+00  0.0000000e+00  0.0000000e+00
  -2.1382014e-04  5.2993081e-04]
 [-1.5972669e-03  1.5142562e-05  1.6418964e-03 -2.9439721e-03
   1.2297180e-03  0.0000000e+00  0.0000000e+00  0.0000000e+00
  -3.0246658e-05 -4.8811207e-04]] 
Episode: 108: [[ 1.61602395e-03  5.88851748e-04  1.17502850e-03 -8.86380323e-04
   1.32302649e-03  0.00000000e+00  0.00000000e+00  0.00000000e+00
  -2.53425329e-04  5.31302998e-04]
 [-1.65688386e-03  2.78401894e-05  1.67978788e-03 -2.97924015e-03
   1.23775285e-03  0.00000000e+00  0.00000000e+00  0.00000000e+00
  -1.07765245e-05 -5.01202245e-04]] 
Episode: 109: [[ 1.6135637e-03  6.1879971e-04  1.2225056e-03 -8.8829006e-04
   1.3249377e-03  0.0000000e+00  0.0000000e+00  0.0000000e+00
  -2.9722054e-04  5.3235196e-04]
 [-1.7208694e-03  4.9546590e-05  1.7158570e-03 -3.0269590e-03
   1.2499784e-03  0.0000000e+00  0.0000000e+00  0.0000000e+00
   1.5701493e-05 -5.1506708e-04]] 
Episode: 110: [[ 1.6091955e-03  6.5195205e-04  1.2536952e-03 -8.9506747e-04
   1.3335316e-03  0.0000000e+00  0.0000000e+00  0.0000000e+00
  -3.4083944e-04  5.3368328e-04]
 [-1.7790636e-03  7.7107085e-05  1.7385000e-03 -3.0735682e-03
   1.2661389e-03  0.0000000e+00  0.0000000e+00  0.0000000e+00
   3.1118681e-05 -5.2971754e-04]] 
Episode: 111: [[ 1.5852699e-03  6.8238546e-04  1.3001924e-03 -9.0301660e-04
   1.3381093e-03  0.0000000e+00  0.0000000e+00  0.0000000e+00
  -3.9337235e-04  5.3669268e-04]
 [-1.8473060e-03  1.0191400e-04  1.7648409e-03 -3.1186156e-03
   1.2783383e-03  0.0000000e+00  0.0000000e+00  0.0000000e+00
   4.6935933e-05 -5.4922764e-04]] 
Episode: 112: [[ 1.5707675e-03  7.1865786e-04  1.3422406e-03 -9.2131167e-04
   1.3532114e-03  0.0000000e+00  0.0000000e+00  0.0000000e+00
  -4.4401293e-04  5.3913309e-04]
 [-1.9172352e-03  1.3367120e-04  1.7930802e-03 -3.1749692e-03
   1.3050506e-03  0.0000000e+00  0.0000000e+00  0.0000000e+00
   5.5669974e-05 -5.6767731e-04]] 
Episode: 113: [[ 1.5631169e-03  7.5460336e-04  1.3775417e-03 -9.4366813e-04
   1.3754208e-03  0.0000000e+00  0.0000000e+00  0.0000000e+00
  -4.8610795e-04  5.4095889e-04]
 [-1.9857574e-03  1.7032596e-04  1.7999988e-03 -3.2358239e-03
   1.3422532e-03  0.0000000e+00  0.0000000e+00  0.0000000e+00
   6.4857049e-05 -5.8463751e-04]] 
Episode: 114: [[ 1.5573755e-03  7.8410265e-04  1.4089891e-03 -9.6747431e-04
   1.3940071e-03  0.0000000e+00  0.0000000e+00  0.0000000e+00
  -5.1962939e-04  5.4245652e-04]
 [-2.0500706e-03  2.0074841e-04  1.8107470e-03 -3.2950263e-03
   1.3730818e-03  0.0000000e+00  0.0000000e+00  0.0000000e+00
   7.3399860e-05 -6.0000032e-04]] 
Episode: 115: [[ 1.5561194e-03  8.0573669e-04  1.4277440e-03 -9.7812107e-04
   1.4040141e-03  0.0000000e+00  0.0000000e+00  0.0000000e+00
  -5.5304368e-04  5.4357690e-04]
 [-2.1073539e-03  2.2147567e-04  1.8218253e-03 -3.3454441e-03
   1.3936789e-03  0.0000000e+00  0.0000000e+00  0.0000000e+00
   8.8354383e-05 -6.1494688e-04]] 
Episode: 116: [[ 1.5855966e-03  8.1245706e-04  1.4061794e-03 -9.8626665e-04
   1.4404737e-03  0.0000000e+00  0.0000000e+00  0.0000000e+00
  -5.9142103e-04  5.4252235e-04]
 [-2.1503139e-03  2.3618501e-04  1.8123160e-03 -3.4032112e-03
   1.4207822e-03  0.0000000e+00  0.0000000e+00  0.0000000e+00
   9.2102899e-05 -6.2881171e-04]] 
Episode: 117: [[ 1.6126930e-03  8.1684621e-04  1.3821009e-03 -9.9175202e-04
   1.4738117e-03  0.0000000e+00  0.0000000e+00  0.0000000e+00
  -6.2083930e-04  5.4167770e-04]
 [-2.1933482e-03  2.5436224e-04  1.8003436e-03 -3.4598187e-03
   1.4500072e-03  0.0000000e+00  0.0000000e+00  0.0000000e+00
   9.5678151e-05 -6.4221572e-04]] 
Episode: 118: [[ 0.00164406  0.00083323  0.00135763 -0.00099427  0.00151653  0.
   0.          0.         -0.00063484  0.00054046]
 [-0.00223553  0.00028469  0.00178142 -0.00351625  0.00149234  0.
   0.          0.          0.0001146  -0.00065335]] 
Episode: 119: [[ 0.00167464  0.00084462  0.00131777 -0.00100388  0.00155068  0.
   0.          0.         -0.00064386  0.0005398 ]
 [-0.00227416  0.00033193  0.00175279 -0.00357887  0.00154943  0.
   0.          0.          0.00012063 -0.00066428]] 
Episode: 120: [[ 0.00171253  0.00086339  0.00128609 -0.0010319   0.00157641  0.
   0.          0.         -0.00064606  0.00053865]
 [-0.00231154  0.00037732  0.0017368  -0.00365381  0.00159598  0.
   0.          0.          0.00013358 -0.00067385]] 
Episode: 121: [[ 0.00175069  0.00087918  0.00125774 -0.00105626  0.00159421  0.
   0.          0.         -0.00065214  0.0005374 ]
 [-0.0023436   0.00041385  0.00172125 -0.00372427  0.00163211  0.
   0.          0.          0.00014706 -0.00068231]] 
Episode: 122: [[ 0.00178448  0.00089669  0.00124067 -0.00107655  0.00163071  0.
   0.          0.         -0.00065628  0.00053633]
 [-0.0023783   0.00046425  0.00171575 -0.00379266  0.00169057  0.
   0.          0.          0.00017789 -0.00069105]] 
Episode: 123: [[ 0.00181693  0.00091007  0.00121854 -0.00108134  0.00166349  0.
   0.          0.         -0.00065468  0.00053526]
 [-0.00241177  0.00051335  0.00170399 -0.00385549  0.00174301  0.
   0.          0.          0.00019933 -0.0007011 ]] 
Episode: 124: [[ 0.00185219  0.00092948  0.00119653 -0.00109673  0.00169505  0.
   0.          0.         -0.0006537   0.00053394]
 [-0.00244111  0.00056468  0.00169597 -0.00392256  0.00179217  0.
   0.          0.          0.00022017 -0.00071053]] 
Episode: 125: [[ 0.0018841   0.00094653  0.00117507 -0.00110851  0.00172498  0.
   0.          0.         -0.00066308  0.0005328 ]
 [-0.00246878  0.00060924  0.00168769 -0.00398647  0.00183742  0.
   0.          0.          0.0002504  -0.00071886]] 
Episode: 126: [[ 0.00191551  0.00095826  0.00114103 -0.00110985  0.00174959  0.
   0.          0.         -0.00067349  0.00053155]
 [-0.002494    0.00063873  0.00167467 -0.00404309  0.00187236  0.
   0.          0.          0.00027127 -0.00072779]] 
Episode: 127: [[ 0.00194768  0.00097367  0.00110319 -0.00113191  0.00177176  0.
   0.          0.         -0.00068689  0.00053042]
 [-0.00251582  0.00067838  0.00166137 -0.00410776  0.0019129   0.
   0.          0.          0.00030379 -0.00073679]] 
Episode: 128: [[ 0.00197784  0.00096873  0.00105864 -0.00113028  0.00180291  0.
   0.          0.         -0.00071201  0.00052923]
 [-0.00253305  0.0007189   0.00164327 -0.00415759  0.00195937  0.
   0.          0.          0.00033245 -0.00074611]] 
Episode: 129: [[ 0.00200564  0.00099534  0.00101817 -0.00115789  0.00183015  0.
   0.          0.         -0.00075745  0.00052853]
 [-0.00254895  0.00076398  0.00162813 -0.00422046  0.00199785  0.
   0.          0.          0.0003657  -0.00075605]] 
Episode: 130: [[ 0.00202868  0.00101397  0.00097772 -0.00117735  0.00185154  0.
   0.          0.         -0.00080058  0.00052807]
 [-0.00256654  0.00079313  0.00161092 -0.00427762  0.00202289  0.
   0.          0.          0.00038484 -0.0007652 ]] 
Episode: 131: [[ 0.00205962  0.00103733  0.00091526 -0.00120441  0.00186743  0.
   0.          0.         -0.00084442  0.00052697]
 [-0.00257246  0.00083264  0.00157935 -0.00433588  0.00204947  0.
   0.          0.          0.00040318 -0.00077631]] 
Episode: 132: [[ 0.00209336  0.00113237  0.00083521 -0.00122932  0.00185219  0.
   0.          0.         -0.00085655  0.00052653]
 [-0.00257565  0.00088823  0.00153337 -0.00440762  0.00204116  0.
   0.          0.          0.00043127 -0.00078803]] 
Episode: 133: [[ 0.00212741  0.00122111  0.0007553  -0.00126599  0.00183254  0.
   0.          0.         -0.00088593  0.00052609]
 [-0.00257982  0.00094399  0.00147792 -0.00448605  0.00202863  0.
   0.          0.          0.00045648 -0.00079869]] 
Episode: 134: [[ 0.00215626  0.00128511  0.00066291 -0.0012792   0.00180522  0.
   0.          0.         -0.00090926  0.0005262 ]
 [-0.00258704  0.00097371  0.00141767 -0.00455376  0.00200416  0.
   0.          0.          0.00045237 -0.00081347]] 
Episode: 135: [[ 0.00218128  0.0013545   0.00058468 -0.00128502  0.00177061  0.
   0.          0.         -0.00094257  0.00052671]
 [-0.00259683  0.00098089  0.00136296 -0.00461517  0.00196881  0.
   0.          0.          0.00047012 -0.00082887]] 
Episode: 136: [[ 0.00220241  0.00144483  0.00051263 -0.00131336  0.00174778  0.
   0.          0.         -0.00098101  0.00052788]
 [-0.00261522  0.00101529  0.00131463 -0.00469266  0.00196244  0.
   0.          0.          0.0004873  -0.00084434]] 
Episode: 137: [[ 0.00222266  0.00153802  0.00045793 -0.00135352  0.00173235  0.
   0.          0.         -0.00100632  0.00052906]
 [-0.00263325  0.00106386  0.00127882 -0.00477169  0.00196494  0.
   0.          0.          0.00050293 -0.00085786]] 
Episode: 138: [[ 0.00222946  0.00148554  0.00042957 -0.00131165  0.00172807  0.
   0.          0.         -0.0009493   0.00053092]
 [-0.00266225  0.00101636  0.00127099 -0.00479758  0.00198028  0.
   0.          0.          0.00054342 -0.00087488]] 
Episode: 139: [[ 0.00223647  0.00144064  0.00040344 -0.0012685   0.00173968  0.
   0.          0.         -0.00089862  0.0005327 ]
 [-0.00269109  0.00098406  0.00126588 -0.00482264  0.00201062  0.
   0.          0.          0.00058876 -0.00089072]] 
Episode: 140: [[ 0.00224165  0.00140122  0.00037261 -0.00122666  0.00174362  0.
   0.          0.         -0.00086246  0.00053482]
 [-0.00271835  0.00095051  0.00125522 -0.004849    0.00203433  0.
   0.          0.          0.00062479 -0.00090812]] 
Episode: 141: [[ 0.00225065  0.00137248  0.0003312  -0.00119742  0.00175106  0.
   0.          0.         -0.00083564  0.00053719]
 [-0.0027482   0.00093584  0.00123443 -0.00489317  0.0020693   0.
   0.          0.          0.00065751 -0.00092432]] 
Episode: 142: [[ 0.00225979  0.00134801  0.00029261 -0.00117177  0.00176404  0.
   0.          0.         -0.00081383  0.00053928]
 [-0.00277489  0.00092597  0.00121498 -0.00493791  0.0021119   0.
   0.          0.          0.00069    -0.00094021]] 
Episode: 143: [[ 0.00226621  0.00133606  0.00027092 -0.00116619  0.00177447  0.
   0.          0.         -0.00079009  0.00054175]
 [-0.00280223  0.00092302  0.00120272 -0.00499145  0.00214767  0.
   0.          0.          0.00074865 -0.00095683]] 
Episode: 144: [[ 0.00227182  0.00132805  0.00025225 -0.00116451  0.00178693  0.
   0.          0.         -0.00077214  0.00054401]
 [-0.00282785  0.00092182  0.00119167 -0.00504347  0.00218144  0.
   0.          0.          0.00079591 -0.00097297]] 
Episode: 145: [[ 0.00227549  0.00132127  0.00023098 -0.00115707  0.00178778  0.
   0.          0.         -0.00075535  0.00054631]
 [-0.00285369  0.00091734  0.00118031 -0.00508986  0.00220312  0.
   0.          0.          0.00083951 -0.00098781]] 
Episode: 146: [[ 0.00227695  0.00131755  0.00021431 -0.00115887  0.00180124  0.
   0.          0.         -0.0007388   0.00054902]
 [-0.00288345  0.0009242   0.00116997 -0.00514257  0.00223713  0.
   0.          0.          0.00088566 -0.00100081]] 
Episode: 147: [[ 0.00228308  0.00131999  0.0001876  -0.0011764   0.0018072   0.
   0.          0.         -0.00072455  0.00055141]
 [-0.00290792  0.00092894  0.00115182 -0.00520437  0.00226108  0.
   0.          0.          0.00093098 -0.00101226]] 
Episode: 148: [[ 0.0022916   0.00132174  0.00015712 -0.00118884  0.00181491  0.
   0.          0.         -0.00071362  0.0005536 ]
 [-0.00293079  0.00093299  0.00113429 -0.0052637   0.00228762  0.
   0.          0.          0.00097513 -0.00102324]] 
Episode: 149: [[ 0.0022982   0.00132199  0.00013216 -0.00118579  0.00181392  0.
   0.          0.         -0.00069865  0.00055565]
 [-0.00295214  0.00093263  0.0011189  -0.00531117  0.00230468  0.
   0.          0.          0.00102233 -0.00103316]] 
Episode: 150: [[ 2.3084129e-03  1.3245931e-03  9.9988101e-05 -1.2056952e-03
   1.8092910e-03  0.0000000e+00  0.0000000e+00  0.0000000e+00
  -6.8679824e-04  5.5730628e-04]
 [-2.9695050e-03  9.3276461e-04  1.1006581e-03 -5.3703212e-03
   2.3154626e-03  0.0000000e+00  0.0000000e+00  0.0000000e+00
   1.0641568e-03 -1.0432554e-03]] 
Episode: 151: [[ 2.3163536e-03  1.3273866e-03  6.4553526e-05 -1.2164611e-03
   1.7944693e-03  0.0000000e+00  0.0000000e+00  0.0000000e+00
  -6.7382661e-04  5.5903773e-04]
 [-2.9909846e-03  9.3335623e-04  1.0829270e-03 -5.4243365e-03
   2.3240787e-03  0.0000000e+00  0.0000000e+00  0.0000000e+00
   1.0988406e-03 -1.0518819e-03]] 
Episode: 152: [[ 2.3151366e-03  1.3294048e-03  2.7709981e-05 -1.2244327e-03
   1.7759474e-03  0.0000000e+00  0.0000000e+00  0.0000000e+00
  -6.4050138e-04  5.6164525e-04]
 [-3.0209329e-03  9.3849032e-04  1.0690480e-03 -5.4758186e-03
   2.3425880e-03  0.0000000e+00  0.0000000e+00  0.0000000e+00
   1.1220590e-03 -1.0620882e-03]] 
Episode: 153: [[ 2.3044180e-03  1.3377666e-03  4.2660508e-06 -1.2491739e-03
   1.7686789e-03  0.0000000e+00  0.0000000e+00  0.0000000e+00
  -6.0566538e-04  5.6533766e-04]
 [-3.0551571e-03  9.4987039e-04  1.0549416e-03 -5.5322619e-03
   2.3680248e-03  0.0000000e+00  0.0000000e+00  0.0000000e+00
   1.1229826e-03 -1.0782403e-03]] 
Episode: 154: [[ 2.2907581e-03  1.3347785e-03 -1.4428135e-05 -1.2594329e-03
   1.7715009e-03  0.0000000e+00  0.0000000e+00  0.0000000e+00
  -5.7266245e-04  5.6909613e-04]
 [-3.0913590e-03  9.6144300e-04  1.0375106e-03 -5.5804923e-03
   2.4049797e-03  0.0000000e+00  0.0000000e+00  0.0000000e+00
   1.1171491e-03 -1.0945870e-03]] 
Episode: 155: [[ 2.2810204e-03  1.3136729e-03 -5.2307307e-05 -1.2663932e-03
   1.7622720e-03  0.0000000e+00  0.0000000e+00  0.0000000e+00
  -5.3230318e-04  5.7236711e-04]
 [-3.1268625e-03  9.5143745e-04  1.0097360e-03 -5.6300033e-03
   2.4369534e-03  0.0000000e+00  0.0000000e+00  0.0000000e+00
   1.1177988e-03 -1.1101566e-03]] 
Episode: 156: [[ 0.00227614  0.0012938  -0.00010005 -0.00129076  0.00175021  0.
   0.          0.         -0.00049048  0.00057535]
 [-0.00315725  0.00093681  0.0009831  -0.00569027  0.00247008  0.
   0.          0.          0.0011099  -0.00112554]] 
Episode: 157: [[ 0.00227339  0.00127475 -0.00014454 -0.00130756  0.00174048  0.
   0.          0.         -0.00045765  0.00057802]
 [-0.00318529  0.00092036  0.00095896 -0.00574686  0.00249696  0.
   0.          0.          0.00110972 -0.00114002]] 
Episode: 158: [[ 0.00227565  0.0012638  -0.00019151 -0.00131975  0.00173223  0.
   0.          0.         -0.00044029  0.00058013]
 [-0.00321183  0.00090206  0.00093284 -0.0058024   0.00252186  0.
   0.          0.          0.00111075 -0.00115152]] 
Episode: 159: [[ 0.00228216  0.00126091 -0.00024182 -0.00135028  0.00171525  0.
   0.          0.         -0.00043085  0.00058198]
 [-0.00323407  0.000883    0.00090822 -0.0058684   0.00252968  0.
   0.          0.          0.00111646 -0.00116233]] 
Episode: 160: [[ 0.00229328  0.00126162 -0.00028923 -0.0013976   0.00172394  0.
   0.          0.         -0.000432    0.00058357]
 [-0.00325467  0.00087213  0.00088549 -0.00594634  0.00254823  0.
   0.          0.          0.00111114 -0.00117173]] 
Episode: 161: [[ 0.00230095  0.00126407 -0.00032075 -0.00143315  0.00173016  0.
   0.          0.         -0.00043622  0.00058544]
 [-0.00327939  0.00086544  0.00087632 -0.00602025  0.00256364  0.
   0.          0.          0.00109973 -0.00118166]] 
Episode: 162: [[ 0.00231253  0.00127993 -0.00036329 -0.00149585  0.00173947  0.
   0.          0.         -0.00044667  0.00058748]
 [-0.00330428  0.00086544  0.00085903 -0.00611449  0.00257828  0.
   0.          0.          0.00109776 -0.00119021]] 
Episode: 163: [[ 0.00232956  0.0012955  -0.0004116  -0.00157143  0.00172024  0.
   0.          0.         -0.00045141  0.00058987]
 [-0.00332874  0.00086372  0.00083446 -0.00622461  0.00258237  0.
   0.          0.          0.00108536 -0.00119785]] 
Episode: 164: [[ 0.0023473   0.00131212 -0.00047485 -0.00162601  0.0017208   0.
   0.          0.         -0.00041955  0.0005923 ]
 [-0.00334596  0.00090051  0.00079312 -0.00631929  0.00261956  0.
   0.          0.          0.0010217  -0.00120504]] 
Episode: 165: [[ 0.00237251  0.00134313 -0.00056216 -0.00167997  0.00168271  0.
   0.          0.         -0.00039102  0.00059484]
 [-0.0033591   0.00093593  0.00073839 -0.0064242   0.00262106  0.
   0.          0.          0.00099399 -0.00121003]] 
Episode: 166: [[ 0.00239048  0.00136934 -0.00065954 -0.00171411  0.00160985  0.
   0.          0.         -0.00037768  0.00059818]
 [-0.00337978  0.00093543  0.00067316 -0.00652083  0.00258947  0.
   0.          0.          0.00099998 -0.00121502]] 
Episode: 167: [[ 0.00241327  0.0013954  -0.00075473 -0.00172426  0.00153775  0.
   0.          0.         -0.00036195  0.00060149]
 [-0.00339799  0.00094519  0.00060907 -0.00660573  0.00256913  0.
   0.          0.          0.00100943 -0.00121951]] 
Episode: 168: [[ 0.00244676  0.00138901 -0.00087199 -0.00170006  0.0014847   0.
   0.          0.         -0.00030386  0.0006047 ]
 [-0.00340982  0.00091435  0.0005234  -0.00668676  0.00256861  0.
   0.          0.          0.00105257 -0.00122113]] 
Episode: 169: [[ 0.0024852   0.00137531 -0.00098046 -0.0016404   0.00145295  0.
   0.          0.         -0.00024937  0.00060755]
 [-0.00341955  0.00087919  0.00044765 -0.00674959  0.00258304  0.
   0.          0.          0.00108214 -0.00122162]] 
Episode: 170: [[ 0.00252586  0.00136165 -0.00108535 -0.00158134  0.00138367  0.
   0.          0.         -0.00021466  0.00061024]
 [-0.00342756  0.00081954  0.00037585 -0.00681574  0.00255051  0.
   0.          0.          0.00112165 -0.00122477]] 
Episode: 171: [[ 0.00256384  0.00136503 -0.00118647 -0.00153377  0.00131118  0.
   0.          0.         -0.00019901  0.00061327]
 [-0.00343133  0.00076341  0.00029758 -0.00689157  0.00250538  0.
   0.          0.          0.00118518 -0.00123842]] 
Episode: 172: [[ 0.00259902  0.00137514 -0.00130519 -0.0014917   0.001245    0.
   0.          0.         -0.00019762  0.00061706]
 [-0.00343838  0.00072608  0.00020737 -0.00698361  0.00245972  0.
   0.          0.          0.00124097 -0.0012576 ]] 
Episode: 173: [[ 0.00263223  0.00139621 -0.00143624 -0.00146876  0.00117657  0.
   0.          0.         -0.00022479  0.0006215 ]
 [-0.00345012  0.00071106  0.00011367 -0.00709228  0.00243221  0.
   0.          0.          0.00128584 -0.00127624]] 
Episode: 174: [[ 2.6524561e-03  1.4148295e-03 -1.5422197e-03 -1.4639901e-03
   1.0994984e-03  0.0000000e+00  0.0000000e+00  0.0000000e+00
  -2.4103784e-04  6.2716129e-04]
 [-3.4729689e-03  6.9590373e-04  4.9603193e-05 -7.2080502e-03
   2.3894501e-03  0.0000000e+00  0.0000000e+00  0.0000000e+00
   1.3022283e-03 -1.2983594e-03]] 
Episode: 175: [[ 2.6672678e-03  1.4297573e-03 -1.6436185e-03 -1.4371810e-03
   1.0366703e-03  0.0000000e+00  0.0000000e+00  0.0000000e+00
  -2.4874296e-04  6.3264248e-04]
 [-3.4952711e-03  6.9100189e-04 -1.5186708e-05 -7.3030223e-03
   2.3724576e-03  0.0000000e+00  0.0000000e+00  0.0000000e+00
   1.3070604e-03 -1.3232685e-03]] 
Episode: 176: [[ 2.6819096e-03  1.4423744e-03 -1.7449281e-03 -1.4059745e-03
   9.9746929e-04  0.0000000e+00  0.0000000e+00  0.0000000e+00
  -2.4738119e-04  6.3788833e-04]
 [-3.5170089e-03  6.8950560e-04 -8.5432403e-05 -7.3929098e-03
   2.3764798e-03  0.0000000e+00  0.0000000e+00  0.0000000e+00
   1.2991682e-03 -1.3456226e-03]] 
Episode: 177: [[ 0.00269953  0.00145342 -0.00185224 -0.00137634  0.00093271  0.
   0.          0.         -0.00025671  0.00064285]
 [-0.00353776  0.0006697  -0.00016186 -0.00748419  0.00234684  0.
   0.          0.          0.00131329 -0.00136657]] 
Episode: 178: [[ 0.00271869  0.00147115 -0.00195641 -0.0013543   0.0009098   0.
   0.          0.         -0.0003048   0.00064774]
 [-0.00355867  0.00066901 -0.00023519 -0.00758229  0.00235481  0.
   0.          0.          0.00135973 -0.00138501]] 
Episode: 179: [[ 0.00274226  0.00150104 -0.00208778 -0.00136428  0.00087481  0.
   0.          0.         -0.00035001  0.00065265]
 [-0.00357832  0.00067084 -0.00032003 -0.00770017  0.00235194  0.
   0.          0.          0.00139053 -0.00140116]] 
Episode: 180: [[ 0.0027731   0.00153998 -0.00223537 -0.00141437  0.000858    0.
   0.          0.         -0.00039444  0.00065748]
 [-0.0035939   0.00069094 -0.00041347 -0.00784063  0.00236219  0.
   0.          0.          0.00141085 -0.00141453]] 
Episode: 181: [[ 0.00281236  0.00157462 -0.00239522 -0.00145939  0.00086512  0.
   0.          0.         -0.00042341  0.00066204]
 [-0.00360564  0.00071705 -0.00052431 -0.0079859   0.00238832  0.
   0.          0.          0.00143927 -0.00142568]] 
Episode: 182: [[ 0.00285126  0.00162307 -0.00254154 -0.00151637  0.00085538  0.
   0.          0.         -0.0004414   0.0006668 ]
 [-0.0036204   0.00073909 -0.00063157 -0.0081397   0.0024094   0.
   0.          0.          0.00148616 -0.00143564]] 
Episode: 183: [[ 0.00288936  0.00167976 -0.00268142 -0.00156376  0.00085401  0.
   0.          0.         -0.00047728  0.00067164]
 [-0.00363663  0.00077431 -0.00073178 -0.00828717  0.00244021  0.
   0.          0.          0.00152291 -0.0014487 ]] 
Episode: 184: [[ 0.00293616  0.00173081 -0.00283222 -0.00159918  0.0008468   0.
   0.          0.         -0.0005021   0.00067608]
 [-0.00364825  0.00081136 -0.00083933 -0.00843772  0.00246987  0.
   0.          0.          0.00157134 -0.00146026]] 
Episode: 185: [[ 0.0029885   0.00179421 -0.00298405 -0.00166353  0.00079387  0.
   0.          0.         -0.00055091  0.00068093]
 [-0.00365682  0.00082448 -0.0009444  -0.00860829  0.00245414  0.
   0.          0.          0.0016428  -0.00147027]] 
Episode: 186: [[ 0.00304357  0.00187917 -0.00315297 -0.00173054  0.00070278  0.
   0.          0.         -0.0006174   0.00068574]
 [-0.0036625   0.00081122 -0.00106295 -0.00878381  0.0024032   0.
   0.          0.          0.00174581 -0.0014782 ]] 
Episode: 187: [[ 0.00310338  0.0019606  -0.00333887 -0.00179743  0.00057677  0.
   0.          0.         -0.0007323   0.00069111]
 [-0.00367192  0.00075702 -0.00119737 -0.00897108  0.00233344  0.
   0.          0.          0.00190465 -0.00148321]] 
Episode: 188: [[ 0.00316099  0.00205112 -0.0035227  -0.00182774  0.00047086  0.
   0.          0.         -0.00084465  0.00069669]
 [-0.00368472  0.00072205 -0.00133203 -0.00914216  0.00228601  0.
   0.          0.          0.00206092 -0.00148852]] 
Episode: 189: [[ 0.00321828  0.00213835 -0.00370918 -0.00181487  0.00037901  0.
   0.          0.         -0.00096634  0.00070207]
 [-0.00369733  0.00067537 -0.00147023 -0.00928958  0.00223447  0.
   0.          0.          0.00219942 -0.00149093]] 
Episode: 190: [[ 0.00328456  0.0022455  -0.0039097  -0.00183411  0.00029769  0.
   0.          0.         -0.00107824  0.00070868]
 [-0.00370972  0.00067523 -0.00162486 -0.00946718  0.00220634  0.
   0.          0.          0.00231785 -0.00149126]] 
Episode: 191: [[ 0.0033536   0.00235696 -0.00411917 -0.0018351   0.00022218  0.
   0.          0.         -0.00117564  0.00071587]
 [-0.00372261  0.00066047 -0.00179407 -0.00964342  0.0021704   0.
   0.          0.          0.00243614 -0.00149009]] 
Episode: 192: [[ 0.00342477  0.0024812  -0.00431764 -0.00183342  0.00015033  0.
   0.          0.         -0.00127343  0.00072278]
 [-0.00372992  0.00066325 -0.0019555  -0.00982147  0.00213677  0.
   0.          0.          0.00250322 -0.00149191]] 
Episode: 193: [[ 0.0034924   0.00261338 -0.0045121  -0.00182911  0.00010298  0.
   0.          0.         -0.00137438  0.00072952]
 [-0.00373793  0.00068094 -0.00211284 -0.00999423  0.0021221   0.
   0.          0.          0.00255178 -0.00149552]] 
Episode: 194: [[ 3.5648639e-03  2.7652611e-03 -4.7067297e-03 -1.8326319e-03
   8.2756378e-05  0.0000000e+00  0.0000000e+00  0.0000000e+00
  -1.5042318e-03  7.3595013e-04]
 [-3.7461487e-03  7.1175728e-04 -2.2661043e-03 -1.0175709e-02
   2.1230963e-03  0.0000000e+00  0.0000000e+00  0.0000000e+00
   2.6156863e-03 -1.5002299e-03]] 
Episode: 195: [[ 3.6289690e-03  2.9134122e-03 -4.8460276e-03 -1.7930934e-03
   5.9889549e-05  0.0000000e+00  0.0000000e+00  0.0000000e+00
  -1.5901291e-03  7.4215134e-04]
 [-3.7567292e-03  7.4269029e-04 -2.3867418e-03 -1.0308580e-02
   2.1170028e-03  0.0000000e+00  0.0000000e+00  0.0000000e+00
   2.6739361e-03 -1.5073406e-03]] 
Episode: 196: [[ 3.6972300e-03  3.0658401e-03 -4.9971319e-03 -1.7619183e-03
   3.8309608e-05  0.0000000e+00  0.0000000e+00  0.0000000e+00
  -1.6821907e-03  7.4816582e-04]
 [-3.7653581e-03  7.8622531e-04 -2.5166853e-03 -1.0449887e-02
   2.1126645e-03  0.0000000e+00  0.0000000e+00  0.0000000e+00
   2.7142875e-03 -1.5131559e-03]] 
Episode: 197: [[ 3.7686417e-03  3.2214455e-03 -5.1470776e-03 -1.7535234e-03
   6.5598365e-06  0.0000000e+00  0.0000000e+00  0.0000000e+00
  -1.7782102e-03  7.5390853e-04]
 [-3.7717249e-03  8.1968418e-04 -2.6444437e-03 -1.0604061e-02
   2.0932923e-03  0.0000000e+00  0.0000000e+00  0.0000000e+00
   2.7581248e-03 -1.5166810e-03]] 
Episode: 198: [[ 3.8431883e-03  3.3762681e-03 -5.2907369e-03 -1.7558248e-03
  -1.0551849e-05  0.0000000e+00  0.0000000e+00  0.0000000e+00
  -1.8481930e-03  7.6007925e-04]
 [-3.7826234e-03  8.6753530e-04 -2.7749932e-03 -1.0770753e-02
   2.0773751e-03  0.0000000e+00  0.0000000e+00  0.0000000e+00
   2.7796675e-03 -1.5218934e-03]] 
Episode: 199: [[ 3.9126552e-03  3.5220243e-03 -5.4415083e-03 -1.7415932e-03
  -4.4780139e-05  0.0000000e+00  0.0000000e+00  0.0000000e+00
  -1.9168805e-03  7.6657784e-04]
 [-3.7941118e-03  8.8358257e-04 -2.9153891e-03 -1.0927947e-02
   2.0417029e-03  0.0000000e+00  0.0000000e+00  0.0000000e+00
   2.8243209e-03 -1.5240381e-03]] 
Episode: 200: [[ 3.9854129e-03  3.6741656e-03 -5.5994415e-03 -1.7421636e-03
  -7.2672301e-05  0.0000000e+00  0.0000000e+00  0.0000000e+00
  -1.9744716e-03  7.7244447e-04]
 [-3.7981733e-03  9.0451411e-04 -3.0604233e-03 -1.1088751e-02
   2.0131746e-03  0.0000000e+00  0.0000000e+00  0.0000000e+00
   2.8236464e-03 -1.5271377e-03]] 
