0.540781 
0.334926 
0.404207 
1.484250 
0.340713 
0.508051 
0.432027 
0.458956 
0.623814 
0.228762 
0.463303 
0.797425 
0.697570 
0.339669 
0.473666 
0.776910 
0.198822 
0.941592 
0.619134 
0.529022 
0.416600 
0.517413 
0.517905 
0.580603 
0.512495 
0.482059 
0.338731 
0.509237 
0.812651 
0.644461 
0.674656 
0.398930 
0.709142 
0.601645 
0.655574 
0.573511 
0.398312 
0.333723 
0.684894 
0.350441 
0.309542 
0.430140 
0.366453 
0.946085 
0.442269 
0.581738 
0.666472 
0.253961 
1.635493 
0.269389 
0.429957 
0.492280 
0.720186 
0.179951 
0.893260 
0.514692 
0.388242 
0.736475 
0.538200 
0.424633 
0.651863 
0.456620 
0.474328 
0.644154 
0.722767 
0.127013 
0.555561 
0.328987 
0.604311 
0.442403 
0.571950 
0.712419 
1.364824 
0.522412 
0.818634 
0.713798 
0.260086 
0.678511 
1.212350 
0.362230 
0.544756 
0.642195 
0.288174 
0.586847 
0.381784 
0.723806 
0.586812 
0.551952 
0.367385 
0.613217 
0.433820 
1.167954 
1.338978 
0.886572 
0.697280 
0.310367 
0.190099 
1.077619 
0.418666 
0.341591 
