2663.324707 1591.846924 1370.987793 1329.722168 705574.687500 
2714.000000 1719.112793 1459.375244 1122.083862 752536.437500 
2517.878418 1596.147705 1322.896362 1202.627075 939091.375000 
2394.051270 1679.844727 1512.285767 1171.563354 752699.625000 
2248.999512 1580.440674 1526.095337 1159.223511 557963.062500 
2841.659668 1881.752686 1511.087402 1394.508667 805193.687500 
2839.538086 1672.104370 1325.825317 1154.962646 718247.125000 
2342.825928 1530.815430 1316.626953 985.258301 608996.875000 
2543.169434 1781.426758 1301.321411 1037.895020 919261.812500 
2696.700684 1678.241211 1551.879761 1704.836426 861978.500000 
2647.798096 1796.088745 1498.415649 1065.685303 658935.375000 
2629.648438 1705.033936 1306.771606 1470.690186 717306.250000 
2674.939697 1468.222412 1372.096436 1245.997314 686499.000000 
2609.949463 1695.139893 1399.919922 1473.658203 635111.687500 
3117.208984 2077.294434 1777.780151 1234.999146 932955.187500 
2539.915527 1678.116577 1532.766235 1121.812256 752684.812500 
2934.831299 1780.823975 1304.501099 1106.957397 844026.625000 
2653.033447 1748.673096 1425.034912 1001.618286 733051.062500 
3031.576904 2213.158691 1852.962891 1340.249634 598811.375000 
2751.204590 1603.527954 1452.606201 1134.670776 954745.250000 
2806.920410 1941.263184 1841.545044 1302.161621 865365.312500 
2524.291504 1632.386353 1303.978149 1225.150635 693674.875000 
2632.380371 1621.084961 1318.561035 1256.918701 859125.312500 
2778.410645 1895.936279 1461.352905 1053.862305 907879.312500 
2336.151611 1692.259155 1512.001221 1113.366699 625777.000000 
2615.360352 1625.778931 1485.943359 1093.102417 893611.687500 
2249.461182 1549.411743 1278.764160 1046.013306 595588.750000 
2625.950684 1808.510742 1583.078125 1339.562378 583575.437500 
2571.380859 1762.923218 1320.921143 1158.870483 715899.812500 
2308.338623 1512.272095 1227.299927 983.731628 685111.875000 
2939.237793 2022.561401 1618.298828 1162.122681 830533.875000 
2518.209961 1810.268677 1464.023315 1197.387451 793916.250000 
2703.794189 1633.526733 1451.384277 1238.507568 804978.062500 
2430.952148 1616.100220 1481.309082 1314.693970 744914.625000 
2457.567139 1446.628174 1260.811523 947.332153 652995.500000 
2629.317871 1578.250122 1422.764771 1094.759766 651488.812500 
2630.457520 1754.541016 1483.200073 1147.566284 802195.000000 
2508.575439 1585.179688 1565.492676 1103.971802 865032.062500 
2564.314941 1565.215576 1216.465210 1341.952881 502862.500000 
2954.669922 2002.985840 1638.087524 1129.999146 698495.187500 
2666.755371 1600.762085 1295.444702 1057.073853 627979.812500 
2641.793213 1693.581299 1351.849243 1467.228027 728723.812500 
2441.078125 1581.067383 1391.613281 1045.072632 786633.125000 
2686.896729 1770.587524 1512.385132 1359.922363 740877.187500 
2626.496826 1501.790405 1399.519531 1000.474243 661152.000000 
2630.369629 1558.027954 1264.390503 1141.692749 842696.312500 
2636.957031 1664.001831 1416.347168 1050.597290 654538.000000 
2583.956787 1694.645508 1393.713867 1094.575562 665752.437500 
2923.584961 1965.938232 1585.289429 1637.306030 1118476.875000 
2147.674805 1426.849609 1230.295044 1014.287781 577800.937500 
