85.498589 90.153839 91.873695 88.504539 92.123772 0.019782 
98.038712 75.765114 87.228600 85.752739 96.595665 0.019782 
89.811829 90.530670 88.946449 92.178413 89.811790 0.000000 
99.869141 78.051613 87.403397 85.616516 94.291473 0.027976 
85.853539 88.785027 91.253647 91.089508 96.751671 0.027976 
89.042450 79.726906 81.309151 82.410454 83.473679 0.000000 
86.594452 87.654274 89.017365 94.648109 89.888306 0.000000 
98.156349 98.137138 93.905113 94.293823 92.597458 0.000000 
93.946381 102.206329 101.965302 100.893776 102.710266 0.034264 
96.557709 78.657799 84.015350 87.805237 89.441299 0.000000 
73.936974 91.369225 91.653275 90.708092 83.507118 0.027976 
85.373817 92.449677 93.995880 97.322174 98.363480 0.019782 
89.567345 79.432945 87.893570 88.788445 88.675865 0.027976 
87.258133 94.457184 93.933556 96.567703 97.253212 0.000000 
100.446106 75.525566 79.936676 83.736656 88.918343 0.000000 
88.121468 55.834606 64.049301 72.088326 78.736328 0.000000 
100.986855 85.324860 85.014404 93.298332 90.698059 0.000000 
90.604507 72.943321 75.626366 77.592072 84.424294 0.000000 
89.314346 81.446899 85.722672 91.554962 88.546623 0.027976 
96.635422 76.798569 91.999657 91.435043 98.682198 0.000000 
