0.036539 0.000719 0.000620 0.000509 0.000321 
0.446511 0.000868 0.048138 0.494476 0.204641 
1.232452 0.002122 0.347723 1.164061 0.864019 
3.860717 0.249362 1.266003 2.143235 2.277629 
7.586915 1.545684 2.411328 3.373895 4.774908 
17.414442 4.599190 3.028935 4.396485 9.707048 
121.923798 31.185781 7.405502 7.654225 22.689671 
58.626801 1.274412 1.521173 3.367744 18.789909 
202.387100 0.181991 1.409176 3.023869 19.993301 
858.401123 0.013706 1.478128 2.942426 21.211098 
970.865967 0.014874 1.648176 2.990028 20.916437 
1924.686890 0.000073 1.455962 2.828873 20.786224 
2559.775879 0.000385 1.090714 2.584880 19.989347 
2369.059570 0.008321 0.641191 2.266741 18.927790 
3287.610840 0.032013 0.245412 1.975445 17.541162 
3062.604248 0.084037 0.087893 1.878324 15.709525 
3424.161377 0.135314 0.256922 2.106098 14.343156 
5773.111816 0.191667 0.750777 2.702280 13.365211 
5055.434570 0.288238 1.526609 3.633486 12.548309 
5116.330078 0.410458 2.497214 4.745481 12.024641 
4521.294434 0.560226 3.559843 6.150390 11.585732 
6400.208984 0.682289 4.920025 7.306111 11.359060 
5383.611816 0.847317 7.132037 7.515598 11.676917 
6385.506348 0.965187 9.503335 7.802401 11.918997 
6029.854492 1.119136 11.830337 8.083279 12.183051 
5607.831055 1.304637 14.046980 8.625968 12.218713 
5668.448730 1.459311 16.499218 8.853291 12.373455 
5486.794434 1.580511 18.647972 9.228437 12.463716 
7132.861328 1.717338 20.728394 9.537163 12.460799 
9212.287109 1.850295 23.684307 9.390434 12.837122 
5120.812500 2.112983 27.581514 8.929323 13.422943 
9526.943359 2.190600 34.515831 7.593984 14.359772 
9018.124023 2.381209 42.573223 6.342816 15.350446 
9939.450195 2.580744 50.108364 5.424396 16.432302 
6910.275391 2.845683 58.364288 4.565383 17.617531 
9596.495117 2.955843 67.613098 3.795090 18.702036 
7390.997070 3.154912 75.904510 3.227627 19.579218 
10767.416992 3.240491 81.924011 2.953979 20.065752 
8241.808594 3.352161 85.808319 2.841153 20.531181 
8858.578125 3.390335 89.330238 2.739647 20.752207 
7322.320312 3.467303 91.499817 2.798118 20.906031 
10208.661133 3.502960 94.332275 2.742640 21.056818 
8528.803711 3.469072 94.236916 2.849487 20.808710 
6727.404785 3.478723 93.320976 3.086708 20.345930 
6636.595215 3.533846 92.132492 3.279773 20.110907 
9122.679688 3.398529 91.413322 3.478301 19.687412 
11464.303711 3.349488 91.296555 3.585261 19.436838 
11138.824219 3.281021 88.797211 3.875914 19.113155 
9058.662109 3.285273 88.749733 3.975297 18.778151 
6889.310059 3.256176 85.473442 4.314124 18.588820 
8348.125000 3.195650 85.269615 4.424693 18.175449 
9828.909180 3.115032 83.008652 4.683040 17.906631 
7816.365234 3.096656 81.299500 4.878736 17.665962 
8616.722656 3.060792 80.976242 4.942157 17.538891 
8588.587891 3.048468 80.866554 4.964985 17.416109 
8946.198242 2.980850 79.194901 5.173861 17.174377 
7459.351562 2.946280 76.469536 5.462067 16.877832 
8238.890625 2.875723 74.648933 5.666142 16.513767 
8660.786133 2.797430 70.224335 6.268110 15.822522 
8242.169922 2.708104 63.951096 7.032445 15.240912 
8941.631836 2.564573 58.792698 7.795505 14.298366 
5755.421387 2.474165 50.364311 9.390249 13.260798 
9449.615234 2.278686 43.591759 10.769991 12.353345 
6654.981934 2.163823 36.238632 12.670561 11.321838 
6371.067871 2.114823 29.794842 14.574437 10.437664 
6852.703613 1.911154 25.245762 16.319569 9.712390 
7504.664062 1.825338 21.668095 17.826456 9.106231 
7780.905762 1.742345 19.436769 18.954510 8.613418 
4806.861816 1.734133 17.889843 19.728935 8.317904 
7586.461426 1.625084 16.840168 20.237206 8.109928 
6642.520996 1.596692 15.894110 20.775709 7.873825 
8262.683594 1.538625 15.423215 20.961508 7.695855 
5139.278320 1.583567 14.475078 21.502562 7.489501 
5525.519531 1.475126 13.665796 21.993059 7.273219 
2909.354004 1.621309 11.923257 22.911102 7.078748 
4759.199707 1.392386 11.066553 23.522623 6.795531 
5533.386230 1.423395 10.018042 24.302679 6.546595 
6068.646973 1.287877 9.373640 24.638842 6.445162 
6720.517090 1.256041 9.086662 24.829212 6.308715 
4368.085449 1.256958 9.199857 24.501663 6.257794 
4217.092773 1.257812 8.829287 24.689325 6.147766 
4940.530762 1.198735 7.850917 25.324629 5.956534 
5154.370605 1.147016 7.439250 25.553679 5.885653 
7501.248535 1.115708 7.383382 25.575874 5.769516 
5690.903809 1.099699 7.326439 25.371073 5.747397 
5219.731934 1.130788 7.212440 25.255375 5.716472 
5700.994141 1.058134 7.263710 25.085451 5.661427 
3869.239258 1.104754 7.334404 24.600824 5.706825 
4537.526855 1.051129 8.134136 23.674194 5.777270 
5445.899902 1.075398 8.867481 22.940016 5.861774 
7555.864746 1.014917 9.726680 22.183786 5.924473 
4972.338379 1.013467 9.572127 22.029579 5.888411 
4862.301270 1.008435 8.908946 22.315960 5.792872 
4940.812988 1.044461 8.602051 22.389973 5.711756 
7161.952148 0.927868 8.278434 22.440704 5.635826 
5499.451660 0.905525 7.746992 22.716913 5.518061 
5424.240723 0.882679 7.131714 23.033718 5.367806 
3613.109863 0.954492 6.451850 23.369852 5.252831 
3474.318604 0.883760 6.230381 23.472290 5.182888 
5868.475098 0.844713 6.535129 22.813551 5.176748 
5065.777832 0.825828 6.355858 22.812973 5.151390 
3639.325684 0.837104 6.243372 22.748838 5.061474 
3831.456787 0.832500 5.905034 22.822025 5.024130 
4852.540527 0.834799 5.929554 22.594992 4.974211 
4445.962891 0.851165 5.964406 22.229797 4.947011 
4252.221680 0.757056 5.759999 22.173407 4.840205 
4810.910156 0.729979 5.081739 22.719358 4.722466 
4721.153320 0.707896 4.651243 22.801582 4.640884 
4189.660156 0.703175 4.532689 22.882755 4.555263 
3915.912842 0.695354 4.844090 22.139753 4.586520 
3986.128174 0.713019 4.823018 21.984039 4.537542 
4065.658447 0.704562 4.625443 21.826559 4.529908 
5245.265137 0.645277 4.965965 21.320486 4.555038 
4911.031250 0.637070 5.290420 20.722832 4.596611 
3824.648926 0.680969 5.574059 20.331491 4.612331 
4241.773438 0.653653 5.822619 19.714197 4.660851 
2714.053223 0.694992 6.092370 19.278990 4.739588 
3531.089844 0.703686 6.834178 18.473595 4.800498 
4086.283203 0.694813 7.574734 17.501831 4.945454 
5067.911133 0.627989 8.494091 16.741623 5.060236 
3856.189453 0.642008 9.098043 16.074844 5.149076 
5356.931641 0.667397 9.891045 15.515386 5.277287 
2839.039062 0.724379 10.847832 14.731802 5.429388 
4659.940430 0.655624 12.216236 13.899654 5.513338 
3727.379150 0.691365 12.805804 13.469190 5.621878 
3759.645996 0.715592 13.608819 12.972542 5.719547 
3277.515381 0.712237 14.271011 12.392763 5.758920 
3941.367432 0.641982 14.401376 12.259121 5.780248 
4997.460449 0.613396 14.998812 11.806213 5.839849 
5199.527832 0.618619 15.443547 11.545059 5.857472 
4196.552246 0.605145 16.155991 11.098640 5.963827 
5174.101562 0.631258 17.030975 10.654049 6.013639 
4101.670898 0.618929 17.574430 10.331811 6.159072 
4557.386230 0.631749 18.354952 9.931429 6.289909 
4845.396973 0.647296 20.039816 9.389552 6.473497 
4424.286621 0.667954 21.846746 8.767717 6.742137 
3614.705566 0.733684 23.536997 8.274105 6.942878 
3857.647949 0.699381 25.409189 7.754598 7.277483 
3864.003174 0.740003 27.894468 7.173800 7.625912 
4871.395996 0.721461 30.928453 6.558416 8.009226 
5851.222656 0.761942 33.772305 6.027619 8.505617 
5175.261719 0.807967 37.458702 5.442068 9.123066 
4566.502930 0.866724 42.356239 4.759646 9.815989 
3948.588135 0.943497 48.097847 4.066579 10.744671 
7236.389648 0.977591 53.258312 3.533947 11.551148 
4685.829102 1.041586 57.281319 3.148269 12.362169 
5386.117676 1.083726 61.771835 2.733622 13.075083 
6092.915527 1.114786 65.974640 2.397878 13.760586 
4410.839844 1.206337 68.991440 2.109880 14.569579 
6528.977051 1.233578 72.551247 1.757488 15.379021 
7570.794922 1.279408 75.793930 1.393728 16.464680 
10095.104492 1.339068 78.116386 1.070935 17.511135 
9671.196289 1.407045 80.149788 0.791056 18.351057 
5294.510742 1.517871 80.980141 0.597344 19.109699 
7591.632324 1.458205 82.130547 0.423411 20.032495 
8918.148438 1.514493 81.598175 0.234014 20.726622 
8134.121094 1.571954 80.524872 0.098191 21.949444 
8982.068359 1.627121 77.597221 0.004872 23.272474 
9373.595703 1.705985 72.776436 0.065769 25.279776 
9099.516602 1.836794 64.891464 0.473888 27.543993 
8059.645508 1.963367 56.505959 1.521600 30.338598 
9302.870117 2.073327 48.021679 3.514126 34.108353 
12899.148438 2.200517 36.633522 7.976574 38.561508 
7358.943848 2.353107 24.526943 16.123625 45.324375 
10323.511719 2.508629 12.018534 36.109459 54.737568 
11814.629883 2.710784 3.173305 82.364555 70.964081 
11452.651367 3.052738 0.134152 264.334778 105.600746 
9266.070312 3.299708 1.409862 634.415161 155.101089 
7491.578125 3.727468 0.477427 1958.117554 263.980927 
13764.549805 4.222690 14.792763 8530.421875 546.027832 
14004.470703 4.868472 286.742645 50991.855469 1237.693115 
9418.921875 5.725648 2270.493652 60574884954112.000000 13534234.000000 
6022.098633 30.319723 691.313171 121748.414062 1965.441284 
3561.625488 83.372314 204.201233 32746.435547 1082.899414 
2203.934082 165.121460 52.835297 13403.496094 601.499207 
987.742188 259.953796 11.717620 6388.761230 434.786469 
776.303345 422.984039 4.258223 2851.232666 288.959717 
1339.869019 624.934875 2.019291 1595.597168 191.737061 
8161.550781 2048.343262 1.394358 976.284668 161.013962 
21268.330078 3519.067383 0.782895 639.164917 135.748642 
13444.154297 1715.215576 0.625327 491.804779 123.407410 
6963.377441 1284.687500 0.686419 365.151520 115.983566 
67896.187500 5728.814941 0.187730 252.982544 100.270164 
34806.640625 2804.728271 0.068741 195.805511 91.644318 
68570.203125 4371.384766 0.036349 143.933044 82.053596 
53239.589844 3009.960449 0.138083 109.502853 77.019814 
113007.773438 4971.159180 0.184311 92.351288 73.348602 
175442.437500 8348.269531 0.311460 75.064606 69.827805 
269210.187500 14153.852539 0.245341 60.096539 67.902908 
152074.359375 9697.971680 0.373477 53.384933 68.123680 
164808.140625 6234.905762 1.362718 38.945133 59.870392 
89384.031250 9293.013672 1.058698 37.812302 61.994717 
217110.328125 9610.019531 2.188549 32.403168 59.165573 
146530.062500 6214.776855 3.009940 24.962835 55.193512 
342520.781250 13392.815430 1.674280 21.588116 57.722534 
253991.578125 13714.310547 1.297468 20.998484 57.733265 
266392.562500 9552.442383 1.830124 19.535824 57.251160 
163381.843750 10551.812500 1.117390 16.445038 57.083332 
120914.062500 6306.147461 1.153644 14.485929 54.514046 
233433.125000 12272.890625 1.032317 13.578051 56.567104 
