Episode: 1: [[0.2 0.2 0.2 0.2 0.2]] 
Episode: 2: [[0.1999     0.1999     0.1999     0.20009999 0.2001    ]] 
Episode: 3: [[0.19979994 0.19979995 0.19980009 0.20019658 0.2001999 ]] 
Episode: 4: [[0.19970089 0.19970083 0.19970074 0.20028949 0.2002993 ]] 
Episode: 5: [[0.1996229  0.19962658 0.19964622 0.20037228 0.2003527 ]] 
Episode: 6: [[0.19953763 0.19954392 0.19957773 0.20045224 0.20042038]] 
Episode: 7: [[0.19944768 0.19945572 0.19949895 0.20053023 0.2004986 ]] 
Episode: 8: [[0.19935533 0.19936495 0.19941685 0.20061299 0.20058022]] 
Episode: 9: [[0.1992601  0.19927086 0.19932912 0.2006943  0.2006676 ]] 
Episode: 10: [[0.19916268 0.19917426 0.19923718 0.20077987 0.20075929]] 
Episode: 11: [[0.19907264 0.1990863  0.19916028 0.2008701  0.20083717]] 
Episode: 12: [[0.19898006 0.19899504 0.19907631 0.20096423 0.20092173]] 
Episode: 13: [[0.19893114 0.1989461  0.19902736 0.20101318 0.20097065]] 
Episode: 14: [[0.19888686 0.1989018  0.19898304 0.2010575  0.20101495]] 
Episode: 15: [[0.19884537 0.19886035 0.19894172 0.20109951 0.2010563 ]] 
Episode: 16: [[0.19878396 0.19879895 0.1988804  0.2011612  0.20111763]] 
Episode: 17: [[0.19871338 0.19872831 0.19880958 0.201231   0.20118842]] 
Episode: 18: [[0.19864902 0.1986639  0.19874507 0.2012948  0.20125291]] 
Episode: 19: [[0.1985738  0.19858898 0.19867127 0.2013711  0.20132716]] 
Episode: 20: [[0.19849358 0.1985088  0.19859126 0.20144837 0.2014074 ]] 
Episode: 21: [[0.19841744 0.19843286 0.19851612 0.20152321 0.20148304]] 
Episode: 22: [[0.19833845 0.19835445 0.19844    0.20160383 0.20156029]] 
Episode: 23: [[0.19825625 0.19827269 0.19835971 0.20168486 0.2016415 ]] 
Episode: 24: [[0.19816858 0.19818598 0.19827752 0.20177492 0.20172596]] 
Episode: 25: [[0.19807555 0.19809404 0.1981906  0.20187151 0.20181523]] 
Episode: 26: [[0.19797583 0.19799559 0.19809932 0.20197399 0.20191012]] 
Episode: 27: [[0.19787532 0.19789599 0.1980054  0.20207526 0.20200694]] 
Episode: 28: [[0.19777276 0.19779456 0.19791089 0.20218025 0.2021049 ]] 
Episode: 29: [[0.19767451 0.19769716 0.19781892 0.2022785  0.20219976]] 
Episode: 30: [[0.1975783  0.19760163 0.19772792 0.20237339 0.20229329]] 
Episode: 31: [[0.19748506 0.19750887 0.19763848 0.20246303 0.20238486]] 
Episode: 32: [[0.19739126 0.19741589 0.19755062 0.20255585 0.20247565]] 
Episode: 33: [[0.19729877 0.19732408 0.19746338 0.20264679 0.20256555]] 
Episode: 34: [[0.19720927 0.19723506 0.1973778  0.20273316 0.2026533 ]] 
Episode: 35: [[0.19712465 0.19715068 0.1972955  0.20281342 0.20273705]] 
Episode: 36: [[0.19704336 0.19706923 0.19721542 0.20289066 0.2028179 ]] 
Episode: 37: [[0.19696452 0.19699004 0.19713679 0.20296445 0.20289692]] 
Episode: 38: [[0.19688919 0.19691436 0.19706121 0.20303434 0.2029727 ]] 
Episode: 39: [[0.19681518 0.19683991 0.19698666 0.2031027  0.20304734]] 
Episode: 40: [[0.19674467 0.19676906 0.19691558 0.20316717 0.20311859]] 
Episode: 41: [[0.19667563 0.19670013 0.19684747 0.20323214 0.20318733]] 
Episode: 42: [[0.19659868 0.19662295 0.19677019 0.20330441 0.20326455]] 
Episode: 43: [[0.19651812 0.19654183 0.19668823 0.20337957 0.20334594]] 
Episode: 44: [[0.19644012 0.19646338 0.19660954 0.20345375 0.20342422]] 
Episode: 45: [[0.19636868 0.19639182 0.19653834 0.20352252 0.20349535]] 
Episode: 46: [[0.19629426 0.19631712 0.19646388 0.20359495 0.20356943]] 
Episode: 47: [[0.19622208 0.19624506 0.19639339 0.20366676 0.2036403 ]] 
Episode: 48: [[0.19618684 0.19621062 0.1963646  0.20371254 0.20367071]] 
Episode: 49: [[0.19615553 0.19618018 0.19634129 0.2037572  0.20369616]] 
Episode: 50: [[0.19615708 0.19618338 0.19635339 0.20377547 0.20368698]] 
Episode: 51: [[0.19615476 0.19618282 0.19636169 0.20379688 0.20368172]] 
Episode: 52: [[0.19615106 0.19618073 0.19636771 0.20381808 0.20367844]] 
Episode: 53: [[0.19614191 0.19617376 0.19636963 0.20384555 0.20367976]] 
Episode: 54: [[0.19613156 0.19616494 0.19636913 0.20387447 0.20368281]] 
Episode: 55: [[0.19611931 0.19615416 0.19636644 0.20390455 0.20368797]] 
Episode: 56: [[0.19610366 0.19614021 0.19636048 0.20393738 0.20369649]] 
Episode: 57: [[0.19608322 0.19612172 0.1963506  0.20397522 0.20370936]] 
Episode: 58: [[0.19605756 0.19609772 0.19633408 0.20401628 0.2037283 ]] 
Episode: 59: [[0.19602315 0.19606489 0.19630839 0.20406516 0.20375623]] 
Episode: 60: [[0.19598751 0.1960306  0.19628064 0.20411459 0.2037858 ]] 
Episode: 61: [[0.19594541 0.19598922 0.19624443 0.20416953 0.20382278]] 
Episode: 62: [[0.19589435 0.1959388  0.19619948 0.20423323 0.20386863]] 
Episode: 63: [[0.1958401  0.19588476 0.19615    0.20429906 0.20391838]] 
Episode: 64: [[0.19578588 0.19583099 0.1961016  0.20436496 0.20396772]] 
Episode: 65: [[0.19572751 0.1957729  0.1960478  0.20443353 0.20402189]] 
Episode: 66: [[0.19566715 0.19571267 0.19599134 0.20450343 0.2040784 ]] 
Episode: 67: [[0.19560494 0.19565046 0.1959331  0.2045758  0.20413665]] 
Episode: 68: [[0.1955453  0.1955903  0.19587561 0.20464501 0.20419319]] 
Episode: 69: [[0.19548094 0.19552536 0.19581464 0.20472026 0.20425381]] 
Episode: 70: [[0.1954159  0.19545878 0.19575238 0.20479837 0.20431517]] 
Episode: 71: [[0.19534864 0.19539087 0.19569048 0.20487967 0.20437746]] 
Episode: 72: [[0.19528103 0.19532248 0.19562836 0.20496328 0.20443963]] 
Episode: 73: [[0.19521391 0.1952551  0.19556814 0.20504656 0.20450068]] 
Episode: 74: [[0.19514959 0.19519067 0.19551055 0.20512702 0.20455894]] 
Episode: 75: [[0.1951302  0.1951707  0.1954968  0.20516352 0.20457317]] 
Episode: 76: [[0.1951021  0.19514185 0.19547583 0.20520952 0.20459552]] 
Episode: 77: [[0.19506781 0.19510685 0.1954486  0.20526262 0.20462377]] 
Episode: 78: [[0.19502954 0.195068   0.19541876 0.20532066 0.20465532]] 
Episode: 79: [[0.19500366 0.1950417  0.19540125 0.20536706 0.2046744 ]] 
Episode: 80: [[0.19498555 0.19502342 0.19539353 0.20540881 0.20468445]] 
Episode: 81: [[0.19496319 0.19500133 0.19538316 0.20545468 0.20469813]] 
Episode: 82: [[0.1949493  0.19498818 0.19538085 0.20549056 0.20470367]] 
Episode: 83: [[0.19492729 0.19496702 0.19537042 0.20553474 0.20471713]] 
Episode: 84: [[0.19491936 0.19496025 0.19537403 0.20556551 0.2047164 ]] 
Episode: 85: [[0.19490339 0.19494554 0.19537058 0.20560463 0.20472324]] 
Episode: 86: [[0.19488034 0.19492316 0.19535889 0.2056499  0.20473786]] 
Episode: 87: [[0.19484891 0.1948919  0.19533792 0.20570429 0.20476101]] 
Episode: 88: [[0.19481975 0.19486167 0.1953155  0.20575377 0.20478402]] 
Episode: 89: [[0.19478582 0.19482678 0.19528894 0.20580852 0.20481141]] 
Episode: 90: [[0.19475487 0.19479488 0.19526413 0.20585875 0.2048365 ]] 
Episode: 91: [[0.19472058 0.19475897 0.19523418 0.20591196 0.20486574]] 
Episode: 92: [[0.1946752  0.19471198 0.19519268 0.20597608 0.20490609]] 
Episode: 93: [[0.19462869 0.19466363 0.1951492  0.20604056 0.20494807]] 
Episode: 94: [[0.19458055 0.19461401 0.19510499 0.20610657 0.20499127]] 
Episode: 95: [[0.19453429 0.19456644 0.19506271 0.20616968 0.20503275]] 
Episode: 96: [[0.19449076 0.19452171 0.19502334 0.20622897 0.20507169]] 
Episode: 97: [[0.1944465  0.19447608 0.19498241 0.20628938 0.20511155]] 
Episode: 98: [[0.19439995 0.19442895 0.19494165 0.206354   0.20515221]] 
Episode: 99: [[0.19435014 0.19437864 0.19489838 0.20642257 0.20519571]] 
Episode: 100: [[0.19430465 0.19433253 0.19485827 0.20648624 0.20523542]] 
Episode: 101: [[0.19425872 0.19428599 0.19481811 0.2065506  0.20527537]] 
Episode: 102: [[0.1942134  0.19423962 0.1947769  0.2066139  0.20531546]] 
Episode: 103: [[0.19416419 0.1941893  0.19473217 0.20668173 0.20535916]] 
Episode: 104: [[0.19412498 0.19414856 0.19469516 0.20673794 0.20539412]] 
Episode: 105: [[0.19408059 0.19410351 0.19465527 0.20679986 0.20543309]] 
Episode: 106: [[0.19404934 0.19407165 0.19462939 0.20684998 0.2054585 ]] 
Episode: 107: [[0.19400877 0.19403072 0.19459532 0.2069107  0.20549242]] 
Episode: 108: [[0.19396217 0.19398418 0.19455747 0.20697801 0.20553137]] 
Episode: 109: [[0.1939173  0.19393961 0.19452175 0.20704278 0.20556858]] 
Episode: 110: [[0.19387072 0.1938937  0.19448556 0.20710965 0.20560691]] 
Episode: 111: [[0.19382313 0.19384667 0.19444834 0.20717712 0.20564637]] 
Episode: 112: [[0.19377235 0.19379708 0.19440883 0.20724772 0.20568848]] 
Episode: 113: [[0.19372015 0.1937453  0.19436632 0.20731978 0.20573272]] 
Episode: 114: [[0.19367851 0.19370413 0.1943342  0.2073808  0.20576666]] 
Episode: 115: [[0.19363593 0.19366221 0.19430116 0.20744194 0.20580164]] 
Episode: 116: [[0.1935849  0.19361198 0.19426163 0.20751388 0.20584378]] 
Episode: 117: [[0.1935288  0.19355714 0.19421905 0.20759279 0.20588972]] 
Episode: 118: [[0.19347526 0.19350465 0.1941777  0.2076686  0.20593369]] 
Episode: 119: [[0.19343844 0.19346783 0.1941507  0.20772785 0.20596218]] 
Episode: 120: [[0.1934016  0.19343092 0.19412398 0.20778741 0.20599057]] 
Episode: 121: [[0.19335893 0.19338846 0.1940924  0.20785359 0.20602413]] 
Episode: 122: [[0.19331221 0.19334225 0.1940582  0.20792437 0.20606104]] 
Episode: 123: [[0.19327086 0.19330055 0.1940261  0.20798822 0.20609425]] 
Episode: 124: [[0.19322693 0.19325694 0.19399358 0.20805515 0.206129  ]] 
Episode: 125: [[0.19317482 0.19320528 0.19395465 0.20813291 0.20617062]] 
Episode: 126: [[0.19324727 0.19327699 0.19402851 0.2080667  0.20609665]] 
Episode: 127: [[0.19331108 0.19333984 0.19409296 0.20800947 0.20603149]] 
Episode: 128: [[0.19336616 0.19339386 0.19414844 0.20796062 0.20597523]] 
Episode: 129: [[0.1934102  0.1934368  0.19419335 0.20792364 0.20592964]] 
Episode: 130: [[0.19345154 0.19347687 0.19423498 0.20788914 0.20588702]] 
Episode: 131: [[0.19348574 0.19351001 0.19426988 0.20786186 0.2058513 ]] 
Episode: 132: [[0.19351347 0.19353665 0.19429801 0.20784058 0.20582224]] 
Episode: 133: [[0.19353451 0.19355625 0.19431834 0.20782639 0.20580019]] 
Episode: 134: [[0.19355276 0.19357313 0.19433573 0.20781438 0.20578109]] 
Episode: 135: [[0.19356917 0.19358812 0.19435063 0.20780358 0.20576419]] 
Episode: 136: [[0.19358364 0.193601   0.19436277 0.2077944  0.2057496 ]] 
Episode: 137: [[0.1935929  0.19360885 0.19437036 0.2077904  0.20573995]] 
Episode: 138: [[0.19359872 0.19361311 0.1943736  0.20778918 0.20573422]] 
Episode: 139: [[0.1936017  0.19361453 0.19437394 0.20779072 0.20573136]] 
Episode: 140: [[0.19360207 0.19361378 0.19437273 0.20779483 0.20573063]] 
Episode: 141: [[0.19359784 0.19360843 0.1943671  0.2078035  0.20573446]] 
Episode: 142: [[0.19359094 0.19359998 0.19435745 0.20781425 0.20574166]] 
Episode: 143: [[0.1935805  0.19358812 0.19434501 0.20782937 0.20575191]] 
Episode: 144: [[0.19356585 0.1935714  0.19432738 0.20784937 0.2057667 ]] 
Episode: 145: [[0.19354734 0.19355097 0.19430637 0.20787312 0.20578517]] 
Episode: 146: [[0.19352628 0.1935278  0.19428222 0.20789933 0.20580645]] 
Episode: 147: [[0.19350465 0.193504   0.1942575  0.20792641 0.20582825]] 
Episode: 148: [[0.19348231 0.1934799  0.19423334 0.20795453 0.20585015]] 
Episode: 149: [[0.19345829 0.19345418 0.19420719 0.20798352 0.20587401]] 
Episode: 150: [[0.19343239 0.19342667 0.1941793  0.20801422 0.2058997 ]] 
Episode: 151: [[0.19340558 0.1933979  0.19414912 0.2080452  0.20592698]] 
Episode: 152: [[0.19337782 0.19336803 0.19411758 0.20807667 0.20595554]] 
Episode: 153: [[0.19335064 0.1933387  0.1940862  0.20810771 0.20598358]] 
Episode: 154: [[0.19332428 0.19331022 0.19405563 0.20813777 0.20601085]] 
Episode: 155: [[0.19329192 0.19327575 0.1940206  0.20817584 0.20604312]] 
Episode: 156: [[0.19325969 0.1932413  0.19398512 0.20821391 0.20607543]] 
Episode: 157: [[0.19322988 0.19320922 0.19395176 0.20824906 0.20610557]] 
Episode: 158: [[0.19319807 0.1931753  0.19391708 0.2082865  0.20613737]] 
Episode: 159: [[0.19316113 0.1931367  0.19387987 0.20833065 0.20617296]] 
Episode: 160: [[0.19312695 0.19310102 0.19384515 0.20837124 0.20620604]] 
Episode: 161: [[0.1930958  0.19306858 0.19381346 0.20840792 0.20623623]] 
Episode: 162: [[0.19306129 0.19303311 0.19377953 0.20844871 0.20626913]] 
Episode: 163: [[0.1930252  0.19299558 0.19374217 0.20849152 0.20630415]] 
Episode: 164: [[0.19298807 0.19295682 0.19370332 0.20853527 0.20634045]] 
Episode: 165: [[0.19295071 0.19291778 0.19366415 0.20857947 0.20637695]] 
Episode: 166: [[0.19292274 0.19288772 0.19363362 0.20861389 0.2064046 ]] 
Episode: 167: [[0.19289857 0.19286142 0.19360656 0.20864414 0.20642866]] 
Episode: 168: [[0.19287556 0.19283634 0.19358087 0.20867291 0.20645158]] 
Episode: 169: [[0.19284913 0.19280775 0.19355185 0.20870548 0.20647784]] 
Episode: 170: [[0.19282322 0.19277975 0.19352324 0.20873728 0.20650363]] 
Episode: 171: [[0.19279665 0.19275105 0.19349356 0.20876972 0.20653021]] 
Episode: 172: [[0.19277272 0.19272493 0.19346625 0.20879914 0.20655437]] 
Episode: 173: [[0.19274774 0.19269802 0.19343871 0.20882992 0.20657913]] 
Episode: 174: [[0.19272654 0.19267529 0.1934156  0.20885648 0.20659992]] 
Episode: 175: [[0.19270433 0.19265147 0.1933916  0.2088844  0.20662162]] 
Episode: 176: [[0.1926803  0.19262572 0.19336592 0.20891473 0.20664498]] 
Episode: 177: [[0.19265205 0.19259599 0.19333737 0.20895094 0.20667163]] 
Episode: 178: [[0.19262153 0.19256435 0.19330753 0.20898975 0.2067    ]] 
Episode: 179: [[0.19259453 0.1925356  0.19327843 0.20902441 0.20672604]] 
Episode: 180: [[0.19257027 0.19250974 0.1932526  0.20905583 0.2067493 ]] 
Episode: 181: [[0.19254239 0.19248043 0.19322424 0.20909184 0.20677553]] 
Episode: 182: [[0.19251731 0.19245426 0.19319944 0.20912461 0.20679873]] 
Episode: 183: [[0.19250771 0.19244327 0.19318853 0.2091416  0.20680715]] 
Episode: 184: [[0.192492   0.19242632 0.193173   0.20916605 0.20682083]] 
Episode: 185: [[0.19248024 0.19241351 0.19316278 0.2091872  0.20682997]] 
Episode: 186: [[0.19246733 0.19239902 0.1931498  0.20920962 0.20684084]] 
Episode: 187: [[0.19245856 0.19238853 0.1931402  0.20922694 0.20684814]] 
Episode: 188: [[0.19244656 0.19237514 0.19312856 0.20924753 0.20685819]] 
Episode: 189: [[0.19243163 0.19235858 0.1931134  0.2092712  0.20687136]] 
Episode: 190: [[0.19241624 0.1923417  0.19309816 0.20929523 0.20688486]] 
Episode: 191: [[0.19240205 0.19232602 0.1930829  0.20931712 0.20689774]] 
Episode: 192: [[0.1923873  0.19230974 0.19306734 0.2093396  0.20691113]] 
Episode: 193: [[0.19237208 0.19229281 0.19305111 0.20936221 0.20692521]] 
Episode: 194: [[0.19235933 0.19227853 0.19303729 0.20938161 0.20693699]] 
Episode: 195: [[0.19234724 0.19226496 0.19302385 0.20939997 0.20694827]] 
Episode: 196: [[0.19233643 0.1922524  0.19300914 0.20941603 0.20695932]] 
Episode: 197: [[0.19232604 0.19224046 0.19299531 0.20943125 0.20696987]] 
Episode: 198: [[0.19231471 0.19222756 0.1929811  0.20944835 0.20698096]] 
Episode: 199: [[0.19230174 0.19221298 0.19296563 0.20946757 0.20699346]] 
Episode: 200: [[0.19228485 0.19219488 0.19294813 0.20949179 0.2070089 ]] 
Episode: 201: [[0.19226918 0.1921782  0.19293225 0.2095144  0.20702304]] 
Episode: 202: [[0.19225402 0.19216198 0.1929168  0.20953618 0.20703681]] 
Episode: 203: [[0.19224362 0.19215053 0.19290592 0.20955278 0.20704599]] 
Episode: 204: [[0.19222769 0.19213349 0.19289072 0.20957662 0.20705992]] 
Episode: 205: [[0.19220878 0.19211361 0.1928737  0.20960455 0.20707613]] 
Episode: 206: [[0.19219026 0.19209424 0.19285713 0.20963159 0.20709203]] 
Episode: 207: [[0.19217268 0.19207595 0.19284144 0.20965733 0.20710705]] 
Episode: 208: [[0.19215703 0.19205958 0.1928271  0.20968024 0.20712055]] 
Episode: 209: [[0.19214188 0.19204389 0.19281352 0.20970225 0.20713353]] 
Episode: 210: [[0.19212662 0.19202791 0.1927995  0.20972422 0.20714682]] 
Episode: 211: [[0.19211009 0.19201103 0.19278544 0.20974754 0.20716088]] 
Episode: 212: [[0.19209205 0.19199266 0.19277003 0.20977254 0.20717633]] 
Episode: 213: [[0.19208105 0.19198072 0.19275846 0.20978904 0.20718628]] 
Episode: 214: [[0.19206986 0.19196819 0.1927456  0.20980595 0.20719682]] 
Episode: 215: [[0.19205269 0.19195041 0.19273037 0.20983107 0.2072114 ]] 
Episode: 216: [[0.19202615 0.19192362 0.19270842 0.20986815 0.20723374]] 
Episode: 217: [[0.19199249 0.1918898  0.19268072 0.20991422 0.20726223]] 
Episode: 218: [[0.19195603 0.19185321 0.19265056 0.20996371 0.20729323]] 
Episode: 219: [[0.19192176 0.1918188  0.19262199 0.21001025 0.2073224 ]] 
Episode: 220: [[0.19188605 0.19178243 0.19259019 0.21005833 0.20735368]] 
Episode: 221: [[0.19186078 0.19175641 0.19256718 0.21009456 0.20737544]] 
Episode: 222: [[0.19183591 0.19173099 0.19254479 0.21012959 0.20739688]] 
Episode: 223: [[0.19180986 0.19170439 0.19252151 0.21016598 0.20741937]] 
Episode: 224: [[0.19178578 0.19167987 0.19250013 0.21019956 0.20744011]] 
Episode: 225: [[0.19177298 0.19166653 0.19248892 0.21022083 0.20745023]] 
Episode: 226: [[0.19177152 0.19166449 0.19248922 0.2102305  0.20744911]] 
Episode: 227: [[0.1917652  0.1916574  0.19248424 0.2102455  0.20745288]] 
Episode: 228: [[0.1917556  0.19164684 0.19247563 0.21026397 0.20746005]] 
Episode: 229: [[0.19174889 0.19163916 0.19246908 0.21027865 0.20746481]] 
Episode: 230: [[0.19175552 0.19164428 0.1924739  0.21027917 0.20745727]] 
Episode: 231: [[0.19175713 0.19164465 0.19247493 0.21028492 0.20745425]] 
Episode: 232: [[0.19175202 0.19163884 0.19247177 0.21029882 0.2074566 ]] 
Episode: 233: [[0.19174239 0.19162849 0.19246422 0.21031803 0.2074632 ]] 
Episode: 234: [[0.19173145 0.1916172  0.19245689 0.2103385  0.20747057]] 
Episode: 235: [[0.19171984 0.19160528 0.19244851 0.21035886 0.2074789 ]] 
Episode: 236: [[0.1917082  0.19159354 0.19244015 0.2103785  0.20748736]] 
Episode: 237: [[0.19170101 0.19158532 0.1924322  0.21039185 0.2074934 ]] 
Episode: 238: [[0.19168878 0.1915723  0.19242062 0.21041138 0.20750365]] 
Episode: 239: [[0.19168259 0.19156536 0.19241458 0.21042405 0.20750822]] 
Episode: 240: [[0.19167893 0.1915607  0.19241063 0.21043369 0.20751067]] 
Episode: 241: [[0.19167347 0.19155449 0.19240583 0.21044534 0.20751448]] 
Episode: 242: [[0.19165806 0.19153853 0.19239382 0.21046986 0.20752655]] 
Episode: 243: [[0.19164003 0.19151966 0.1923777  0.21049695 0.20754176]] 
Episode: 244: [[0.19162603 0.19150472 0.19236495 0.21051894 0.20755349]] 
Episode: 245: [[0.1916131  0.19149107 0.19235359 0.21053927 0.20756413]] 
Episode: 246: [[0.1915994  0.19147663 0.1923416  0.2105602  0.20757556]] 
Episode: 247: [[0.19158347 0.19145998 0.19232741 0.21058345 0.20758916]] 
Episode: 248: [[0.1915656  0.19144127 0.1923104  0.2106084  0.20760505]] 
Episode: 249: [[0.19154641 0.19142115 0.1922918  0.21063451 0.20762241]] 
Episode: 250: [[0.19152425 0.19139849 0.19227259 0.21066488 0.20764156]] 
Episode: 251: [[0.19150631 0.19138013 0.19225623 0.2106894  0.20765729]] 
Episode: 252: [[0.19148636 0.19135961 0.19223695 0.21071568 0.2076754 ]] 
Episode: 253: [[0.1914652  0.19133781 0.1922165  0.210743   0.20769477]] 
Episode: 254: [[0.19143836 0.19131036 0.19219223 0.21077871 0.2077185 ]] 
Episode: 255: [[0.19141072 0.19128124 0.19216454 0.21081549 0.20774403]] 
Episode: 256: [[0.19138536 0.1912541  0.19213782 0.21084927 0.20776798]] 
Episode: 257: [[0.1913563  0.19122332 0.19210796 0.21088742 0.20779523]] 
Episode: 258: [[0.19132186 0.19118777 0.19207585 0.21093325 0.2078261 ]] 
Episode: 259: [[0.19129413 0.19115895 0.19204985 0.21097152 0.20785066]] 
Episode: 260: [[0.19127242 0.19113629 0.19203015 0.21100283 0.2078694 ]] 
Episode: 261: [[0.191263   0.19112563 0.19202197 0.21102117 0.20787641]] 
Episode: 262: [[0.1912473  0.19110842 0.1920072  0.2110474  0.20788941]] 
Episode: 263: [[0.19123048 0.19108991 0.19198957 0.21107367 0.20790435]] 
Episode: 264: [[0.19121516 0.19107322 0.19197325 0.21109715 0.20791808]] 
Episode: 265: [[0.19121002 0.1910671  0.1919678  0.21110922 0.20792168]] 
Episode: 266: [[0.19120201 0.19105817 0.19196035 0.21112506 0.20792761]] 
Episode: 267: [[0.19119026 0.19104548 0.19194955 0.21114509 0.20793706]] 
Episode: 268: [[0.19118029 0.19103439 0.19193998 0.21116303 0.20794505]] 
Episode: 269: [[0.19116886 0.19102126 0.19192663 0.21118231 0.20795538]] 
Episode: 270: [[0.19115467 0.19100566 0.1919122  0.2112056  0.20796752]] 
Episode: 271: [[0.19114007 0.19098847 0.19189273 0.21122882 0.20798194]] 
Episode: 272: [[0.19113007 0.19097601 0.19187786 0.21124658 0.20799197]] 
Episode: 273: [[0.1911224  0.19096558 0.1918647  0.21126208 0.20799996]] 
Episode: 274: [[0.19111608 0.19095664 0.19185314 0.2112756  0.20800665]] 
Episode: 275: [[0.19110797 0.19094603 0.19184014 0.21129076 0.20801504]] 
Episode: 276: [[0.1911016  0.19093725 0.19182861 0.21130352 0.20802191]] 
Episode: 277: [[0.1910883  0.19092192 0.19181308 0.21132553 0.20803407]] 
Episode: 278: [[0.19108416 0.19091569 0.19180538 0.21133742 0.20803776]] 
Episode: 279: [[0.19108063 0.19090986 0.19179702 0.21134779 0.20804153]] 
Episode: 280: [[0.19106899 0.1908963  0.19178277 0.21136835 0.20805201]] 
Episode: 281: [[0.1910557  0.190881   0.19176646 0.21139053 0.2080643 ]] 
Episode: 282: [[0.191041   0.1908638  0.19174665 0.21141356 0.20807892]] 
Episode: 283: [[0.19102763 0.19084814 0.19172844 0.21143451 0.20809226]] 
Episode: 284: [[0.19100885 0.19082692 0.19170591 0.2114627  0.20811023]] 
Episode: 285: [[0.19099176 0.1908074  0.19168474 0.21148852 0.20812681]] 
Episode: 286: [[0.19097865 0.19079211 0.1916674  0.21150954 0.2081396 ]] 
Episode: 287: [[0.19096552 0.19077696 0.19165055 0.21153013 0.20815232]] 
Episode: 288: [[0.19094536 0.19075485 0.19162835 0.21155977 0.208171  ]] 
Episode: 289: [[0.19091949 0.19072717 0.19160178 0.21159664 0.2081945 ]] 
Episode: 290: [[0.19089374 0.19069973 0.19157568 0.21163301 0.20821783]] 
Episode: 291: [[0.1908676  0.19067174 0.19154885 0.21166983 0.2082417 ]] 
Episode: 292: [[0.19084233 0.19064456 0.19152223 0.21170515 0.2082651 ]] 
Episode: 293: [[0.1908191  0.19061959 0.19149803 0.21173793 0.20828643]] 
Episode: 294: [[0.19079216 0.19059104 0.19147159 0.21177553 0.2083107 ]] 
Episode: 295: [[0.19076517 0.19056197 0.19144243 0.21181266 0.20833604]] 
Episode: 296: [[0.19074059 0.19053441 0.19141218 0.21184646 0.20836058]] 
Episode: 297: [[0.19072488 0.19051544 0.19138971 0.21187031 0.20837702]] 
Episode: 298: [[0.19071046 0.19049811 0.19136997 0.21189307 0.20839159]] 
Episode: 299: [[0.19069265 0.1904779  0.19135691 0.211926   0.20840472]] 
Episode: 300: [[0.19066387 0.19044763 0.19133833 0.2119737  0.20842579]] 
Episode: 301: [[0.19063722 0.19041973 0.19132121 0.21201767 0.2084453 ]] 
Episode: 302: [[0.19061735 0.19039817 0.19130704 0.2120524  0.20845996]] 
Episode: 303: [[0.19059688 0.19037604 0.19129212 0.21208726 0.20847538]] 
Episode: 304: [[0.19057885 0.19035643 0.19127883 0.21211828 0.20848897]] 
Episode: 305: [[0.19056894 0.1903446  0.19127081 0.21213943 0.20849589]] 
Episode: 306: [[0.19056761 0.19034056 0.19126539 0.21214905 0.208497  ]] 
Episode: 307: [[0.19057216 0.1903429  0.19126599 0.2121514  0.20849243]] 
Episode: 308: [[0.19057517 0.190344   0.19126587 0.212155   0.20848912]] 
Episode: 309: [[0.19057822 0.19034536 0.19126599 0.21215819 0.20848574]] 
Episode: 310: [[0.19057627 0.19034167 0.1912614  0.21216744 0.20848696]] 
Episode: 311: [[0.19057554 0.19033866 0.19125678 0.21217574 0.20848745]] 
Episode: 312: [[0.1905733  0.19033392 0.1912498  0.21218525 0.20848985]] 
Episode: 313: [[0.19056728 0.19032529 0.19123986 0.21219935 0.20849562]] 
Episode: 314: [[0.19055836 0.19031383 0.19122714 0.21221666 0.20850411]] 
Episode: 315: [[0.19055097 0.19030368 0.19121403 0.21223122 0.20851204]] 
Episode: 316: [[0.19053885 0.19028893 0.19119765 0.21225183 0.20852384]] 
Episode: 317: [[0.19052193 0.1902698  0.19117896 0.21227905 0.20853904]] 
Episode: 318: [[0.1905192  0.19026393 0.19116849 0.21229005 0.20854266]] 
Episode: 319: [[0.19051571 0.19025816 0.19115964 0.21230192 0.208546  ]] 
Episode: 320: [[0.19051236 0.19025283 0.19115174 0.21231295 0.20854908]] 
Episode: 321: [[0.19050625 0.19024508 0.19114223 0.21232674 0.20855445]] 
Episode: 322: [[0.19049712 0.19023436 0.19112988 0.21234305 0.2085629 ]] 
Episode: 323: [[0.1904889  0.19022475 0.19111866 0.21235754 0.20857058]] 
Episode: 324: [[0.19048317 0.1902175  0.19110918 0.21236873 0.20857629]] 
Episode: 325: [[0.1904739  0.19020686 0.19109726 0.21238442 0.20858486]] 
Episode: 326: [[0.19046192 0.19019352 0.19108315 0.21240304 0.20859593]] 
Episode: 327: [[0.19044779 0.19017817 0.19106804 0.21242484 0.20860848]] 
Episode: 328: [[0.1904293  0.19015819 0.19104801 0.21245229 0.20862524]] 
Episode: 329: [[0.1904126  0.19013982 0.19102894 0.21247734 0.20864071]] 
Episode: 330: [[0.19039743 0.19012311 0.19101126 0.21249999 0.20865488]] 
Episode: 331: [[0.19037679 0.19010167 0.19099204 0.21252999 0.20867258]] 
Episode: 332: [[0.19035183 0.19007608 0.19096968 0.21256624 0.20869362]] 
Episode: 333: [[0.19032411 0.19004785 0.19094494 0.2126059  0.20871705]] 
Episode: 334: [[0.19029756 0.19002078 0.19092044 0.21264286 0.20874   ]] 
Episode: 335: [[0.19026995 0.18999249 0.19089407 0.2126809  0.20876428]] 
Episode: 336: [[0.19023669 0.18995863 0.19086304 0.21272644 0.20879334]] 
Episode: 337: [[0.19020875 0.18992965 0.1908349  0.2127649  0.20881847]] 
Episode: 338: [[0.1901756  0.18989544 0.19080393 0.21281074 0.20884751]] 
Episode: 339: [[0.19013906 0.18985814 0.19077219 0.21286179 0.20887856]] 
Episode: 340: [[0.19010288 0.18982142 0.19074103 0.21291207 0.20890923]] 
Episode: 341: [[0.19006747 0.18978536 0.19070993 0.21296085 0.20893957]] 
Episode: 342: [[0.19003405 0.18975146 0.19068095 0.2130069  0.20896806]] 
Episode: 343: [[0.18999684 0.18971327 0.19064794 0.21305875 0.20899999]] 
Episode: 344: [[0.18995419 0.18966934 0.1906102  0.21311852 0.20903651]] 
Episode: 345: [[0.1899152  0.18962926 0.19057588 0.21317294 0.2090699 ]] 
Episode: 346: [[0.18988407 0.18959604 0.19054373 0.21321721 0.20909806]] 
Episode: 347: [[0.1898532  0.18956317 0.19051248 0.21326175 0.2091256 ]] 
Episode: 348: [[0.18982977 0.18953724 0.1904867  0.21329701 0.20914704]] 
Episode: 349: [[0.18981294 0.18951808 0.19046725 0.21332498 0.2091621 ]] 
Episode: 350: [[0.1898038  0.18950702 0.19045301 0.2133423  0.20917086]] 
Episode: 351: [[0.18981951 0.1895191  0.1904507  0.21332826 0.20916092]] 
Episode: 352: [[0.18983649 0.1895324  0.19044977 0.21331228 0.20914994]] 
Episode: 353: [[0.18985723 0.18955007 0.19045521 0.21329163 0.20913455]] 
Episode: 354: [[0.18988082 0.18956997 0.19046082 0.21326667 0.20911776]] 
Episode: 355: [[0.1899054  0.1895911  0.190468   0.21324013 0.20909989]] 
Episode: 356: [[0.1899254  0.18960778 0.19047092 0.21321893 0.20908621]] 
Episode: 357: [[0.18993853 0.18961757 0.19046858 0.21320778 0.20907798]] 
Episode: 358: [[0.18995708 0.18963198 0.1904682  0.21319021 0.20906591]] 
Episode: 359: [[0.18996783 0.18963863 0.19046246 0.2131836  0.20906   ]] 
Episode: 360: [[0.18997648 0.18964358 0.19045629 0.21317884 0.20905563]] 
Episode: 361: [[0.18998368 0.18964727 0.19044982 0.21317557 0.20905232]] 
Episode: 362: [[0.18998267 0.18964253 0.19043563 0.21318291 0.20905642]] 
Episode: 363: [[0.18998154 0.18963785 0.19042207 0.21319    0.20906048]] 
Episode: 364: [[0.18998043 0.1896332  0.1904052  0.2131951  0.20906594]] 
Episode: 365: [[0.1899793  0.18962876 0.19038871 0.21319985 0.20907134]] 
Episode: 366: [[0.18997458 0.18962102 0.1903713  0.21320958 0.20907907]] 
Episode: 367: [[0.18996106 0.18960536 0.19035095 0.2132317  0.20909254]] 
Episode: 368: [[0.18994297 0.18958494 0.19032627 0.21325849 0.20911056]] 
Episode: 369: [[0.18991962 0.18955964 0.19029956 0.21329297 0.20913206]] 
Episode: 370: [[0.18989801 0.18953612 0.19027434 0.21332447 0.20915225]] 
Episode: 371: [[0.18987252 0.18950833 0.19024411 0.21336071 0.20917651]] 
Episode: 372: [[0.1898536  0.18948604 0.19021614 0.21338826 0.2091965 ]] 
Episode: 373: [[0.18983425 0.18946376 0.19018954 0.21341617 0.20921624]] 
Episode: 374: [[0.18981369 0.18944037 0.19016226 0.21344566 0.2092369 ]] 
Episode: 375: [[0.18979457 0.18941885 0.1901378  0.21347323 0.20925574]] 
Episode: 376: [[0.1897771  0.1893993  0.19011505 0.21349813 0.20927308]] 
Episode: 377: [[0.18975714 0.18937737 0.19009037 0.21352644 0.20929243]] 
Episode: 378: [[0.18974137 0.18935919 0.190068   0.21354942 0.20930864]] 
Episode: 379: [[0.18971635 0.18933298 0.19004306 0.21358489 0.20933077]] 
Episode: 380: [[0.18969488 0.1893102  0.19002062 0.21361557 0.20935008]] 
Episode: 381: [[0.189676   0.18928987 0.18999977 0.21364266 0.20936744]] 
Episode: 382: [[0.18965827 0.1892705  0.18997972 0.21366824 0.20938396]] 
Episode: 383: [[0.18963857 0.18924938 0.1899591  0.21369615 0.20940188]] 
Episode: 384: [[0.18962003 0.18922952 0.1899394  0.21372257 0.20941874]] 
Episode: 385: [[0.18960284 0.18921112 0.1899205  0.21374725 0.20943448]] 
Episode: 386: [[0.18960017 0.18920667 0.18991122 0.21375382 0.2094384 ]] 
Episode: 387: [[0.18960023 0.18920487 0.18990386 0.213757   0.20944005]] 
Episode: 388: [[0.18961236 0.18921477 0.18990503 0.21374582 0.20943148]] 
Episode: 389: [[0.1896279  0.18922803 0.18990901 0.21373034 0.20941998]] 
Episode: 390: [[0.18964042 0.1892385  0.18991216 0.21371798 0.20941079]] 
Episode: 391: [[0.18965684 0.18925244 0.18991588 0.21370023 0.20939922]] 
Episode: 392: [[0.18967329 0.18926664 0.18991697 0.21368125 0.20938855]] 
Episode: 393: [[0.18967833 0.18926987 0.18991084 0.21367803 0.2093866 ]] 
Episode: 394: [[0.18967657 0.1892667  0.18990126 0.21368411 0.20938958]] 
Episode: 395: [[0.18967605 0.18926458 0.18989147 0.21368784 0.20939215]] 
Episode: 396: [[0.18967143 0.18925868 0.18987909 0.21369624 0.20939806]] 
Episode: 397: [[0.18966122 0.18924756 0.18986462 0.21371242 0.20940779]] 
Episode: 398: [[0.18965195 0.18923785 0.18985209 0.2137267  0.20941643]] 
Episode: 399: [[0.18964234 0.18922791 0.18984033 0.21374121 0.20942512]] 
Episode: 400: [[0.18963194 0.18921772 0.18982951 0.21375646 0.20943391]] 
Episode: 401: [[0.18961798 0.18920398 0.18981604 0.21377654 0.20944561]] 
Episode: 402: [[0.1896039  0.18918972 0.18979919 0.21379532 0.20945887]] 
Episode: 403: [[0.18959345 0.18917944 0.18978493 0.2138089  0.20946912]] 
Episode: 404: [[0.18958026 0.18916626 0.18976758 0.21382625 0.20948192]] 
Episode: 405: [[0.18956846 0.18915448 0.18975201 0.21384186 0.20949337]] 
Episode: 406: [[0.1895546  0.18914045 0.18973443 0.21385999 0.20950677]] 
Episode: 407: [[0.18953814 0.189124   0.18971583 0.21388151 0.20952204]] 
Episode: 408: [[0.18951891 0.18910493 0.18969546 0.21390639 0.20953955]] 
Episode: 409: [[0.1894974  0.18908317 0.18967152 0.2139346  0.20955952]] 
Episode: 410: [[0.1894722  0.18905804 0.18964596 0.21396735 0.20958221]] 
Episode: 411: [[0.18944715 0.18903309 0.18962136 0.21400008 0.20960449]] 
Episode: 412: [[0.18942244 0.18900841 0.18959731 0.21403238 0.20962644]] 
Episode: 413: [[0.18939358 0.18898004 0.18957241 0.21407096 0.2096508 ]] 
Episode: 414: [[0.18936372 0.18895046 0.18954581 0.21411079 0.20967634]] 
Episode: 415: [[0.18933041 0.18891786 0.18951839 0.21415453 0.20970431]] 
Episode: 416: [[0.18930757 0.18889514 0.18949883 0.21418576 0.20972346]] 
Episode: 417: [[0.18929136 0.18887852 0.1894842  0.21420944 0.20973699]] 
Episode: 418: [[0.1892662  0.18885364 0.18946667 0.21424618 0.20975624]] 
Episode: 419: [[0.18924057 0.18882859 0.18944915 0.2142831  0.2097758 ]] 
Episode: 420: [[0.18921635 0.1888049  0.18943286 0.21431798 0.20979424]] 
Episode: 421: [[0.18919387 0.18878296 0.1894179  0.21435024 0.20981131]] 
Episode: 422: [[0.1891646  0.1887544  0.18939857 0.2143923  0.20983349]] 
Episode: 423: [[0.18914066 0.1887312  0.18938392 0.21442746 0.20985101]] 
Episode: 424: [[0.1891279  0.18871824 0.18937671 0.21444921 0.20985952]] 
Episode: 425: [[0.18912207 0.18871239 0.18937533 0.21446283 0.20986173]] 
Episode: 426: [[0.18911578 0.18870567 0.18937165 0.21447676 0.20986508]] 
Episode: 427: [[0.18910034 0.18869035 0.18936166 0.21450283 0.20987558]] 
Episode: 428: [[0.18908341 0.18867351 0.18934958 0.2145303  0.20988776]] 
Episode: 429: [[0.18907048 0.18866035 0.18934004 0.2145523  0.20989695]] 
Episode: 430: [[0.18905114 0.18864098 0.18932632 0.21458377 0.20991087]] 
Episode: 431: [[0.1890368  0.18862586 0.18931471 0.21460913 0.20992126]] 
Episode: 432: [[0.18902116 0.18860963 0.18930212 0.21463566 0.20993282]] 
Episode: 433: [[0.1890078  0.18859564 0.1892914  0.21465887 0.20994256]] 
Episode: 434: [[0.18899535 0.18858261 0.18928054 0.21468033 0.20995192]] 
Episode: 435: [[0.18898062 0.18856807 0.18926921 0.21470386 0.20996277]] 
Episode: 436: [[0.18896778 0.18855546 0.18925998 0.21472496 0.20997186]] 
Episode: 437: [[0.18895465 0.18854252 0.18924995 0.21474607 0.20998147]] 
Episode: 438: [[0.18894146 0.18852946 0.18923882 0.214767   0.2099915 ]] 
Episode: 439: [[0.18892549 0.18851405 0.18922704 0.2147912  0.21000339]] 
Episode: 440: [[0.18891178 0.18850085 0.18921708 0.21481185 0.2100136 ]] 
Episode: 441: [[0.18889229 0.18848242 0.18920535 0.21484089 0.21002744]] 
Episode: 442: [[0.18886934 0.18846062 0.18919136 0.21487431 0.21004409]] 
Episode: 443: [[0.18884477 0.18843731 0.189176   0.21490973 0.2100621 ]] 
Episode: 444: [[0.18882725 0.18842007 0.18916276 0.21493626 0.2100754 ]] 
Episode: 445: [[0.18880664 0.18839993 0.18914725 0.21496694 0.21009111]] 
Episode: 446: [[0.18877803 0.18837208 0.1891269  0.2150081  0.21011305]] 
Episode: 447: [[0.18875757 0.18835147 0.18910961 0.2150388  0.21012934]] 
Episode: 448: [[0.1887381  0.18833204 0.18909262 0.21506746 0.21014507]] 
Episode: 449: [[0.18872243 0.18831407 0.18907267 0.2150931  0.21015957]] 
Episode: 450: [[0.1887269  0.18831518 0.18906826 0.21509498 0.21015689]] 
Episode: 451: [[0.18872593 0.18831131 0.18906148 0.21510386 0.21015812]] 
Episode: 452: [[0.18873054 0.18831319 0.18906051 0.21510595 0.21015407]] 
Episode: 453: [[0.18873772 0.18831772 0.18906221 0.21510461 0.21014768]] 
Episode: 454: [[0.18873738 0.18831548 0.18905973 0.21511336 0.21014673]] 
Episode: 455: [[0.18873218 0.18830864 0.1890533  0.21512772 0.21015   ]] 
Episode: 456: [[0.18871926 0.1882945  0.18904352 0.21515307 0.2101586 ]] 
Episode: 457: [[0.18870452 0.1882784  0.18903013 0.21518007 0.21016957]] 
Episode: 458: [[0.1886892  0.18826218 0.18901834 0.21520706 0.21018054]] 
Episode: 459: [[0.1886739  0.18824603 0.18900482 0.21523272 0.21019232]] 
Episode: 460: [[0.18866064 0.18823172 0.1889919  0.2152551  0.21020293]] 
Episode: 461: [[0.18864024 0.18821098 0.18897614 0.21528728 0.21021836]] 
Episode: 462: [[0.1886271  0.18819492 0.18895961 0.21530995 0.21023056]] 
Episode: 463: [[0.18861109 0.1881761  0.18894027 0.21533619 0.2102453 ]] 
Episode: 464: [[0.18859135 0.1881539  0.18891884 0.21536796 0.21026258]] 
Episode: 465: [[0.18857273 0.18813314 0.18889926 0.21539748 0.21027878]] 
Episode: 466: [[0.18855454 0.18811314 0.18887897 0.21542537 0.21029507]] 
Episode: 467: [[0.18853924 0.18809554 0.18885976 0.2154497  0.21030939]] 
Episode: 468: [[0.18852533 0.18807924 0.18883997 0.21547185 0.21032313]] 
Episode: 469: [[0.1885081  0.1880596  0.18881758 0.21549836 0.21033965]] 
Episode: 470: [[0.18849301 0.18804246 0.1887981  0.21552172 0.210354  ]] 
Episode: 471: [[0.18847762 0.18802556 0.18877679 0.21554387 0.21036927]] 
Episode: 472: [[0.18846196 0.18800879 0.18875585 0.21556602 0.21038455]] 
Episode: 473: [[0.18844663 0.18799202 0.18873428 0.21558799 0.21039984]] 
Episode: 474: [[0.1884285  0.18797234 0.18870988 0.21561393 0.21041758]] 
Episode: 475: [[0.18840231 0.18794523 0.18868247 0.21565132 0.21044065]] 
Episode: 476: [[0.1883773  0.18791933 0.18865557 0.21568692 0.2104629 ]] 
Episode: 477: [[0.18834709 0.18788849 0.18862629 0.21572968 0.21048884]] 
Episode: 478: [[0.18831974 0.1878606  0.18859921 0.21576828 0.21051249]] 
Episode: 479: [[0.18829474 0.18783507 0.18857445 0.2158035  0.21053416]] 
Episode: 480: [[0.1882738  0.1878147  0.18855925 0.21583281 0.2105505 ]] 
Episode: 481: [[0.1882469  0.18778868 0.18854229 0.21587126 0.21057053]] 
Episode: 482: [[0.18822294 0.18776536 0.18852447 0.21590565 0.21058907]] 
Episode: 483: [[0.18821749 0.18776008 0.18851969 0.21591684 0.21059233]] 
Episode: 484: [[0.18820804 0.1877512  0.18851249 0.21593302 0.21059865]] 
Episode: 485: [[0.18820482 0.1877485  0.18851323 0.2159415  0.21059887]] 
Episode: 486: [[0.1882019  0.18774594 0.18851331 0.21594933 0.21059924]] 
Episode: 487: [[0.18819255 0.18773744 0.1885102  0.2159659  0.21060419]] 
Episode: 488: [[0.18817689 0.18772279 0.18850172 0.21599114 0.2106143 ]] 
Episode: 489: [[0.18815808 0.18770494 0.18849005 0.21602027 0.21062732]] 
Episode: 490: [[0.18814655 0.18769433 0.18848215 0.21603963 0.21063483]] 
Episode: 491: [[0.18813904 0.18768749 0.18847673 0.21605368 0.21063927]] 
Episode: 492: [[0.18812643 0.18767585 0.1884692  0.21607488 0.2106472 ]] 
Episode: 493: [[0.18811285 0.18766302 0.1884599  0.21609725 0.21065634]] 
Episode: 494: [[0.18810186 0.18765265 0.18845233 0.21611603 0.21066353]] 
Episode: 495: [[0.18808462 0.18763617 0.1884414  0.21614422 0.21067508]] 
Episode: 496: [[0.18807219 0.18762451 0.1884332  0.21616536 0.21068309]] 
Episode: 497: [[0.18805943 0.18761209 0.1884231  0.21618652 0.21069215]] 
Episode: 498: [[0.18804802 0.18760146 0.18841432 0.21620527 0.2107    ]] 
Episode: 499: [[0.18804087 0.18759428 0.18840477 0.21621813 0.2107058 ]] 
Episode: 500: [[0.18803556 0.18758884 0.18839598 0.21622826 0.21071039]] 
