88.641586 83.383461 98.235954 84.227280 100.197456 0.000000 
95.288940 85.989189 99.087158 88.012611 100.208588 0.000000 
87.187027 78.295013 68.794418 86.344711 90.786514 0.000000 
93.389839 81.925690 84.450935 80.932899 85.285675 0.027976 
84.205025 71.106743 67.286743 76.618240 78.985710 0.000000 
87.097588 91.044853 75.154152 71.107330 73.805717 0.000000 
92.231560 89.425186 89.600998 79.486168 77.018707 0.034264 
90.182632 97.870758 90.309593 93.151695 92.484047 0.000000 
89.270638 93.541634 79.885048 89.457703 91.838051 0.000000 
91.430214 81.893898 93.545639 78.936684 78.755264 0.000000 
86.722473 89.505524 92.869034 82.461006 87.474602 0.000000 
91.912964 83.844643 84.478325 91.509483 91.918068 0.000000 
89.724182 81.297745 99.307899 76.066353 71.333290 0.019782 
90.476990 85.035309 83.836563 88.173164 72.509819 0.000000 
88.615814 86.014656 87.672058 78.813019 76.089371 0.019782 
91.872269 96.124542 100.006882 102.313614 102.595894 0.027976 
95.178307 83.020164 68.777069 69.221329 65.399429 0.000000 
84.795357 88.017365 82.837723 81.761086 71.020218 0.019782 
90.570488 69.095795 65.314880 63.154041 63.024815 0.027976 
88.862381 84.596336 89.230789 81.621368 54.243710 0.000000 
88.782471 74.963997 58.923904 57.323666 54.047810 0.000000 
88.538498 69.664330 88.498528 69.215309 58.702557 0.000000 
88.143051 70.451653 63.890312 74.411392 73.367706 0.019782 
89.685097 68.303116 58.405540 71.025841 58.896759 0.000000 
93.229858 73.060204 68.655983 72.120705 66.373955 0.000000 
90.002777 78.652634 75.718323 74.513725 65.183250 0.000000 
88.200989 72.020958 84.844490 74.135536 60.264969 0.019782 
88.032707 74.101273 68.785141 64.619049 57.631577 0.019782 
90.461075 91.427567 79.886223 79.400131 67.971786 0.000000 
91.828773 73.942284 79.986206 82.632912 60.456753 0.000000 
89.532478 73.982201 70.453514 74.960709 55.108330 0.000000 
89.639305 82.830711 75.186691 80.667313 73.694633 0.000000 
88.459656 89.384109 87.859940 88.696594 60.161484 0.000000 
85.451317 71.377144 68.265121 65.743629 59.044224 0.027976 
92.081017 91.799934 88.391914 94.764496 64.831688 0.000000 
82.911850 68.044891 73.641426 67.510162 53.018372 0.027976 
90.397079 68.565430 68.800880 63.073967 47.874825 0.000000 
91.415909 78.633896 73.018364 75.371490 43.222111 0.000000 
85.636101 66.993973 65.586121 64.657059 39.862164 0.000000 
90.318657 64.929199 57.897423 61.200279 49.663685 0.000000 
87.691719 60.739723 69.794823 62.869125 46.040424 0.019782 
90.501785 78.626884 75.318695 64.607071 41.636147 0.000000 
89.784874 91.443420 89.270599 73.394646 34.207478 0.019782 
88.377876 64.589630 53.209026 56.552784 45.309959 0.034264 
89.122849 62.714664 60.313431 56.968616 35.260647 0.000000 
86.521194 68.240509 58.926075 61.421482 51.273563 0.000000 
86.840660 62.712711 69.150482 58.636684 47.919193 0.027976 
90.684753 64.970490 71.120262 79.822411 50.615421 0.000000 
92.437538 78.837463 78.525902 69.127632 47.749313 0.019782 
83.479378 89.406151 83.893845 87.382561 52.358685 0.019782 
85.892471 73.666252 68.253830 71.048111 53.139187 0.000000 
90.225677 74.463104 67.502373 67.080971 51.427895 0.000000 
93.046318 90.782387 100.590729 88.552460 46.381638 0.019782 
83.824059 70.627502 82.366028 70.335533 55.272346 0.000000 
85.973518 75.688286 73.046112 68.664162 51.119038 0.027976 
89.065063 87.052589 81.042091 80.975945 49.112717 0.019782 
80.071716 58.615223 54.694893 60.644039 42.004810 0.000000 
85.331711 68.559425 61.614559 65.899025 43.258961 0.000000 
86.534653 71.093262 74.632431 87.625053 50.674011 0.000000 
84.641663 55.604145 54.500023 57.428703 44.989658 0.000000 
90.658691 63.808624 73.091095 64.149147 37.624737 0.000000 
91.749924 58.792740 55.795433 57.682701 40.410172 0.000000 
87.770218 80.900581 65.105247 67.567848 41.928200 0.000000 
89.692879 71.087624 65.766708 79.085449 42.560844 0.019782 
88.430206 74.353630 82.590157 78.212196 51.903023 0.019782 
93.633545 70.221771 76.657318 60.641216 53.913464 0.000000 
89.269768 89.316635 93.481659 72.590973 53.609241 0.027976 
85.764519 84.931488 75.361473 74.692787 49.910667 0.027976 
87.184578 93.960815 76.003349 75.693024 50.449314 0.000000 
89.592979 88.600914 78.813522 76.220238 54.479923 0.000000 
85.848076 66.030716 73.359825 58.278629 54.484085 0.019782 
84.971840 75.393143 69.899712 73.434860 48.836082 0.034264 
86.886726 85.114250 76.200310 62.876350 41.631718 0.000000 
91.930130 70.493706 85.020561 67.229416 46.820374 0.000000 
97.049690 89.922432 95.892128 74.707153 40.116150 0.019782 
90.727310 66.342224 58.049747 48.818043 36.097168 0.034264 
90.036430 59.755089 63.664341 58.567326 35.421230 0.000000 
92.920418 74.027946 71.870201 79.035515 33.789692 0.000000 
80.495201 77.381935 60.908134 69.082047 49.168598 0.019782 
89.977486 57.339069 58.272755 48.237736 34.268356 0.027976 
80.907471 75.386116 67.073418 72.653084 58.984077 0.027976 
89.312088 63.425041 74.080948 58.950066 37.932583 0.019782 
94.689262 76.228203 85.407112 81.839249 50.725628 0.019782 
90.775429 60.758503 67.665749 76.615128 71.322052 0.000000 
87.135025 79.757248 69.470177 71.352890 55.267265 0.000000 
85.749016 84.931274 74.032372 69.663033 42.857101 0.000000 
86.723480 78.171211 95.785805 84.382843 51.533894 0.000000 
91.616287 79.362160 83.094902 79.053726 42.872128 0.000000 
89.001396 68.849113 74.237366 81.695908 50.111286 0.000000 
88.539307 83.123619 63.439465 77.454071 43.546665 0.000000 
89.782822 71.369629 67.758316 66.935410 39.688904 0.000000 
88.090530 77.530754 77.564255 63.759056 52.122211 0.019782 
86.161057 74.269615 75.679382 67.836700 55.704273 0.000000 
90.105942 69.305222 75.348091 61.588314 53.911278 0.000000 
81.477013 76.992523 71.485291 77.349243 56.009056 0.000000 
87.731850 82.286995 82.307571 76.500618 58.585609 0.000000 
84.672211 64.439034 63.919571 65.007195 45.119648 0.027976 
84.877487 73.015167 85.843498 77.623360 39.907688 0.000000 
90.187241 83.787354 84.100914 78.370720 53.518444 0.027976 
83.382454 81.009048 77.803444 70.034607 39.622231 0.000000 
86.253326 73.096199 68.456825 65.537315 53.113663 0.019782 
85.073257 90.946442 85.685959 60.140095 42.435715 0.000000 
88.028603 73.643082 74.770164 64.738716 51.317604 0.019782 
89.833275 92.305862 69.844292 56.337063 34.550556 0.000000 
89.407883 84.179253 76.766495 57.281494 40.604389 0.027976 
86.268394 70.539970 67.386383 58.264179 31.480513 0.000000 
85.050812 69.335625 64.914108 65.059288 35.840065 0.000000 
79.366020 66.512032 72.175629 53.865372 33.461411 0.034264 
90.299530 73.793175 74.184349 62.703743 31.857491 0.027976 
84.578918 81.624313 76.731445 60.666203 38.874138 0.019782 
91.544952 70.642189 70.506554 66.811737 37.525635 0.019782 
85.378510 74.068985 84.336266 67.577812 61.126522 0.000000 
93.718925 74.009186 63.354511 61.964664 35.492218 0.000000 
90.190727 75.780350 72.853340 62.903156 39.284779 0.000000 
86.399292 89.116837 77.900642 63.590546 46.899311 0.000000 
95.448677 85.741539 88.842117 79.938538 56.044189 0.000000 
83.873421 92.220070 78.702423 86.771187 56.543720 0.019782 
93.127129 79.967918 77.614128 71.353088 52.396343 0.000000 
85.901787 81.114304 84.019371 69.369415 37.233360 0.000000 
90.206772 83.284264 90.804543 77.906174 38.298122 0.000000 
92.345642 80.952042 71.411827 69.492363 43.758709 0.000000 
88.323090 73.922585 65.773819 45.265575 29.783699 0.000000 
85.734108 73.282303 59.346855 43.411381 26.817247 0.000000 
88.905045 73.190475 54.032711 49.814278 34.474709 0.000000 
87.074471 73.185547 55.072174 40.836529 27.294012 0.000000 
93.221672 68.689423 58.614388 42.348454 22.401096 0.000000 
86.175217 63.760025 48.940681 34.905949 17.623091 0.000000 
86.585388 67.243958 60.736729 43.932186 29.970549 0.000000 
91.226784 63.538338 51.467438 35.902843 18.870071 0.019782 
92.485054 63.324158 48.613796 41.410366 26.149006 0.000000 
85.632050 51.488873 42.038494 32.947697 33.701134 0.034264 
85.813271 67.988632 71.891037 43.347736 25.638929 0.034264 
86.045715 71.173630 54.828938 38.571663 20.458775 0.027976 
90.292336 82.927086 66.269363 52.251652 19.111195 0.019782 
78.313759 59.007256 55.253258 78.621933 62.660599 0.019782 
87.141304 57.621941 37.256550 30.291830 15.014209 0.019782 
80.742294 37.858086 28.176779 25.864538 17.216536 0.000000 
87.969276 50.300186 44.317062 32.468857 14.793551 0.027976 
86.614418 59.382332 46.506435 37.243881 17.156862 0.000000 
93.365845 60.094040 50.045174 39.723209 25.498066 0.019782 
85.825104 45.750694 37.827805 26.858685 14.881278 0.019782 
87.200317 64.569687 53.743099 35.454144 15.595229 0.000000 
91.410080 57.769028 45.152298 30.452633 15.097705 0.000000 
84.995384 69.316887 48.341812 29.323568 14.132729 0.000000 
89.018776 60.258862 49.094189 31.066618 16.990751 0.000000 
83.468033 67.488113 49.204151 33.587765 16.682102 0.019782 
90.699806 65.597946 49.918125 36.668365 17.507271 0.000000 
88.663971 59.172741 52.603008 36.313473 23.029129 0.019782 
92.962006 60.101154 48.307598 37.530941 22.446899 0.000000 
89.154259 62.316925 50.330662 38.181511 20.849533 0.000000 
88.738380 75.560318 71.457649 51.149647 23.838398 0.000000 
88.750221 79.298599 67.620430 39.266628 22.788357 0.000000 
85.646553 55.764374 46.492027 31.834280 23.670679 0.000000 
87.538635 66.798805 65.610771 48.894230 34.490437 0.000000 
86.136620 73.520424 85.677727 62.430302 32.618946 0.000000 
92.487427 79.911751 63.421001 45.721077 32.182724 0.000000 
82.437752 71.811035 71.049454 55.451698 28.131645 0.027976 
89.868851 80.804977 65.746513 49.689095 30.653999 0.000000 
91.020554 82.216606 70.848801 56.268463 38.436695 0.019782 
89.766930 88.193916 88.228127 59.759483 31.907265 0.000000 
82.674789 65.387299 61.150078 56.911129 32.891830 0.027976 
86.626434 82.428719 63.454716 53.249344 26.426220 0.019782 
92.827896 84.907776 77.442673 73.402328 38.291756 0.000000 
89.490982 81.414963 66.702240 57.085773 29.079693 0.000000 
91.410919 68.309959 65.211090 41.405628 31.506113 0.000000 
85.975006 69.923981 60.577778 43.773632 22.999674 0.000000 
86.840797 59.751606 67.151482 45.808262 28.120670 0.019782 
88.551010 64.516731 65.785156 49.797302 36.059547 0.000000 
80.956062 71.042419 51.857029 40.558216 27.268747 0.019782 
90.110840 66.461456 63.299320 41.201916 20.921427 0.000000 
88.194122 71.171425 57.314972 45.647133 23.406694 0.000000 
89.056870 60.345444 42.156082 41.393288 23.538185 0.000000 
87.816971 74.258522 68.318954 42.839954 26.044701 0.000000 
90.868912 72.416161 52.442295 46.157806 25.364157 0.000000 
89.096497 87.354744 70.567894 59.453354 34.771530 0.019782 
84.333275 88.444633 77.848312 65.695671 30.125731 0.000000 
86.519882 78.643555 64.823395 54.208206 29.683659 0.019782 
84.988609 75.015549 64.087570 52.293785 38.381046 0.000000 
85.426842 66.965179 58.098423 55.504555 33.863060 0.000000 
80.620972 67.523285 63.846386 52.677303 35.755459 0.000000 
88.723045 81.238579 73.962151 65.331558 39.493999 0.000000 
83.557655 67.903961 60.937572 50.368736 36.597321 0.019782 
90.696098 88.433212 69.453011 61.007427 45.758408 0.027976 
90.726822 79.382080 73.838081 67.557518 43.113533 0.000000 
83.881119 94.953072 81.599106 55.786793 35.582233 0.027976 
85.733025 83.473694 65.839729 63.438488 43.102749 0.019782 
86.741211 80.747726 79.599464 64.303696 40.966530 0.027976 
89.699608 84.683456 82.402336 70.431496 51.974792 0.000000 
89.788284 78.783112 63.044472 64.827469 30.657225 0.000000 
84.514931 80.640671 76.453468 65.260201 34.925789 0.019782 
91.973473 63.327442 66.222931 47.634930 30.502808 0.000000 
87.540840 62.926655 59.811226 45.048443 34.712029 0.000000 
88.521515 67.458443 68.513176 62.783062 39.122543 0.000000 
88.673203 78.594025 66.558151 56.267498 39.700840 0.000000 
89.397789 66.079140 61.786186 55.836689 44.724022 0.000000 
93.056717 72.842323 69.093674 54.039890 35.371468 0.000000 
85.987183 65.820969 63.771000 51.531525 35.616364 0.000000 
88.457436 78.724426 78.288857 60.883579 46.041569 0.027976 
82.620026 74.616982 79.384132 51.240093 37.583321 0.027976 
87.921814 86.424850 72.265282 71.955879 50.815231 0.019782 
88.056618 70.380363 67.225456 57.739597 34.804348 0.000000 
88.347420 72.561783 78.376930 66.000351 43.466034 0.000000 
91.752365 80.153984 73.894409 52.111603 34.708569 0.000000 
82.916100 73.857704 78.575500 72.378746 39.889893 0.027976 
89.773750 72.436844 56.083809 51.230930 30.481405 0.034264 
85.447617 68.251091 65.754211 51.735218 32.480900 0.000000 
88.660187 68.701019 67.140892 56.271950 40.466824 0.000000 
84.258514 69.660706 70.876099 55.960457 40.986984 0.000000 
87.859283 81.764816 79.087845 62.738983 46.515137 0.034264 
87.086639 63.988853 66.586639 57.792892 35.587795 0.019782 
84.798927 77.093430 77.780090 70.322586 42.939198 0.000000 
85.362640 82.172928 69.597755 59.481522 38.596149 0.019782 
86.031601 66.470459 61.977074 54.248569 42.230968 0.019782 
94.028503 78.891106 62.393574 52.736553 41.255138 0.034264 
89.191071 69.006622 73.951317 61.963993 40.722469 0.000000 
88.009796 86.802002 69.674103 54.116619 43.744030 0.000000 
83.691223 78.773720 75.498207 58.759365 35.445568 0.000000 
92.277840 78.829071 74.575356 72.201942 42.508366 0.019782 
82.910782 67.327118 56.156410 61.015316 38.582237 0.000000 
94.073578 67.770935 51.680115 45.745819 37.233433 0.019782 
89.657936 75.633286 73.241531 75.483307 39.616524 0.000000 
82.688080 67.548347 68.777374 48.879105 42.175198 0.027976 
87.785835 86.054024 94.434601 64.848343 48.872585 0.000000 
91.844101 74.627960 64.310913 60.658916 38.457478 0.000000 
85.638214 60.519009 59.025593 58.330429 36.582130 0.027976 
87.272278 67.848312 61.732059 59.536098 35.184509 0.000000 
80.606331 64.760475 58.473835 51.353432 33.162865 0.000000 
90.534370 82.874588 75.520691 51.303062 42.903851 0.027976 
86.330521 89.540573 77.879257 65.791557 41.607491 0.019782 
93.059547 68.612305 67.824158 60.072289 34.170372 0.000000 
90.773293 86.872482 90.050064 79.410103 51.499699 0.000000 
91.679413 76.012314 74.985428 62.376156 45.890167 0.027976 
89.020065 68.810272 65.062569 60.857708 34.470547 0.000000 
89.882103 77.308968 75.057701 64.441757 40.191807 0.027976 
84.368202 73.103035 70.224701 62.397457 34.618633 0.000000 
81.618050 63.850292 49.546783 44.431297 31.767893 0.000000 
86.392342 57.649136 51.111305 54.314240 30.948313 0.000000 
85.730423 54.545265 51.782799 42.153458 29.106382 0.000000 
83.427361 50.523663 49.953697 44.963631 26.811108 0.039565 
86.949081 64.873871 68.294121 41.555725 31.437748 0.000000 
92.816467 72.509102 57.426357 47.415611 30.316793 0.027976 
90.900597 53.050529 39.576149 43.747299 24.096905 0.000000 
91.528137 57.447414 55.419891 46.665958 26.243279 0.000000 
81.606178 54.241684 68.805763 64.635353 41.187706 0.027976 
85.340813 50.790489 49.653687 41.825001 21.476660 0.000000 
84.039276 54.894527 53.425098 41.430019 26.513720 0.027976 
89.726318 59.347225 56.721832 39.158836 27.916887 0.000000 
82.997047 47.663937 41.263325 44.409103 30.157606 0.019782 
89.994629 55.199818 62.332733 43.587383 27.634741 0.019782 
78.870956 66.631737 57.608219 50.799145 21.844843 0.034264 
84.105698 51.355892 52.331219 46.944126 32.630554 0.000000 
79.899323 50.630886 49.784439 45.105339 26.074350 0.000000 
81.611626 55.964325 52.453831 52.783913 32.192398 0.000000 
87.101257 57.767540 56.945507 52.115513 34.858192 0.019782 
80.944450 53.457146 57.891006 52.944408 32.895973 0.027976 
86.737762 60.167915 53.392872 59.094597 43.812283 0.019782 
85.371529 77.523605 73.059433 68.101044 39.186794 0.000000 
85.177925 65.455200 64.645683 63.114666 29.071016 0.019782 
90.235504 77.406425 65.573914 60.699604 23.857319 0.000000 
82.520340 78.688911 73.086937 68.777618 34.758415 0.000000 
83.317619 73.953621 65.731308 59.496304 33.847775 0.019782 
82.306511 68.948189 67.125771 78.983749 44.474636 0.027976 
85.163155 66.176857 79.677826 66.041512 42.940685 0.000000 
82.820892 63.710182 65.736160 63.773308 33.090908 0.000000 
83.758873 77.270187 56.082321 79.466484 47.848484 0.000000 
88.401283 58.150116 64.365021 54.678627 40.818203 0.000000 
83.867897 71.430824 71.871544 75.240547 37.478737 0.000000 
83.983498 71.759422 67.250938 73.332451 46.280132 0.019782 
85.645905 46.382771 53.984238 49.168148 39.234707 0.034264 
85.062958 48.531033 57.576031 50.832188 34.042213 0.000000 
85.230850 57.898952 53.596584 53.495277 37.612068 0.027976 
81.663139 53.296673 62.204361 52.577049 32.144524 0.019782 
84.475388 51.995293 57.481228 50.294262 34.349297 0.000000 
76.964287 53.338081 57.093616 53.761108 32.519585 0.000000 
81.762047 74.249107 82.043030 69.148499 52.154686 0.019782 
86.338104 83.240044 72.080597 69.382263 45.876877 0.000000 
90.353302 79.056969 79.630188 63.158470 40.682388 0.000000 
87.559891 76.317467 70.849892 72.379013 48.167599 0.000000 
90.306488 73.484947 77.034721 67.693268 43.997768 0.000000 
81.950180 74.645149 69.472511 61.015121 45.460194 0.019782 
87.383469 74.178764 76.493477 73.705963 40.434902 0.000000 
85.836143 76.287315 87.777016 84.192528 40.473309 0.000000 
87.864471 72.945061 66.818329 65.304039 45.421227 0.027976 
87.602356 88.007812 82.051201 64.670410 41.045296 0.000000 
90.413582 87.167931 89.163574 69.420731 45.890263 0.027976 
89.507042 95.595581 88.315506 102.577232 54.088272 0.000000 
91.585358 75.430931 73.558617 71.779694 49.313099 0.019782 
91.925621 83.565033 78.910851 61.873222 45.272686 0.000000 
95.397072 67.614456 76.377769 65.504463 49.226124 0.000000 
86.789856 55.315689 59.692474 52.898369 37.205490 0.000000 
90.077507 67.346931 63.058388 63.206642 35.045368 0.000000 
72.586319 49.598385 47.430023 56.608196 31.219900 0.000000 
89.110352 51.577221 47.533321 47.418320 26.430601 0.000000 
80.645271 43.267605 40.903492 36.382240 25.078972 0.000000 
84.836906 49.968517 47.764812 32.729870 24.010883 0.000000 
91.912628 53.770874 47.784294 43.004429 31.954742 0.019782 
83.570793 53.888264 55.602386 44.354774 23.729771 0.034264 
83.842812 48.494240 40.375488 32.411049 21.032112 0.000000 
82.378769 57.969383 53.197296 48.242790 25.863518 0.000000 
82.884651 61.535370 61.760696 43.422371 25.462191 0.019782 
83.057549 48.027042 35.451351 29.818094 22.949697 0.000000 
82.415100 48.306705 52.636028 48.951794 21.879959 0.000000 
85.761673 48.203892 39.436352 33.812397 24.016085 0.000000 
80.163666 50.761475 46.734249 34.297443 24.816708 0.034264 
83.164825 50.756413 47.267307 42.837585 28.408615 0.019782 
83.848907 55.870800 47.947575 33.303387 20.856737 0.039565 
78.515564 63.470253 58.597187 48.816708 27.227291 0.000000 
80.855385 54.362568 50.176785 43.644833 23.634407 0.039565 
84.413414 52.857975 48.719837 38.840355 25.115156 0.019782 
76.390106 52.326668 60.289799 39.997223 22.321135 0.000000 
88.170357 69.224411 61.832420 52.196247 29.110405 0.000000 
93.478981 60.600880 67.213699 57.369064 35.003426 0.000000 
84.400970 73.569611 54.731079 42.007305 22.915009 0.027976 
89.200264 61.917324 69.518616 68.569359 51.448914 0.027976 
82.405136 52.836899 43.112755 36.980644 23.416542 0.000000 
82.372025 59.251560 39.685925 35.804958 14.448298 0.019782 
86.876801 51.362835 45.076992 35.678848 21.078835 0.027976 
75.915794 47.920799 34.856846 31.903059 12.934832 0.019782 
80.877876 50.968102 33.774075 25.345800 10.689181 0.034264 
81.166496 47.608864 43.547092 37.801903 10.564141 0.027976 
87.951454 55.876274 46.851711 34.537121 12.286119 0.000000 
84.689934 56.837608 46.159451 36.827435 16.258196 0.000000 
98.457855 68.329781 48.611897 29.336926 12.643233 0.000000 
82.029320 38.752312 24.922810 21.688866 19.213913 0.027976 
88.103882 48.671051 26.474417 22.707899 14.602503 0.039565 
80.158722 44.017845 28.466238 23.374840 10.025738 0.000000 
72.700775 44.765526 24.031610 20.450548 12.746700 0.019782 
84.316010 47.777058 29.209589 17.773085 6.973614 0.000000 
77.172112 45.209282 29.618950 22.002041 9.548287 0.000000 
77.206520 30.690575 31.262642 19.842176 8.647723 0.000000 
75.438576 40.216125 23.390095 25.049936 11.906219 0.000000 
78.573845 42.377728 30.742115 19.175615 9.870836 0.000000 
86.234138 43.476460 36.902668 36.916687 11.640023 0.000000 
90.531929 53.845024 31.830641 23.276007 15.974320 0.000000 
76.568886 43.684124 27.193935 21.763077 10.976624 0.000000 
75.116081 43.406143 34.117245 25.823093 10.112154 0.000000 
75.143211 52.481701 44.845757 35.260056 14.701131 0.000000 
77.490135 41.519283 28.991364 32.413620 11.181338 0.000000 
69.502777 28.591965 18.948044 21.951574 7.421852 0.019782 
77.545921 37.828682 37.208080 23.376528 11.344495 0.019782 
75.278145 41.627548 27.189854 27.061565 7.765084 0.000000 
73.328224 29.323343 20.344656 16.230862 9.150083 0.000000 
71.681320 30.334709 21.090235 28.159214 9.500135 0.000000 
68.920296 32.213936 35.367596 24.122839 7.540070 0.039565 
75.664177 35.371460 16.398085 18.905581 8.316942 0.000000 
71.968567 33.509430 35.452206 25.918026 11.473083 0.000000 
69.921043 31.867565 32.599045 46.859631 9.369071 0.000000 
85.636116 61.210747 54.424660 32.464077 10.420053 0.027976 
81.420570 45.169853 39.023510 27.959930 11.936258 0.000000 
87.551514 46.316360 35.436260 26.283779 11.374005 0.000000 
83.524551 52.176899 38.873123 22.994743 12.628794 0.000000 
88.653244 44.624069 39.579998 30.588505 13.966518 0.000000 
90.576462 46.566154 29.324314 26.753069 10.890648 0.027976 
87.197189 54.070652 42.204414 36.755848 14.611981 0.000000 
85.130211 45.282650 37.417843 35.884724 31.088331 0.000000 
87.446419 45.076378 42.893978 31.263741 13.423573 0.000000 
86.136063 60.606125 48.711922 30.272219 9.056467 0.019782 
84.922401 66.372139 48.664013 59.470078 29.417538 0.000000 
86.365005 58.432785 37.640602 21.592045 10.060675 0.000000 
85.863945 57.130527 42.841442 33.349331 31.269148 0.027976 
87.618378 63.463520 46.971340 32.348900 23.602974 0.027976 
85.369514 60.221943 48.439030 33.875206 16.108351 0.000000 
97.298561 55.590607 29.414467 25.841520 14.647774 0.000000 
82.386444 54.322372 43.377876 33.538193 17.345833 0.000000 
83.188919 51.468990 55.640522 39.925861 16.948418 0.000000 
90.450844 62.764954 60.393105 47.464901 31.701927 0.000000 
89.282867 55.169033 39.175121 34.269814 18.103611 0.000000 
92.777290 81.178780 57.955727 41.348938 27.323616 0.000000 
95.256340 61.841362 63.657307 54.614624 29.964949 0.000000 
92.729240 84.502975 80.532036 60.316765 26.477911 0.000000 
96.082397 81.433502 64.025116 74.116608 30.771090 0.000000 
89.479401 87.495361 64.673882 48.515018 25.665602 0.000000 
92.891899 49.712112 36.672802 39.523491 22.897625 0.000000 
82.981949 60.620205 57.192497 55.121834 33.779270 0.000000 
86.881172 53.395538 53.743725 52.264767 29.670763 0.000000 
91.044716 70.296577 56.671940 51.938179 32.331264 0.019782 
88.872879 52.373356 47.514378 40.718124 27.937304 0.000000 
80.603966 55.221043 49.286293 42.139141 33.644035 0.000000 
89.794052 54.838760 49.344994 35.846783 30.121672 0.019782 
84.009888 47.013721 43.145035 43.090683 33.004566 0.000000 
84.215408 58.947300 56.591274 46.159122 25.524796 0.000000 
89.606461 51.519081 50.018970 55.823772 41.639347 0.027976 
87.598442 53.570034 49.274967 42.724220 33.076225 0.027976 
89.455460 58.586735 55.079445 47.689175 36.298523 0.034264 
90.565796 66.526817 63.314922 51.688553 38.353077 0.000000 
98.704880 63.829411 57.044182 56.989494 44.445114 0.000000 
89.345642 70.252846 83.518127 58.008945 45.188423 0.027976 
85.315544 68.766273 85.514389 73.142868 38.605885 0.000000 
88.306473 87.485458 74.710777 73.435226 47.870880 0.000000 
92.608521 75.418968 70.702736 61.204632 44.232113 0.019782 
80.124794 62.027729 63.892838 59.276775 44.246876 0.000000 
85.738594 69.770035 73.434387 64.561447 41.956497 0.000000 
84.374557 54.210430 46.141838 45.303509 40.643398 0.000000 
78.066383 56.866512 56.100151 67.473770 30.704126 0.000000 
74.937500 41.039539 45.919075 42.759644 31.382652 0.000000 
85.004761 45.656750 42.460712 36.547737 24.943686 0.000000 
82.851212 58.925339 49.834641 41.593559 26.863419 0.019782 
91.246178 46.307285 46.021702 42.960220 26.491179 0.000000 
78.270851 49.488804 50.001282 48.972088 27.128983 0.019782 
81.703384 70.873840 54.274246 40.642555 19.637270 0.019782 
67.755730 55.793312 42.608650 69.838745 30.339909 0.000000 
88.259148 47.887821 41.116718 32.528114 18.701921 0.000000 
85.553581 57.110714 48.916092 38.465923 22.315630 0.000000 
81.467979 71.255157 68.370041 47.560692 27.790289 0.000000 
86.709755 50.669380 51.238647 39.820820 25.521063 0.034264 
81.722061 58.174984 57.207500 50.066631 28.234871 0.000000 
88.213043 64.085579 66.789764 58.263725 37.138599 0.027976 
92.711143 55.735073 51.250328 39.990032 25.805941 0.000000 
79.420822 75.743011 68.314499 53.567032 28.714928 0.000000 
83.674835 50.583389 48.551624 39.115368 26.038628 0.019782 
86.090477 80.476250 65.559189 51.314529 34.636086 0.000000 
86.883347 65.689606 71.093414 69.498192 30.826069 0.000000 
85.638336 62.863445 58.357639 46.307514 29.451710 0.000000 
87.821404 75.182266 64.235924 61.619328 26.032621 0.000000 
80.290657 58.118023 53.058666 44.282127 41.468151 0.000000 
83.232765 56.730453 55.121925 36.755024 27.044340 0.027976 
95.878685 73.093102 51.152458 45.649799 31.779598 0.000000 
84.808029 58.806107 54.391502 47.798424 26.140123 0.027976 
77.990646 49.541286 47.121372 40.456406 32.060471 0.027976 
83.612045 54.658764 59.066124 46.595959 28.345228 0.019782 
79.110634 55.967159 49.081482 36.730770 30.116823 0.019782 
85.002129 48.941116 42.953880 34.956882 31.521614 0.027976 
81.099907 42.923218 39.384254 38.146267 27.233402 0.000000 
79.269745 40.745560 35.958183 32.676590 30.052114 0.000000 
84.565536 47.088360 48.833817 35.108215 24.087133 0.019782 
69.959053 42.537674 43.760864 34.873795 23.335075 0.000000 
72.800011 40.523376 32.081528 40.785152 26.825844 0.000000 
82.299561 55.207733 46.067783 39.284599 27.450901 0.034264 
80.202911 37.035522 31.994196 44.856522 30.037197 0.000000 
88.840096 43.311558 45.169949 34.580017 25.590038 0.000000 
77.512611 63.249420 60.478031 42.043552 27.291540 0.034264 
85.814644 61.238602 59.415310 38.603405 31.601078 0.019782 
86.747078 69.358017 73.647682 52.601601 29.795706 0.000000 
80.293617 60.792011 49.374088 43.200066 21.841053 0.000000 
93.776833 70.252899 65.569237 51.867126 39.574905 0.000000 
86.619987 69.112061 66.519936 59.220627 38.623619 0.000000 
89.265869 73.758797 66.151199 50.150177 35.067905 0.019782 
85.282158 86.588905 99.349319 77.010300 44.943352 0.000000 
87.692680 80.686928 67.807884 60.996265 36.864147 0.000000 
88.512680 69.024986 63.327782 53.337120 30.930199 0.019782 
89.290039 72.868980 54.425076 40.609520 19.654306 0.000000 
85.602020 54.590950 46.086311 33.802700 24.271748 0.000000 
98.735130 60.751087 54.981464 45.556591 23.993141 0.000000 
88.595253 56.888145 53.320934 33.302868 20.211292 0.000000 
88.961311 71.820175 44.852215 52.583504 33.633347 0.027976 
79.832405 74.494034 52.045006 38.807243 40.329437 0.000000 
89.664291 73.993599 55.429367 52.352314 22.432287 0.000000 
90.205002 66.696602 51.350479 36.587009 27.459139 0.019782 
85.455193 58.601990 40.334686 27.038952 9.516055 0.019782 
86.285011 50.282619 38.704407 21.004356 10.151059 0.027976 
86.633492 64.811089 36.443718 23.360744 10.918198 0.000000 
92.408798 86.149330 71.468491 54.132824 13.636806 0.000000 
95.233772 64.546349 52.222355 42.702408 15.169388 0.019782 
87.529190 60.519409 42.668537 36.371239 15.284412 0.027976 
87.805275 68.906380 67.707726 44.812019 10.285336 0.027976 
93.110855 58.581520 50.617245 41.661465 15.121980 0.000000 
91.855957 45.219093 28.633575 23.619820 15.078313 0.019782 
83.862732 48.762562 31.990473 23.697214 16.262882 0.027976 
83.609840 45.753441 29.065357 37.890465 37.072052 0.027976 
89.961220 54.467266 41.348549 28.749849 14.526341 0.000000 
86.360283 49.025776 38.938992 39.680679 12.420067 0.000000 
91.947617 60.105389 41.240498 21.265535 12.361418 0.000000 
88.940010 63.070835 37.402416 33.529449 16.824030 0.000000 
88.156914 55.105965 49.698853 42.462254 31.832136 0.000000 
86.797562 49.928783 39.714821 31.913448 14.361882 0.000000 
92.568085 43.677902 40.798271 50.885956 30.513359 0.000000 
88.315369 41.905685 24.125093 18.557354 10.789393 0.000000 
82.302803 46.613319 28.943153 21.653381 11.034976 0.027976 
88.991417 57.020874 55.539658 44.057178 12.636617 0.000000 
84.464752 40.601791 29.958178 28.534645 10.724916 0.039565 
84.950882 48.590111 30.175634 21.119753 13.813874 0.027976 
86.219078 47.829372 40.084190 22.838289 9.196547 0.027976 
83.349510 42.160336 38.979778 34.735146 10.736562 0.000000 
84.739563 51.178852 44.231308 26.792227 9.168039 0.019782 
80.652924 34.248837 35.019222 26.750458 8.956378 0.000000 
78.977325 57.213028 55.457985 23.338909 16.358555 0.000000 
77.300072 48.924515 50.584877 21.752548 13.546038 0.044235 
77.942291 39.264393 37.531883 34.508652 12.052950 0.000000 
80.721649 38.135715 31.845692 34.668407 8.813496 0.000000 
86.014877 47.763729 47.812408 23.398897 13.836199 0.000000 
68.192795 28.706743 21.298222 15.303406 9.142347 0.019782 
82.550171 34.149616 32.433979 32.290104 11.942829 0.000000 
80.074287 41.699486 32.300144 27.787430 20.137402 0.034264 
76.982582 44.828159 38.079803 28.983974 6.705954 0.027976 
83.135216 36.410030 32.791817 29.740406 10.715497 0.039565 
83.685226 47.936581 36.339897 22.897074 9.067807 0.000000 
80.723938 36.366543 35.361099 26.490023 11.282104 0.000000 
84.206505 42.291843 34.963345 20.276077 7.857178 0.000000 
86.846031 59.692242 47.503586 36.730209 10.807786 0.000000 
90.198357 61.859406 47.472206 33.867630 13.562633 0.019782 
86.926346 48.205532 29.946917 32.679287 12.880315 0.027976 
90.614769 58.567039 46.074360 26.471636 14.693593 0.000000 
75.521721 47.082123 43.850979 40.722301 14.227442 0.039565 
93.568077 54.582653 43.774937 39.060104 9.189129 0.027976 
88.741135 53.974613 41.319370 36.583454 10.696011 0.034264 
86.914894 46.318798 41.848186 33.028267 10.889166 0.000000 
87.232292 34.611629 23.262062 20.654627 10.602926 0.039565 
84.099480 51.909039 48.320038 45.421501 24.350067 0.000000 
85.025261 59.013744 42.502220 33.061142 12.919858 0.000000 
87.929680 46.429688 36.076553 32.532326 16.331615 0.000000 
