Episode: 1: [ 0.49773556 -0.63322735 -0.4867757   0.553033    0.3410368   0.39911968
 -0.46288246] 
Episode: 2: [ 0.49873555 -0.6342273  -0.48577574  0.5540329   0.34203675  0.4001196
 -0.46388242] 
Episode: 3: [ 0.49972314 -0.6347618  -0.48495677  0.5542793   0.34301105  0.4010627
 -0.46488062] 
Episode: 4: [ 0.50037855 -0.63540745 -0.4842501   0.55492157  0.34367502  0.4017311
 -0.46554285] 
Episode: 5: [ 0.50102246 -0.636051   -0.48358825  0.55556613  0.34432253  0.40238327
 -0.46618742] 
Episode: 6: [ 0.501784   -0.6368121  -0.48280707  0.556328    0.34508795  0.40315303
 -0.46694812] 
Episode: 7: [ 0.50257194 -0.6376005  -0.48195556  0.55711883  0.3458852   0.4039628
 -0.46773025] 
Episode: 8: [ 0.5032862  -0.6383276  -0.48139974  0.5578503   0.34659228  0.40465719
 -0.46841714] 
Episode: 9: [ 0.50391763 -0.63898224 -0.48112822  0.5584937   0.34717503  0.40516058
 -0.46901125] 
Episode: 10: [ 0.5044798  -0.6395439  -0.4809114   0.5590219   0.34767854  0.40556538
 -0.46957007] 
Episode: 11: [ 0.50504315 -0.6401494  -0.48134145  0.5594915   0.34786654  0.40538558
 -0.47008315] 
Episode: 12: [ 0.50562763 -0.6407678  -0.4816568   0.5599799   0.34810096  0.4052601
 -0.47063708] 
Episode: 13: [ 0.50619256 -0.64135647 -0.4818819   0.56046474  0.34837183  0.40521267
 -0.47117698] 
Episode: 14: [ 0.50685996 -0.6420426  -0.48198172  0.56106895  0.34879655  0.4053219
 -0.47182357] 
Episode: 15: [ 0.5075299  -0.6427211  -0.4820634   0.56167144  0.3492466   0.40547058
 -0.47249252] 
Episode: 16: [ 0.5082767  -0.64347523 -0.48207644  0.5623641   0.3498065   0.4057357
 -0.47323993] 
Episode: 17: [ 0.50900906 -0.6442131  -0.48209646  0.5630374   0.35036558  0.40600792
 -0.47398466] 
Episode: 18: [ 0.5097978  -0.6450041  -0.48206738  0.56377566  0.3509992   0.40635845
 -0.47478852] 
Episode: 19: [ 0.5105813  -0.6457904  -0.4820059   0.56451595  0.35164118  0.40673015
 -0.47558436] 
Episode: 20: [ 0.51138806 -0.6465998  -0.48190263  0.56528586  0.3523223   0.40715328
 -0.47640395] 
Episode: 21: [ 0.51223296 -0.6474379  -0.4817594   0.56609803  0.3530511   0.4076329
 -0.47726658] 
Episode: 22: [ 0.51311946 -0.64831144 -0.48156905  0.5669557   0.35383615  0.4081825
 -0.47817218] 
Episode: 23: [ 0.5140229  -0.6491915  -0.48128834  0.56782347  0.35466135  0.40880126
 -0.4791116 ] 
Episode: 24: [ 0.51490223 -0.65003437 -0.48088613  0.56867605  0.35549578  0.4094679
 -0.48003823] 
Episode: 25: [ 0.5156131  -0.6507037  -0.48044112  0.56935585  0.35618377  0.41003346
 -0.48080555] 
Episode: 26: [ 0.51632315 -0.6513528  -0.4798997   0.5700353   0.35687876  0.4106146
 -0.4815835 ] 
Episode: 27: [ 0.5170792  -0.6520701  -0.4792543   0.5707677   0.3576326   0.41126758
 -0.482396  ] 
Episode: 28: [ 0.51782745 -0.6527924  -0.47860426  0.5715066   0.35838357  0.41191995
 -0.48317507] 
Episode: 29: [ 0.51852065 -0.6534416  -0.47794196  0.5721731   0.3591032   0.41257152
 -0.48392633] 
Episode: 30: [ 0.51923305 -0.65409607 -0.47724578  0.5728601   0.35985476  0.4132635
 -0.48470002] 
Episode: 31: [ 0.5199508  -0.6547613  -0.47651094  0.573548    0.36060476  0.41394693
 -0.48547968] 
Episode: 32: [ 0.5206215  -0.6553941  -0.47571146  0.5742264   0.36132425  0.4146257
 -0.48619136] 
Episode: 33: [ 0.52124435 -0.6559801  -0.47489733  0.57486296  0.36200666  0.41528893
 -0.48686156] 
Episode: 34: [ 0.52191865 -0.6566154  -0.47406623  0.57554185  0.36273763  0.41599336
 -0.48759037] 
Episode: 35: [ 0.5226147  -0.65728146 -0.47324178  0.5762551   0.36348698  0.41671547
 -0.4883336 ] 
Episode: 36: [ 0.52328485 -0.6579214  -0.47239318  0.5769555   0.36422744  0.4174462
 -0.4890462 ] 
Episode: 37: [ 0.5239472  -0.6585532  -0.47156435  0.5776451   0.36496213  0.4181743
 -0.48975027] 
Episode: 38: [ 0.5246293  -0.6592035  -0.47073933  0.578358    0.36571512  0.4189196
 -0.49047366] 
Episode: 39: [ 0.5253978  -0.6599276  -0.46994185  0.57914823  0.36654365  0.41972324
 -0.49129242] 
Episode: 40: [ 0.5262122  -0.66069776 -0.46913213  0.5799827   0.3674138   0.4205641
 -0.49215588] 
Episode: 41: [ 0.5270012  -0.6614438  -0.468307    0.5807863   0.36826342  0.42139888
 -0.4929965 ] 
Episode: 42: [ 0.52777886 -0.6621835  -0.46753603  0.58156914  0.36909413  0.42220262
 -0.4938289 ] 
Episode: 43: [ 0.5285663  -0.66293544 -0.46674418  0.58236647  0.369939    0.42302647
 -0.49466822] 
Episode: 44: [ 0.5293219  -0.6636427  -0.46604016  0.5831133   0.37073907  0.42379105
 -0.49548724] 
Episode: 45: [ 0.53008443 -0.66433525 -0.46531254  0.5838534   0.37155613  0.42458525
 -0.4963278 ] 
Episode: 46: [ 0.5307613  -0.6649414  -0.46459684  0.5845086   0.3722976   0.42532095
 -0.49707937] 
Episode: 47: [ 0.5313212  -0.6654308  -0.46390143  0.58505344  0.372945    0.42598957
 -0.49771404] 
Episode: 48: [ 0.53182936 -0.665872   -0.4631481   0.5855745   0.37355766  0.42664123
 -0.49829212] 
Episode: 49: [ 0.5323352  -0.66631985 -0.4623934   0.5860978   0.37416208  0.42728385
 -0.49885598] 
Episode: 50: [ 0.53276956 -0.6666972  -0.4616995   0.58654124  0.37468708  0.42784745
 -0.49934894] 
Episode: 51: [ 0.5331416  -0.6670003  -0.46107513  0.58689725  0.37514612  0.4283458
 -0.49979246] 
Episode: 52: [ 0.5336104  -0.667405   -0.46047056  0.5873638   0.37568462  0.42890394
 -0.5003261 ] 
Episode: 53: [ 0.53412783 -0.6678582  -0.45990837  0.5878797   0.3762622   0.42949086
 -0.50091594] 
Episode: 54: [ 0.53458005 -0.6682711  -0.45945373  0.5883111   0.37675956  0.4299756
 -0.5014324 ] 
Episode: 55: [ 0.5350798  -0.66875786 -0.4590801   0.58880585  0.37727502  0.43043944
 -0.5019689 ] 
Episode: 56: [ 0.5356524  -0.6693032  -0.45867014  0.5893665   0.37787104  0.43099147
 -0.5025787 ] 
Episode: 57: [ 0.5362109  -0.6698455  -0.45834574  0.5899134   0.37843418  0.4314937
 -0.5031739 ] 
Episode: 58: [ 0.53674024 -0.67039055 -0.45811293  0.59044677  0.37894255  0.43191516
 -0.50371426] 
Episode: 59: [ 0.53720534 -0.6708439  -0.45789245  0.5908979   0.3794006   0.43231076
 -0.5042365 ] 
Episode: 60: [ 0.53773713 -0.6713707  -0.45779604  0.5914081   0.37987992  0.43266547
 -0.50482863] 
Episode: 61: [ 0.5382444  -0.6718724  -0.4577058   0.5919062   0.38033587  0.4330028
 -0.50538826] 
Episode: 62: [ 0.5387249  -0.67234844 -0.45758134  0.5923998   0.38075227  0.43330273
 -0.5059147 ] 
Episode: 63: [ 0.53917485 -0.6728262  -0.45741805  0.59289366  0.38114333  0.43358168
 -0.50635767] 
Episode: 64: [ 0.53961796 -0.6732752  -0.45726892  0.59335685  0.3815252   0.43385237
 -0.5068214 ] 
Episode: 65: [ 0.5400042  -0.673659   -0.4571394   0.5937456   0.38185173  0.4340714
 -0.50723875] 
Episode: 66: [ 0.54033923 -0.67400056 -0.45699936  0.5940948   0.38213643  0.4342619
 -0.50758535] 
Episode: 67: [ 0.54065996 -0.67430073 -0.4568129   0.59441733  0.38242456  0.43448767
 -0.5079399 ] 
Episode: 68: [ 0.54099244 -0.6745912  -0.45657244  0.5947365   0.38274434  0.43476763
 -0.50832164] 
Episode: 69: [ 0.5414873  -0.6750371  -0.45637816  0.5952199   0.38320938  0.43515304
 -0.50886905] 
Episode: 70: [ 0.5420275  -0.6755511  -0.45618653  0.595785    0.38371465  0.4355762
 -0.50943166] 
Episode: 71: [ 0.5425828  -0.67606634 -0.45594805  0.5963579   0.38424712  0.43604308
 -0.5100177 ] 
Episode: 72: [ 0.54305    -0.67649186 -0.45575476  0.59682757  0.38469496  0.43642667
 -0.5105151 ] 
Episode: 73: [ 0.5434076  -0.6767546  -0.45554015  0.59713376  0.38505042  0.43674257
 -0.5109436 ] 
Episode: 74: [ 0.5437508  -0.67699975 -0.45532435  0.5974194   0.38539594  0.4370572
 -0.5113629 ] 
Episode: 75: [ 0.5440411  -0.6771832  -0.45512986  0.59763646  0.38569304  0.43733305
 -0.5117465 ] 
Episode: 76: [ 0.54428    -0.6773237  -0.45498762  0.5978142   0.38593626  0.4375525
 -0.51207304] 
Episode: 77: [ 0.5445564  -0.6775104  -0.45489737  0.5980435   0.386196    0.43776307
 -0.5124301 ] 
Episode: 78: [ 0.544914   -0.6776339  -0.45507622  0.5982176   0.3865153   0.43799078
 -0.5129876 ] 
Episode: 79: [ 0.5452168  -0.67770094 -0.45520848  0.59833425  0.3867888   0.43818536
 -0.51349163] 
Episode: 80: [ 0.54541326 -0.6776511  -0.45529088  0.59832823  0.3869826   0.4383404
 -0.5138982 ] 
Episode: 81: [ 0.5455276  -0.6775363  -0.45536572  0.5982637   0.38709098  0.43841955
 -0.5142042 ] 
Episode: 82: [ 0.5456145  -0.67742854 -0.45540154  0.59818727  0.38716897  0.43846545
 -0.5144556 ] 
Episode: 83: [ 0.54553384 -0.67716765 -0.45541507  0.5979477   0.38710043  0.43841332
 -0.51452905] 
Episode: 84: [ 0.5453157  -0.6767676  -0.45539328  0.59753644  0.38691655  0.4382807
 -0.514501  ] 
Episode: 85: [ 0.54509354 -0.67636627 -0.4554095   0.5971256   0.38672316  0.43813187
 -0.51446843] 
Episode: 86: [ 0.54495084 -0.6760746  -0.45542184  0.5968279   0.3865983   0.4380347
 -0.51448786] 
Episode: 87: [ 0.54495555 -0.67594683 -0.45554364  0.5967495   0.3865765   0.4379807
 -0.5146181 ] 
Episode: 88: [ 0.54501027 -0.6758041  -0.4559654   0.59668374  0.38653442  0.43781048
 -0.5148785 ] 
Episode: 89: [ 0.5451     -0.6756889  -0.4563896   0.5966668   0.38652682  0.4376714
 -0.5151658 ] 
Episode: 90: [ 0.5451922  -0.67558235 -0.45679227  0.59664226  0.38651884  0.4375314
 -0.51545924] 
Episode: 91: [ 0.5452816  -0.67547077 -0.45718357  0.5966427   0.3865047   0.4373867
 -0.5157287 ] 
Episode: 92: [ 0.5453741  -0.6753609  -0.4576366   0.59662     0.38649368  0.4372217
 -0.5159893 ] 
Episode: 93: [ 0.5455141  -0.67530274 -0.45800558  0.59663004  0.386546    0.43713638
 -0.5163076 ] 
Episode: 94: [ 0.5456662  -0.67526764 -0.45832598  0.5966564   0.3866154   0.43707773
 -0.5166366 ] 
Episode: 95: [ 0.54580843 -0.67521894 -0.45865327  0.59670573  0.38667008  0.4370119
 -0.5169435 ] 
Episode: 96: [ 0.54602224 -0.6752466  -0.45890275  0.59684986  0.3868117   0.4370484
 -0.51729965] 
Episode: 97: [ 0.5461971  -0.67520905 -0.45918676  0.59692657  0.38691762  0.4370463
 -0.5176824 ] 
Episode: 98: [ 0.5463042  -0.67510486 -0.45942235  0.5969203   0.38696983  0.4370183
 -0.51801383] 
Episode: 99: [ 0.54643786 -0.6750742  -0.45960036  0.5969515   0.38705888  0.43704155
 -0.5183275 ] 
Episode: 100: [ 0.5465472  -0.6750305  -0.4597325   0.5969731   0.38714227  0.43708247
 -0.5185969 ] 
Episode: 101: [ 0.5465908  -0.6749154  -0.4599466   0.5969011   0.3871502   0.43703142
 -0.51880664] 
Episode: 102: [ 0.5464553  -0.6745094  -0.46021786  0.5966602   0.3870045   0.43686563
 -0.5188673 ] 
Episode: 103: [ 0.5463168  -0.67406243 -0.46046686  0.5964131   0.38686028  0.4367155
 -0.51893187] 
Episode: 104: [ 0.5461741  -0.6736399  -0.4606408   0.59617734  0.38672084  0.43658036
 -0.5189707 ] 
Episode: 105: [ 0.5460897  -0.6732754  -0.46084815  0.5959993   0.38663617  0.43648762
 -0.51907015] 
Episode: 106: [ 0.54605365 -0.67297465 -0.46102345  0.5958597   0.38661233  0.43645918
 -0.51921934] 
Episode: 107: [ 0.54608506 -0.67275906 -0.46114287  0.59578615  0.386663    0.4365078
 -0.51943576] 
Episode: 108: [ 0.5461766  -0.67260426 -0.4612292   0.59576964  0.38678056  0.4366275
 -0.5197168 ] 
Episode: 109: [ 0.54630816 -0.6725387  -0.46126264  0.59581196  0.3869415   0.43678796
 -0.5200038 ] 
Episode: 110: [ 0.5464236  -0.67248243 -0.46137297  0.59584373  0.38706756  0.43688908
 -0.5202705 ] 
Episode: 111: [ 0.54649097 -0.6723834  -0.46155447  0.5958253   0.38712505  0.43691778
 -0.52048683] 
Episode: 112: [ 0.5466176  -0.67233384 -0.46176973  0.59587085  0.38723516  0.43699062
 -0.52075887] 
Episode: 113: [ 0.54675597 -0.6722869  -0.46191004  0.59592134  0.38737088  0.43710163
 -0.5210468 ] 
Episode: 114: [ 0.54679227 -0.67210364 -0.46193087  0.5958589   0.38742155  0.43714878
 -0.5212507 ] 
Episode: 115: [ 0.5468889  -0.67192656 -0.46200797  0.59582853  0.38751015  0.43721288
 -0.5215634 ] 
Episode: 116: [ 0.5470572  -0.67188686 -0.46205127  0.59589845  0.3876747   0.43734968
 -0.52190644] 
Episode: 117: [ 0.54716563 -0.6717754  -0.46203345  0.59592676  0.38779882  0.43747655
 -0.52218074] 
Episode: 118: [ 0.5472611  -0.67177266 -0.46171945  0.59599924  0.38791102  0.43756407
 -0.52237797] 
Episode: 119: [ 0.54731536 -0.6717121  -0.46144745  0.596024    0.38798532  0.43762416
 -0.5225406 ] 
Episode: 120: [ 0.5472997  -0.671421   -0.46148252  0.5960783   0.38791165  0.43749893
 -0.5226403 ] 
Episode: 121: [ 0.54735184 -0.6711516  -0.4614609   0.5961852   0.38793343  0.43750066
 -0.5228417 ] 
Episode: 122: [ 0.5474633  -0.6709634  -0.46142724  0.59636337  0.38801956  0.437561
 -0.52308124] 
Episode: 123: [ 0.5476067  -0.6708302  -0.4613864   0.5965701   0.38813806  0.43765318
 -0.5233432 ] 
Episode: 124: [ 0.5477806  -0.6707429  -0.46135002  0.5968086   0.38828596  0.43776894
 -0.52363396] 
Episode: 125: [ 0.5479483  -0.67068046 -0.46132037  0.5970296   0.38843024  0.43788248
 -0.52391547] 
Episode: 126: [ 0.548167   -0.6706739  -0.4612783   0.59726936  0.3886311   0.43805742
 -0.5242709 ] 
Episode: 127: [ 0.5483833  -0.6706919  -0.46125016  0.5974991   0.38882846  0.43822
 -0.5246053 ] 
Episode: 128: [ 0.5484835  -0.6706031  -0.461295    0.59762275  0.38887978  0.43824345
 -0.52481353] 
Episode: 129: [ 0.5485777  -0.6705324  -0.46136284  0.5977356   0.3889183   0.43824437
 -0.5250125 ] 
Episode: 130: [ 0.5486478  -0.67049325 -0.46147364  0.59784305  0.38891584  0.4381848
 -0.525147  ] 
Episode: 131: [ 0.5487095  -0.6704626  -0.46158144  0.59795034  0.38890806  0.43812126
 -0.52525705] 
Episode: 132: [ 0.5488228  -0.6704617  -0.46174523  0.598101    0.38894656  0.43807063
 -0.52543104] 
Episode: 133: [ 0.5490454  -0.6705755  -0.46192452  0.5983616   0.38908246  0.43808994
 -0.52571714] 
Episode: 134: [ 0.5493186  -0.67073834 -0.4620465   0.59866995  0.3892846   0.43818972
 -0.52605456] 
Episode: 135: [ 0.5495525  -0.67089987 -0.4621993   0.5989281   0.38944286  0.4382349
 -0.5263372 ] 
Episode: 136: [ 0.5497671  -0.67104715 -0.46233827  0.59914714  0.38959557  0.43828657
 -0.5266068 ] 
Episode: 137: [ 0.550044   -0.6712468  -0.46245137  0.5994347   0.3898185   0.43840784
 -0.5269357 ] 
Episode: 138: [ 0.55034554 -0.67152935 -0.4625887   0.59970593  0.39005396  0.43852434
 -0.5272869 ] 
Episode: 139: [ 0.55065465 -0.67182153 -0.46266267  0.60001105  0.39031172  0.43869168
 -0.52763456] 
Episode: 140: [ 0.55097145 -0.672159   -0.46274048  0.60031325  0.39058223  0.4388553
 -0.52797437] 
Episode: 141: [ 0.5512447  -0.67248255 -0.46285385  0.6005085   0.3907901   0.43893105
 -0.5282904 ] 
Episode: 142: [ 0.5515443  -0.6728545  -0.463012    0.60075575  0.39099818  0.43897158
 -0.52861553] 
Episode: 143: [ 0.55168736 -0.67304283 -0.4632359   0.6008317   0.39105913  0.43889385
 -0.5288076 ] 
Episode: 144: [ 0.5517237  -0.6731364  -0.4633986   0.6007288   0.39104623  0.43877086
 -0.52894247] 
Episode: 145: [ 0.551755   -0.6732276  -0.4635819   0.6006232   0.3910149   0.43862996
 -0.5290651 ] 
Episode: 146: [ 0.55183315 -0.6734344  -0.46379542  0.60057986  0.3910037   0.43848866
 -0.52920043] 
Episode: 147: [ 0.55183184 -0.6735701  -0.46399054  0.6004558   0.3909211   0.43830362
 -0.52925134] 
Episode: 148: [ 0.5518248  -0.6736418  -0.46415243  0.6003497   0.39084613  0.4381461
 -0.5293038 ] 
Episode: 149: [ 0.5518403  -0.6737386  -0.46428975  0.60030645  0.39079428  0.43802255
 -0.5293565 ] 
Episode: 150: [ 0.5518702  -0.67382556 -0.46438447  0.60027146  0.3907748   0.4379483
 -0.52943575] 
Episode: 151: [ 0.5520035  -0.6739278  -0.4644424   0.60034406  0.3908835   0.4380106
 -0.52965546] 
Episode: 152: [ 0.55211616 -0.6739802  -0.46456563  0.6004071   0.3909558   0.4380344
 -0.52985555] 
Episode: 153: [ 0.5522408  -0.6740244  -0.46472654  0.6004752   0.3910385   0.43806636
 -0.53008765] 
Episode: 154: [ 0.552415   -0.6741256  -0.46483257  0.6005941   0.3911966   0.43817163
 -0.5303677 ] 
Episode: 155: [ 0.5526621  -0.6742945  -0.46487963  0.60078794  0.39143294  0.43836397
 -0.53073245] 
Episode: 156: [ 0.5530144  -0.674562   -0.46488577  0.6010839   0.39178056  0.43865946
 -0.5312034 ] 
Episode: 157: [ 0.55334926 -0.6748451  -0.46489224  0.60134715  0.39211318  0.43894014
 -0.5316588 ] 
Episode: 158: [ 0.55373704 -0.67520636 -0.46499744  0.60166836  0.39246714  0.4391912
 -0.53214437] 
Episode: 159: [ 0.55407923 -0.67551327 -0.4650266   0.60191935  0.39279926  0.43944272
 -0.532603  ] 
Episode: 160: [ 0.55435556 -0.6757744  -0.4650533   0.6021102   0.39306685  0.43963888
 -0.5329914 ] 
Episode: 161: [ 0.5545017  -0.67592084 -0.4650718   0.6021488   0.3932123   0.43973866
 -0.53326154] 
Episode: 162: [ 0.55464655 -0.6761107  -0.4650274   0.6022201   0.3933576   0.43985003
 -0.53348225] 
Episode: 163: [ 0.5547336  -0.6762135  -0.46497795  0.6022423   0.39345878  0.43994656
 -0.5336462 ] 
Episode: 164: [ 0.55492777 -0.6763657  -0.46495944  0.6023443   0.39367506  0.44013917
 -0.53395027] 
Episode: 165: [ 0.55510503 -0.6765209  -0.4649006   0.6024576   0.39387074  0.4403213
 -0.53420526] 
Episode: 166: [ 0.55525666 -0.67667216 -0.4649713   0.602555    0.3940112   0.4404142
 -0.5344053 ] 
Episode: 167: [ 0.5553929  -0.6768139  -0.4650643   0.6026259   0.39413118  0.44049388
 -0.53459674] 
Episode: 168: [ 0.5555312  -0.67693204 -0.46514857  0.6026875   0.3942573   0.44058773
 -0.5348071 ] 
Episode: 169: [ 0.55567384 -0.6770553  -0.4651923   0.6027489   0.3943899   0.44068846
 -0.5350281 ] 
Episode: 170: [ 0.5557956  -0.6771527  -0.46516326  0.6028136   0.39451632  0.44080934
 -0.5352179 ] 
Episode: 171: [ 0.55586594 -0.67718875 -0.4652052   0.60280746  0.3945922   0.44087288
 -0.5353911 ] 
Episode: 172: [ 0.5560661  -0.6773544  -0.46521264  0.6029515   0.39479253  0.44103777
 -0.5356918 ] 
Episode: 173: [ 0.55614966 -0.67741424 -0.4653799   0.6029216   0.39485103  0.4410634
 -0.5358909 ] 
Episode: 174: [ 0.55622655 -0.677443   -0.46544877  0.6028866   0.39492708  0.44114015
 -0.5360975 ] 
Episode: 175: [ 0.55630845 -0.67741704 -0.46557185  0.6028485   0.39500228  0.44123313
 -0.5363442 ] 
Episode: 176: [ 0.55646527 -0.67766696 -0.46568158  0.6028423   0.39514422  0.44133857
 -0.53660834] 
Episode: 177: [ 0.5565728  -0.6778325  -0.4658374   0.6027682   0.395232    0.44139645
 -0.5368453 ] 
Episode: 178: [ 0.5566876  -0.67799914 -0.465986    0.6027213   0.3953298   0.44146347
 -0.5370753 ] 
Episode: 179: [ 0.5567765  -0.67813015 -0.46608764  0.60265726  0.39541674  0.4415307
 -0.5372684 ] 
Episode: 180: [ 0.55683213 -0.6782019  -0.4661814   0.602572    0.39548206  0.44159043
 -0.5374226 ] 
Episode: 181: [ 0.55686134 -0.6782973  -0.46628863  0.60251266  0.39551082  0.44161394
 -0.5375168 ] 
Episode: 182: [ 0.55685884 -0.67826235 -0.46663153  0.60239613  0.39544973  0.4414931
 -0.5376094 ] 
Episode: 183: [ 0.55677944 -0.67818046 -0.46691012  0.60221225  0.39532506  0.4413319
 -0.53762317] 
Episode: 184: [ 0.5566924  -0.67807245 -0.46715733  0.6020137   0.39520597  0.44119412
 -0.53765774] 
Episode: 185: [ 0.55656105 -0.6779483  -0.46733478  0.6017983   0.3950509   0.44102564
 -0.53760976] 
Episode: 186: [ 0.5564943  -0.67788863 -0.4674898   0.6016452   0.39496258  0.440911
 -0.5376257 ] 
Episode: 187: [ 0.5564721  -0.6778827  -0.46760723  0.6015651   0.39492393  0.44084403
 -0.5376676 ] 
Episode: 188: [ 0.55654293 -0.6779635  -0.46764573  0.60154694  0.39499098  0.4408797
 -0.5378322 ] 
Episode: 189: [ 0.5566612  -0.6780994  -0.46767032  0.60158503  0.39510506  0.4409553
 -0.53803694] 
Episode: 190: [ 0.5567084  -0.6782007  -0.46777686  0.60153913  0.39512885  0.44093335
 -0.53815335] 
Episode: 191: [ 0.55674404 -0.6782617  -0.4679304   0.6014652   0.39512232  0.44087338
 -0.5382601 ] 
Episode: 192: [ 0.55677366 -0.6783395  -0.46807733  0.6014124   0.39511186  0.44080177
 -0.538323  ] 
Episode: 193: [ 0.5566369  -0.6781881  -0.46839023  0.60122555  0.39490637  0.4405218
 -0.5382038 ] 
Episode: 194: [ 0.55647564 -0.67801696 -0.46872482  0.6010072   0.3946685   0.44021448
 -0.5380588 ] 
Episode: 195: [ 0.5563839  -0.6779666  -0.469244    0.6008306   0.39443395  0.4398418
 -0.53797084] 
Episode: 196: [ 0.55633986 -0.6779519  -0.46967247  0.60071236  0.39426953  0.4395584
 -0.5379371 ] 
Episode: 197: [ 0.5563512  -0.67800796 -0.47007698  0.6006348   0.39416474  0.43932784
 -0.53796744] 
Episode: 198: [ 0.5564091  -0.67811    -0.4704248   0.60059255  0.3941217   0.4391636
 -0.5380514 ] 
Episode: 199: [ 0.5565016  -0.6782333  -0.47077113  0.6005791   0.39411154  0.43902558
 -0.5381752 ] 
Episode: 200: [ 0.55664164 -0.67843866 -0.47108665  0.6006163   0.39415395  0.43892896
 -0.53832334] 
Episode: 201: [ 0.556766   -0.6786328  -0.4713575   0.6006514   0.39419076  0.43884
 -0.53844655] 
Episode: 202: [ 0.55692434 -0.6788507  -0.4715604   0.6007395   0.39427757  0.43881568
 -0.53860945] 
Episode: 203: [ 0.5571479  -0.6791282  -0.4716672   0.60089606  0.39445403  0.43890017
 -0.5388513 ] 
Episode: 204: [ 0.5573471  -0.679377   -0.4717738   0.6010135   0.3946088   0.43896902
 -0.53907883] 
Episode: 205: [ 0.5575419  -0.6796248  -0.47184256  0.60112214  0.39477235  0.43905267
 -0.5393063 ] 
Episode: 206: [ 0.5577094  -0.6798316  -0.47181252  0.60120547  0.39492756  0.43915582
 -0.5395217 ] 
Episode: 207: [ 0.55779576 -0.6799839  -0.47185886  0.6012124   0.39498636  0.4391707
 -0.53962463] 
Episode: 208: [ 0.5579484  -0.68016315 -0.47190565  0.6013238   0.39510682  0.4392453
 -0.5397965 ] 
Episode: 209: [ 0.5580774  -0.68032986 -0.47196993  0.60141456  0.3952086   0.43930694
 -0.5399417 ] 
Episode: 210: [ 0.5583588  -0.6806063  -0.47204116  0.6016085   0.3954643   0.43948004
 -0.5402728 ] 
Episode: 211: [ 0.5585902  -0.6807683  -0.47210735  0.60173404  0.39569256  0.43965727
 -0.54061145] 
Episode: 212: [ 0.5587356  -0.6809634  -0.4720679   0.60183847  0.3958428   0.43976644
 -0.5407829 ] 
Episode: 213: [ 0.55874825 -0.6810406  -0.47198966  0.6017881   0.39588138  0.43978974
 -0.5408242 ] 
Episode: 214: [ 0.55857646 -0.6809548  -0.47188708  0.6015483   0.39574772  0.43966338
 -0.540667  ] 
Episode: 215: [ 0.55835307 -0.6808186  -0.47168255  0.6012642   0.39558235  0.4395277
 -0.5404606 ] 
Episode: 216: [ 0.55823284 -0.6807532  -0.471482    0.60111773  0.39551792  0.43947846
 -0.5403552 ] 
Episode: 217: [ 0.55811507 -0.68066394 -0.4713369   0.60094625  0.39544758  0.4394166
 -0.54027665] 
Episode: 218: [ 0.55797404 -0.68054545 -0.47124606  0.6007461   0.39534196  0.4393108
 -0.5401743 ] 
Episode: 219: [ 0.557908   -0.68047595 -0.47113374  0.60060495  0.39531866  0.43928957
 -0.54018915] 
Episode: 220: [ 0.557878   -0.6804287  -0.47106874  0.60051465  0.39531302  0.43927395
 -0.5402402 ] 
Episode: 221: [ 0.5578946  -0.6804593  -0.47099614  0.6004318   0.3953557   0.43929324
 -0.5403447 ] 
Episode: 222: [ 0.55794036 -0.6804988  -0.4709121   0.6003799   0.3954315   0.43935397
 -0.540491  ] 
Episode: 223: [ 0.5579996  -0.6805638  -0.47089994  0.6003346   0.395501    0.4393994
 -0.5406513 ] 
Episode: 224: [ 0.55803376 -0.6806226  -0.4709197   0.6002834   0.3955356   0.439406
 -0.5407623 ] 
Episode: 225: [ 0.5581023  -0.6807069  -0.47093827  0.60027534  0.39560285  0.439443
 -0.5409124 ] 
Episode: 226: [ 0.5581617  -0.68077534 -0.4709818   0.6002489   0.39565045  0.439458
 -0.5410479 ] 
Episode: 227: [ 0.55824316 -0.68087316 -0.47102454  0.60021985  0.39571846  0.43948925
 -0.54121333] 
Episode: 228: [ 0.55829227 -0.6808989  -0.47113875  0.6001847   0.39573672  0.43946707
 -0.54134625] 
Episode: 229: [ 0.55838203 -0.68093526 -0.47123253  0.60020137  0.395798    0.43949157
 -0.54153055] 
Episode: 230: [ 0.55853593 -0.6810329  -0.47133484  0.6002805   0.3959231   0.43955985
 -0.54177874] 
Episode: 231: [ 0.5586523  -0.6811202  -0.4714292   0.6003233   0.39601535  0.43959948
 -0.5419733 ] 
Episode: 232: [ 0.55873895 -0.6811992  -0.47156885  0.6003219   0.3960622   0.43958306
 -0.54213345] 
Episode: 233: [ 0.5589399  -0.68125427 -0.4718111   0.60049736  0.39619642  0.43960172
 -0.5424369 ] 
Episode: 234: [ 0.5590487  -0.6811907  -0.4721215   0.60055983  0.39622092  0.43951127
 -0.54266113] 
Episode: 235: [ 0.55914503 -0.68111587 -0.47243825  0.6005912   0.39623225  0.4394092
 -0.5428826 ] 
Episode: 236: [ 0.5593338 -0.6811588 -0.4726131  0.6007     0.396366   0.4394528
 -0.5432083] 
Episode: 237: [ 0.5594814  -0.68117845 -0.47280964  0.6007833   0.3964523   0.43945134
 -0.54346895] 
Episode: 238: [ 0.55960184 -0.6811661  -0.4730073   0.6008451   0.3965092   0.43942836
 -0.54369307] 
Episode: 239: [ 0.55967736 -0.68110806 -0.47326136  0.6008648   0.3965089   0.43933555
 -0.54385906] 
Episode: 240: [ 0.5597405  -0.6810428  -0.47349095  0.60085815  0.3965038   0.43924788
 -0.54402053] 
Episode: 241: [ 0.5597666  -0.6809768  -0.47369325  0.60080063  0.39647543  0.43912902
 -0.5441086 ] 
Episode: 242: [ 0.559805   -0.6809291  -0.47397935  0.6007314   0.3964357   0.4389743
 -0.5442169 ] 
Episode: 243: [ 0.55981404 -0.6808721  -0.4744604   0.60061914  0.39628872  0.43867543
 -0.54431343] 
Episode: 244: [ 0.5598582  -0.6808653  -0.47481564  0.60054976  0.39620364  0.4384671
 -0.54445994] 
Episode: 245: [ 0.5599761 -0.680978  -0.4750711  0.6005646  0.3962135  0.4383602
 -0.544662 ] 
Episode: 246: [ 0.5600799  -0.681053   -0.4753149   0.60056823  0.39621353  0.43824735
 -0.5448617 ] 
Episode: 247: [ 0.5601757  -0.6811572  -0.47555226  0.60057     0.39620984  0.43813187
 -0.5450438 ] 
Episode: 248: [ 0.5602224  -0.6811931  -0.47586432  0.60046405  0.3961417   0.4379455
 -0.54521567] 
Episode: 249: [ 0.5602634  -0.6811913  -0.4762992   0.60040647  0.3960423   0.43768665
 -0.54535395] 
Episode: 250: [ 0.5602343  -0.6810563  -0.476798    0.6002595   0.39587674  0.43738616
 -0.5454721 ] 
Episode: 251: [ 0.56035745 -0.68107593 -0.47720775  0.60027844  0.39588892  0.43725652
 -0.5457519 ] 
Episode: 252: [ 0.560385   -0.6809834  -0.4775966   0.60023576  0.39581415  0.43704808
 -0.5458981 ] 
Episode: 253: [ 0.56043464 -0.6808679  -0.4779381   0.60019773  0.3957716   0.43689105
 -0.5461111 ] 
Episode: 254: [ 0.56056577 -0.6808424  -0.47822005  0.60025877  0.39581874  0.43681967
 -0.54640436] 
Episode: 255: [ 0.560731   -0.6808719  -0.47846264  0.60036856  0.39590353  0.4367852
 -0.54670846] 
Episode: 256: [ 0.56087077 -0.68090975 -0.47865272  0.6004506   0.3959743   0.43675238
 -0.5469666 ] 
Episode: 257: [ 0.56099606 -0.68090427 -0.47883132  0.60053396  0.39603797  0.4367273
 -0.5472112 ] 
Episode: 258: [ 0.5611651  -0.68094486 -0.4789706   0.6006499   0.39615813  0.43676123
 -0.54750377] 
Episode: 259: [ 0.5613     -0.68094784 -0.4790422   0.6007388   0.3962647   0.4368083
 -0.54776675] 
Episode: 260: [ 0.56140035 -0.68091625 -0.47905684  0.6008243   0.3963658   0.43687534
 -0.54798734] 
Episode: 261: [ 0.5614953  -0.68086874 -0.47902325  0.6008979   0.3964725   0.43697724
 -0.54822665] 
Episode: 262: [ 0.56160367 -0.6808837  -0.47897297  0.60097903  0.39659506  0.43708313
 -0.54845196] 
Episode: 263: [ 0.5618114  -0.68105394 -0.4789155   0.6011481   0.39681858  0.43725714
 -0.5487521 ] 
Episode: 264: [ 0.5620082  -0.68119955 -0.47885624  0.60130817  0.39702988  0.43743023
 -0.54904383] 
Episode: 265: [ 0.5622424  -0.68144596 -0.47874796  0.60152245  0.3972927   0.43765432
 -0.54935855] 
Episode: 266: [ 0.56243086 -0.6816262  -0.47873357  0.60161144  0.39748117  0.4378163
 -0.5496835 ] 
Episode: 267: [ 0.5625565  -0.68175083 -0.47874597  0.6016079   0.3976105   0.43793184
 -0.5499508 ] 
Episode: 268: [ 0.56254154 -0.6817303  -0.47901917  0.6014751   0.3975258   0.43779334
 -0.5500111 ] 
Episode: 269: [ 0.5625923  -0.68178636 -0.47926226  0.60141325  0.3975147   0.4377115
 -0.5501167 ] 
Episode: 270: [ 0.56262475 -0.6818178  -0.47944587  0.6013509   0.39749998  0.43764105
 -0.55020285] 
Episode: 271: [ 0.56260365 -0.6817822  -0.47959712  0.60123754  0.39744446  0.4375418
 -0.5502356 ] 
Episode: 272: [ 0.56262255 -0.68176764 -0.47964975  0.60115904  0.39745048  0.4375243
 -0.550336  ] 
Episode: 273: [ 0.5625442  -0.6816263  -0.47970542  0.6009978   0.39736423  0.4374453
 -0.5503545 ] 
Episode: 274: [ 0.5623673  -0.6813558  -0.4798921   0.60068005  0.39714843  0.4372579
 -0.5503457 ] 
Episode: 275: [ 0.5622013  -0.6811283  -0.4801311   0.60039186  0.39692023  0.43704215
 -0.5503064 ] 
Episode: 276: [ 0.56212133 -0.6809975  -0.4802774   0.60021687  0.3967946   0.4369247
 -0.5503456 ] 
Episode: 277: [ 0.56205934 -0.68090445 -0.48039752  0.6000821   0.396685    0.43681645
 -0.5503972 ] 
Episode: 278: [ 0.5619952  -0.6807821  -0.48057368  0.599957    0.39655802  0.4366882
 -0.5504434 ] 
Episode: 279: [ 0.5618781  -0.6806919  -0.4808502   0.59972304  0.396341    0.43644562
 -0.55041975] 
Episode: 280: [ 0.5617415  -0.6805707  -0.48110357  0.59946895  0.39611945  0.4362102
 -0.5503724 ] 
Episode: 281: [ 0.56167436 -0.6805036  -0.48129535  0.59932387  0.39597782  0.43605793
 -0.5503882 ] 
Episode: 282: [ 0.5616472  -0.68044907 -0.48149797  0.5990941   0.39589643  0.43597016
 -0.5505442 ] 
Episode: 283: [ 0.56161773 -0.68044966 -0.48166457  0.5989188   0.39581585  0.43586698
 -0.550625  ] 
Episode: 284: [ 0.5616388  -0.6805243  -0.4818205   0.5987901   0.39579237  0.43579733
 -0.5507518 ] 
Episode: 285: [ 0.56165236 -0.68059975 -0.4820838   0.59868205  0.39571062  0.435657
 -0.55085236] 
Episode: 286: [ 0.56168586 -0.6807111  -0.4822712   0.59863997  0.3956624   0.43556148
 -0.55094177] 
Episode: 287: [ 0.561762   -0.68080217 -0.48251858  0.5985828   0.3956589   0.43548125
 -0.55111563] 
Episode: 288: [ 0.5618681  -0.68090403 -0.4826588   0.5985645   0.39571676  0.43548498
 -0.5513315 ] 
Episode: 289: [ 0.56202805 -0.68111193 -0.48279017  0.59863573  0.39581725  0.4354919
 -0.55154514] 
Episode: 290: [ 0.5621197  -0.68129396 -0.48289847  0.59866047  0.39584556  0.4354273
 -0.5516523 ] 
Episode: 291: [ 0.56215566 -0.6814199  -0.4829543   0.59862757  0.39583376  0.4353469
 -0.551709  ] 
Episode: 292: [ 0.56217784 -0.6815251  -0.48293233  0.59858906  0.39582735  0.43529457
 -0.5517496 ] 
Episode: 293: [ 0.5623028  -0.68174267 -0.48294604  0.59865355  0.39589748  0.4352736
 -0.5518761 ] 
Episode: 294: [ 0.5623662  -0.6818905  -0.4828837   0.59868795  0.39592865  0.43524855
 -0.5519293 ] 
Episode: 295: [ 0.5623099  -0.6818938  -0.48277926  0.5986135   0.3958564   0.435184
 -0.5518842 ] 
Episode: 296: [ 0.562277   -0.6819202  -0.48265594  0.5985707   0.39581054  0.43515193
 -0.551863  ] 
Episode: 297: [ 0.5622888  -0.6819792  -0.48253906  0.59856147  0.39580902  0.43515444
 -0.5519089 ] 
Episode: 298: [ 0.56234306 -0.6820985  -0.4823981   0.59859824  0.3958573   0.43519714
 -0.5519882 ] 
Episode: 299: [ 0.56242126 -0.682248   -0.48226845  0.59868044  0.39593077  0.4352515
 -0.5520647 ] 
Episode: 300: [ 0.5626517  -0.6825274  -0.4821463   0.59886867  0.3961551   0.43543047
 -0.55235237] 
Episode: 301: [ 0.56286913 -0.682775   -0.4820346   0.59905016  0.39636827  0.43562198
 -0.55264515] 
Episode: 302: [ 0.56307817 -0.68301386 -0.48199525  0.59920156  0.3965582   0.43578523
 -0.5529389 ] 
Episode: 303: [ 0.5633135  -0.683172   -0.48205322  0.59928864  0.39675695  0.4359463
 -0.5533857 ] 
Episode: 304: [ 0.5635056  -0.6832974  -0.48211098  0.59935606  0.3969108   0.4360773
 -0.5537663 ] 
Episode: 305: [ 0.563732   -0.6834751  -0.48217276  0.59946585  0.3970935   0.43622735
 -0.55417275] 
Episode: 306: [ 0.56398267 -0.68370754 -0.48220173  0.59963477  0.3973011   0.43638858
 -0.5545552 ] 
Episode: 307: [ 0.5642449  -0.68395823 -0.48218566  0.59982383  0.39753494  0.43659577
 -0.55495363] 
Episode: 308: [ 0.56445855 -0.6841252  -0.4821479   0.5999328   0.39774042  0.43678614
 -0.55530775] 
Episode: 309: [ 0.56433636 -0.6839363  -0.4820825   0.5996495   0.39765027  0.4367527
 -0.5553695 ] 
Episode: 310: [ 0.5642631  -0.68378574 -0.48177573  0.5993839   0.3976685   0.4368314
 -0.55550736] 
Episode: 311: [ 0.56424737 -0.68369675 -0.48148948  0.5991346   0.39774245  0.43693984
 -0.55571777] 
Episode: 312: [ 0.5641437  -0.6834741  -0.48114052  0.5988416   0.39774194  0.4370346
 -0.5558406 ] 
Episode: 313: [ 0.5641262  -0.68333375 -0.4807844   0.5986228   0.39783022  0.43720865
 -0.5560659 ] 
Episode: 314: [ 0.56398076 -0.6831058  -0.48060286  0.5982904   0.39774895  0.43719578
 -0.5561076 ] 
Episode: 315: [ 0.5638435  -0.6828934  -0.48041806  0.5979946   0.39767447  0.43718773
 -0.5561285 ] 
Episode: 316: [ 0.5637151  -0.68265134 -0.48025107  0.5977056   0.3976041   0.43719897
 -0.5561999 ] 
Episode: 317: [ 0.5637369  -0.68257505 -0.48005083  0.5975762   0.3976861   0.43734315
 -0.55641913] 
Episode: 318: [ 0.5637268  -0.68252486 -0.47997084  0.59746116  0.3977076   0.4374158
 -0.5565085 ] 
Episode: 319: [ 0.5637861  -0.68260413 -0.4799186   0.59743905  0.39778697  0.43751442
 -0.556634  ] 
Episode: 320: [ 0.5638429  -0.6826917  -0.4798732   0.59743035  0.397865    0.4376038
 -0.5567332 ] 
Episode: 321: [ 0.5638673  -0.68271357 -0.47983667  0.59741837  0.39791062  0.43765202
 -0.5567804 ] 
Episode: 322: [ 0.5638434  -0.68261755 -0.47982478  0.5973188   0.3979099   0.43767533
 -0.5568424 ] 
Episode: 323: [ 0.5638061  -0.68251956 -0.47983542  0.59720856  0.39788786  0.43766978
 -0.5568852 ] 
Episode: 324: [ 0.56377447 -0.68248236 -0.47979856  0.5970914   0.39787906  0.43766788
 -0.55691904] 
Episode: 325: [ 0.56376535 -0.6825057  -0.479765    0.59702694  0.3978812   0.4376604
 -0.55694336] 
Episode: 326: [ 0.5637604  -0.68254113 -0.47971788  0.59700024  0.39788604  0.43765247
 -0.55694205] 
Episode: 327: [ 0.563762   -0.68262446 -0.47968626  0.59699106  0.39789164  0.43762612
 -0.55689996] 
Episode: 328: [ 0.56390667 -0.6828277  -0.47970536  0.5971173   0.39801812  0.43768585
 -0.55703646] 
Episode: 329: [ 0.5640334  -0.68303716 -0.4797483   0.5972455   0.39811248  0.43770304
 -0.55713546] 
Episode: 330: [ 0.5641611  -0.6832431  -0.47976306  0.5973519   0.3982169   0.43774208
 -0.5572545 ] 
Episode: 331: [ 0.5641827  -0.68332416 -0.47982642  0.59733707  0.39819682  0.43768468
 -0.5572902 ] 
Episode: 332: [ 0.56413794 -0.6833569  -0.47993642  0.5972868   0.39809346  0.43753004
 -0.55722547] 
Episode: 333: [ 0.5640853  -0.68337935 -0.48004994  0.5972536   0.39797276  0.4373681
 -0.55714285] 
Episode: 334: [ 0.5640436  -0.6833827  -0.48029605  0.5972085   0.39783534  0.4371687
 -0.55710953] 
Episode: 335: [ 0.5640192  -0.68339986 -0.4805239   0.597181    0.39772052  0.4369967
 -0.5570974 ] 
Episode: 336: [ 0.56400806 -0.6834123  -0.48074976  0.5971888   0.39762312  0.4368288
 -0.55709225] 
Episode: 337: [ 0.5640859  -0.6835322  -0.48097527  0.5972626   0.3976112   0.4367153
 -0.55718625] 
Episode: 338: [ 0.56413084 -0.683629   -0.48122957  0.59731543  0.39756036  0.4365571
 -0.5572233 ] 
Episode: 339: [ 0.56413376 -0.68366975 -0.4813658   0.5972978   0.39750868  0.43644872
 -0.55725163] 
Episode: 340: [ 0.5640661  -0.68357986 -0.48144427  0.597175    0.3974103   0.43634924
 -0.5572671 ] 
Episode: 341: [ 0.56401247 -0.6834672  -0.48150042  0.5970863   0.39733478  0.43627155
 -0.55730355] 
Episode: 342: [ 0.56402135 -0.68343705 -0.4815036   0.59705746  0.39732692  0.43625852
 -0.5574128 ] 
Episode: 343: [ 0.5640949  -0.6835468  -0.48151192  0.5971408   0.3973642   0.4362706
 -0.55750984] 
Episode: 344: [ 0.5641839  -0.68363404 -0.4814875   0.59722817  0.3974314   0.4363224
 -0.5576505 ] 
Episode: 345: [ 0.5643766  -0.6838353  -0.48156273  0.5974371   0.39757556  0.43639687
 -0.55786026] 
Episode: 346: [ 0.5646357  -0.68410707 -0.48160833  0.5977381   0.39779165  0.43654194
 -0.5581238 ] 
Episode: 347: [ 0.56488854 -0.6844161  -0.48172146  0.598015    0.39798236  0.43660626
 -0.5583609 ] 
Episode: 348: [ 0.56520826 -0.684968   -0.48197585  0.5983586   0.39817283  0.43659085
 -0.55855465] 
Episode: 349: [ 0.5654231  -0.68540025 -0.48225176  0.59855324  0.39826715  0.43651098
 -0.5586688 ] 
Episode: 350: [ 0.5656805  -0.6858659  -0.48249736  0.5987778   0.3984132   0.4364766
 -0.55884683] 
Episode: 351: [ 0.565607   -0.6859803  -0.48293367  0.5986308   0.39820787  0.43612468
 -0.55869454] 
Episode: 352: [ 0.5656164  -0.6861657  -0.48339292  0.598581    0.39808187  0.43582818
 -0.55862886] 
Episode: 353: [ 0.5655663  -0.68623483 -0.48375174  0.59846413  0.39792797  0.4355659
 -0.55854887] 
Episode: 354: [ 0.5654903  -0.6862929  -0.48412856  0.5983287   0.39774686  0.43525955
 -0.5584392 ] 
Episode: 355: [ 0.5654551  -0.68639517 -0.48447892  0.59823185  0.39761004  0.43499687
 -0.5583899 ] 
Episode: 356: [ 0.5653924  -0.6864497  -0.48479715  0.5980839   0.39745364  0.43474033
 -0.5583477 ] 
Episode: 357: [ 0.56530005 -0.6864813  -0.4850293   0.5979266   0.3972919   0.43449646
 -0.55825186] 
Episode: 358: [ 0.5652154  -0.68651235 -0.4853154   0.59779555  0.3971273   0.43423438
 -0.55813855] 
Episode: 359: [ 0.5652149  -0.6866354  -0.48565194  0.5977417   0.39702252  0.43400636
 -0.5581222 ] 
Episode: 360: [ 0.56520236 -0.6867415  -0.48598483  0.5976828   0.39690238  0.43378347
 -0.5580934 ] 
Episode: 361: [ 0.565208   -0.68686235 -0.4862304   0.5976667   0.39682278  0.43361825
 -0.55806243] 
Episode: 362: [ 0.5652934  -0.68702286 -0.48639172  0.59768754  0.39684156  0.43356982
 -0.5581693 ] 
Episode: 363: [ 0.56540394 -0.6871959  -0.4865372   0.5977601   0.39688998  0.4335542
 -0.5582996 ] 
Episode: 364: [ 0.5655293  -0.6873355  -0.4866919   0.5978109   0.39696473  0.433564
 -0.5584904 ] 
Episode: 365: [ 0.5656916  -0.68749726 -0.4867913   0.5979072   0.39708513  0.43364057
 -0.55874056] 
Episode: 366: [ 0.5657946  -0.6875571  -0.48692924  0.5979037   0.39713526  0.43366036
 -0.5589797 ] 
Episode: 367: [ 0.565874   -0.6876015  -0.4870381   0.5978895   0.39717004  0.43368086
 -0.559184  ] 
Episode: 368: [ 0.56594145 -0.6876388  -0.4871363   0.59789145  0.39719766  0.43369162
 -0.5593541 ] 
Episode: 369: [ 0.56605256 -0.68771625 -0.4871993   0.5979639   0.3972881   0.43376863
 -0.55955535] 
Episode: 370: [ 0.5660265  -0.6875994  -0.48728856  0.5978768   0.3972518   0.43376023
 -0.5596515 ] 
Episode: 371: [ 0.5659164  -0.687382   -0.48736492  0.5977499   0.3971417   0.43370432
 -0.55962557] 
Episode: 372: [ 0.5658717  -0.68725824 -0.48742467  0.59772944  0.39710072  0.43369752
 -0.5596307 ] 
Episode: 373: [ 0.5658031  -0.68712586 -0.48749292  0.5976771   0.39703462  0.43366784
 -0.5595967 ] 
Episode: 374: [ 0.5656552  -0.6869002  -0.4875586   0.59752494  0.39689705  0.43359843
 -0.55951464] 
Episode: 375: [ 0.56551915 -0.68670475 -0.48766437  0.5973846   0.39675272  0.43348575
 -0.55943966] 
Episode: 376: [ 0.56537634 -0.6865057  -0.48781115  0.59720373  0.39658532  0.43334085
 -0.5593884 ] 
Episode: 377: [ 0.5651453  -0.6862435  -0.488022    0.5970142   0.39631405  0.433055
 -0.55915695] 
Episode: 378: [ 0.5648155  -0.6857795  -0.48831478  0.5966991   0.39594823  0.43269268
 -0.5588753 ] 
Episode: 379: [ 0.56451225 -0.68536526 -0.48870447  0.5963965   0.39558473  0.4322869
 -0.55859315] 
Episode: 380: [ 0.56428814 -0.6850362  -0.489051    0.5961892   0.39530808  0.43196586
 -0.55839187] 
Episode: 381: [ 0.56412953 -0.6847842  -0.48938957  0.59603393  0.3950957   0.4316994
 -0.55826837] 
Episode: 382: [ 0.56399137 -0.68447095 -0.48968527  0.5959106   0.39492917  0.431491
 -0.5581911 ] 
Episode: 383: [ 0.5638655  -0.6841501  -0.48991936  0.5958026   0.39478686  0.4313238
 -0.5581346 ] 
Episode: 384: [ 0.563765   -0.6838724  -0.4901395   0.5957307   0.39466497  0.43117517
 -0.55809736] 
Episode: 385: [ 0.5637446  -0.68371105 -0.49032438  0.5957159   0.3946228   0.4311086
 -0.5581485 ] 
Episode: 386: [ 0.5637483  -0.6836047  -0.49045235  0.5956977   0.39460868  0.43107635
 -0.55824125] 
Episode: 387: [ 0.5637876  -0.6835486  -0.49054292  0.5957299   0.3946368   0.43108225
 -0.558356  ] 
Episode: 388: [ 0.56384563 -0.68354857 -0.49053636  0.5957943   0.39470544  0.43113407
 -0.55847406] 
Episode: 389: [ 0.56384295 -0.68350196 -0.49054477  0.5958004   0.39471492  0.43112832
 -0.5584916 ] 
Episode: 390: [ 0.56391186 -0.6834569  -0.49059764  0.5958812   0.39478424  0.43117237
 -0.5586217 ] 
Episode: 391: [ 0.5639097  -0.68336403 -0.4906815   0.5958855   0.39477     0.43113708
 -0.55866176] 
Episode: 392: [ 0.5640336  -0.6834253  -0.4910252   0.5960475   0.3948      0.43102255
 -0.5587629 ] 
Episode: 393: [ 0.5641078  -0.68348104 -0.49135974  0.596219    0.39476848  0.43084434
 -0.5587518 ] 
Episode: 394: [ 0.5640336  -0.6834395  -0.49173462  0.59621686  0.39459008  0.43050796
 -0.5585557 ] 
Episode: 395: [ 0.5640337  -0.68346494 -0.49225372  0.5962665   0.39444688  0.43015194
 -0.5584446 ] 
Episode: 396: [ 0.56398827 -0.6833862  -0.4927313   0.59624887  0.39428693  0.42984214
 -0.55835277] 
Episode: 397: [ 0.5638364  -0.68320537 -0.49321443  0.59610933  0.39402938  0.42945477
 -0.5581378 ] 
Episode: 398: [ 0.56360346 -0.6828919  -0.49365714  0.5958744   0.3937158   0.4290591
 -0.5578757 ] 
Episode: 399: [ 0.56338435 -0.68258023 -0.49406013  0.59563184  0.39342952  0.4287131
 -0.5576582 ] 
Episode: 400: [ 0.563279   -0.68239784 -0.49441716  0.5955112   0.39325592  0.42847028
 -0.5575595 ] 
Episode: 401: [ 0.5632448  -0.68231666 -0.49478337  0.5954289   0.3931456   0.42827767
 -0.5575515 ] 
Episode: 402: [ 0.5631297  -0.6821985  -0.4951516   0.59521574  0.39295763  0.42802945
 -0.55745286] 
Episode: 403: [ 0.5630564  -0.6820857  -0.49559274  0.59506446  0.39281008  0.42780015
 -0.5573806 ] 
Episode: 404: [ 0.5629015  -0.681885   -0.49597532  0.5948124   0.39260054  0.42755613
 -0.5572544 ] 
Episode: 405: [ 0.56267595 -0.68161124 -0.49626228  0.5945252   0.39234647  0.4272812
 -0.5570227 ] 
Episode: 406: [ 0.56240016 -0.68128115 -0.4964902   0.5941866   0.39206356  0.42699173
 -0.5567385 ] 
Episode: 407: [ 0.56212527 -0.6809186  -0.4968098   0.5938263   0.39174792  0.42666507
 -0.5564895 ] 
Episode: 408: [ 0.56201917 -0.6807928  -0.49712577  0.5936834   0.39158437  0.42645687
 -0.5563786 ] 
Episode: 409: [ 0.5619209  -0.68068266 -0.49739966  0.59356266  0.3914416   0.4262706
 -0.55626374] 
Episode: 410: [ 0.56184536 -0.6806258  -0.49775     0.59350926  0.3912893   0.42604214
 -0.55611676] 
Episode: 411: [ 0.56181914 -0.68067414 -0.49805775  0.5935271   0.39120066  0.42585507
 -0.5559943 ] 
Episode: 412: [ 0.5617315  -0.68060946 -0.49832126  0.5934298   0.39106718  0.42565554
 -0.55587524] 
Episode: 413: [ 0.56164056 -0.68055594 -0.49851203  0.59338     0.39094725  0.4254805
 -0.5557232 ] 
Episode: 414: [ 0.5616059  -0.68056935 -0.49867222  0.5933802   0.39088574  0.42536843
 -0.55565536] 
Episode: 415: [ 0.5615837  -0.68060446 -0.4987953   0.5934019   0.39083707  0.4252779
 -0.5555935 ] 
Episode: 416: [ 0.5615735  -0.68062854 -0.49883294  0.593435    0.3908174   0.42525262
 -0.5555724 ] 
Episode: 417: [ 0.56162655 -0.68068445 -0.4988228   0.59349763  0.39087054  0.42530227
 -0.5556617 ] 
Episode: 418: [ 0.56173956 -0.6807988  -0.4988338   0.59362704  0.3909793   0.42537427
 -0.5558012 ] 
Episode: 419: [ 0.56186074 -0.6809937  -0.49889135  0.5937378   0.39107144  0.42541295
 -0.5559304 ] 
Episode: 420: [ 0.5619036  -0.6811379  -0.4988992   0.59377927  0.39108855  0.4254191
 -0.555974  ] 
Episode: 421: [ 0.5619317  -0.6812677  -0.49888524  0.5938094   0.3910966   0.42542663
 -0.55599827] 
Episode: 422: [ 0.56200004 -0.6814165  -0.49880126  0.5938862   0.39116016  0.42549783
 -0.5560837 ] 
Episode: 423: [ 0.56202537 -0.68152606 -0.49874127  0.5939058   0.39119124  0.42554036
 -0.55612946] 
Episode: 424: [ 0.56209356 -0.68167627 -0.49878207  0.5940537   0.39126527  0.42559552
 -0.5561158 ] 
Episode: 425: [ 0.5622071  -0.6818717  -0.49878663  0.59424156  0.3913864   0.42569137
 -0.5561696 ] 
Episode: 426: [ 0.562341   -0.6821171  -0.4987517   0.5944461   0.39154077  0.4258034
 -0.55623716] 
Episode: 427: [ 0.5623386  -0.6821676  -0.49880305  0.59449273  0.39156932  0.42579022
 -0.5561973 ] 
Episode: 428: [ 0.5623518  -0.68229485 -0.4988949   0.5945486   0.39161098  0.4256845
 -0.55614346] 
Episode: 429: [ 0.5623156  -0.6823069  -0.49889714  0.5945342   0.39163238  0.42560482
 -0.5560817 ] 
Episode: 430: [ 0.5622638  -0.68235916 -0.49888763  0.5944792   0.39163807  0.42550942
 -0.55600005] 
Episode: 431: [ 0.5622247  -0.682426   -0.4988931   0.5944333   0.39164597  0.425413
 -0.5559445 ] 
Episode: 432: [ 0.56221706 -0.6825241  -0.4988132   0.59438294  0.39169762  0.42538616
 -0.55594856] 
Episode: 433: [ 0.5623117  -0.6827055  -0.4987379   0.59441155  0.39183772  0.42543486
 -0.55609816] 
Episode: 434: [ 0.5623969  -0.6828665  -0.49869177  0.59443957  0.3919557   0.42547774
 -0.55624133] 
Episode: 435: [ 0.5625189  -0.68309385 -0.49871665  0.5945508   0.3920866   0.42550448
 -0.5563792 ] 
Episode: 436: [ 0.5626582  -0.683343   -0.49872336  0.5946853   0.3922303   0.42555526
 -0.55653554] 
Episode: 437: [ 0.56282556 -0.683569   -0.4987046   0.594869    0.39240578  0.42566076
 -0.55674285] 
Episode: 438: [ 0.56295234 -0.683773   -0.4987304   0.59501094  0.39252672  0.4257064
 -0.55690056] 
Episode: 439: [ 0.56309026 -0.6839512  -0.49873343  0.59518754  0.3926679   0.42577636
 -0.557053  ] 
Episode: 440: [ 0.5633293 -0.6842186 -0.4986537  0.5954642  0.3929224  0.4259777
 -0.5573349] 
Episode: 441: [ 0.5635493  -0.6844556  -0.49855933  0.5956934   0.39316472  0.42618865
 -0.5576317 ] 
Episode: 442: [ 0.56389695 -0.6848519  -0.49850738  0.59606826  0.39352322  0.42645648
 -0.55804235] 
Episode: 443: [ 0.5640585  -0.6850429  -0.4984886   0.5962407   0.3936946   0.42657232
 -0.5582441 ] 
Episode: 444: [ 0.56415886 -0.68516576 -0.49849024  0.59634167  0.39380732  0.42663133
 -0.55837333] 
Episode: 445: [ 0.5642364  -0.68529874 -0.4984812   0.5964057   0.39390263  0.426682
 -0.55846626] 
Episode: 446: [ 0.56432486 -0.68541706 -0.49842378  0.5964594   0.39401877  0.4267594
 -0.5586067 ] 
Episode: 447: [ 0.56435376 -0.6854628  -0.498386    0.5964492   0.3940637   0.42677185
 -0.5586851 ] 
Episode: 448: [ 0.56443536 -0.68559194 -0.4982977   0.5964944   0.39417204  0.42684034
 -0.55880594] 
Episode: 449: [ 0.564583   -0.6858196  -0.49819204  0.5966184   0.39434236  0.42696577
 -0.5589874 ] 
Episode: 450: [ 0.56472737 -0.6860473  -0.4981159   0.5967522   0.3945003   0.4270723
 -0.5591485 ] 
Episode: 451: [ 0.5649052  -0.68631476 -0.49819696  0.59691125  0.39465228  0.42709762
 -0.5593291 ] 
Episode: 452: [ 0.56518966 -0.6867352  -0.49861267  0.5971364   0.39481303  0.42698982
 -0.55962694] 
Episode: 453: [ 0.5654202  -0.68710893 -0.498984    0.5972553   0.39493516  0.4268884
 -0.55990374] 
Episode: 454: [ 0.5655603  -0.6872696  -0.49924803  0.5972405   0.39500982  0.42680293
 -0.56014484] 
Episode: 455: [ 0.5655149  -0.6872308  -0.49951115  0.5970335   0.39491227  0.42660254
 -0.5601826 ] 
Episode: 456: [ 0.56555307 -0.68728685 -0.49970233  0.5969236   0.39491698  0.42649502
 -0.56030184] 
Episode: 457: [ 0.56543535 -0.6871792  -0.4998505   0.596648    0.39478403  0.4263333
 -0.5602675 ] 
Episode: 458: [ 0.56528425 -0.68703705 -0.50000906  0.5963694   0.39461282  0.42613143
 -0.56018865] 
Episode: 459: [ 0.5650819 -0.6868661 -0.5001526  0.596048   0.3943887  0.4259022
 -0.5600508] 
Episode: 460: [ 0.56494486 -0.68679065 -0.5002852   0.595803    0.3942312   0.4257123
 -0.55996734] 
Episode: 461: [ 0.5648445  -0.68672246 -0.5004053   0.59561694  0.39411208  0.42556193
 -0.5599162 ] 
Episode: 462: [ 0.56474346 -0.6866391  -0.5004674   0.59543115  0.39401433  0.4254499
 -0.55988264] 
Episode: 463: [ 0.5646714  -0.6866321  -0.5005933   0.59522897  0.39391866  0.4253331
 -0.5599272 ] 
Episode: 464: [ 0.564656   -0.6866869  -0.50066787  0.5950689   0.39388767  0.4252815
 -0.56004107] 
Episode: 465: [ 0.56463164 -0.6867323  -0.5007118   0.5949069   0.39385393  0.42523766
 -0.56013733] 
Episode: 466: [ 0.56455505 -0.6867089  -0.5006649   0.5946388   0.39379796  0.4252167
 -0.56021845] 
Episode: 467: [ 0.564496   -0.6867062  -0.5005727   0.59444475  0.3937585   0.4252352
 -0.5602926 ] 
Episode: 468: [ 0.56444275 -0.6867276  -0.5004547   0.5942479   0.39372927  0.42528987
 -0.5603933 ] 
Episode: 469: [ 0.5643066 -0.6866241 -0.5004003  0.5939925  0.3936078  0.4252535
 -0.5603867] 
Episode: 470: [ 0.5641065  -0.6864383  -0.5004223   0.59367394  0.39340946  0.42513105
 -0.56029123] 
Episode: 471: [ 0.5639396  -0.6862996  -0.50043464  0.59339654  0.39324284  0.4250332
 -0.5602166 ] 
Episode: 472: [ 0.5637995  -0.6862271  -0.50043124  0.59317017  0.39309865  0.42494768
 -0.5601389 ] 
Episode: 473: [ 0.56347555 -0.68600416 -0.5005804   0.5927143   0.39272624  0.42462596
 -0.5598599 ] 
Episode: 474: [ 0.5631171  -0.6857336  -0.5007972   0.5922284   0.39230376  0.42424127
 -0.559533  ] 
Episode: 475: [ 0.56271964 -0.685428   -0.5010616   0.5917055   0.39183974  0.42378432
 -0.5591545 ] 
Episode: 476: [ 0.56236774 -0.685138   -0.501317    0.59131825  0.39141008  0.4233784
 -0.5587889 ] 
Episode: 477: [ 0.56209916 -0.68492573 -0.5015473   0.59100455  0.39107957  0.42306232
 -0.5585508 ] 
Episode: 478: [ 0.5619838  -0.6848364  -0.5017475   0.5908436   0.3908917   0.42288968
 -0.5585313 ] 
Episode: 479: [ 0.56194234 -0.68481916 -0.5019304   0.59078705  0.39078185  0.42277613
 -0.5585688 ] 
Episode: 480: [ 0.5618064  -0.6846777  -0.50212663  0.5906171   0.3905866   0.4225951
 -0.55851793] 
Episode: 481: [ 0.5616977  -0.68453985 -0.5023203   0.59047705  0.3904263   0.42243442
 -0.55849594] 
Episode: 482: [ 0.5615899  -0.6844257  -0.50246763  0.5903184   0.3902797   0.42229825
 -0.55847573] 
Episode: 483: [ 0.5615261  -0.68431956 -0.5026527   0.5902202   0.3901744   0.42219046
 -0.55851036] 
Episode: 484: [ 0.56144845 -0.68420506 -0.5028529   0.59008986  0.3900536   0.4220441
 -0.5585196 ] 
Episode: 485: [ 0.561296   -0.6839757  -0.5030789   0.58986247  0.3898433   0.42185873
 -0.5585196 ] 
Episode: 486: [ 0.56112254 -0.68374604 -0.50327116  0.5896041   0.38962263  0.42168024
 -0.5584872 ] 
Episode: 487: [ 0.5608543  -0.68334633 -0.5034331   0.58923876  0.38931507  0.42146173
 -0.5583852 ] 
Episode: 488: [ 0.5605107  -0.6828892  -0.5036036   0.58879644  0.3889379   0.42117667
 -0.5581744 ] 
Episode: 489: [ 0.56012136 -0.68236554 -0.5038182   0.58830065  0.38851744  0.4208408
 -0.5579212 ] 
Episode: 490: [ 0.55986863 -0.6819407  -0.5039618   0.5880074   0.38824594  0.4206373
 -0.55779356] 
Episode: 491: [ 0.5597307  -0.6815971  -0.5041082   0.58783853  0.38808972  0.42051235
 -0.55779594] 
Episode: 492: [ 0.55958563 -0.68125767 -0.50438035  0.5877082   0.38788822  0.4202882
 -0.55774933] 
Episode: 493: [ 0.55944943 -0.68092436 -0.50463367  0.58757067  0.3877032   0.42009625
 -0.5577338 ] 
Episode: 494: [ 0.559335   -0.68060946 -0.5048366   0.58743995  0.38754654  0.41995746
 -0.5577644 ] 
Episode: 495: [ 0.55922437 -0.6802976  -0.505041    0.58729464  0.38740665  0.41982844
 -0.5577936 ] 
Episode: 496: [ 0.5592377  -0.6801341  -0.5051769   0.58726203  0.38739926  0.4198135
 -0.55796725] 
Episode: 497: [ 0.55920506 -0.6799962  -0.5053636   0.5871879   0.3873452   0.41972697
 -0.5580591 ] 
Episode: 498: [ 0.5590866  -0.6795588  -0.5057357   0.5869221   0.38713732  0.4195567
 -0.5582249 ] 
Episode: 499: [ 0.55899423 -0.67921627 -0.50608593  0.5866743   0.38695195  0.41940117
 -0.5583933 ] 
Episode: 500: [ 0.55890214 -0.678903   -0.50633836  0.58643836  0.3867884   0.41931313
 -0.5585771 ] 
