3269.168457 1745.510620 1026.810547 802.549438 148762.375000 
4202.547363 1993.830811 1357.800049 910.311401 211550.218750 
3297.851318 1935.522339 1228.576294 624.690308 188361.171875 
4690.988281 2034.712524 1260.166626 990.024048 149919.671875 
7744.418945 1500.441650 963.598999 685.720703 242110.671875 
5106.174805 2141.925781 1097.021484 752.305908 132098.203125 
3722.488525 1933.810913 1207.024048 719.606018 154184.234375 
2797.641846 1351.064697 930.021973 648.909302 143537.000000 
3825.106689 2050.784668 1444.826416 1170.536499 198601.718750 
6309.533203 2468.375000 2024.772705 936.540283 253135.500000 
3568.854980 1660.764282 1266.625854 855.772705 166839.468750 
4367.915039 2471.903320 1378.843506 743.622131 172460.515625 
3262.347900 1579.379028 894.635559 709.054443 133953.359375 
4956.514648 2065.790527 1406.922119 751.045959 136404.578125 
4663.000000 1630.637207 1486.661011 695.646484 191771.234375 
5598.666992 1836.062256 1212.045654 1565.589844 165876.031250 
5155.514160 2102.058594 1787.215088 1225.220581 167396.843750 
5662.651855 2683.940186 1653.630493 786.650330 166362.468750 
4551.473145 1804.529297 1177.374878 680.139038 192591.531250 
4797.795410 2206.779785 1420.587769 924.545471 171025.531250 
4656.072754 1820.843018 2400.133057 1374.905029 178917.953125 
4651.464355 2226.592529 1834.978271 918.084534 202168.781250 
3561.079590 2011.616089 1081.757080 778.446472 163038.171875 
2734.102295 1478.659302 1163.127319 686.671631 165522.906250 
5140.408203 1568.771729 910.477966 838.284424 199540.187500 
3148.916016 2253.630371 1189.840698 792.878418 160405.781250 
3174.137207 2705.210938 1185.392090 758.940369 170305.984375 
4112.606445 2998.592285 1186.934814 745.495850 181262.437500 
3925.584717 2069.981445 1249.647217 852.873108 149002.250000 
5236.740234 1443.855103 1316.604004 670.361877 179336.531250 
3775.635742 1896.921387 1414.629517 735.592224 172372.125000 
5080.763184 2964.794189 2456.535645 852.327087 218511.828125 
5066.221191 1250.444336 1048.845947 667.538940 235348.578125 
5136.915527 2090.935303 1668.415771 819.273926 224404.187500 
6264.972656 4352.257324 1297.947510 763.720215 216203.750000 
4124.782715 1757.726074 1633.730591 756.856262 216734.437500 
3073.345947 1775.661255 871.389099 780.496887 181834.578125 
3423.113281 2244.610352 1497.196411 597.841309 183636.203125 
3944.994629 2015.339111 1143.854614 818.301514 170586.437500 
6654.874512 1531.226807 963.470886 825.977722 153278.375000 
5129.902344 2156.465088 1428.265503 649.951721 212955.578125 
5703.200684 1684.702515 1578.591675 890.194458 158008.000000 
3637.109863 2522.131592 1541.535522 890.594299 196191.328125 
3843.190186 1733.140869 900.192932 785.518860 164691.937500 
4446.968262 3258.251221 1026.122925 863.612549 168268.812500 
4055.028809 2425.448242 1127.604492 817.177185 146489.671875 
4202.854980 1428.890381 1022.610474 680.335754 184838.703125 
5946.884277 1475.016602 1129.294189 788.875488 187613.546875 
4685.088867 2076.500732 1559.277344 892.752930 191524.828125 
4302.757324 1980.034790 1148.586304 850.019409 188300.531250 
