0.262825 
0.559848 
0.247179 
0.339775 
0.281850 
0.220575 
0.295799 
0.170108 
0.476123 
0.629205 
0.443922 
0.253094 
0.202027 
0.723981 
0.232039 
0.595895 
0.438708 
0.845925 
0.309461 
0.640887 
0.417702 
0.401876 
0.341590 
0.179074 
0.149572 
0.215569 
0.273310 
0.232721 
0.425281 
0.192497 
0.107426 
0.370484 
0.269104 
0.344701 
0.517850 
0.453170 
0.425077 
0.217338 
0.342687 
0.303082 
0.506311 
0.425910 
0.369294 
0.305824 
0.380542 
0.642999 
0.187650 
0.256764 
0.278526 
0.330589 
