22385.923828 10045.537109 7033.642578 5344.021484 3645244.500000 
21497.261719 10140.282227 7333.412598 6147.531738 4195023.000000 
20533.220703 11193.782227 6836.090820 6138.253418 4628271.500000 
19801.968750 10567.249023 8235.960938 5816.187012 4278332.500000 
20434.658203 9746.091797 7356.010742 4832.958984 2915435.000000 
21914.095703 10951.553711 8512.508789 6264.652832 4640094.500000 
20412.423828 9511.066406 7319.891602 4356.793457 4844226.000000 
19590.615234 10527.766602 9294.941406 4621.107422 4192328.750000 
20208.585938 10040.291992 6508.914062 4359.402344 4876963.500000 
21218.023438 10164.947266 8356.750000 7104.940430 3443710.750000 
20862.093750 10342.392578 7119.668457 5399.793945 3734079.250000 
20123.355469 9450.761719 9810.473633 8439.705078 3582150.000000 
20712.566406 10559.448242 7733.287109 7330.238770 4513611.000000 
20832.505859 11057.620117 8662.591797 5140.693848 3849747.250000 
19458.466797 9081.588867 6076.720703 4782.789551 4923081.000000 
21950.296875 12216.443359 7174.775879 6288.914062 2107896.250000 
23078.267578 9919.820312 7961.852051 5744.841309 3951497.000000 
21338.640625 10097.853516 7723.966797 5134.109863 4676573.000000 
23764.722656 10818.821289 10672.407227 7192.412109 4321801.500000 
21417.355469 11174.541016 10627.041992 8102.605469 5558999.000000 
20434.064453 10606.320312 7519.490723 5380.852539 5125176.500000 
21824.710938 9777.888672 7376.414551 4393.763184 3263878.500000 
20740.263672 11362.244141 7649.906738 5726.962402 5474249.500000 
22206.419922 11356.304688 7561.237305 5390.608398 4891410.500000 
19740.781250 10242.651367 8665.087891 9783.181641 4161639.250000 
22694.068359 9672.922852 8202.784180 5463.163574 4981370.500000 
18814.189453 10039.863281 8713.015625 5903.184570 3616726.000000 
21529.316406 11189.540039 8620.608398 5229.417480 3127527.500000 
20008.951172 10268.638672 7191.354980 5413.133301 3903846.250000 
19260.205078 9655.218750 7148.880859 4359.028809 3946812.250000 
24831.052734 9245.645508 6202.102051 5423.438477 3887778.250000 
19740.769531 10452.936523 7437.328125 4946.617188 3326039.500000 
22259.154297 10567.069336 7704.898438 4805.965820 4276734.000000 
20218.005859 9982.144531 8604.339844 5723.702148 3866958.000000 
19873.664062 10529.275391 8234.525391 5636.653809 3422781.000000 
21692.558594 11372.898438 8769.029297 6389.678223 4146438.250000 
21085.822266 9668.137695 7118.229004 5179.720703 5710437.000000 
19673.914062 9376.082031 6125.922363 5127.666504 4714825.000000 
22297.476562 9978.066406 7644.186523 5168.931152 3274551.000000 
20849.894531 9906.833008 6893.100098 4130.962891 3630638.000000 
20664.917969 10455.122070 7615.819336 6954.753418 3848793.000000 
25454.177734 11534.362305 10167.749023 7401.075195 4827603.000000 
20585.099609 10866.899414 9014.706055 5376.841797 6072267.000000 
23085.726562 11137.764648 7812.404785 9765.105469 4239355.500000 
22871.443359 11246.882812 9760.706055 7009.946777 4845154.500000 
23032.082031 10886.801758 7076.356934 6301.444336 4827487.000000 
20132.732422 10213.202148 7442.600586 6119.435547 3431653.500000 
23729.179688 11158.255859 6952.814453 5077.544434 4031716.500000 
22325.291016 10219.317383 6714.942871 5131.175781 4405191.000000 
20222.218750 11187.811523 6992.653320 4108.073242 3165119.500000 
21132.058594 8565.164062 6759.431152 5335.270996 5373822.500000 
21085.023438 9975.667969 7302.394531 6016.703613 3921961.000000 
20604.390625 11398.971680 11228.782227 6793.080078 4480210.000000 
18482.347656 8912.406250 7102.224609 3828.455322 4751804.000000 
23042.945312 10941.293945 6303.209473 4965.671387 4498213.500000 
24816.037109 10829.295898 9161.032227 5829.346680 4229844.000000 
18602.781250 10410.143555 6849.855469 5171.773926 4058084.750000 
20989.052734 12548.267578 9793.494141 6721.791992 3917821.000000 
20129.160156 9820.206055 7112.891602 5445.042969 3412072.000000 
22048.166016 11205.588867 8178.500977 7780.213867 5020674.000000 
24311.203125 10900.862305 8295.021484 6864.295410 3726772.250000 
21665.908203 11135.224609 7299.344727 6288.241211 4181776.250000 
20134.191406 10141.672852 7213.085449 6403.853027 5007873.500000 
21326.726562 9786.952148 8409.792969 9837.096680 4298956.000000 
20423.552734 10059.808594 9030.367188 4861.908203 4361010.500000 
19822.330078 9807.578125 6832.767090 4588.275391 4158204.500000 
22143.298828 12489.590820 10125.564453 10313.270508 5289181.500000 
19875.931641 10150.112305 7338.352539 7556.042480 4743285.000000 
22417.695312 10447.230469 8260.282227 5112.391602 4675484.500000 
20343.906250 9964.166016 6699.609375 7829.794922 5642465.500000 
21245.353516 9200.494141 6624.199219 4958.348633 4227174.000000 
20799.509766 9869.770508 8283.777344 6396.112793 3793678.250000 
21038.759766 10141.898438 7645.044434 6217.516113 4106714.000000 
20972.162109 13053.142578 9948.166016 6983.903809 5076049.500000 
19907.527344 9971.363281 6902.508789 5847.170898 4472468.000000 
22681.423828 9462.189453 7203.391113 5527.034180 5443521.500000 
23292.056641 11386.366211 8012.951660 4690.243164 4731435.500000 
19821.349609 10849.959961 8834.044922 5814.721191 3700579.250000 
22358.626953 11980.999023 9626.493164 7329.930664 5716716.500000 
20921.771484 8727.166016 6653.722168 5223.153320 5302407.000000 
23395.957031 12317.911133 10711.316406 6968.314941 6944132.000000 
22254.173828 10257.134766 8403.046875 4262.767090 3005274.000000 
20835.513672 10945.153320 7149.146973 5952.149902 3573992.000000 
19776.154297 9904.283203 6565.816406 5451.298340 4442291.000000 
19481.775391 9822.846680 6174.911621 5243.421875 4483180.500000 
20045.898438 9827.226562 8251.931641 6218.192383 4113883.750000 
20981.333984 11252.629883 8417.824219 4850.708008 4578449.500000 
20517.173828 9794.222656 7481.736816 4585.722656 5181814.000000 
23019.181641 9838.121094 7361.583984 6308.028320 3730012.750000 
19495.306641 9668.915039 7181.596680 6014.355469 3959411.000000 
20637.867188 11448.371094 8341.728516 7351.864258 3802681.000000 
21986.130859 11335.240234 9073.375000 5298.999512 4597274.000000 
22946.281250 10372.578125 7652.301270 5391.857422 4330357.000000 
19983.650391 11360.908203 10807.699219 7677.262207 5104354.000000 
20317.828125 11493.742188 7671.441895 4710.217773 5007543.500000 
21499.777344 10902.519531 7055.812988 4073.875732 4779185.000000 
19119.273438 9405.399414 7273.083008 4764.327637 4495566.500000 
23433.435547 12108.234375 10344.631836 9474.375000 3019458.250000 
21413.876953 11319.400391 9520.487305 7578.004395 4195485.000000 
20839.783203 10344.125977 8016.315918 4983.774902 3186444.250000 
