2000.381104 1223.590210 1027.965698 804.392761 395075.406250 
2014.523315 1235.553223 988.417175 715.324158 401066.406250 
1840.671631 1127.116455 829.752869 671.023987 549000.125000 
1732.035645 1117.499390 829.321289 796.516174 435679.125000 
1564.810791 929.994263 795.425537 559.487793 292624.406250 
1799.683472 1158.778564 956.982666 1067.008301 433438.437500 
2139.379639 1302.611694 1234.411011 1464.668213 416660.093750 
1747.802856 1026.844482 952.240540 849.770081 338720.656250 
1921.279053 1197.119263 967.227112 817.880493 518659.750000 
1785.015137 1070.001221 1087.448364 1089.772827 422016.531250 
1894.741943 1203.317383 838.869568 761.556213 381001.406250 
1924.675171 1199.147461 943.516479 906.912842 422478.656250 
1990.946045 1227.116577 982.621765 751.959839 390765.468750 
1650.433105 1113.551025 861.732117 552.531372 380722.062500 
2151.968262 1416.463745 1016.126648 784.149658 487265.437500 
1631.261475 1080.387451 874.459778 656.712891 406225.562500 
1918.987061 1157.628052 1014.379639 781.811157 554546.000000 
1917.709839 1176.067871 851.171997 716.920715 384971.156250 
2021.434082 1322.135864 894.881836 658.092468 356072.625000 
1668.707397 1105.453979 800.716064 792.873901 570069.500000 
2067.411621 1309.733887 945.609314 776.461426 479404.593750 
1970.942505 1281.036987 979.842896 901.073547 419503.062500 
1836.726929 1152.000366 1004.445312 849.273865 462750.187500 
1857.127563 1170.085449 893.113586 728.808411 471342.500000 
1924.228760 1410.403320 1037.041016 799.806885 355744.968750 
2022.480103 1289.083984 977.746704 1005.549316 506989.968750 
1691.431030 1035.725220 751.637207 556.483093 325633.375000 
1828.645142 1099.206909 1004.196045 643.316956 322218.031250 
1828.304565 1117.556763 852.364929 756.751221 407599.250000 
1715.553345 1204.585205 956.774902 715.507690 354660.312500 
2178.409668 1467.413574 1232.657227 931.654724 452696.625000 
1828.253052 1256.656860 964.073181 768.924927 487419.500000 
1758.627197 1057.838501 902.955322 755.390320 463200.968750 
1629.034302 982.250122 764.723022 705.583923 371203.187500 
1707.875488 1050.707275 968.718750 556.413696 390108.968750 
1862.863281 1116.728027 848.222046 761.840454 335296.343750 
1955.241821 1374.107056 1277.083496 1046.702393 534768.187500 
1909.405396 1242.497192 1009.799194 795.849915 444924.500000 
1846.161011 1252.313232 986.317688 1033.763672 327964.343750 
2141.300293 1213.951050 967.959717 714.130859 351450.250000 
1861.974365 1116.115967 907.059448 793.498413 386438.875000 
1966.665894 1236.368286 1088.442871 743.467590 462586.468750 
1570.739014 1025.427490 813.142822 832.671082 426779.656250 
1960.744629 1237.770630 996.879517 835.383606 385006.312500 
1742.415894 1144.629883 943.019958 829.123596 430795.125000 
2132.949463 1337.837280 1093.979858 1049.223511 485083.843750 
1708.414429 1164.554199 958.195618 833.607117 389268.593750 
1727.929443 1098.034058 840.196289 927.921143 353055.093750 
2358.617188 1630.197876 1256.411865 1081.463745 583995.125000 
1686.732056 1104.549561 914.314209 755.808533 337502.781250 
