Episode: 1: [[0. 0. 0.]
 [0. 0. 0.]
 [0. 0. 0.]] 
Episode: 2: [[9.9987526e-05 9.9994417e-05 9.9997502e-05]
 [9.9994417e-05 9.9997502e-05 9.9998877e-05]
 [9.9997495e-05 9.9998892e-05 9.9999510e-05]] 
Episode: 3: [[0.00020011 0.00020012 0.00020013]
 [0.00020012 0.00020013 0.00020013]
 [0.00020013 0.00020013 0.00020013]] 
Episode: 4: [[0.00030046 0.00030048 0.00030049]
 [0.00030048 0.00030049 0.00030049]
 [0.00030049 0.00030049 0.00030049]] 
Episode: 5: [[0.00040111 0.00040114 0.00040115]
 [0.00040114 0.00040115 0.00040116]
 [0.00040115 0.00040116 0.00040116]] 
Episode: 6: [[0.00050215 0.00050218 0.0005022 ]
 [0.00050218 0.0005022  0.00050221]
 [0.0005022  0.0005022  0.00050221]] 
Episode: 7: [[0.00060365 0.00060369 0.0006037 ]
 [0.00060369 0.0006037  0.00060371]
 [0.0006037  0.00060371 0.00060371]] 
Episode: 8: [[0.00070567 0.00070571 0.00070573]
 [0.00070571 0.00070573 0.00070574]
 [0.00070573 0.00070574 0.00070575]] 
Episode: 9: [[0.00080827 0.00080832 0.00080835]
 [0.00080832 0.00080834 0.00080836]
 [0.00080834 0.00080835 0.00080836]] 
Episode: 10: [[0.00091151 0.00091156 0.0009116 ]
 [0.00091156 0.00091159 0.00091161]
 [0.00091159 0.0009116  0.00091161]] 
Episode: 11: [[0.00101497 0.00101498 0.00101493]
 [0.00101498 0.00101498 0.00101491]
 [0.00101493 0.0010149  0.00101483]] 
Episode: 12: [[0.00111895 0.00111891 0.00111879]
 [0.00111891 0.0011189  0.00111873]
 [0.00111878 0.00111873 0.00111856]] 
Episode: 13: [[0.00122357 0.00122347 0.00122328]
 [0.00122348 0.00122344 0.00122319]
 [0.00122327 0.00122318 0.00122293]] 
Episode: 14: [[0.00132889 0.00132875 0.00132848]
 [0.00132875 0.0013287  0.00132836]
 [0.00132847 0.00132834 0.00132801]] 
Episode: 15: [[0.00143498 0.00143479 0.00143447]
 [0.0014348  0.00143473 0.00143431]
 [0.00143445 0.00143428 0.00143387]] 
Episode: 16: [[0.0015419  0.00154166 0.00154127]
 [0.00154167 0.00154159 0.00154109]
 [0.00154125 0.00154105 0.00154057]] 
Episode: 17: [[0.00164377 0.00164401 0.00164473]
 [0.00164402 0.00164439 0.00164502]
 [0.00164471 0.001645   0.00164534]] 
Episode: 18: [[0.00174582 0.00174697 0.00174937]
 [0.00174698 0.00174817 0.00175036]
 [0.00174936 0.00175034 0.00175172]] 
Episode: 19: [[0.00184809 0.00185007 0.00185408]
 [0.00185008 0.00185203 0.00185572]
 [0.00185407 0.0018557  0.00185809]] 
Episode: 20: [[0.00195078 0.00195354 0.00195908]
 [0.00195355 0.00195621 0.00196134]
 [0.00195906 0.00196131 0.00196468]] 
Episode: 21: [[0.00205409 0.00205757 0.00206457]
 [0.00205756 0.00206088 0.0020674 ]
 [0.00206453 0.00206736 0.00207169]] 
Episode: 22: [[0.00215814 0.0021623  0.00217068]
 [0.00216228 0.0021662  0.00217405]
 [0.00217061 0.002174   0.00217925]] 
Episode: 23: [[0.00226306 0.00226785 0.00227755]
 [0.0022678  0.00227229 0.00228143]
 [0.00227744 0.00228135 0.0022875 ]] 
Episode: 24: [[0.00236894 0.00237431 0.00238527]
 [0.00237423 0.00237925 0.00238961]
 [0.0023851  0.00238951 0.00239653]] 
Episode: 25: [[0.00247584 0.00248175 0.00249392]
 [0.00248163 0.00248714 0.00249869]
 [0.00249367 0.00249856 0.00250642]] 
Episode: 26: [[0.00258382 0.00259025 0.00260356]
 [0.00259007 0.00259604 0.00260872]
 [0.00260322 0.00260855 0.00261723]] 
Episode: 27: [[0.00269293 0.00269983 0.00271423]
 [0.00269958 0.00270599 0.00271976]
 [0.00271379 0.00271954 0.00272901]] 
Episode: 28: [[0.00280318 0.00281053 0.00282598]
 [0.00281021 0.00281701 0.00283184]
 [0.00282541 0.00283157 0.00284179]] 
Episode: 29: [[0.00291461 0.00292238 0.00293883]
 [0.00292197 0.00292915 0.00294498]
 [0.00293812 0.00294465 0.00295561]] 
Episode: 30: [[0.00302723 0.00303539 0.0030528 ]
 [0.00303488 0.00304241 0.00305921]
 [0.00305192 0.00305881 0.00307049]] 
Episode: 31: [[0.00314105 0.00314957 0.0031679 ]
 [0.00314895 0.00315681 0.00317454]
 [0.00316683 0.00317407 0.00318643]] 
Episode: 32: [[0.00325895 0.00326775 0.00328673]
 [0.00326701 0.00327506 0.00329347]
 [0.00328547 0.00329292 0.00330583]] 
Episode: 33: [[0.00337969 0.00338914 0.0034088 ]
 [0.0033883  0.0033967  0.00341567]
 [0.00340736 0.00341505 0.00342832]] 
Episode: 34: [[0.00350057 0.00351056 0.0035309 ]
 [0.00350959 0.00351831 0.00353789]
 [0.00352925 0.00353718 0.00355087]] 
Episode: 35: [[0.00362174 0.00363217 0.00365318]
 [0.00363107 0.00364006 0.00366027]
 [0.00365131 0.00365947 0.00367362]] 
Episode: 36: [[0.00374488 0.00375587 0.003778  ]
 [0.00375464 0.00376415 0.00378537]
 [0.00377591 0.00378448 0.00379923]] 
Episode: 37: [[0.00386825 0.00387968 0.00390282]
 [0.00387831 0.00388826 0.00391042]
 [0.00390049 0.00390942 0.00392477]] 
Episode: 38: [[0.00399197 0.00400374 0.00402779]
 [0.00400222 0.00401253 0.00403557]
 [0.00402521 0.00403447 0.0040504 ]] 
Episode: 39: [[0.00411615 0.00412818 0.00415306]
 [0.0041265  0.00413711 0.00416097]
 [0.00415022 0.00415976 0.00417627]] 
Episode: 40: [[0.00424088 0.00425309 0.00427873]
 [0.00425125 0.0042621  0.00428674]
 [0.00427561 0.0042854  0.00430249]] 
Episode: 41: [[0.00436624 0.00437856 0.00440491]
 [0.00437656 0.0043876  0.00441298]
 [0.0044015  0.00441151 0.00442916]] 
Episode: 42: [[0.00449229 0.00450467 0.00453166]
 [0.0045025  0.00451369 0.00453976]
 [0.00452795 0.00453816 0.00455637]] 
Episode: 43: [[0.00461908 0.00463147 0.00465906]
 [0.00462913 0.00464043 0.00466716]
 [0.00465505 0.00466543 0.00468419]] 
Episode: 44: [[0.00474666 0.00475902 0.00478717]
 [0.00475651 0.00476788 0.00479525]
 [0.00478284 0.00479337 0.00481267]] 
Episode: 45: [[0.00487505 0.00488736 0.00491602]
 [0.00488466 0.00489608 0.00492406]
 [0.00491136 0.00492202 0.00494186]] 
Episode: 46: [[0.00500429 0.0050165  0.00504566]
 [0.00501363 0.00502507 0.00505364]
 [0.00504066 0.00505144 0.00507181]] 
Episode: 47: [[0.0051385  0.00515035 0.00517962]
 [0.0051473  0.00515852 0.00518737]
 [0.00517428 0.00518501 0.00520575]] 
Episode: 48: [[0.00527281 0.00528437 0.00531381]
 [0.00528114 0.00529217 0.00532135]
 [0.00530813 0.00531882 0.00533997]] 
Episode: 49: [[0.00541144 0.00542256 0.00545184]
 [0.00541916 0.00542981 0.00545902]
 [0.00544582 0.00545633 0.0054777 ]] 
Episode: 50: [[0.00555318 0.00556363 0.00559278]
 [0.00556006 0.00557027 0.00559963]
 [0.00558644 0.00559677 0.00561848]] 
Episode: 51: [[0.00569391 0.00570382 0.00573299]
 [0.00570009 0.00570996 0.00573957]
 [0.0057263  0.00573653 0.0057586 ]] 
Episode: 52: [[0.00583392 0.00584343 0.00587273]
 [0.00583953 0.00584917 0.00587909]
 [0.00586569 0.00587586 0.00589833]] 
Episode: 53: [[0.00597346 0.00598268 0.00601222]
 [0.0059786  0.0059881  0.00601839]
 [0.0060048  0.00601496 0.00603785]] 
Episode: 54: [[0.00611321 0.00612226 0.00615213]
 [0.006118   0.00612743 0.00615816]
 [0.00614433 0.00615452 0.00617785]] 
Episode: 55: [[0.00625325 0.0062622  0.00629249]
 [0.00625776 0.00626719 0.0062984 ]
 [0.00628428 0.00629454 0.00631832]] 
Episode: 56: [[0.0063935  0.00640245 0.00643322]
 [0.00639783 0.00640732 0.00643905]
 [0.0064246  0.00643495 0.0064592 ]] 
Episode: 57: [[0.00653546 0.00654449 0.0065758 ]
 [0.00653969 0.0065493  0.00658158]
 [0.00656676 0.00657724 0.00660196]] 
Episode: 58: [[0.00667764 0.00668678 0.00671867]
 [0.0066818  0.00669156 0.0067244 ]
 [0.0067092  0.00671981 0.00674501]] 
Episode: 59: [[0.00682049 0.00682977 0.00686227]
 [0.00682462 0.00683454 0.00686797]
 [0.00685236 0.00686311 0.0068888 ]] 
Episode: 60: [[0.0069642  0.00697365 0.00700678]
 [0.00696833 0.00697842 0.00701246]
 [0.00699642 0.00700733 0.00703354]] 
Episode: 61: [[0.00710932 0.00711905 0.00715288]
 [0.00711355 0.00712389 0.00715857]
 [0.00714207 0.00715316 0.00717991]] 
Episode: 62: [[0.0072553  0.00726531 0.00729991]
 [0.00725965 0.00727025 0.00730565]
 [0.00728865 0.00729995 0.0073273 ]] 
Episode: 63: [[0.00740397 0.00741474 0.0074503 ]
 [0.0074089  0.00741989 0.00745617]
 [0.00743858 0.00745019 0.00747829]] 
Episode: 64: [[0.00755872 0.00757016 0.00760666]
 [0.0075642  0.00757557 0.0076127 ]
 [0.00759456 0.00760646 0.00763529]] 
Episode: 65: [[0.00771671 0.00772854 0.00776568]
 [0.00772248 0.00773404 0.00777177]
 [0.00775322 0.00776528 0.00779462]] 
Episode: 66: [[0.00787523 0.00788741 0.00792516]
 [0.00788125 0.00789301 0.00793131]
 [0.00791236 0.00792457 0.00795438]] 
Episode: 67: [[0.00803958 0.0080521  0.00809038]
 [0.00804588 0.00805783 0.0080966 ]
 [0.0080773  0.00808964 0.00811984]] 
Episode: 68: [[0.00820122 0.00821404 0.00825288]
 [0.00820774 0.00821987 0.00825916]
 [0.00823951 0.00825199 0.00828265]] 
Episode: 69: [[0.00835816 0.00837064 0.00840922]
 [0.00836416 0.00837598 0.00841518]
 [0.00839561 0.00840796 0.00843878]] 
Episode: 70: [[0.00850957 0.00852166 0.00855998]
 [0.00851499 0.00852647 0.0085656 ]
 [0.00854611 0.00855831 0.00858932]] 
Episode: 71: [[0.00866638 0.00867839 0.0087171 ]
 [0.00867155 0.00868306 0.0087227 ]
 [0.00870304 0.00871539 0.00874696]] 
Episode: 72: [[0.00882817 0.00884021 0.00887948]
 [0.00883324 0.00884483 0.00888517]
 [0.00886526 0.00887783 0.00891021]] 
Episode: 73: [[0.00892819 0.00894032 0.00897908]
 [0.00893331 0.00894472 0.00898451]
 [0.00896483 0.00897719 0.00900916]] 
Episode: 74: [[0.00902019 0.0090324  0.00907067]
 [0.00902534 0.00903658 0.00907585]
 [0.00905637 0.00906853 0.00910013]] 
Episode: 75: [[0.00911461 0.0091268  0.00916424]
 [0.00911968 0.00913062 0.00916902]
 [0.0091499  0.00916171 0.00919266]] 
Episode: 76: [[0.00920116 0.00921332 0.00925   ]
 [0.00920615 0.00921679 0.0092544 ]
 [0.0092356  0.00924708 0.00927743]] 
Episode: 77: [[0.00928155 0.00929367 0.00932964]
 [0.00928644 0.00929681 0.00933369]
 [0.00931519 0.00932637 0.00935618]] 
Episode: 78: [[0.00937398 0.0093868  0.00942219]
 [0.00937951 0.00938989 0.00942592]
 [0.00940765 0.00941858 0.00944765]] 
Episode: 79: [[0.0094601  0.00947353 0.00950833]
 [0.00946617 0.00947652 0.00951174]
 [0.00949371 0.00950438 0.00953277]] 
Episode: 80: [[0.00955379 0.00956812 0.00960201]
 [0.00956069 0.00957099 0.00960495]
 [0.00958728 0.00959755 0.00962484]] 
Episode: 81: [[0.00964614 0.00966096 0.00969366]
 [0.00965345 0.00966341 0.009696  ]
 [0.00967881 0.00968855 0.00971476]] 
Episode: 82: [[0.00973512 0.00975055 0.00978235]
 [0.00974296 0.00975271 0.00978421]
 [0.00976737 0.00977672 0.00980209]] 
Episode: 83: [[0.00981991 0.00983588 0.00986675]
 [0.00982821 0.0098377  0.00986812]
 [0.00985164 0.00986057 0.00988515]] 
Episode: 84: [[0.00993759 0.00995392 0.00998427]
 [0.00994621 0.00995558 0.0099853 ]
 [0.00996908 0.00997772 0.01000168]] 
Episode: 85: [[0.01007684 0.01009349 0.0101235 ]
 [0.01008575 0.01009505 0.01012428]
 [0.01010825 0.01011668 0.01014021]] 
Episode: 86: [[0.01020856 0.01022557 0.01025567]
 [0.0102178  0.01022723 0.01025642]
 [0.01024036 0.01024879 0.01027219]] 
Episode: 87: [[0.010331   0.0103484  0.01037881]
 [0.0103406  0.01035024 0.01037964]
 [0.01036345 0.01037198 0.01039545]] 
Episode: 88: [[0.0104746  0.01049217 0.0105226 ]
 [0.01048436 0.010494   0.01052335]
 [0.0105072  0.01051568 0.01053914]] 
Episode: 89: [[0.01060977 0.01062733 0.01065763]
 [0.01061949 0.01062903 0.01065825]
 [0.01064219 0.01065056 0.01067396]] 
Episode: 90: [[0.01074693 0.0107641  0.01079419]
 [0.01075623 0.01076556 0.01079463]
 [0.01077869 0.01078691 0.01081019]] 
Episode: 91: [[0.01089488 0.01091161 0.01094223]
 [0.01090372 0.01091313 0.01094281]
 [0.01092666 0.01093504 0.01095877]] 
Episode: 92: [[0.01105253 0.01106739 0.01109769]
 [0.01105945 0.01106831 0.01109806]
 [0.01108203 0.01109025 0.01111405]] 
Episode: 93: [[0.01121153 0.01122399 0.01125366]
 [0.01121598 0.01122401 0.01125367]
 [0.01123786 0.01124579 0.01126967]] 
Episode: 94: [[0.01135891 0.01136912 0.01139827]
 [0.01136105 0.01136834 0.01139796]
 [0.01138234 0.01139001 0.01141398]] 
Episode: 95: [[0.01150886 0.01151554 0.01154331]
 [0.01150738 0.01151316 0.01154228]
 [0.01152719 0.01153423 0.01155815]] 
Episode: 96: [[0.01167403 0.01167717 0.01170316]
 [0.01166892 0.01167288 0.01170117]
 [0.01168683 0.01169302 0.01171672]] 
Episode: 97: [[0.01185137 0.01185142 0.01187584]
 [0.0118431  0.01184547 0.01187305]
 [0.01185939 0.01186484 0.01188833]] 
Episode: 98: [[0.01203815 0.01203544 0.01205839]
 [0.01202706 0.01202795 0.01205483]
 [0.0120418  0.01204654 0.01206979]] 
Episode: 99: [[0.01221098 0.01220569 0.01222735]
 [0.01219727 0.01219682 0.01222311]
 [0.01221063 0.01221474 0.0122378 ]] 
Episode: 100: [[0.01237384 0.01236589 0.01238617]
 [0.01235746 0.01235562 0.01238126]
 [0.01236936 0.01237282 0.01239567]] 
Episode: 101: [[0.01254908 0.01254047 0.01255985]
 [0.01253199 0.01252929 0.01255434]
 [0.01254297 0.01254582 0.01256835]] 
Episode: 102: [[0.01273136 0.01272193 0.01274046]
 [0.0127135  0.01270995 0.01273446]
 [0.0127236  0.01272587 0.01274802]] 
Episode: 103: [[0.01290952 0.01289946 0.01291769]
 [0.0128912  0.01288714 0.01291158]
 [0.01290098 0.01290293 0.01292512]] 
Episode: 104: [[0.0130871  0.01307678 0.0130948 ]
 [0.01306885 0.01306437 0.01308878]
 [0.0130784  0.01308006 0.01310248]] 
Episode: 105: [[0.01325405 0.0132431  0.01326232]
 [0.01323555 0.01323139 0.01325711]
 [0.01324629 0.01324833 0.01327171]] 
Episode: 106: [[0.0134133  0.01340233 0.01342347]
 [0.01339527 0.01339197 0.01341954]
 [0.01340797 0.0134107  0.01343531]] 
Episode: 107: [[0.01355854 0.01354784 0.01357105]
 [0.01354124 0.01353888 0.01356845]
 [0.01355604 0.01355956 0.01358562]] 
Episode: 108: [[0.01369939 0.01368973 0.01371551]
 [0.01368373 0.01368271 0.01371463]
 [0.01370117 0.01370571 0.01373347]] 
Episode: 109: [[0.01383863 0.01383042 0.01385879]
 [0.01382522 0.01382572 0.01385986]
 [0.01384537 0.01385094 0.01388027]] 
Episode: 110: [[0.01398429 0.01397911 0.01401076]
 [0.01397503 0.01397787 0.0140144 ]
 [0.01399865 0.01400553 0.01403642]] 
Episode: 111: [[0.0141255  0.01412315 0.01415823]
 [0.01412043 0.01412558 0.01416474]
 [0.0141477  0.01415597 0.01418865]] 
Episode: 112: [[0.01427347 0.01427681 0.01431599]
 [0.01427574 0.01428426 0.01432602]
 [0.01430747 0.01431741 0.01435177]] 
Episode: 113: [[0.01440997 0.01443282 0.014481  ]
 [0.01443312 0.01445012 0.01449655]
 [0.01447469 0.01448818 0.01452495]] 
Episode: 114: [[0.01456007 0.01459724 0.01465205]
 [0.01459934 0.0146223  0.01467228]
 [0.01464825 0.01466419 0.01470296]] 
Episode: 115: [[0.01471977 0.01476726 0.01482718]
 [0.01477147 0.01479866 0.01485156]
 [0.01482611 0.01484379 0.01488436]] 
Episode: 116: [[0.01489456 0.01494976 0.01501348]
 [0.01495625 0.01498642 0.01504156]
 [0.0150153  0.01503417 0.01507622]] 
Episode: 117: [[0.01507428 0.01513602 0.01520308]
 [0.01514517 0.01517781 0.015235  ]
 [0.01520823 0.01522811 0.01527152]] 
Episode: 118: [[0.01524478 0.01531492 0.01538948]
 [0.01532646 0.01536452 0.01542712]
 [0.01539817 0.01542084 0.01546745]] 
Episode: 119: [[0.01542482 0.01550244 0.01558312]
 [0.01551685 0.01555932 0.01562623]
 [0.01559582 0.01562069 0.0156698 ]] 
Episode: 120: [[0.01558797 0.01567269 0.01575966]
 [0.01568959 0.01573648 0.015808  ]
 [0.01577591 0.01580312 0.01585501]] 
Episode: 121: [[0.01575543 0.01584638 0.01593861]
 [0.01586611 0.01591655 0.01599193]
 [0.01595877 0.01598783 0.01604205]] 
Episode: 122: [[0.01592914 0.01602612 0.0161229 ]
 [0.01604905 0.01610255 0.01618122]
 [0.01614745 0.01617805 0.01623431]] 
Episode: 123: [[0.01610165 0.01620616 0.01630773]
 [0.01623234 0.01628936 0.01637134]
 [0.01633692 0.01636923 0.01642764]] 
Episode: 124: [[0.01627787 0.01638866 0.01649438]
 [0.01641821 0.01647815 0.01656297]
 [0.01652826 0.01656195 0.016622  ]] 
Episode: 125: [[0.01645459 0.01657117 0.01668047]
 [0.01660423 0.01666666 0.01675392]
 [0.01671926 0.01675409 0.01681569]] 
Episode: 126: [[0.01662776 0.01675049 0.01686307]
 [0.01678709 0.01685201 0.01694133]
 [0.01690687 0.01694275 0.01700563]] 
Episode: 127: [[0.0168014  0.01692992 0.01704552]
 [0.01697022 0.01703743 0.0171286 ]
 [0.01709457 0.01713138 0.0171954 ]] 
Episode: 128: [[0.01697678 0.01711021 0.01722907]
 [0.01715475 0.01722405 0.01731751]
 [0.01728404 0.01732185 0.01738744]] 
Episode: 129: [[0.01715011 0.01728749 0.01740929]
 [0.01733626 0.01740726 0.01750286]
 [0.01747012 0.01750878 0.01757589]] 
Episode: 130: [[0.01732832 0.01746878 0.01759304]
 [0.01752192 0.01759408 0.01769159]
 [0.01765987 0.01769913 0.01776772]] 
Episode: 131: [[0.01750633 0.01765064 0.01777814]
 [0.0177084  0.01778229 0.01788205]
 [0.01785111 0.01789124 0.01796126]] 
Episode: 132: [[0.01768405 0.01783414 0.01796591]
 [0.01789644 0.01797283 0.0180755 ]
 [0.0180449  0.01808633 0.01815818]] 
Episode: 133: [[0.01786643 0.01802063 0.01815617]
 [0.01808769 0.01816599 0.01827128]
 [0.01824137 0.01828381 0.01835739]] 
Episode: 134: [[0.01804894 0.0182068  0.01834556]
 [0.01827834 0.01835828 0.0184658 ]
 [0.01843671 0.01848    0.01855504]] 
Episode: 135: [[0.01822252 0.01838548 0.01852774]
 [0.01846092 0.01854319 0.01865292]
 [0.0186243  0.01866868 0.01874507]] 
Episode: 136: [[0.01841357 0.01857975 0.01872561]
 [0.01865861 0.01874302 0.01885529]
 [0.01882697 0.01887243 0.01895012]] 
Episode: 137: [[0.01860419 0.01877108 0.01892044]
 [0.01885358 0.01893883 0.01905453]
 [0.01902669 0.01907312 0.01915329]] 
Episode: 138: [[0.01879139 0.01895861 0.01911056]
 [0.01904478 0.01913035 0.0192487 ]
 [0.0192218  0.01926879 0.01935092]] 
Episode: 139: [[0.01897438 0.01914192 0.01929602]
 [0.01923152 0.01931723 0.0194377 ]
 [0.01941188 0.01945922 0.01954295]] 
Episode: 140: [[0.01914991 0.01931858 0.01947488]
 [0.01941153 0.01949764 0.01962008]
 [0.01959533 0.01964308 0.01972829]] 
Episode: 141: [[0.01933038 0.01950467 0.01966378]
 [0.01960015 0.01968839 0.01981267]
 [0.01978852 0.01983722 0.0199237 ]] 
Episode: 142: [[0.01951107 0.01968823 0.0198489 ]
 [0.01978658 0.01987544 0.02000076]
 [0.01997798 0.02002686 0.02011417]] 
Episode: 143: [[0.01968803 0.01986757 0.02002938]
 [0.01996855 0.02005771 0.02018376]
 [0.02016246 0.02021134 0.02029928]] 
Episode: 144: [[0.01986413 0.02004464 0.02020673]
 [0.02014841 0.02023697 0.02036313]
 [0.02034383 0.02039221 0.02048045]] 
Episode: 145: [[0.02003858 0.02021898 0.02038077]
 [0.02032557 0.02041295 0.02053886]
 [0.02052191 0.0205695  0.02065786]] 
Episode: 146: [[0.0201911  0.02037311 0.02053489]
 [0.02048208 0.02056887 0.02069367]
 [0.02067845 0.02072505 0.02081247]] 
Episode: 147: [[0.02034886 0.02053174 0.02069285]
 [0.02064347 0.02072899 0.02085235]
 [0.02083954 0.02088484 0.02097131]] 
Episode: 148: [[0.02050813 0.02069204 0.02085278]
 [0.02080646 0.02089088 0.0210131 ]
 [0.02100269 0.02104683 0.02113272]] 
Episode: 149: [[0.02066995 0.02085226 0.02101162]
 [0.02096931 0.02105165 0.02117233]
 [0.02116479 0.02120739 0.02129248]] 
Episode: 150: [[0.02082883 0.02101023 0.02116817]
 [0.02112975 0.02121029 0.02132928]
 [0.02132463 0.02136576 0.02144991]] 
Episode: 151: [[0.02098926 0.0211772  0.02133666]
 [0.02129836 0.02138083 0.0215    ]
 [0.02149697 0.02153847 0.02162258]] 
Episode: 152: [[0.02115398 0.02134625 0.02150597]
 [0.02146961 0.02155272 0.02167116]
 [0.02167066 0.0217118  0.02179532]] 
Episode: 153: [[0.02128469 0.02148789 0.021653  ]
 [0.02161121 0.02170067 0.02182146]
 [0.02181956 0.02186333 0.02194764]] 
Episode: 154: [[0.02136745 0.02160667 0.02179703]
 [0.02171702 0.02183234 0.02197267]
 [0.02195576 0.02201378 0.02210898]] 
Episode: 155: [[0.02145362 0.02172602 0.02193879]
 [0.02182452 0.02196336 0.02212079]
 [0.02209074 0.02216142 0.022266  ]] 
Episode: 156: [[0.02153828 0.02184759 0.02208392]
 [0.02193432 0.02209856 0.02227307]
 [0.02222983 0.0223136  0.02242704]] 
Episode: 157: [[0.0216316  0.02197432 0.02223191]
 [0.02205083 0.02223804 0.02242776]
 [0.02237329 0.0224686  0.02258969]] 
Episode: 158: [[0.0216261  0.0220142  0.02230452]
 [0.02207604 0.02229758 0.02250933]
 [0.02243203 0.02254665 0.02267744]] 
Episode: 159: [[0.02163154 0.02206289 0.0223835 ]
 [0.02211108 0.02236482 0.02259672]
 [0.02249863 0.02263106 0.02277056]] 
Episode: 160: [[0.02162973 0.02211015 0.02246466]
 [0.02214194 0.0224334  0.02268759]
 [0.0225659  0.02271896 0.02286798]] 
Episode: 161: [[0.02163624 0.02216206 0.02254725]
 [0.0221788  0.02250477 0.02277885]
 [0.02263591 0.02280759 0.02296482]] 
Episode: 162: [[0.02166394 0.02222842 0.02263942]
 [0.02223282 0.0225879  0.02287846]
 [0.02271834 0.02290536 0.02306904]] 
Episode: 163: [[0.02169734 0.02230036 0.02273803]
 [0.02229235 0.02267659 0.02298469]
 [0.02280726 0.02300983 0.02318071]] 
Episode: 164: [[0.02177696 0.02241232 0.02286868]
 [0.02239699 0.0228043  0.02312255]
 [0.02293462 0.023148   0.02332114]] 
Episode: 165: [[0.02185745 0.02252367 0.02299774]
 [0.02250117 0.02293037 0.02325829]
 [0.02306041 0.02328403 0.02345942]] 
Episode: 166: [[0.02193343 0.02263006 0.0231209 ]
 [0.02260062 0.02305061 0.02338762]
 [0.02318028 0.02341358 0.02359118]] 
Episode: 167: [[0.0220122  0.02273681 0.02324291]
 [0.02270089 0.02316975 0.02351507]
 [0.0232992  0.02354122 0.02372085]] 
Episode: 168: [[0.02208738 0.02283573 0.02335681]
 [0.02279398 0.02328004 0.02363415]
 [0.02341012 0.02366039 0.02384242]] 
Episode: 169: [[0.02216358 0.0229362  0.02347206]
 [0.02288888 0.02339181 0.02375453]
 [0.02352263 0.02378093 0.02396546]] 
Episode: 170: [[0.02224545 0.02304162 0.02359156]
 [0.02298889 0.02350795 0.0238789 ]
 [0.02363966 0.02390557 0.0240925 ]] 
Episode: 171: [[0.02233106 0.02314979 0.0237136 ]
 [0.02309207 0.02362653 0.0240058 ]
 [0.02375964 0.02403286 0.02422245]] 
Episode: 172: [[0.02241753 0.02325687 0.02383363]
 [0.02319466 0.02374317 0.02413031]
 [0.0238779  0.02415778 0.02434997]] 
Episode: 173: [[0.02250164 0.02336033 0.02394941]
 [0.02329372 0.02385541 0.02425015]
 [0.02399173 0.02427789 0.02447272]] 
Episode: 174: [[0.02258985 0.02346778 0.02406878]
 [0.02339702 0.02397155 0.02437355]
 [0.02410957 0.02440174 0.02459903]] 
Episode: 175: [[0.02267316 0.02356924 0.0241813 ]
 [0.02349432 0.02408081 0.02448945]
 [0.02422011 0.02451783 0.02471729]] 
Episode: 176: [[0.0227563  0.02367177 0.02429558]
 [0.02359293 0.02419192 0.02460754]
 [0.02433268 0.02463621 0.0248381 ]] 
Episode: 177: [[0.02284151 0.02377485 0.02440943]
 [0.0236927  0.02430286 0.02472483]
 [0.02444522 0.02475381 0.02495793]] 
Episode: 178: [[0.02292301 0.02387222 0.02451669]
 [0.02378695 0.02440695 0.02483506]
 [0.02455108 0.02486426 0.02507086]] 
Episode: 179: [[0.02300685 0.02397019 0.02462367]
 [0.02388206 0.02451083 0.02494469]
 [0.02465691 0.02497419 0.02518322]] 
Episode: 180: [[0.02309548 0.02407328 0.0247355 ]
 [0.02398221 0.02461972 0.0250591 ]
 [0.02476772 0.02508898 0.02530032]] 
Episode: 181: [[0.02318512 0.02417593 0.0248459 ]
 [0.02408208 0.02472728 0.02517154]
 [0.02487706 0.02520175 0.02541505]] 
Episode: 182: [[0.02327732 0.02427338 0.02494995]
 [0.02417722 0.02482703 0.02527739]
 [0.02498055 0.0253081  0.02552514]] 
Episode: 183: [[0.02336919 0.02437267 0.02505584]
 [0.02427418 0.02492915 0.02538507]
 [0.02508587 0.02541628 0.02563656]] 
Episode: 184: [[0.02346183 0.02447222 0.025162  ]
 [0.02437179 0.02503153 0.02549311]
 [0.02519179 0.02552489 0.02574846]] 
Episode: 185: [[0.02356767 0.02458414 0.02528366]
 [0.02447955 0.02514535 0.0256165 ]
 [0.02531044 0.02564795 0.02587781]] 
Episode: 186: [[0.02367284 0.02469356 0.02540105]
 [0.02458518 0.0252555  0.02573467]
 [0.02542472 0.02576556 0.02600075]] 
Episode: 187: [[0.02377377 0.02479851 0.02551379]
 [0.02468654 0.0253612  0.02584813]
 [0.0255344  0.02587842 0.02611876]] 
Episode: 188: [[0.02387591 0.02490774 0.02562905]
 [0.02479256 0.02547114 0.02596341]
 [0.0256469  0.02599313 0.0262368 ]] 
Episode: 189: [[0.02397308 0.02501295 0.02574093]
 [0.02489459 0.02557787 0.02607579]
 [0.02575624 0.02610507 0.0263522 ]] 
Episode: 190: [[0.02406833 0.02511742 0.02585243]
 [0.0249959  0.02568458 0.02618819]
 [0.02586547 0.02621718 0.02646769]] 
Episode: 191: [[0.0241607  0.02522008 0.02596216]
 [0.02509522 0.02578985 0.02629888]
 [0.02597283 0.02632757 0.02658108]] 
Episode: 192: [[0.02425701 0.02532663 0.02607536]
 [0.02519869 0.02589907 0.02641313]
 [0.02608422 0.02644177 0.02669801]] 
Episode: 193: [[0.02435023 0.02543038 0.02618585]
 [0.02529961 0.02600586 0.02652495]
 [0.02619326 0.02655368 0.02681261]] 
Episode: 194: [[0.02443992 0.02552914 0.02629088]
 [0.02539537 0.02610702 0.02663108]
 [0.02629662 0.02665984 0.02692163]] 
Episode: 195: [[0.02453869 0.02563729 0.02640505]
 [0.02550096 0.02621814 0.02674684]
 [0.0264102  0.0267761  0.02704031]] 
Episode: 196: [[0.02463821 0.02574782 0.02652209]
 [0.02560919 0.02633257 0.02686584]
 [0.02652695 0.02689571 0.02716218]] 
Episode: 197: [[0.0247387  0.02585863 0.02663906]
 [0.02571782 0.02644709 0.02698477]
 [0.0266439  0.02701537 0.02728395]] 
Episode: 198: [[0.0248373  0.02596814 0.02675466]
 [0.02582531 0.02656063 0.02710232]
 [0.02675956 0.02713363 0.02740392]] 
Episode: 199: [[0.02493346 0.02607488 0.02686799]
 [0.02593013 0.02667167 0.02721795]
 [0.02687316 0.02725008 0.02752251]] 
Episode: 200: [[0.02502846 0.02618111 0.02698105]
 [0.02603401 0.02678225 0.02733331]
 [0.0269861  0.02736616 0.02764083]] 
Episode: 201: [[0.02511683 0.02627627 0.02708043]
 [0.02612489 0.02687698 0.02743175]
 [0.02708143 0.02746354 0.02774079]] 
Episode: 202: [[0.02520742 0.02637451 0.02718256]
 [0.02621905 0.02697506 0.02753301]
 [0.02717996 0.02756396 0.02784337]] 
Episode: 203: [[0.02529877 0.02647352 0.02728557]
 [0.02631431 0.02707426 0.02763547]
 [0.02727987 0.02766576 0.0279473 ]] 
Episode: 204: [[0.0253918  0.02657528 0.02739136]
 [0.02641249 0.0271767  0.02774093]
 [0.02738295 0.02777074 0.02805421]] 
Episode: 205: [[0.02550073 0.02668829 0.02750799]
 [0.02652261 0.02728954 0.02785735]
 [0.02749775 0.02788696 0.02817269]] 
Episode: 206: [[0.02561058 0.02680351 0.02762707]
 [0.02663486 0.02740511 0.02797648]
 [0.02761519 0.02800604 0.02829391]] 
Episode: 207: [[0.0257164  0.02691549 0.02774337]
 [0.02674392 0.02751816 0.0280932 ]
 [0.02773001 0.02812278 0.02841268]] 
Episode: 208: [[0.02582629 0.02703263 0.02786493]
 [0.02685827 0.02763698 0.0282155 ]
 [0.0278506  0.02824539 0.02853702]] 
Episode: 209: [[0.02593174 0.02714497 0.02798223]
 [0.02696786 0.02775113 0.02833377]
 [0.02796686 0.02836391 0.02865771]] 
Episode: 210: [[0.02603481 0.02725688 0.02809876]
 [0.02707649 0.0278651  0.0284512 ]
 [0.0280821  0.0284816  0.02877698]] 
Episode: 211: [[0.02613746 0.02736749 0.02821332]
 [0.02718437 0.02797751 0.02856651]
 [0.02819582 0.02859726 0.02889392]] 
Episode: 212: [[0.02623841 0.02747808 0.02832777]
 [0.02729218 0.0280904  0.02868187]
 [0.02830956 0.02871307 0.02901061]] 
Episode: 213: [[0.02633855 0.02758753 0.0284408 ]
 [0.02739953 0.02820234 0.02879586]
 [0.02842241 0.02882758 0.02912565]] 
Episode: 214: [[0.02644166 0.02769989 0.02855663]
 [0.02750999 0.02831724 0.02891265]
 [0.02853828 0.02894496 0.02924338]] 
Episode: 215: [[0.0265425  0.02781084 0.02867139]
 [0.02761915 0.02843118 0.02902858]
 [0.0286532  0.02906151 0.02936037]] 
Episode: 216: [[0.02663347 0.02791411 0.02877955]
 [0.02772036 0.02853841 0.0291384 ]
 [0.02876133 0.02917195 0.02947164]] 
Episode: 217: [[0.02671917 0.02801208 0.02888248]
 [0.02781638 0.02864054 0.02924311]
 [0.02886431 0.02927729 0.02957786]] 
Episode: 218: [[0.02680572 0.02811147 0.02898707]
 [0.02791351 0.02874425 0.02934958]
 [0.0289688  0.02938441 0.02968595]] 
Episode: 219: [[0.02688841 0.02820513 0.02908634]
 [0.02800459 0.02884148 0.0294505 ]
 [0.02906716 0.02948557 0.0297888 ]] 
Episode: 220: [[0.02697122 0.02830074 0.02918822]
 [0.02809731 0.02894136 0.02955442]
 [0.02916813 0.02958986 0.02989492]] 
Episode: 221: [[0.02705744 0.02840034 0.0292943 ]
 [0.0281942  0.02904576 0.02966282]
 [0.02927368 0.02969881 0.03000558]] 
Episode: 222: [[0.02715091 0.02850791 0.02940861]
 [0.02830004 0.02915921 0.02978002]
 [0.02938841 0.02981681 0.03012506]] 
Episode: 223: [[0.02724355 0.02861265 0.02951922]
 [0.02840324 0.02926855 0.02989289]
 [0.02949918 0.02993025 0.03024037]] 
Episode: 224: [[0.0273356  0.02871659 0.02962842]
 [0.02850555 0.02937674 0.0300041 ]
 [0.02960851 0.03004203 0.03035364]] 
Episode: 225: [[0.02743054 0.0288233  0.02974039]
 [0.02861068 0.02948778 0.03011818]
 [0.02972086 0.03015684 0.03046981]] 
Episode: 226: [[0.02752795 0.02893218 0.02985414]
 [0.0287181  0.02960095 0.03023415]
 [0.02983543 0.03027376 0.03058792]] 
Episode: 227: [[0.02762572 0.02904216 0.0299691 ]
 [0.02882623 0.02971536 0.03035139]
 [0.02995105 0.03039199 0.0307073 ]] 
Episode: 228: [[0.02772273 0.02915066 0.03008243]
 [0.02893281 0.02982784 0.0304668 ]
 [0.03006484 0.03050829 0.03082497]] 
Episode: 229: [[0.02781268 0.02925234 0.03018994]
 [0.02903193 0.02993358 0.03057647]
 [0.03017189 0.03061852 0.03093743]] 
Episode: 230: [[0.02790194 0.02935309 0.03029665]
 [0.02913015 0.0300383  0.03068529]
 [0.03027805 0.03072784 0.03104919]] 
Episode: 231: [[0.02799002 0.02945299 0.03040308]
 [0.02922769 0.03014268 0.03079415]
 [0.03038415 0.03083728 0.03116125]] 
Episode: 232: [[0.02807998 0.02955436 0.03051034]
 [0.02932702 0.03024834 0.03090369]
 [0.03049143 0.03094751 0.03127358]] 
Episode: 233: [[0.02817075 0.02965572 0.03061662]
 [0.0294262  0.03035282 0.03101156]
 [0.03059724 0.0310558  0.03138414]] 
Episode: 234: [[0.02826842 0.02976502 0.03073077]
 [0.02953332 0.03046543 0.03112742]
 [0.03071123 0.03117228 0.03150281]] 
Episode: 235: [[0.02836543 0.02987395 0.03084439]
 [0.02964005 0.03057776 0.03124274]
 [0.03082475 0.03128827 0.03162075]] 
Episode: 236: [[0.02846507 0.02998537 0.03096032]
 [0.02974927 0.03069238 0.03136019]
 [0.03094048 0.03140632 0.03174059]] 
Episode: 237: [[0.02856471 0.03009535 0.03107464]
 [0.02985791 0.03080569 0.03147625]
 [0.03105548 0.03152324 0.0318593 ]] 
Episode: 238: [[0.02865965 0.03020158 0.03118588]
 [0.02996242 0.03091558 0.03158935]
 [0.03116694 0.03163702 0.03197504]] 
Episode: 239: [[0.02875076 0.03030457 0.03129433]
 [0.03006372 0.03102259 0.03169981]
 [0.03127556 0.03174815 0.03208814]] 
Episode: 240: [[0.02884472 0.03041036 0.03140534]
 [0.03016782 0.03113232 0.03181278]
 [0.03138685 0.03186184 0.03220361]] 
Episode: 241: [[0.02894196 0.03051803 0.03151777]
 [0.03027398 0.03124332 0.03192685]
 [0.03149954 0.03197658 0.03232017]] 
Episode: 242: [[0.02903913 0.03062509 0.0316296 ]
 [0.03037954 0.03135349 0.03204025]
 [0.03161154 0.03209059 0.03243615]] 
Episode: 243: [[0.02914002 0.03073542 0.03174464]
 [0.03048846 0.03146696 0.03215691]
 [0.0317269  0.03220793 0.03255535]] 
Episode: 244: [[0.02924568 0.03085109 0.03186502]
 [0.03060241 0.03158572 0.03227882]
 [0.03184741 0.03233051 0.03267972]] 
Episode: 245: [[0.02936279 0.03097801 0.03199636]
 [0.03072841 0.03171591 0.03241182]
 [0.03197974 0.03246449 0.03281521]] 
Episode: 246: [[0.02948223 0.03110707 0.03212949]
 [0.03085642 0.03184801 0.03254638]
 [0.03211368 0.03259994 0.03295179]] 
Episode: 247: [[0.02959997 0.03123392 0.03225981]
 [0.03098222 0.03197744 0.03267783]
 [0.0322447  0.0327322  0.03308507]] 
Episode: 248: [[0.02971769 0.03136057 0.0323898 ]
 [0.03110781 0.03210649 0.03280883]
 [0.03237532 0.032864   0.03321798]] 
Episode: 249: [[0.02981997 0.03147326 0.0325071 ]
 [0.031219   0.03222193 0.0329273 ]
 [0.03249237 0.03298287 0.03333891]] 
Episode: 250: [[0.02992555 0.03158895 0.03262717]
 [0.0313331  0.03234018 0.03304845]
 [0.03261217 0.03310443 0.03346236]] 
Episode: 251: [[0.03002317 0.03169557 0.03273926]
 [0.03143752 0.03244923 0.03316175]
 [0.03272318 0.03321788 0.03357855]] 
Episode: 252: [[0.03011291 0.03179383 0.03284414]
 [0.03153299 0.0325499  0.033268  ]
 [0.03282619 0.03332403 0.03368862]] 
Episode: 253: [[0.03019832 0.03188802 0.03294493]
 [0.03162424 0.03264632 0.03337004]
 [0.0329248  0.03342584 0.03379451]] 
Episode: 254: [[0.0302778  0.03197609 0.0330405 ]
 [0.03170937 0.03273674 0.033467  ]
 [0.03301786 0.03352237 0.03389591]] 
Episode: 255: [[0.03036553 0.03207348 0.03314492]
 [0.0318037  0.03283661 0.03357273]
 [0.03311997 0.03362783 0.03400563]] 
Episode: 256: [[0.0304563  0.03217489 0.03325322]
 [0.03190198 0.03294072 0.03368237]
 [0.0332261  0.03373733 0.03411905]] 
Episode: 257: [[0.03054931 0.03227383 0.03335766]
 [0.0319974  0.0330398  0.03378692]
 [0.03332731 0.03384122 0.03422754]] 
Episode: 258: [[0.03064406 0.03237435 0.03346332]
 [0.03209471 0.03314043 0.03389261]
 [0.03343005 0.03394634 0.03433684]] 
Episode: 259: [[0.03074338 0.03247932 0.03357306]
 [0.03219667 0.03324555 0.03400237]
 [0.03353725 0.0340557  0.03444994]] 
Episode: 260: [[0.03084536 0.03258653 0.03368448]
 [0.03230114 0.03335276 0.03411369]
 [0.03364645 0.03416671 0.03456424]] 
Episode: 261: [[0.03094378 0.03269177 0.03379508]
 [0.03240309 0.03345893 0.0342246 ]
 [0.03375443 0.03427726 0.03467813]] 
Episode: 262: [[0.03104633 0.03280143 0.03391002]
 [0.03250943 0.03356956 0.03433985]
 [0.0338669  0.03439227 0.03479634]] 
Episode: 263: [[0.03115175 0.03291459 0.03402853]
 [0.03261909 0.03368376 0.03445867]
 [0.03398282 0.03451084 0.03491804]] 
Episode: 264: [[0.03125404 0.0330237  0.03414303]
 [0.03272436 0.03379335 0.03457318]
 [0.03409399 0.03462474 0.03503538]] 
Episode: 265: [[0.03135897 0.03313602 0.03426072]
 [0.03283294 0.03390641 0.0346909 ]
 [0.03420851 0.03474192 0.03515564]] 
Episode: 266: [[0.03146351 0.03324715 0.03437727]
 [0.03294051 0.03401813 0.03480747]
 [0.034322   0.03485796 0.03527486]] 
Episode: 267: [[0.03157252 0.03336273 0.03449796]
 [0.03305259 0.03413413 0.03492806]
 [0.03443973 0.03497806 0.03539792]] 
Episode: 268: [[0.03168023 0.03347773 0.03461866]
 [0.03316364 0.03424984 0.03504875]
 [0.03455701 0.03509813 0.03552115]] 
Episode: 269: [[0.03178986 0.03359522 0.03474215]
 [0.033277   0.03436817 0.03517229]
 [0.034677   0.0352211  0.03564746]] 
Episode: 270: [[0.03189576 0.03370999 0.03486298]
 [0.03338759 0.03448409 0.03529321]
 [0.03479426 0.03534141 0.03577097]] 
Episode: 271: [[0.03200651 0.03382948 0.03498821]
 [0.0335029  0.0346045  0.03541839]
 [0.03491603 0.03546606 0.03589862]] 
Episode: 272: [[0.03211067 0.03394314 0.03510669]
 [0.03361248 0.03471912 0.03553662]
 [0.0350312  0.03558378 0.03601856]] 
Episode: 273: [[0.0322074  0.03404781 0.03521597]
 [0.03371309 0.03482409 0.0356454 ]
 [0.03513676 0.03569178 0.03612918]] 
Episode: 274: [[0.03230341 0.03415156 0.03532386]
 [0.03381292 0.03492803 0.03575267]
 [0.03524105 0.03579828 0.03623792]] 
Episode: 275: [[0.0324013  0.03425631 0.03543245]
 [0.03391387 0.03503241 0.03586033]
 [0.03534588 0.03590503 0.03634707]] 
Episode: 276: [[0.03250142 0.03436398 0.03554425]
 [0.03401713 0.03513963 0.03597101]
 [0.03545316 0.03601455 0.0364591 ]] 
Episode: 277: [[0.03260634 0.03447649 0.0356611 ]
 [0.03412511 0.03525166 0.0360867 ]
 [0.03556535 0.03612905 0.0365762 ]] 
Episode: 278: [[0.0327216  0.03459954 0.03578812]
 [0.03424362 0.03537413 0.03621236]
 [0.03568785 0.03625362 0.03670294]] 
Episode: 279: [[0.03283783 0.0347243  0.03591683]
 [0.03436374 0.03549868 0.03633982]
 [0.03581217 0.03638011 0.03683124]] 
Episode: 280: [[0.03294978 0.03484646 0.03604508]
 [0.03448045 0.0356218  0.0364676 ]
 [0.03593559 0.03650698 0.0369608 ]] 
Episode: 281: [[0.03306824 0.03497455 0.03617845]
 [0.03460346 0.03575043 0.03660018]
 [0.03606445 0.03663871 0.03709479]] 
Episode: 282: [[0.03318806 0.03510417 0.03631349]
 [0.0347278  0.03588045 0.03673433]
 [0.03619474 0.03677197 0.03723054]] 
Episode: 283: [[0.03329676 0.03522355 0.03643979]
 [0.03484199 0.03600116 0.03686029]
 [0.03631617 0.0368969  0.03735862]] 
Episode: 284: [[0.03338854 0.03533111 0.03655704]
 [0.0349427  0.0361121  0.03697813]
 [0.03642728 0.03701345 0.0374791 ]] 
Episode: 285: [[0.03347985 0.0354386  0.03667548]
 [0.03504246 0.0362231  0.03709739]
 [0.03653881 0.0371313  0.03760179]] 
Episode: 286: [[0.03357354 0.03554781 0.03679444]
 [0.03514447 0.03633529 0.03721675]
 [0.03665118 0.03724926 0.03772393]] 
Episode: 287: [[0.03365573 0.03564577 0.03690272]
 [0.03523425 0.03643541 0.03732496]
 [0.03675095 0.03735515 0.03783514]] 
Episode: 288: [[0.03374241 0.03574757 0.03701447]
 [0.03532799 0.03653915 0.0374365 ]
 [0.03685436 0.03746447 0.03794952]] 
Episode: 289: [[0.03383288 0.03585257 0.03712898]
 [0.03542515 0.03664576 0.03755059]
 [0.03696069 0.03757639 0.03806635]] 
Episode: 290: [[0.03392979 0.03596432 0.03724942]
 [0.03552913 0.0367591  0.03767047]
 [0.03707338 0.03769432 0.03818831]] 
Episode: 291: [[0.03402941 0.03607857 0.03737184]
 [0.03563583 0.03687487 0.03779227]
 [0.03718849 0.0378144  0.0383119 ]] 
Episode: 292: [[0.03413672 0.03619961 0.03750002]
 [0.03574973 0.03699699 0.03791948]
 [0.0373098  0.03794    0.03844031]] 
Episode: 293: [[0.03422335 0.03629759 0.03760606]
 [0.03584278 0.03709624 0.0380249 ]
 [0.03740982 0.03804357 0.03854806]] 
Episode: 294: [[0.03430616 0.03638821 0.03770597]
 [0.03592868 0.03718734 0.03812416]
 [0.03750292 0.03814043 0.03865089]] 
Episode: 295: [[0.03438312 0.03647266 0.03779943]
 [0.03600807 0.0372721  0.03821679]
 [0.03758909 0.03823041 0.03874654]] 
Episode: 296: [[0.03446552 0.03656249 0.03789757]
 [0.03609293 0.03736209 0.0383139 ]
 [0.03768023 0.03832502 0.03884615]] 
Episode: 297: [[0.0345428  0.03664789 0.03799165]
 [0.03617265 0.03744778 0.03840698]
 [0.03776663 0.0384154  0.03894167]] 
Episode: 298: [[0.03462953 0.03674294 0.03809451]
 [0.03626208 0.03754276 0.03850843]
 [0.03786196 0.03851426 0.03904494]] 
Episode: 299: [[0.0347232  0.03684533 0.03820485]
 [0.03635846 0.03764484 0.0386172 ]
 [0.03796443 0.03862039 0.03915578]] 
Episode: 300: [[0.03481683 0.03694799 0.0383156 ]
 [0.03645487 0.03774722 0.03872638]
 [0.03806712 0.03872691 0.03926706]] 
Episode: 301: [[0.03491067 0.03705087 0.03842628]
 [0.03655163 0.03784986 0.03883551]
 [0.03817006 0.03883355 0.03937811]] 
Episode: 302: [[0.03500376 0.03715389 0.03853742]
 [0.03664809 0.03795293 0.03894521]
 [0.03827322 0.03894077 0.03948971]] 
Episode: 303: [[0.03510062 0.03726028 0.03865119]
 [0.03674818 0.03805916 0.03905738]
 [0.03837942 0.03905062 0.03960338]] 
Episode: 304: [[0.03520335 0.03737227 0.03876989]
 [0.0368541  0.03817077 0.0391743 ]
 [0.03849096 0.03916543 0.03972155]] 
Episode: 305: [[0.03531029 0.03748827 0.03889211]
 [0.03696414 0.03828609 0.03929453]
 [0.03860616 0.03928361 0.03984286]] 
Episode: 306: [[0.0354136  0.03760045 0.03901039]
 [0.03707022 0.03839761 0.03941082]
 [0.0387173  0.0393978  0.03995998]] 
Episode: 307: [[0.03550993 0.03770595 0.03912166]
 [0.03716983 0.03850274 0.03952022]
 [0.03882174 0.03950517 0.04006979]] 
Episode: 308: [[0.03561135 0.03781597 0.03923652]
 [0.03727425 0.03861198 0.03963288]
 [0.03893009 0.03961591 0.04018243]] 
Episode: 309: [[0.03570613 0.0379197  0.03934495]
 [0.0373725  0.03871516 0.03973935]
 [0.03903241 0.03972068 0.04028895]] 
Episode: 310: [[0.03579374 0.0380175  0.03944797]
 [0.03746484 0.03881323 0.03984086]
 [0.03912959 0.03982063 0.04039051]] 
Episode: 311: [[0.03588263 0.03811658 0.03955256]
 [0.03755828 0.03891258 0.03994398]
 [0.0392282  0.0399222  0.04049396]] 
Episode: 312: [[0.03597527 0.03821933 0.03966058]
 [0.03765503 0.03901517 0.04005017]
 [0.03932979 0.04002672 0.04060044]] 
Episode: 313: [[0.03606789 0.03832163 0.03976796]
 [0.03775141 0.03911706 0.04015564]
 [0.03943074 0.04013048 0.04070613]] 
Episode: 314: [[0.03617982 0.03844192 0.0398919 ]
 [0.03786534 0.03923527 0.04027632]
 [0.03954725 0.04024898 0.04082574]] 
Episode: 315: [[0.03630083 0.03857115 0.04002392]
 [0.03798842 0.03936204 0.04040461]
 [0.03967194 0.04037507 0.04095224]] 
Episode: 316: [[0.03642945 0.03870806 0.04016326]
 [0.03811912 0.03949635 0.04054007]
 [0.03980405 0.0405084  0.04108554]] 
Episode: 317: [[0.03654974 0.0388367  0.04029533]
 [0.03824146 0.03962256 0.04066854]
 [0.03992855 0.04063461 0.04121279]] 
Episode: 318: [[0.03665379 0.03894914 0.04041224]
 [0.03834651 0.03973213 0.04078187]
 [0.04003643 0.04074515 0.0413258 ]] 
Episode: 319: [[0.03675109 0.0390557  0.04052415]
 [0.03844552 0.03983629 0.04089045]
 [0.04013893 0.04085072 0.04143427]] 
Episode: 320: [[0.03684355 0.03915605 0.04062991]
 [0.03853866 0.03993362 0.04099264]
 [0.04023501 0.04094964 0.04153712]] 
Episode: 321: [[0.0369357  0.03925597 0.04073597]
 [0.0386309  0.04003028 0.04109509]
 [0.04033067 0.04104856 0.04164073]] 
Episode: 322: [[0.03702795 0.03935726 0.04084519]
 [0.03872299 0.04012852 0.0412007 ]
 [0.04042767 0.04115004 0.04174797]] 
Episode: 323: [[0.03716129 0.03949935 0.04099391]
 [0.03885519 0.04026641 0.04134478]
 [0.04056359 0.04128988 0.04189224]] 
Episode: 324: [[0.03731114 0.03965766 0.04115778]
 [0.03900358 0.04042008 0.04150349]
 [0.04071473 0.04144441 0.04205013]] 
Episode: 325: [[0.03749002 0.03984569 0.04134988]
 [0.03918158 0.04060315 0.0416898 ]
 [0.04089416 0.04162656 0.04223401]] 
Episode: 326: [[0.03766397 0.04002847 0.04153609]
 [0.03935483 0.04078108 0.04187022]
 [0.04106815 0.04180286 0.04241129]] 
Episode: 327: [[0.03784206 0.04021438 0.04172458]
 [0.03953154 0.04096174 0.04205265]
 [0.04124473 0.04198125 0.04259017]] 
Episode: 328: [[0.03801254 0.04039219 0.04190489]
 [0.03970053 0.04113442 0.04222709]
 [0.04141348 0.0421517  0.04276116]] 
Episode: 329: [[0.03817212 0.04055917 0.04207471]
 [0.03985905 0.04129693 0.04239164]
 [0.04157248 0.04231263 0.04292268]] 
Episode: 330: [[0.03832788 0.04072237 0.04224051]
 [0.04001399 0.04145588 0.04255228]
 [0.04172782 0.0424698  0.04308004]] 
Episode: 331: [[0.03848287 0.04088501 0.04240575]
 [0.04016825 0.04161459 0.0427125 ]
 [0.04188269 0.04262662 0.04323672]] 
Episode: 332: [[0.03865203 0.04106147 0.0425842 ]
 [0.04033596 0.04178642 0.04288533]
 [0.04205025 0.04279587 0.04340538]] 
Episode: 333: [[0.03881311 0.04123022 0.04275538]
 [0.04049596 0.0419508  0.04305112]
 [0.04221052 0.04295807 0.04356739]] 
Episode: 334: [[0.03898846 0.04141257 0.04293931]
 [0.04066921 0.04212787 0.04322892]
 [0.04238283 0.04313192 0.04374054]] 
Episode: 335: [[0.03917815 0.04160887 0.04313635]
 [0.04085651 0.04231852 0.04341952]
 [0.04256853 0.04331875 0.0439259 ]] 
Episode: 336: [[0.03939292 0.04182963 0.043357  ]
 [0.04106857 0.04253309 0.04363317]
 [0.04277774 0.04352841 0.04413355]] 
Episode: 337: [[0.03963509 0.04207695 0.0436034 ]
 [0.04130754 0.04277382 0.04387219]
 [0.04301277 0.04376332 0.04436581]] 
Episode: 338: [[0.0398334  0.04228073 0.043808  ]
 [0.04150429 0.04297292 0.04407106]
 [0.04320738 0.04395834 0.04455944]] 
Episode: 339: [[0.04002634 0.04247947 0.04400975]
 [0.04169564 0.04316686 0.04426698]
 [0.04339748 0.04414945 0.04475135]] 
Episode: 340: [[0.04023904 0.04269722 0.04422898]
 [0.04190629 0.04337918 0.04447977]
 [0.04360535 0.04435747 0.04495891]] 
Episode: 341: [[0.04048472 0.0429475  0.0444801 ]
 [0.04214947 0.04362392 0.04472442]
 [0.04384524 0.04459744 0.04519786]] 
Episode: 342: [[0.04073596 0.04320253 0.04473511]
 [0.04239775 0.04387311 0.04497273]
 [0.04408935 0.04484114 0.04543986]] 
Episode: 343: [[0.04097928 0.04344998 0.04498294]
 [0.04263806 0.04411457 0.04521368]
 [0.04432544 0.04507704 0.04567448]] 
Episode: 344: [[0.04124303 0.04371688 0.04524921]
 [0.04289831 0.04437516 0.04547281]
 [0.04458044 0.04533122 0.0459266 ]] 
Episode: 345: [[0.04151333 0.04398982 0.04552186]
 [0.04316435 0.04464095 0.04573761]
 [0.04484025 0.04559003 0.04618398]] 
Episode: 346: [[0.04178606 0.04426476 0.04579584]
 [0.04343256 0.04490869 0.04600375]
 [0.04510186 0.04585043 0.04644233]] 
Episode: 347: [[0.04207578 0.04455648 0.04608524]
 [0.04371778 0.04519319 0.04628524]
 [0.04537982 0.04612674 0.04671529]] 
Episode: 348: [[0.04232804 0.04481081 0.04633699]
 [0.04396678 0.04544146 0.04653017]
 [0.04562229 0.04636747 0.04695234]] 
Episode: 349: [[0.04258515 0.04506999 0.04659418]
 [0.04422053 0.04569459 0.04678061]
 [0.04586979 0.0466135  0.04719548]] 
Episode: 350: [[0.04282134 0.04530136 0.04681919]
 [0.04445041 0.04591912 0.04699919]
 [0.04609074 0.04682985 0.04740588]] 
Episode: 351: [[0.04300077 0.04548069 0.04699867]
 [0.04462984 0.04609849 0.04717876]
 [0.04627036 0.04700949 0.04758581]] 
Episode: 352: [[0.0431318  0.045612   0.04713   ]
 [0.04476163 0.04623055 0.0473107 ]
 [0.04640274 0.04714197 0.04771795]] 
Episode: 353: [[0.04323466 0.04571252 0.04722719]
 [0.04486486 0.04633129 0.04740795]
 [0.04650408 0.04724092 0.04781354]] 
Episode: 354: [[0.04340727 0.04588512 0.04739978]
 [0.04503746 0.04650389 0.04758056]
 [0.04667669 0.04741352 0.04798614]] 
Episode: 355: [[0.04360675 0.04608422 0.04759824]
 [0.04523661 0.04670279 0.04777888]
 [0.04687542 0.04761204 0.04818411]] 
Episode: 356: [[0.04360675 0.04608422 0.04759824]
 [0.04523661 0.04670279 0.04777888]
 [0.04687542 0.04761204 0.04818411]] 
Episode: 357: [[0.04360675 0.04608422 0.04759824]
 [0.04523661 0.04670279 0.04777888]
 [0.04687542 0.04761204 0.04818411]] 
Episode: 358: [[nan nan nan]
 [nan nan nan]
 [nan nan nan]] 
