Episode: 1: [[0.05 0.05 0.05 0.05 0.05 0.05 0.05 0.05 0.05 0.05 0.05 0.05 0.05 0.05
  0.05 0.05 0.05 0.05 0.05 0.05]] 
Episode: 2: [[0.05009998 0.05009999 0.05009998 0.05009998 0.05009998 0.05009998
  0.05009998 0.05009998 0.05009999 0.05009999 0.05009998 0.05009999
  0.05009999 0.05009999 0.05009998 0.05009999 0.05009999 0.05009999
  0.05009999 0.0501    ]] 
Episode: 3: [[0.05019331 0.05019328 0.05019328 0.05019327 0.05019326 0.05019325
  0.05019325 0.05019325 0.05019325 0.05019327 0.05019325 0.05019647
  0.05019328 0.05019329 0.05019326 0.05019869 0.05019939 0.05019733
  0.05019915 0.05018009]] 
Episode: 4: [[0.05028845 0.05028841 0.05028842 0.05028841 0.0502884  0.05028839
  0.05028838 0.05028837 0.05028836 0.05028839 0.05028836 0.05029314
  0.05028841 0.05028841 0.05028838 0.05029651 0.05029762 0.05029446
  0.05029798 0.05026744]] 
Episode: 5: [[0.05038233 0.0503823  0.05038231 0.05038231 0.05038231 0.0503823
  0.05038229 0.05038228 0.05038226 0.05038227 0.05038225 0.0503872
  0.05038228 0.05038228 0.05038224 0.05039025 0.05039103 0.05038846
  0.05038701 0.05032791]] 
Episode: 6: [[0.05047685 0.05047685 0.05047686 0.05047688 0.05047688 0.05047688
  0.05047687 0.05047686 0.05047685 0.05047685 0.05047683 0.05048214
  0.05047685 0.05047685 0.05047681 0.05048528 0.050486   0.05048348
  0.05047989 0.05039192]] 
Episode: 7: [[0.05056541 0.05056542 0.05056544 0.05056546 0.05056548 0.05056548
  0.05056548 0.05056547 0.05056546 0.05056546 0.05056544 0.05057106
  0.05056546 0.05056547 0.05056543 0.05057444 0.05057526 0.0505725
  0.05056918 0.05046742]] 
Episode: 8: [[0.05056237 0.0505624  0.05056241 0.05056244 0.05056247 0.05056247
  0.05056248 0.05056248 0.05056247 0.05056246 0.05056246 0.05056785
  0.05056246 0.05056246 0.05056243 0.050571   0.05057171 0.05056923
  0.05056496 0.05046013]] 
Episode: 9: [[0.05056749 0.05056757 0.05056754 0.0505676  0.05056764 0.05056766
  0.05056768 0.05056769 0.05056769 0.05056767 0.05056768 0.05057271
  0.05056766 0.05056766 0.05056764 0.05057547 0.05057599 0.05057399
  0.05056805 0.05045737]] 
Episode: 10: [[0.05056039 0.05056052 0.05056046 0.05056053 0.05056059 0.05056063
  0.05056066 0.05056068 0.05056068 0.05056066 0.05056067 0.05056543
  0.05056065 0.05056065 0.05056063 0.05056789 0.05056826 0.05056664
  0.05055947 0.05044502]] 
Episode: 11: [[0.05052331 0.05052375 0.05052355 0.05052374 0.0505239  0.05052402
  0.05052412 0.0505242  0.0505243  0.05052434 0.05052431 0.05052866
  0.0505244  0.0505244  0.05052436 0.05053065 0.05053078 0.05052976
  0.05052053 0.05040099]] 
Episode: 12: [[0.05048193 0.05048258 0.05048229 0.05048256 0.05048278 0.05048297
  0.05048311 0.05048322 0.05048338 0.05048345 0.0504834  0.05048745
  0.05048355 0.05048355 0.05048351 0.05048912 0.05048907 0.05048847
  0.05047783 0.05035524]] 
Episode: 13: [[0.05043136 0.05043215 0.05043181 0.05043212 0.05043238 0.0504326
  0.05043277 0.05043289 0.05043308 0.05043316 0.0504331  0.05043673
  0.05043327 0.05043327 0.05043322 0.05043793 0.05043767 0.0504376
  0.05042513 0.0502985 ]] 
Episode: 14: [[0.05037198 0.05037282 0.05037246 0.05037278 0.05037306 0.05037328
  0.05037346 0.05037359 0.05037378 0.05037385 0.0503738  0.050377
  0.05037396 0.05037395 0.0503739  0.05037777 0.05037731 0.05037773
  0.05036357 0.05023336]] 
Episode: 15: [[0.05030204 0.05030289 0.05030253 0.05030285 0.05030312 0.05030334
  0.05030352 0.05030364 0.05030382 0.05030388 0.05030384 0.05030674
  0.05030398 0.05030397 0.05030392 0.05030721 0.0503066  0.05030737
  0.05029207 0.05015985]] 
Episode: 16: [[0.0502227  0.05022358 0.05022321 0.05022353 0.05022381 0.05022403
  0.05022421 0.05022434 0.05022452 0.05022458 0.05022454 0.05022728
  0.05022467 0.05022466 0.05022462 0.05022758 0.05022689 0.05022785
  0.05021192 0.05007872]] 
Episode: 17: [[0.05014096 0.05014294 0.05014242 0.05014307 0.05014361 0.05014404
  0.05014437 0.05014462 0.05014502 0.05014489 0.05014496 0.05014751
  0.0501449  0.05014486 0.05014487 0.05014763 0.05014693 0.05014795
  0.05013195 0.04999958]] 
Episode: 18: [[0.05007781 0.05008101 0.05008023 0.05008122 0.05008202 0.05008267
  0.05008321 0.05008363 0.05008438 0.05008439 0.05008437 0.05008694
  0.05008459 0.05008455 0.05008452 0.050087   0.05008621 0.05008743
  0.05007069 0.04993678]] 
Episode: 19: [[0.05001408 0.05001832 0.05001733 0.0500186  0.05001962 0.05002046
  0.05002116 0.05002174 0.05002279 0.05002293 0.05002282 0.0500254
  0.05002331 0.05002326 0.05002319 0.0500254  0.05002451 0.05002593
  0.05000841 0.04987286]] 
Episode: 20: [[0.04995469 0.04995984 0.04995866 0.04996017 0.04996139 0.04996239
  0.04996325 0.04996396 0.04996529 0.04996557 0.04996537 0.04996797
  0.04996612 0.04996607 0.04996596 0.04996792 0.04996695 0.04996854
  0.04995033 0.0498133 ]] 
Episode: 21: [[0.04990107 0.04990707 0.0499057  0.04990744 0.04990883 0.04990998
  0.04991096 0.0499118  0.04991338 0.04991377 0.04991349 0.04991613
  0.04991447 0.04991441 0.04991426 0.04991606 0.04991503 0.04991674
  0.04989801 0.04976001]] 
Episode: 22: [[0.04987082 0.04987774 0.04987617 0.04987815 0.04987974 0.04988106
  0.04988218 0.04988315 0.04988499 0.04988546 0.04988512 0.04988752
  0.04988627 0.0498862  0.04988603 0.04988714 0.04988592 0.04988806
  0.0498677  0.04972497]] 
Episode: 23: [[0.04988637 0.04989414 0.04989241 0.04989462 0.04989639 0.04989785
  0.0498991  0.04990018 0.04990221 0.0499027  0.04990234 0.04990482
  0.04990358 0.04990349 0.04990331 0.0499045  0.04990328 0.0499054
  0.04988516 0.04974263]] 
Episode: 24: [[0.04989774 0.04990626 0.04990439 0.04990681 0.04990873 0.04991034
  0.04991171 0.04991288 0.0499151  0.04991561 0.04991524 0.04991766
  0.04991655 0.04991646 0.04991628 0.04991725 0.04991598 0.04991823
  0.04989748 0.04975341]] 
Episode: 25: [[0.04990385 0.04991305 0.04991104 0.04991364 0.04991572 0.04991744
  0.04991891 0.04992018 0.04992257 0.04992309 0.0499227  0.04992498
  0.04992409 0.049924   0.04992381 0.04992438 0.049923   0.04992549
  0.04990384 0.04975707]] 
Episode: 26: [[0.04990785 0.04991768 0.04991554 0.04991832 0.04992054 0.04992238
  0.04992395 0.04992529 0.04992785 0.0499284  0.04992798 0.04993013
  0.04992947 0.04992936 0.04992916 0.04992934 0.04992786 0.04993059
  0.04990804 0.04975865]] 
Episode: 27: [[0.04991924 0.04992968 0.04992742 0.04993038 0.04993273 0.04993469
  0.04993635 0.04993778 0.0499405  0.04994107 0.04994062 0.04994253
  0.04994218 0.04994207 0.04994186 0.04994148 0.04993984 0.04994292
  0.04991911 0.04976597]] 
Episode: 28: [[0.04992417 0.04993514 0.04993277 0.04993587 0.04993833 0.04994038
  0.04994212 0.04994362 0.04994648 0.04994706 0.0499466  0.049948
  0.04994822 0.0499481  0.0499479  0.04994639 0.04994447 0.0499482
  0.04992193 0.04976168]] 
Episode: 29: [[0.04993134 0.04994284 0.04994037 0.0499436  0.04994617 0.0499483
  0.04995012 0.04995168 0.04995465 0.04995525 0.04995477 0.04995584
  0.04995643 0.04995631 0.04995609 0.04995385 0.04995174 0.04995591
  0.04992801 0.04976309]] 
Episode: 30: [[0.04995228 0.04996429 0.04996173 0.04996509 0.04996776 0.04996997
  0.04997186 0.04997347 0.04997656 0.04997714 0.04997666 0.04997724
  0.04997835 0.04997822 0.04997801 0.04997472 0.04997234 0.04997713
  0.04994693 0.04977508]] 
Episode: 31: [[0.04999258 0.05000507 0.05000243 0.05000592 0.05000868 0.05001097
  0.05001291 0.05001457 0.05001776 0.05001834 0.05001784 0.05001807
  0.05001956 0.05001942 0.05001921 0.05001516 0.05001258 0.05001783
  0.04998593 0.04980875]] 
Episode: 32: [[0.0500555  0.05006855 0.05006578 0.05006943 0.05007233 0.05007473
  0.05007676 0.05007849 0.05008179 0.05008234 0.05008185 0.05008185
  0.05008358 0.05008343 0.05008322 0.05007866 0.05007596 0.05008151
  0.05004849 0.04986764]] 
Episode: 33: [[0.05012629 0.05013938 0.05013649 0.05014016 0.0501431  0.05014553
  0.0501476  0.05014937 0.05015276 0.05015326 0.05015281 0.05015241
  0.05015447 0.0501543  0.05015412 0.0501488  0.05014591 0.05015189
  0.05011728 0.04993128]] 
Episode: 34: [[0.05018393 0.05019702 0.05019404 0.05019771 0.05020067 0.05020314
  0.05020525 0.05020706 0.05021051 0.05021097 0.05021055 0.05020982
  0.05021215 0.05021197 0.05021181 0.05020587 0.05020282 0.05020916
  0.05017323 0.04998293]] 
Episode: 35: [[0.05024153 0.05025463 0.05025156 0.05025525 0.05025822 0.05026071
  0.05026285 0.05026468 0.05026819 0.05026859 0.05026821 0.05026713
  0.05026975 0.05026956 0.05026942 0.0502628  0.05025959 0.0502663
  0.05022896 0.05003409]] 
Episode: 36: [[0.05030535 0.05031862 0.05031539 0.05031913 0.05032216 0.05032471
  0.0503269  0.05032879 0.05033245 0.05033294 0.05033252 0.05033123
  0.05033419 0.05033399 0.05033384 0.05032662 0.05032324 0.05033032
  0.05029156 0.05009207]] 
Episode: 37: [[0.05036229 0.05037569 0.05037232 0.0503761  0.05037919 0.05038178
  0.05038402 0.05038597 0.05038976 0.05039035 0.05038987 0.05038841
  0.05039168 0.05039148 0.05039131 0.05038355 0.05038002 0.05038743
  0.05034739 0.05014371]] 
Episode: 38: [[0.05039498 0.05040843 0.05040494 0.05040875 0.05041188 0.05041453
  0.05041682 0.05041883 0.05042277 0.05042344 0.05042291 0.05042126
  0.05042486 0.05042465 0.05042447 0.05041616 0.05041248 0.05042022
  0.05037887 0.05017116]] 
Episode: 39: [[0.05040823 0.05042166 0.05041806 0.0504219  0.05042507 0.05042776
  0.0504301  0.05043215 0.05043624 0.05043698 0.0504364  0.05043456
  0.05043848 0.05043826 0.05043807 0.05042921 0.05042537 0.05043345
  0.0503908  0.05017919]] 
Episode: 40: [[0.05041478 0.05042817 0.05042448 0.05042832 0.05043152 0.05043424
  0.05043661 0.05043871 0.05044293 0.05044373 0.0504431  0.05044108
  0.05044533 0.0504451  0.05044489 0.05043548 0.05043149 0.05043989
  0.05039594 0.05018047]] 
Episode: 41: [[0.05041076 0.05042409 0.05042031 0.05042416 0.05042738 0.05043013
  0.05043254 0.05043468 0.05043904 0.0504399  0.05043921 0.0504371
  0.05044157 0.05044134 0.0504411  0.05043133 0.05042723 0.05043586
  0.05039102 0.05017295]] 
Episode: 42: [[0.05041775 0.05043101 0.05042717 0.05043102 0.05043424 0.050437
  0.05043942 0.05044159 0.05044606 0.05044698 0.05044623 0.05044401
  0.05044872 0.05044848 0.05044823 0.05043808 0.05043387 0.05044273
  0.05039696 0.05017608]] 
Episode: 43: [[0.05040017 0.05041334 0.05040943 0.05041327 0.0504165  0.05041928
  0.05042172 0.05042391 0.05042851 0.05042947 0.05042867 0.05042644
  0.0504313  0.05043106 0.05043079 0.05042045 0.05041618 0.05042515
  0.05037888 0.05015661]] 
Episode: 44: [[0.05037884 0.05039193 0.05038796 0.05039179 0.05039502 0.05039782
  0.05040027 0.05040248 0.05040719 0.05040822 0.05040735 0.05040503
  0.05041012 0.05040988 0.05040958 0.05039889 0.05039452 0.05040371
  0.05035656 0.05013188]] 
Episode: 45: [[0.05035652 0.05036953 0.0503655  0.05036933 0.05037257 0.05037538
  0.05037785 0.05038008 0.05038488 0.05038596 0.05038504 0.05038267
  0.05038792 0.05038768 0.05038736 0.05037643 0.05037198 0.05038132
  0.05033357 0.05010726]] 
Episode: 46: [[0.05034075 0.05035375 0.05034966 0.05035349 0.05035673 0.05035955
  0.05036203 0.05036427 0.05036915 0.05037028 0.0503693  0.05036679
  0.05037229 0.05037205 0.05037171 0.05036033 0.05035576 0.05036537
  0.05031658 0.05008732]] 
Episode: 47: [[0.0503336  0.05034735 0.05034321 0.05034722 0.05035061 0.05035351
  0.05035605 0.05035833 0.05036334 0.05036438 0.0503634  0.05036057
  0.05036638 0.05036613 0.05036579 0.05035375 0.05034902 0.050359
  0.05030882 0.05007556]] 
Episode: 48: [[0.05030498 0.05031938 0.05031518 0.05031936 0.05032286 0.05032586
  0.05032845 0.05033076 0.0503359  0.05033685 0.05033587 0.05033263
  0.05033885 0.05033859 0.05033826 0.05032535 0.0503204  0.05033087
  0.05027886 0.05004049]] 
Episode: 49: [[0.05030022 0.05031461 0.05031063 0.05031474 0.05031817 0.05032109
  0.0503236  0.05032582 0.05033086 0.05033151 0.05033064 0.05032684
  0.05033331 0.05033303 0.05033275 0.05031902 0.0503139  0.05032478
  0.0502713  0.05002874]] 
Episode: 50: [[0.05027255 0.05028637 0.05028285 0.05028674 0.05028994 0.05029263
  0.05029493 0.05029695 0.05030172 0.05030202 0.05030129 0.0502969
  0.05030352 0.05030323 0.05030302 0.05028855 0.05028328 0.05029451
  0.05023979 0.04999385]] 
Episode: 51: [[0.05026847 0.05028178 0.0502787  0.05028236 0.05028534 0.05028782
  0.05028992 0.05029175 0.05029625 0.05029623 0.05029562 0.05029075
  0.05029747 0.05029717 0.05029701 0.05028198 0.0502766  0.05028809
  0.05023244 0.04998389]] 
Episode: 52: [[0.0502477  0.05026054 0.05025783 0.05026131 0.05026409 0.05026639
  0.05026831 0.05026998 0.05027427 0.05027395 0.05027346 0.0502682
  0.05027496 0.05027466 0.05027454 0.05025909 0.05025364 0.0502653
  0.05020903 0.04995878]] 
Episode: 53: [[0.05023671 0.0502491  0.05024676 0.05025005 0.05025264 0.05025476
  0.05025652 0.05025803 0.05026212 0.05026153 0.05026113 0.05025553
  0.05026233 0.05026202 0.05026194 0.05024611 0.05024059 0.05025241
  0.05019555 0.04994366]] 
Episode: 54: [[0.05023704 0.050249   0.05024701 0.05025012 0.05025253 0.05025446
  0.05025606 0.05025742 0.05026132 0.05026048 0.05026016 0.05025426
  0.05026109 0.05026077 0.05026073 0.05024458 0.050239   0.05025095
  0.05019362 0.04994035]] 
Episode: 55: [[0.05024073 0.05025225 0.05025061 0.05025354 0.05025576 0.05025753
  0.05025897 0.05026018 0.05026391 0.05026284 0.05026259 0.05025645
  0.05026327 0.05026295 0.05026293 0.05024657 0.05024096 0.05025299
  0.05019535 0.04994123]] 
Episode: 56: [[0.05023541 0.05024651 0.05024518 0.05024794 0.05025    0.05025161
  0.0502529  0.05025398 0.05025756 0.05025628 0.05025608 0.05024969
  0.05025656 0.05025623 0.05025624 0.05023957 0.0502339  0.05024606
  0.05018792 0.04993236]] 
Episode: 57: [[0.05022035 0.05023106 0.05023002 0.05023263 0.05023453 0.050236
  0.05023716 0.05023812 0.05024157 0.0502401  0.05023995 0.05023345
  0.05024023 0.05023991 0.05023992 0.05022325 0.05021759 0.05022972
  0.0501717  0.04991656]] 
Episode: 58: [[0.05021428 0.05022458 0.05022382 0.05022627 0.05022803 0.05022935
  0.05023038 0.05023122 0.05023456 0.0502329  0.05023279 0.05022616
  0.05023292 0.05023259 0.05023262 0.05021582 0.05021015 0.05022231
  0.05016412 0.04990854]] 
Episode: 59: [[0.05018583 0.05019577 0.05019525 0.05019757 0.0501992  0.0502004
  0.05020133 0.05020208 0.05020534 0.05020352 0.05020344 0.05019663
  0.05020344 0.0502031  0.05020314 0.05018612 0.0501804  0.05019266
  0.05013408 0.04987752]] 
Episode: 60: [[0.05014113 0.05015073 0.05015042 0.05015261 0.05015413 0.05015524
  0.05015608 0.05015674 0.05015996 0.05015798 0.05015793 0.05015106
  0.05015782 0.05015747 0.05015752 0.0501405  0.05013479 0.05014702
  0.05008855 0.04983249]] 
Episode: 61: [[0.05010081 0.0501101  0.05010999 0.05011206 0.05011347 0.05011448
  0.05011523 0.05011581 0.05011898 0.05011686 0.05011683 0.05010988
  0.05011662 0.05011627 0.05011632 0.05009924 0.05009353 0.05010577
  0.05004723 0.04979117]] 
Episode: 62: [[0.05003545 0.0500445  0.05004454 0.05004652 0.05004784 0.05004878
  0.05004946 0.05004998 0.05005312 0.05005089 0.05005087 0.05004381
  0.05005059 0.05005024 0.05005028 0.05003306 0.05002731 0.05003962
  0.04998082 0.04972428]] 
Episode: 63: [[0.04997646 0.04998546 0.04998544 0.0499874  0.04998873 0.0499897
  0.04999042 0.04999098 0.04999425 0.04999205 0.04999194 0.04998493
  0.04999185 0.04999151 0.0499915  0.04997418 0.04996838 0.04998077
  0.04992158 0.04966405]] 
Episode: 64: [[0.04990911 0.04991808 0.049918   0.04991993 0.04992127 0.04992228
  0.04992304 0.04992362 0.04992702 0.04992485 0.04992465 0.04991774
  0.04992473 0.0499244  0.04992435 0.04990703 0.04990122 0.04991363
  0.04985428 0.04959657]] 
Episode: 65: [[0.04984729 0.0498562  0.04985609 0.04985797 0.04985932 0.04986035
  0.04986112 0.04986173 0.04986525 0.0498631  0.04986281 0.049856
  0.04986306 0.04986273 0.04986263 0.04984535 0.04983952 0.04985193
  0.04979249 0.0495347 ]] 
Episode: 66: [[0.04979837 0.04980718 0.04980706 0.0498089  0.04981022 0.04981126
  0.04981204 0.04981266 0.04981628 0.04981413 0.04981377 0.04980702
  0.04981418 0.04981386 0.04981371 0.04979639 0.04979053 0.04980299
  0.04974331 0.04948502]] 
Episode: 67: [[0.04975669 0.04976536 0.04976526 0.04976704 0.04976833 0.04976936
  0.04977015 0.04977077 0.04977449 0.04977234 0.0497719  0.04976517
  0.04977245 0.04977213 0.04977195 0.04975452 0.04974861 0.04976115
  0.0497011  0.04944187]] 
Episode: 68: [[0.0497307  0.04973923 0.04973917 0.04974088 0.04974214 0.04974316
  0.04974394 0.04974455 0.04974834 0.04974619 0.04974567 0.04973901
  0.04974635 0.04974604 0.04974581 0.04972837 0.04972245 0.04973501
  0.04967481 0.04941523]] 
Episode: 69: [[0.04971387 0.04972224 0.04972223 0.04972387 0.04972508 0.04972607
  0.04972682 0.04972741 0.04973127 0.0497291  0.04972851 0.04972197
  0.04972931 0.04972901 0.04972874 0.04971142 0.0497055  0.04971801
  0.04965792 0.04939872]] 
Episode: 70: [[0.04970584 0.049714   0.04971408 0.04971564 0.04971679 0.04971773
  0.04971844 0.04971901 0.04972292 0.04972072 0.04972007 0.0497136
  0.04972098 0.04972068 0.04972038 0.04970308 0.04969716 0.04970967
  0.04964951 0.04939013]] 
Episode: 71: [[0.04970255 0.04971049 0.04971066 0.04971213 0.04971321 0.0497141
  0.04971477 0.0497153  0.04971926 0.04971704 0.04971633 0.04970989
  0.04971733 0.04971704 0.0497167  0.04969937 0.04969342 0.04970597
  0.04964561 0.04938565]] 
Episode: 72: [[0.04969985 0.04970754 0.04970782 0.04970919 0.04971019 0.04971103
  0.04971166 0.04971215 0.04971616 0.0497139  0.04971313 0.04970674
  0.04971424 0.04971395 0.04971357 0.04969623 0.04969026 0.04970283
  0.04964231 0.04938189]] 
Episode: 73: [[0.04969539 0.04970283 0.04970323 0.0497045  0.04970542 0.0497062
  0.04970678 0.04970724 0.04971129 0.049709   0.04970817 0.04970191
  0.04970937 0.04970909 0.04970867 0.04969149 0.04968555 0.04969804
  0.04963776 0.04937805]] 
Episode: 74: [[0.04968921 0.04969641 0.04969691 0.04969809 0.04969894 0.04969965
  0.04970019 0.0497006  0.0497047  0.04970237 0.04970148 0.04969539
  0.04970277 0.04970249 0.04970204 0.04968511 0.04967921 0.04969157
  0.04963171 0.04937325]] 
Episode: 75: [[0.04967073 0.0496777  0.04967831 0.04967939 0.04968017 0.04968083
  0.04968131 0.04968169 0.04968584 0.04968347 0.04968251 0.04967658
  0.0496839  0.04968362 0.04968313 0.0496664  0.04966054 0.0496728
  0.04961328 0.0493559 ]] 
Episode: 76: [[0.04966274 0.04966948 0.0496702  0.04967118 0.04967188 0.04967248
  0.04967292 0.04967325 0.04967744 0.04967504 0.04967402 0.04966826
  0.04967549 0.04967522 0.0496747  0.0496582  0.04965239 0.04966452
  0.04960541 0.04934928]] 
Episode: 77: [[0.04965543 0.04966192 0.04966276 0.04966365 0.04966427 0.0496648
  0.04966518 0.04966547 0.04966969 0.04966725 0.04966618 0.0496605
  0.04966774 0.04966747 0.04966691 0.04965049 0.04964469 0.04965679
  0.04959773 0.04934181]] 
Episode: 78: [[0.04965669 0.04966338 0.04966423 0.04966525 0.04966598 0.04966657
  0.04966697 0.04966725 0.04967157 0.049669   0.04966788 0.04966228
  0.04966949 0.04966922 0.04966863 0.04965231 0.04964652 0.04965858
  0.0495996  0.04934388]] 
Episode: 79: [[0.0496712  0.04967802 0.0496789  0.04968002 0.04968083 0.04968145
  0.04968186 0.04968211 0.04968652 0.04968384 0.04968267 0.04967715
  0.04968432 0.04968405 0.04968344 0.04966723 0.04966146 0.04967346
  0.04961458 0.0493591 ]] 
Episode: 80: [[0.0496918  0.04969867 0.04969961 0.0497008  0.04970166 0.04970231
  0.0497027  0.04970292 0.0497074  0.0497046  0.04970339 0.04969794
  0.04970508 0.04970482 0.04970417 0.04968805 0.04968229 0.04969425
  0.04963541 0.04937996]] 
Episode: 81: [[0.04970391 0.04971082 0.04971182 0.04971307 0.04971396 0.04971462
  0.04971499 0.04971519 0.04971973 0.04971682 0.04971556 0.0497103
  0.04971731 0.04971705 0.04971637 0.04970055 0.04969486 0.04970665
  0.04964836 0.04939443]] 
Episode: 82: [[0.04969966 0.0497073  0.04970847 0.04970987 0.04971084 0.04971151
  0.04971187 0.04971205 0.04971675 0.04971392 0.04971248 0.04970763
  0.04971457 0.04971434 0.04971356 0.04969821 0.04969259 0.04970418
  0.04964643 0.04939402]] 
Episode: 83: [[0.04970407 0.04971235 0.04971369 0.04971522 0.04971625 0.04971692
  0.04971726 0.04971742 0.04972226 0.04971949 0.04971788 0.04971336
  0.04972029 0.04972007 0.0497192  0.04970419 0.04969861 0.04971007
  0.04965262 0.04940101]] 
Episode: 84: [[0.04971739 0.04972701 0.04972816 0.04973016 0.04973155 0.0497325
  0.04973301 0.04973326 0.04973838 0.04973543 0.04973376 0.04972928
  0.04973626 0.04973606 0.04973512 0.04972009 0.04971449 0.04972601
  0.0496682  0.04941548]] 
Episode: 85: [[0.04973468 0.04974548 0.04974649 0.04974889 0.04975059 0.04975177
  0.04975243 0.04975275 0.04975813 0.04975501 0.04975327 0.04974891
  0.04975586 0.04975567 0.04975467 0.04973979 0.04973421 0.04974567
  0.04968789 0.04943515]] 
Episode: 86: [[0.04974655 0.04975834 0.04975924 0.04976198 0.04976396 0.04976533
  0.0497661  0.04976649 0.0497721  0.04976882 0.04976701 0.04976281
  0.04976969 0.04976951 0.04976845 0.04975379 0.04974825 0.04975962
  0.04970203 0.04944978]] 
Episode: 87: [[0.04975872 0.04977137 0.0497722  0.04977522 0.04977744 0.04977898
  0.04977985 0.04978029 0.04978611 0.04978269 0.0497808  0.04977674
  0.04978357 0.0497834  0.04978229 0.0497678  0.04976228 0.04977358
  0.0497161  0.04946406]] 
Episode: 88: [[0.04977516 0.04978915 0.04978966 0.04979317 0.04979578 0.04979762
  0.04979873 0.04979932 0.04980557 0.04980214 0.0498001  0.04979643
  0.0498032  0.04980303 0.04980184 0.04978777 0.04978232 0.04979342
  0.04973653 0.04948609]] 
Episode: 89: [[0.04981486 0.04982997 0.04983025 0.04983414 0.04983706 0.04983915
  0.04984042 0.04984113 0.04984775 0.04984432 0.04984213 0.0498389
  0.04984555 0.04984538 0.0498441  0.04983057 0.04982521 0.04983605
  0.04977999 0.04953178]] 
Episode: 90: [[0.04985333 0.04986947 0.04986954 0.04987378 0.04987698 0.04987929
  0.04988071 0.04988153 0.04988847 0.04988505 0.04988271 0.04987977
  0.04988642 0.04988627 0.0498849  0.04987162 0.04986629 0.04987703
  0.04982119 0.04957347]] 
Episode: 91: [[0.04988631 0.04990339 0.04990328 0.04990783 0.04991129 0.04991379
  0.04991534 0.04991624 0.04992348 0.04992007 0.04991758 0.04991491
  0.04992158 0.04992143 0.04991998 0.04990689 0.04990157 0.04991225
  0.04985651 0.04960899]] 
Episode: 92: [[0.04988834 0.04990645 0.04990595 0.04991084 0.04991462 0.04991738
  0.04991916 0.04992024 0.04992797 0.04992491 0.04992207 0.04992016
  0.04992684 0.04992671 0.04992509 0.0499127  0.04990746 0.04991787
  0.04986291 0.04961752]] 
Episode: 93: [[0.0498825  0.04990149 0.04990064 0.04990582 0.04990987 0.04991287
  0.04991485 0.04991609 0.04992426 0.04992149 0.04991834 0.04991726
  0.04992379 0.0499237  0.04992192 0.04991046 0.04990538 0.04991536
  0.04986176 0.04962026]] 
Episode: 94: [[0.04988536 0.0499051  0.04990396 0.04990938 0.04991367 0.04991687
  0.04991901 0.04992038 0.04992896 0.04992646 0.04992301 0.04992272
  0.04992912 0.04992904 0.04992711 0.04991652 0.04991159 0.04992117
  0.04986882 0.04963087]] 
Episode: 95: [[0.04988766 0.04990804 0.04990664 0.04991227 0.04991676 0.04992013
  0.04992241 0.0499239  0.04993284 0.04993058 0.04992685 0.04992737
  0.04993355 0.0499335  0.04993143 0.04992182 0.04991706 0.04992617
  0.04987534 0.04964174]] 
Episode: 96: [[0.04988272 0.04990363 0.04990203 0.04990783 0.04991248 0.049916
  0.0499184  0.04991999 0.04992927 0.04992722 0.04992322 0.0499245
  0.04993048 0.04993045 0.04992824 0.04991956 0.04991498 0.04992362
  0.04987428 0.04964498]] 
Episode: 97: [[0.04988683 0.04990663 0.04990481 0.04991022 0.04991465 0.04991808
  0.04992048 0.04992214 0.04993173 0.04993011 0.04992581 0.04992794
  0.04993375 0.04993373 0.04993138 0.04992364 0.04991922 0.0499274
  0.0498796  0.04965474]] 
Episode: 98: [[0.04988745 0.0499062  0.04990421 0.04990925 0.04991346 0.0499168
  0.0499192  0.04992092 0.04993078 0.04992955 0.04992496 0.04992778
  0.04993353 0.04993351 0.04993102 0.04992398 0.04991966 0.04992752
  0.04988075 0.04965892]] 
Episode: 99: [[0.04990559 0.04992346 0.04992133 0.04992604 0.04993005 0.04993329
  0.04993568 0.04993744 0.04994755 0.04994668 0.0499418  0.04994532
  0.04995098 0.04995098 0.04994834 0.04994203 0.04993783 0.04994532
  0.04989964 0.04968088]] 
Episode: 100: [[0.04994512 0.04996221 0.04995998 0.04996437 0.04996818 0.04997132
  0.04997367 0.04997545 0.04998579 0.04998527 0.04998009 0.04998424
  0.04998987 0.04998987 0.04998708 0.04998136 0.04997723 0.04998444
  0.04993951 0.04972274]] 
Episode: 101: [[0.04995778 0.04997547 0.049973   0.04997739 0.04998124 0.04998447
  0.04998694 0.04998887 0.04999964 0.04999933 0.04999395 0.04999858
  0.05000418 0.05000415 0.05000129 0.049996   0.04999192 0.04999889
  0.04995482 0.04974058]] 
Episode: 102: [[0.04997495 0.04999315 0.04999048 0.04999484 0.0499987  0.050002
  0.05000458 0.05000662 0.0500178  0.05001767 0.05001211 0.05001721
  0.05002276 0.05002271 0.05001976 0.0500149  0.05001089 0.05001761
  0.04997436 0.04976252]] 
Episode: 103: [[0.04998741 0.05000599 0.05000317 0.05000748 0.05001134 0.05001468
  0.05001734 0.05001948 0.05003102 0.05003106 0.05002531 0.05003092
  0.05003636 0.05003628 0.05003326 0.05002895 0.05002503 0.05003142
  0.04998925 0.04978056]] 
Episode: 104: [[0.05001623 0.05003519 0.05003224 0.05003649 0.05004033 0.05004369
  0.05004641 0.05004863 0.05006053 0.05006072 0.05005476 0.05006088
  0.05006622 0.05006612 0.050063   0.05005923 0.0500554  0.05006147
  0.0500203  0.04981447]] 
Episode: 105: [[0.05004508 0.05006428 0.05006124 0.05006542 0.05006921 0.05007258
  0.05007534 0.05007762 0.05008984 0.05009017 0.05008401 0.05009054
  0.05009586 0.05009574 0.05009251 0.05008913 0.05008534 0.05009117
  0.05005063 0.04984653]] 
Episode: 106: [[0.05005788 0.05007721 0.05007411 0.05007819 0.05008193 0.05008529
  0.05008807 0.05009039 0.0501029  0.05010334 0.050097   0.05010382
  0.05010918 0.05010905 0.05010574 0.05010254 0.05009875 0.05010447
  0.05006416 0.04986072]] 
Episode: 107: [[0.05004906 0.05006837 0.05006523 0.05006921 0.05007289 0.05007623
  0.05007903 0.05008138 0.05009412 0.05009463 0.05008816 0.05009525
  0.05010059 0.05010045 0.05009707 0.0500941  0.05009034 0.05009592
  0.05005601 0.04985377]] 
Episode: 108: [[0.05005276 0.05007206 0.05006889 0.05007276 0.05007637 0.05007968
  0.05008247 0.05008485 0.05009783 0.0500984  0.05009177 0.05009919
  0.05010449 0.05010433 0.05010087 0.05009823 0.05009451 0.05009989
  0.05006053 0.04985991]] 
Episode: 109: [[0.05007644 0.0500958  0.05009259 0.05009636 0.0500999  0.05010319
  0.05010598 0.05010838 0.05012159 0.05012228 0.05011545 0.05012312
  0.0501285  0.05012833 0.05012476 0.05012222 0.05011848 0.05012379
  0.05008442 0.04988372]] 
Episode: 110: [[0.0501249  0.05014504 0.05014161 0.05014559 0.05014931 0.05015274
  0.05015564 0.05015811 0.05017169 0.05017242 0.05016536 0.05017335
  0.05017879 0.05017861 0.05017487 0.05017259 0.05016884 0.050174
  0.05013464 0.04993374]] 
Episode: 111: [[0.05015771 0.05017857 0.05017492 0.05017911 0.05018301 0.05018656
  0.05018955 0.0501921  0.05020601 0.05020678 0.0501995  0.05020767
  0.05021327 0.05021308 0.0502092  0.05020689 0.05020307 0.05020825
  0.05016837 0.04996574]] 
Episode: 112: [[0.05017851 0.05019995 0.05019612 0.05020049 0.05020452 0.05020818
  0.05021125 0.05021385 0.05022807 0.05022887 0.05022138 0.05022979
  0.05023547 0.05023527 0.05023126 0.05022906 0.05022522 0.05023034
  0.05019027 0.04998698]] 
Episode: 113: [[0.05022781 0.05024917 0.05024553 0.05024982 0.05025375 0.05025729
  0.05026021 0.05026265 0.05027679 0.05027735 0.0502698  0.05027813
  0.05028375 0.05028353 0.05027943 0.0502772  0.05027333 0.05027837
  0.05023823 0.05003466]] 
Episode: 114: [[0.05027555 0.05029676 0.0502933  0.0502975  0.05030132 0.05030473
  0.05030751 0.0503098  0.05032389 0.05032425 0.05031661 0.05032486
  0.05033047 0.05033024 0.05032603 0.05032371 0.05031979 0.0503248
  0.05028439 0.05007998]] 
Episode: 115: [[0.05032087 0.05034188 0.05033859 0.05034267 0.05034637 0.05034965
  0.05035229 0.05035444 0.0503685  0.05036869 0.05036094 0.05036915
  0.05037476 0.05037451 0.05037019 0.05036781 0.05036384 0.0503688
  0.05032814 0.05012295]] 
Episode: 116: [[0.05035875 0.05038071 0.05037772 0.05038187 0.05038553 0.05038873
  0.05039126 0.0503933  0.05040746 0.05040753 0.05039958 0.05040793
  0.05041358 0.05041332 0.05040883 0.05040655 0.05040255 0.05040739
  0.05036659 0.05016083]] 
Episode: 117: [[0.05040539 0.05042816 0.05042542 0.05042959 0.05043321 0.05043632
  0.05043875 0.05044069 0.05045498 0.05045499 0.05044678 0.05045532
  0.05046104 0.05046076 0.05045607 0.05045391 0.05044986 0.05045458
  0.05041356 0.050207  ]] 
Episode: 118: [[0.05048252 0.05050511 0.05050253 0.05050658 0.05051009 0.05051309
  0.05051537 0.05051712 0.05053135 0.050531   0.05052266 0.05053106
  0.05053677 0.05053646 0.0505316  0.05052935 0.05052523 0.05052984
  0.05048848 0.05028077]] 
Episode: 119: [[0.05055856 0.05058153 0.05057861 0.05058267 0.05058624 0.05058933
  0.05059169 0.05059348 0.05060809 0.0506077  0.05059905 0.0506078
  0.05061352 0.05061316 0.05060803 0.05060613 0.05060198 0.05060629
  0.05056509 0.05035758]] 
Episode: 120: [[0.05063779 0.05066217 0.05065816 0.05066247 0.05066644 0.05066998
  0.05067277 0.05067495 0.05069049 0.05069024 0.05068122 0.05069041
  0.05069631 0.05069587 0.05069046 0.05068876 0.05068453 0.05068859
  0.05064741 0.05043983]] 
Episode: 121: [[0.05070408 0.05072965 0.05072466 0.05072918 0.05073348 0.05073741
  0.05074059 0.0507431  0.05075949 0.05075936 0.05074999 0.0507596
  0.05076565 0.05076512 0.05075944 0.05075797 0.05075367 0.05075747
  0.05071636 0.05050891]] 
Episode: 122: [[0.05077438 0.05080121 0.05079529 0.05080001 0.05080462 0.05080891
  0.05081243 0.05081524 0.05083246 0.05083249 0.0508227  0.05083269
  0.050839   0.0508384  0.05083239 0.05083098 0.05082655 0.05083019
  0.05078863 0.05057973]] 
Episode: 123: [[0.05084901 0.05087707 0.05087026 0.05087516 0.05088003 0.05088462
  0.05088844 0.05089151 0.05090956 0.05090978 0.05089949 0.05090997
  0.05091653 0.05091584 0.05090944 0.05090826 0.0509037  0.05090707
  0.05086521 0.05065526]] 
Episode: 124: [[0.05094614 0.05097547 0.05096778 0.05097282 0.05097789 0.05098272
  0.05098679 0.05099009 0.05100903 0.05100952 0.05099857 0.05100977
  0.05101657 0.05101578 0.05100881 0.05100816 0.05100349 0.05100638
  0.05096443 0.05075402]] 
Episode: 125: [[0.05101228 0.0510425  0.05103412 0.05103924 0.05104447 0.0510495
  0.05105377 0.05105725 0.05107687 0.05107752 0.05106611 0.05107781
  0.05108476 0.05108389 0.05107655 0.05107625 0.05107149 0.05107405
  0.05103208 0.05082152]] 
Episode: 126: [[0.05108774 0.05111892 0.05110981 0.05111501 0.05112036 0.05112556
  0.05113    0.05113364 0.05115403 0.05115489 0.05114285 0.05115525
  0.05116235 0.0511614  0.05115352 0.05115381 0.05114896 0.05115101
  0.05110911 0.0508986 ]] 
Episode: 127: [[0.05115668 0.05118876 0.05117897 0.05118422 0.05118967 0.051195
  0.05119958 0.05120334 0.05122449 0.05122554 0.05121286 0.05122611
  0.05123322 0.05123218 0.05122374 0.05122493 0.05122007 0.05122142
  0.05118023 0.05097167]] 
Episode: 128: [[0.05120819 0.05124103 0.05123069 0.051236   0.05124154 0.05124699
  0.0512517  0.05125558 0.0512773  0.05127849 0.05126534 0.05127932
  0.05128634 0.05128523 0.05127639 0.05127844 0.05127363 0.05127435
  0.05123423 0.05102872]] 
Episode: 129: [[0.05129211 0.05132609 0.05131494 0.05132027 0.05132586 0.05133137
  0.05133616 0.05134011 0.05136274 0.05136427 0.05135009 0.05136535
  0.05137237 0.05137113 0.05136137 0.05136488 0.05136003 0.05135963
  0.0513205  0.05111776]] 
Episode: 130: [[0.05138298 0.05141827 0.05140614 0.05141147 0.05141706 0.0514226
  0.05142741 0.0514314  0.05145514 0.05145713 0.05144155 0.05145845
  0.05146555 0.05146413 0.05145306 0.05145845 0.05145349 0.05145162
  0.05141338 0.05121306]] 
Episode: 131: [[0.05148267 0.05152052 0.05150623 0.05151162 0.05151736 0.05152318
  0.05152838 0.05153283 0.05155891 0.05156241 0.05154452 0.05156424
  0.05157202 0.05157031 0.05155734 0.05156513 0.05155989 0.05155618
  0.0515185  0.05131969]] 
Episode: 132: [[0.05161735 0.0516571  0.05164085 0.05164601 0.05165163 0.05165749
  0.05166284 0.05166756 0.05169584 0.05170063 0.05168027 0.05170275
  0.05171112 0.05170906 0.05169388 0.05170428 0.05169869 0.05169281
  0.05165555 0.05145793]] 
Episode: 133: [[0.05175851 0.05180017 0.05178153 0.05178639 0.05179185 0.0517977
  0.0518032  0.05180817 0.05183905 0.05184543 0.05182198 0.05184788
  0.05185698 0.05185452 0.05183656 0.05185023 0.05184422 0.05183565
  0.05179876 0.05160213]] 
Episode: 134: [[0.05192433 0.05196791 0.05194704 0.05195167 0.05195701 0.05196288
  0.0519685  0.05197369 0.05200694 0.05201467 0.05198835 0.05201735
  0.0520271  0.05202426 0.05200368 0.05202039 0.05201398 0.05200287
  0.05196619 0.05177011]] 
Episode: 135: [[0.05209044 0.0521337  0.05211235 0.05211672 0.05212194 0.0521278
  0.05213352 0.05213886 0.05217259 0.05218091 0.05215415 0.0521838
  0.05219379 0.05219093 0.05217011 0.05218715 0.0521807  0.05216943
  0.05213276 0.05193663]] 
Episode: 136: [[0.05227545 0.05231871 0.05229732 0.05230151 0.05230659 0.05231239
  0.05231811 0.05232352 0.05235745 0.05236617 0.05233922 0.05236922
  0.05237937 0.05237653 0.05235565 0.05237282 0.05236635 0.05235512
  0.05231844 0.05212222]] 
Episode: 137: [[0.05247682 0.05252014 0.05249872 0.05250276 0.05250772 0.05251346
  0.05251919 0.05252466 0.05255876 0.05256786 0.05254071 0.05257105
  0.05258133 0.05257851 0.05255757 0.05257487 0.05256841 0.05255719
  0.05252051 0.05232422]] 
Episode: 138: [[0.05268687 0.05273089 0.05270945 0.05271354 0.0527185  0.05272424
  0.05273    0.05273554 0.05276986 0.05277931 0.05275196 0.05278267
  0.05279308 0.05279029 0.0527693  0.05278673 0.05278027 0.05276908
  0.05273236 0.05253586]] 
Episode: 139: [[0.05288378 0.05292923 0.05290688 0.05291149 0.05291696 0.05292317
  0.0529293  0.05293513 0.05297003 0.05297938 0.05295192 0.05298275
  0.05299319 0.05299034 0.05296918 0.05298677 0.05298027 0.0529689
  0.05293216 0.05273563]] 
Episode: 140: [[0.05309339 0.05314045 0.05311708 0.05312226 0.05312832 0.05313503
  0.05314158 0.05314773 0.05318323 0.05319261 0.053165   0.05319604
  0.05320653 0.05320363 0.05318233 0.0532001  0.05319358 0.05318207
  0.05314534 0.05294882]] 
Episode: 141: [[0.05328921 0.05333732 0.05331344 0.05331893 0.05332525 0.05333216
  0.05333888 0.05334516 0.05338112 0.05339072 0.05336278 0.05339415
  0.05340486 0.05340191 0.05338039 0.05339824 0.05339162 0.05337997
  0.05334318 0.05314667]] 
Episode: 142: [[0.05349822 0.05354666 0.0535224  0.05352798 0.05353439 0.05354137
  0.05354813 0.05355446 0.05359072 0.05360061 0.05357226 0.05360411
  0.05361496 0.05361199 0.05359016 0.05360837 0.0536017  0.05358979
  0.05355302 0.05335659]] 
Episode: 143: [[0.05371929 0.05376798 0.05374343 0.05374909 0.05375557 0.05376259
  0.05376939 0.05377575 0.05381226 0.05382235 0.05379369 0.0538259
  0.05383686 0.05383386 0.05381178 0.05383028 0.05382357 0.05381146
  0.0537747  0.05357832]] 
Episode: 144: [[0.05394952 0.05399845 0.05397357 0.05397928 0.05398583 0.05399293
  0.0539998  0.05400623 0.05404301 0.05405333 0.05402438 0.05405694
  0.054068   0.05406499 0.05404269 0.05406144 0.05405469 0.05404241
  0.05400566 0.05380932]] 
Episode: 145: [[0.05418586 0.05423531 0.0542101  0.05421597 0.05422267 0.05422988
  0.05423685 0.05424336 0.05428041 0.05429094 0.05426176 0.05429462
  0.05430578 0.05430276 0.05428031 0.05429927 0.05429249 0.0542801
  0.05424337 0.05404709]] 
Episode: 146: [[0.05442828 0.05447764 0.0544523  0.05445817 0.05446488 0.05447209
  0.05447904 0.05448554 0.05452261 0.05453325 0.05450396 0.05453696
  0.05454817 0.05454515 0.05452263 0.05454167 0.05453489 0.05452245
  0.05448574 0.05428952]] 
Episode: 147: [[0.054676   0.05472548 0.05470002 0.05470596 0.05471271 0.05471993
  0.05472689 0.05473339 0.05477048 0.05478121 0.05475184 0.05478494
  0.05479618 0.05479317 0.05477061 0.05478971 0.05478291 0.05477046
  0.05473376 0.05453758]] 
Episode: 148: [[0.05492657 0.05497581 0.05495026 0.05495617 0.0549629  0.05497011
  0.05497707 0.05498357 0.05502066 0.05503155 0.05500212 0.05503536
  0.05504661 0.05504363 0.05502108 0.05504024 0.05503347 0.05502105
  0.05498438 0.05478826]] 
Episode: 149: [[0.05518127 0.0552298  0.0552041  0.05520982 0.05521644 0.05522359
  0.05523052 0.05523702 0.05527407 0.055285   0.05525555 0.05528883
  0.05530005 0.05529707 0.05527447 0.05529373 0.05528696 0.05527448
  0.05523782 0.05504169]] 
Episode: 150: [[0.05543883 0.05548682 0.05546086 0.05546647 0.05547306 0.05548022
  0.05548719 0.05549374 0.05553082 0.0555418  0.05551236 0.05554564
  0.05555685 0.05555386 0.05553126 0.05555055 0.05554379 0.0555313
  0.05549465 0.05529852]] 
Episode: 151: [[0.05569658 0.05574406 0.05571774 0.05572328 0.0557299  0.05573714
  0.05574423 0.05575091 0.05578808 0.05579907 0.05576976 0.05580295
  0.05581412 0.05581114 0.05578863 0.05580784 0.05580111 0.05578869
  0.05575205 0.05555595]] 
Episode: 152: [[0.05592123 0.05598476 0.05595334 0.05596211 0.05597163 0.05598153
  0.055991   0.05599973 0.05604005 0.05605287 0.05602273 0.0560578
  0.05606961 0.05606668 0.05604404 0.05606387 0.05605717 0.05604486
  0.05600835 0.05581231]] 
Episode: 153: [[0.0561416  0.05622134 0.05618446 0.05619676 0.05620943 0.05622218
  0.05623413 0.05624495 0.05628848 0.05630349 0.05627223 0.05630976
  0.05632221 0.0563194  0.05629651 0.05631752 0.05631093 0.05629859
  0.05626239 0.05606664]] 
Episode: 154: [[0.05632862 0.05644618 0.05640465 0.05642388 0.05644148 0.05645796
  0.05647283 0.05648596 0.05653332 0.05655038 0.05651784 0.0565582
  0.05657138 0.05656874 0.05654558 0.05656793 0.05656148 0.05654916
  0.05651333 0.05631796]] 
Episode: 155: [[0.05653233 0.05667826 0.05663222 0.05665649 0.0566779  0.05669746
  0.05671481 0.05672993 0.05678032 0.05679911 0.0567657  0.05680816
  0.05682189 0.05681939 0.05679613 0.05681941 0.0568131  0.05680088
  0.05676535 0.05657027]] 
Episode: 156: [[0.05672474 0.05690536 0.05685233 0.05688363 0.05691046 0.0569343
  0.05695506 0.05697289 0.05702736 0.05704812 0.05701383 0.05705858
  0.05707302 0.05707063 0.05704735 0.05707145 0.05706524 0.05705325
  0.05701797 0.05682311]] 
Episode: 157: [[0.05691051 0.05712637 0.05706332 0.05710229 0.05713556 0.05716481
  0.05719001 0.05721141 0.05727109 0.05729457 0.05725913 0.0573068
  0.05732223 0.05731993 0.0572966  0.05732165 0.05731554 0.0573038
  0.05726881 0.05707418]] 
Episode: 158: [[0.05703639 0.05732009 0.05724525 0.05729855 0.05734235 0.05737949
  0.05741065 0.0574366  0.05750339 0.0575297  0.05749275 0.05754416
  0.05756089 0.05755872 0.05753531 0.0575616  0.0575556  0.05754419
  0.05750956 0.05731523]] 
Episode: 159: [[0.05718693 0.05752758 0.05744351 0.05750864 0.05756103 0.05760454
  0.05764047 0.05767    0.05774214 0.05777021 0.05773247 0.05778627
  0.05780377 0.05780171 0.05777847 0.05780542 0.05779955 0.05778852
  0.05775419 0.05756016]] 
Episode: 160: [[0.05731205 0.05766776 0.05754543 0.05762004 0.05768622 0.05774432
  0.05779392 0.05783548 0.05792566 0.05796818 0.05792374 0.05799168
  0.05801358 0.0580118  0.05798669 0.05801976 0.05801414 0.05800265
  0.05796961 0.05777661]] 
Episode: 161: [[0.0573991  0.05779127 0.05763191 0.05772072 0.05780325 0.05787725
  0.05794121 0.05799526 0.05810475 0.05816175 0.05811032 0.0581931
  0.05821952 0.05821807 0.05819105 0.05823059 0.05822525 0.0582133
  0.05818167 0.05798982]] 
Episode: 162: [[0.05753653 0.05794176 0.05774696 0.05784214 0.05793608 0.05802295
  0.05809942 0.0581648  0.05829079 0.05836296 0.05830495 0.05840152
  0.05843223 0.05843109 0.05840232 0.0584477  0.05844259 0.05843027
  0.05839989 0.05820907]] 
Episode: 163: [[0.05761108 0.05803828 0.0578048  0.05791137 0.05802118 0.05812489
  0.0582174  0.05829725 0.05844651 0.05853774 0.05847014 0.05858637
  0.05862305 0.0586224  0.05859075 0.05864501 0.05864022 0.05862703
  0.05859846 0.05840911]] 
Episode: 164: [[0.05767026 0.05811978 0.05784452 0.05796429 0.05809226 0.05821524
  0.05832597 0.05842203 0.05859702 0.05870706 0.05863026 0.05876547
  0.05880865 0.05880828 0.0587742  0.05883576 0.05883102 0.05881751
  0.05879033 0.05860212]] 
Episode: 165: [[0.05768866 0.05815364 0.05783317 0.05796361 0.05810871 0.05825173
  0.05838316 0.05849911 0.05870859 0.05884673 0.05875556 0.05891966
  0.05897272 0.05897278 0.05893448 0.0590076  0.05900287 0.05898846
  0.05896331 0.05877666]] 
Episode: 166: [[0.05762888 0.05810739 0.05774819 0.05788946 0.05805161 0.05821506
  0.05836815 0.05850546 0.05875763 0.05892811 0.05881699 0.05902225
  0.05908775 0.05908896 0.05904308 0.05913761 0.05913369 0.05911614
  0.05909519 0.05891193]] 
Episode: 167: [[0.05757825 0.05807041 0.05767342 0.0578244  0.05800267 0.05818597
  0.05836053 0.05851927 0.05881409 0.0590167  0.05888617 0.05913161
  0.0592093  0.05921157 0.05915858 0.05927336 0.0592702  0.05924983
  0.05923286 0.05905288]] 
Episode: 168: [[0.05746059 0.05797956 0.0575544  0.05771852 0.05791442 0.05811824
  0.05831462 0.05849516 0.05883688 0.05907093 0.05891959 0.0592085
  0.05929999 0.05930338 0.05924243 0.05937971 0.05937732 0.05935382
  0.05934123 0.05916476]] 
Episode: 169: [[0.05733104 0.05788377 0.05743262 0.05761161 0.0578263  0.05805145
  0.05827019 0.05847272 0.05886172 0.05912492 0.05895368 0.05928442
  0.0593891  0.05939357 0.0593251  0.05948385 0.05948223 0.05945587
  0.05944746 0.05927429]] 
Episode: 170: [[0.05722141 0.05780362 0.0573242  0.05751605 0.0577482  0.05799399
  0.05823499 0.05845989 0.0588961  0.05918996 0.05899933 0.05937099
  0.05948881 0.05949408 0.05941867 0.05959732 0.0595963  0.05956742
  0.05956288 0.05939284]] 
Episode: 171: [[0.05708522 0.05768307 0.05717886 0.05737862 0.05762303 0.05788441
  0.05814346 0.05838792 0.0588691  0.05920164 0.05898654 0.05941069
  0.05954586 0.05955267 0.05946639 0.05967592 0.05967609 0.05964235
  0.05964382 0.05947833]] 
Episode: 172: [[0.05695337 0.05757198 0.05704439 0.05725239 0.05750883 0.05778537
  0.05806195 0.05832548 0.05885043 0.05922198 0.05898222 0.0594589
  0.05961089 0.05961941 0.05952227 0.05976282 0.05976429 0.05972562
  0.0597332  0.05957244]] 
Episode: 173: [[0.05683827 0.05747426 0.05692386 0.05713873 0.05740594 0.05769646
  0.05798952 0.05827121 0.05883777 0.05924794 0.05898412 0.05951174
  0.05967996 0.05969016 0.05958256 0.05985285 0.05985554 0.0598122
  0.0598256  0.05966935]] 
Episode: 174: [[0.05672023 0.0573655  0.05679347 0.0570141  0.05729108 0.05759422
  0.05790211 0.05820033 0.05880645 0.05925876 0.05896788 0.05955213
  0.05973803 0.05975057 0.05963054 0.05993608 0.05994038 0.05989112
  0.05991153 0.0597608 ]] 
Episode: 175: [[0.05659684 0.05725073 0.05665771 0.05688449 0.05717148 0.05748747
  0.0578104  0.05812538 0.05877165 0.05926603 0.05894811 0.05958919
  0.05979294 0.05980779 0.05967533 0.06001615 0.06002206 0.05996691
  0.05999437 0.05984927]] 
Episode: 176: [[0.05646389 0.05713763 0.05652691 0.05676156 0.05705906 0.05738784
  0.05772557 0.05805698 0.05874322 0.05927957 0.05893412 0.05963272
  0.05985386 0.05987122 0.05972619 0.06010289 0.06011058 0.06004938
  0.06008409 0.05994487]] 
Episode: 177: [[0.056301   0.05700267 0.05637845 0.05662398 0.05693362 0.05727606
  0.05762896 0.05797689 0.05870454 0.05928092 0.05890824 0.05966425
  0.05990295 0.05992282 0.05976524 0.06017798 0.06018747 0.0601203
  0.06016231 0.06002897]] 
Episode: 178: [[0.05611074 0.05683926 0.0562049  0.05646191 0.05678376 0.05713949
  0.05750688 0.05787045 0.05863857 0.05925113 0.058853   0.05966367
  0.05992002 0.05994216 0.05977243 0.06022049 0.0602317  0.06015873
  0.06020797 0.06008047]] 
Episode: 179: [[0.05592822 0.05668315 0.0560381  0.05630635 0.05664032 0.05700932
  0.05739121 0.0577704  0.05857858 0.05922818 0.05880414 0.05967006
  0.05994386 0.05996839 0.05978641 0.06026996 0.06028292 0.06020413
  0.06026058 0.06013884]] 
Episode: 180: [[0.05575758 0.05654061 0.05588444 0.05616493 0.05651182 0.05689466
  0.05729144 0.05768653 0.0585348  0.05922071 0.0587714  0.0596913
  0.05998135 0.06000819 0.05981458 0.06033233 0.06034714 0.06026267
  0.06032627 0.06021035]] 
Episode: 181: [[0.05560818 0.05641852 0.05575098 0.05604261 0.05640135 0.05679708
  0.05720793 0.05761817 0.05850429 0.05922657 0.05875233 0.05972468
  0.06003018 0.06005933 0.05985453 0.06040491 0.06042147 0.0603316
  0.06040198 0.06029169]] 
Episode: 182: [[0.05544169 0.05627977 0.0556029  0.05590534 0.0562752  0.05668298
  0.05710705 0.05753166 0.05845456 0.05921177 0.05871343 0.05973725
  0.0600585  0.06008984 0.05987388 0.06045699 0.06047526 0.06037995
  0.06045716 0.0603525 ]] 
Episode: 183: [[0.05528486 0.05615479 0.05546819 0.05578253 0.05616445 0.05658517
  0.05702329 0.05746297 0.05842361 0.0592152  0.0586933  0.05976724
  0.06010358 0.06013696 0.05991057 0.0605243  0.06054418 0.060444
  0.06052755 0.06042811]] 
Episode: 184: [[0.05514502 0.05604553 0.05534659 0.05567199 0.05606574 0.05649965
  0.0569525  0.05740831 0.05840863 0.05923758 0.05869127 0.0598166
  0.06016845 0.06020368 0.0599672  0.06061012 0.06063136 0.06052681
  0.06061625 0.06052163]] 
Episode: 185: [[0.05500747 0.05594079 0.05523057 0.05556783 0.05597391 0.05642127
  0.05688891 0.05736076 0.05840046 0.05926559 0.05869548 0.05987097
  0.06023768 0.06027476 0.06002865 0.06069976 0.06072238 0.06061373
  0.06070891 0.06061906]] 
Episode: 186: [[0.0548795  0.05584918 0.05512739 0.05547773 0.05589718 0.05635883
  0.05684188 0.05733016 0.05840946 0.05930961 0.05871649 0.05994009
  0.06032077 0.06035959 0.06010458 0.0608016  0.06082549 0.06071324
  0.06081363 0.06072804]] 
Episode: 187: [[0.05473387 0.05573981 0.0550085  0.05537163 0.05580366 0.05627863
  0.05677617 0.0572801  0.05839821 0.05933324 0.05871706 0.05998959
  0.06038488 0.06042544 0.06016119 0.06088545 0.06091068 0.06079458
  0.06090052 0.06081951]] 
Episode: 188: [[0.0546035  0.0556426  0.05490114 0.05527638 0.05572065 0.05620877
  0.05672067 0.05724011 0.05839621 0.05936577 0.05872699 0.06004722
  0.06045654 0.06049881 0.06022571 0.06097602 0.06100255 0.06088285
  0.06099407 0.06091734]] 
Episode: 189: [[0.05448019 0.05554332 0.05479365 0.05517837 0.05563215 0.05613074
  0.05665454 0.05718744 0.05837793 0.0593841  0.05872113 0.06009212
  0.06051599 0.06056048 0.06027708 0.06105766 0.06108585 0.06096144
  0.06107887 0.06100714]] 
Episode: 190: [[0.05435587 0.05544566 0.05468856 0.0550839  0.05554796 0.05605742
  0.0565933  0.05713963 0.05836463 0.05940662 0.05871969 0.06014091
  0.06057895 0.06062565 0.06033214 0.06114252 0.0611724  0.06104336
  0.06116692 0.06110014]] 
Episode: 191: [[0.05423683 0.05534808 0.05458244 0.05498599 0.05545858 0.0559778
  0.05652514 0.05708477 0.05834432 0.05942508 0.05871284 0.06018705
  0.06064059 0.06068955 0.06038526 0.06122686 0.06125835 0.06112452
  0.06125434 0.06119253]] 
Episode: 192: [[0.05412719 0.05525699 0.05448275 0.05489442 0.0553756  0.05590453
  0.05646316 0.05703578 0.05832897 0.05944734 0.05871056 0.06023597
  0.06070444 0.06075557 0.06044097 0.06131236 0.06134536 0.06120703
  0.06134277 0.06128562]] 
Episode: 193: [[0.05401397 0.05515704 0.05437198 0.05479053 0.05528007 0.05581916
  0.05638997 0.05697668 0.05830577 0.05946326 0.05870137 0.06027985
  0.06076397 0.06081719 0.06049201 0.06139401 0.06142854 0.06128563
  0.06142743 0.06137505]] 
Episode: 194: [[0.05388756 0.05504561 0.05425078 0.05467689 0.05517507 0.05572432
  0.0563071  0.05690766 0.05827266 0.05946877 0.05868183 0.06031382
  0.06081398 0.06086927 0.06053336 0.06146661 0.06150271 0.06135515
  0.06150318 0.06145569]] 
Episode: 195: [[0.05376511 0.05493797 0.05413301 0.05456655 0.05507326 0.0556326
  0.05622746 0.05684217 0.05824441 0.05948271 0.05866841 0.06035792
  0.06087516 0.06093278 0.06058539 0.06155149 0.06158917 0.06143683
  0.06159122 0.06154862]] 
Episode: 196: [[0.05365651 0.05485022 0.05403548 0.05447779 0.0549939  0.05556391
  0.05617111 0.05679993 0.0582385  0.05951678 0.05867645 0.06042022
  0.060953   0.06101285 0.0606549  0.0616513  0.06169051 0.06153381
  0.06169409 0.06165608]] 
Episode: 197: [[0.05357029 0.05478801 0.05396273 0.05441426 0.05494023 0.05552126
  0.05614099 0.05678384 0.05825721 0.05957295 0.05870845 0.06050211
  0.06104867 0.06111056 0.06074323 0.06176654 0.06180714 0.06164668
  0.06181215 0.06177818]] 
Episode: 198: [[0.05348025 0.0547144  0.05387767 0.0543354  0.05486904 0.05545964
  0.0560911  0.05674784 0.05825668 0.05961364 0.05872327 0.06057095
  0.06113318 0.06119707 0.06081945 0.06187214 0.06191411 0.06174945
  0.06192059 0.06189101]] 
Episode: 199: [[0.05339505 0.05464552 0.05379722 0.05426085 0.05480182 0.05540166
  0.05604458 0.05671501 0.05825905 0.05965808 0.05874141 0.06064371
  0.0612217  0.06128764 0.06089967 0.06198175 0.06202506 0.06185623
  0.06203299 0.06200773]] 
Episode: 200: [[0.0533071  0.05458044 0.05372157 0.05419243 0.05474142 0.05535081
  0.05600524 0.05668924 0.05826821 0.05970826 0.05876579 0.06072146
  0.06131466 0.06138259 0.06098467 0.06209497 0.06213959 0.06196682
  0.06214896 0.06212785]] 
