93.494720 4.430635 1.933262 1.610617 0.955622 
5775.802734 21.144857 0.246235 2.205912 4.194490 
17654.228516 160.658890 107.379829 4.408428 18.763639 
19304.718750 571.730347 1110.423218 363.900330 15.391239 
9322.758789 1855.504028 5426.817871 4350.368164 50.915401 
4694.504883 4277.009277 22993.763672 25738.914062 193.616043 
966.081848 25152.533203 157909.656250 70060.929688 1564.860352 
328.020538 334215.812500 31337.091797 5705.528809 4542.735352 
5948.029297 87429.093750 19240.166016 6714.668945 7414.468262 
40682.597656 67366.398438 23372.449219 9792.691406 14242.220703 
100027.476562 43235.625000 10271.255859 3952.467041 15455.386719 
205601.062500 57744.824219 15906.085938 5297.224609 41460.878906 
256399.296875 59099.550781 16301.938477 4596.995605 75304.414062 
319119.125000 74619.492188 27827.357422 11045.897461 133095.281250 
309991.625000 67901.132812 19844.277344 6415.038086 194593.937500 
383266.562500 53506.121094 12705.880859 3304.915283 217618.000000 
275789.031250 39056.406250 10941.094727 3608.721924 247751.687500 
156590.437500 35288.738281 15884.647461 6839.255371 358352.468750 
136471.906250 18643.291016 5729.065430 1512.051392 252458.687500 
126784.390625 24362.023438 11002.230469 5775.318359 413907.437500 
118120.468750 16140.491211 6297.437012 2202.100098 362521.062500 
69815.195312 16725.697266 6184.512207 2338.868164 451531.656250 
100369.250000 13212.858398 5355.784668 2089.088867 414205.281250 
66552.015625 11240.861328 4982.019043 2355.861816 481678.187500 
137578.671875 23325.841797 9650.680664 3471.950439 684751.375000 
88864.398438 15178.923828 5160.614746 1442.388184 515462.031250 
90170.476562 12702.703125 4402.980469 2466.551270 503625.062500 
106884.078125 11500.996094 3813.208984 1744.242798 457190.093750 
128454.210938 23867.562500 11023.117188 4843.769043 720468.750000 
110449.101562 22201.064453 10608.385742 4590.407715 779023.437500 
99553.460938 15861.554688 6879.681641 2161.352295 541783.625000 
94561.414062 14361.891602 6540.793945 1967.984619 656406.750000 
72207.484375 10931.239258 5322.542480 1926.191772 606216.375000 
64727.019531 15391.776367 8035.893066 5090.431641 743421.062500 
79422.343750 10680.444336 5396.351074 2067.354492 539041.437500 
68709.273438 10022.505859 4322.323242 1459.462402 564085.500000 
57778.777344 9605.266602 3571.817383 1519.983398 471889.656250 
89949.468750 19973.695312 6763.852539 1844.811646 659272.062500 
63079.691406 8216.857422 3726.968262 1516.716553 395267.156250 
38159.378906 5073.998047 1896.735352 989.436096 287859.312500 
83026.656250 9297.978516 3131.178223 1272.854126 355271.062500 
60939.015625 11551.154297 4447.759766 2580.366211 363001.531250 
69291.195312 9066.620117 3576.112061 1500.164429 286146.250000 
80854.507812 9636.001953 3943.687988 3451.823486 272211.781250 
120306.304688 12765.327148 4419.043945 2202.800781 234829.890625 
86984.242188 16370.911133 8767.949219 5084.896973 328246.812500 
66918.101562 11076.060547 4683.134766 2295.309326 220387.843750 
63484.984375 10435.894531 3478.011230 1798.806396 181048.281250 
73017.117188 11741.481445 5526.514648 2120.596924 181539.078125 
117830.203125 17113.427734 6589.479980 3132.641846 138566.796875 
110406.062500 17126.416016 6072.417969 2492.114502 110044.476562 
105293.617188 16834.527344 7282.095703 3015.145264 74698.273438 
78204.648438 14722.472656 5565.751465 2550.682373 45846.746094 
67090.070312 12243.431641 5647.345215 2564.856689 29696.357422 
110710.398438 19330.554688 9263.951172 5129.023926 31425.742188 
67861.203125 14170.413086 5939.463867 2908.681152 23890.722656 
99176.515625 15642.583008 6950.958008 2554.422852 20361.638672 
97856.296875 14843.584961 6784.592285 2941.185791 27440.632812 
79798.507812 10956.388672 5017.269531 1805.977295 26216.138672 
88623.375000 18037.392578 9343.129883 6112.655273 45839.179688 
93759.640625 11280.191406 4298.733398 2246.528809 54112.296875 
93690.414062 8177.862305 2856.060059 1394.645752 50387.324219 
69266.054688 9451.105469 3578.777344 1477.888916 81402.109375 
60177.210938 8257.401367 4327.255371 1323.018799 76802.984375 
73182.546875 11278.366211 4133.799805 2187.745117 105339.492188 
67104.031250 13391.434570 6342.980469 4935.572754 161700.656250 
128629.882812 14257.959961 5836.706055 2951.555176 227258.375000 
68890.851562 11924.844727 5133.446289 3209.184570 242294.921875 
140673.546875 15872.544922 5393.761230 1886.741211 258923.140625 
64969.929688 10628.759766 5472.550781 2850.613525 330386.531250 
73457.421875 9806.802734 4492.060547 2859.703857 332713.937500 
48321.726562 8700.829102 4349.961426 2121.369141 385594.593750 
97502.460938 9894.987305 3664.937988 1817.180420 353313.187500 
57030.730469 8352.238281 3825.812988 1871.198120 386207.625000 
241494.265625 26781.845703 10016.437500 3402.196777 643794.000000 
99352.796875 11385.800781 4411.169434 1320.831055 500945.062500 
63419.125000 12733.495117 6472.308594 3121.687500 691770.875000 
92893.804688 9579.506836 4646.545410 3214.481689 714062.312500 
69674.359375 11867.794922 7313.450684 3183.583496 869662.125000 
57298.222656 5800.294922 1103.818848 568.978088 435569.312500 
94312.851562 20751.177734 6661.690430 2788.273682 843369.375000 
99486.687500 8677.880859 4356.037109 2594.797607 881185.437500 
48715.292969 7012.399902 6345.278809 4858.287598 1018886.187500 
79669.179688 12047.998047 4587.883301 1653.640137 1309356.125000 
100075.125000 17810.753906 11410.852539 5293.589355 1572432.125000 
168934.453125 31588.695312 13600.324219 5996.743652 2129411.750000 
57981.460938 8374.126953 6310.052246 3673.702637 1525004.000000 
100323.273438 12711.834961 7880.215332 4208.184570 1655805.000000 
116761.695312 15381.969727 8373.146484 6489.656250 2143484.000000 
134179.031250 21355.066406 19371.193359 8785.882812 2916620.500000 
83134.921875 11285.270508 4517.552246 3197.156006 2188772.250000 
112783.031250 12459.911133 4598.997559 3602.200928 2148218.000000 
163118.312500 21318.503906 8578.900391 1535.423706 2522190.250000 
163433.390625 13281.466797 6194.746094 3276.042236 2457113.250000 
123060.632812 14608.700195 6964.554199 4046.058838 2999916.500000 
109491.695312 14396.398438 10332.973633 20607.505859 3264328.000000 
112181.695312 12666.757812 5359.913086 4625.842773 2841199.500000 
157789.734375 18790.855469 17909.689453 15682.066406 3419425.750000 
193986.750000 13924.815430 1926.012573 1284.232178 2269989.500000 
149825.265625 11816.796875 5793.098145 6402.603027 3671203.250000 
88540.281250 13383.103516 11935.416992 3337.215088 3260395.000000 
114175.765625 12797.937500 3540.468018 139.489731 2205666.500000 
152720.750000 6313.533691 2472.535156 1256.937866 2242954.750000 
94517.156250 10103.415039 7784.729980 10613.127930 3897104.000000 
136977.781250 18543.210938 10137.729492 5095.684570 3862674.000000 
138547.406250 21010.824219 9998.762695 3572.042969 4175108.000000 
103197.601562 13602.777344 7178.989746 3432.457764 3997296.250000 
84971.007812 9162.868164 5839.039062 3339.379150 3297697.250000 
60271.664062 7037.891602 3931.432129 1843.873291 2580279.000000 
136069.687500 13902.090820 9309.811523 4909.249023 3872913.000000 
63343.210938 5326.197754 1958.544922 741.290466 2533082.500000 
64904.832031 10186.352539 3157.367920 1368.641235 2647172.750000 
63936.667969 5332.923828 2644.587891 1653.996582 3375217.000000 
38869.906250 5604.392090 3756.175781 1787.098022 3089860.500000 
78924.007812 8267.395508 4180.510742 2514.152344 3245043.250000 
90559.007812 9260.636719 5508.393555 4594.409668 4615832.000000 
87759.593750 6338.711914 4220.416016 2495.610107 3473358.750000 
104013.117188 6992.701660 4203.574219 1748.098267 4340601.000000 
110208.742188 10541.215820 8244.550781 6196.657227 6228514.500000 
104553.093750 9538.318359 6485.902832 3885.885986 6004427.500000 
100200.070312 9130.815430 6020.665527 5858.586426 6164523.000000 
168280.468750 15060.039062 8716.679688 2905.064209 8521265.000000 
85559.695312 7695.254883 4599.743652 2782.219727 5610740.500000 
169966.046875 16003.878906 9318.274414 3193.441650 9339849.000000 
163614.218750 9855.280273 7604.292969 2412.151855 7396865.000000 
184026.593750 13672.061523 7982.474609 4657.521973 8972233.000000 
327615.437500 29706.750000 16717.966797 8936.502930 12253830.000000 
207684.109375 20318.488281 11972.205078 3253.657471 9681305.000000 
212988.312500 20185.503906 11302.058594 6196.774902 11284265.000000 
199912.359375 19196.707031 14276.838867 6981.575684 12872222.000000 
161006.609375 14923.940430 13940.404297 5037.050781 11689918.000000 
238558.078125 21518.802734 8751.968750 2175.637451 12038997.000000 
262694.593750 15167.093750 10940.503906 6167.679688 11053617.000000 
244028.859375 14969.949219 6226.385254 2897.271484 11236179.000000 
199115.312500 15783.237305 10932.478516 8156.647949 9647780.000000 
327691.750000 26999.275391 18441.648438 3396.980225 13741978.000000 
347121.625000 23132.179688 8131.553223 6956.288086 12446844.000000 
244774.328125 17451.462891 12153.074219 9257.216797 14890097.000000 
433416.250000 34045.042969 12819.269531 6520.119141 16304157.000000 
287879.875000 16567.695312 10579.652344 16987.759766 13904194.000000 
187297.953125 9587.722656 5330.742188 9617.810547 13048586.000000 
199480.156250 17806.718750 18406.306641 10052.901367 14700412.000000 
303607.875000 21795.550781 17741.914062 3172.837158 13833919.000000 
226393.031250 13997.172852 8248.818359 6026.416504 11248492.000000 
183284.093750 15802.339844 18250.048828 5519.068848 13954019.000000 
241799.609375 17809.859375 14714.799805 8504.769531 14570950.000000 
166710.968750 13529.476562 6331.797852 2231.291260 13107348.000000 
106958.562500 9418.009766 7129.550781 3366.531250 13436594.000000 
119433.562500 6213.749512 2256.560303 933.282654 9525589.000000 
127339.554688 8592.240234 5497.186523 1595.138306 12041300.000000 
75357.570312 6515.133789 4273.327148 2495.544922 8825856.000000 
62229.785156 8015.632812 5182.643066 3709.551270 13797102.000000 
106164.382812 9014.920898 8740.318359 7828.600098 14810268.000000 
94659.500000 4799.516113 4452.006348 1754.004150 9601516.000000 
64228.632812 4498.457520 3862.279785 1189.126343 10381658.000000 
98585.921875 7390.140625 6236.576660 3999.726318 11405659.000000 
94662.640625 9731.609375 13101.594727 4630.949219 15133713.000000 
79741.984375 6970.407715 7518.639648 4291.744141 14727000.000000 
75885.789062 7549.622559 8576.725586 2867.414062 11006177.000000 
60380.480469 4870.711426 4785.058594 6541.388672 10214322.000000 
111831.070312 6449.851562 4356.868164 2211.480713 14105840.000000 
82589.335938 6834.060059 5918.315430 5015.090820 14952628.000000 
95448.812500 9708.121094 7725.004883 3414.841553 18634816.000000 
89540.171875 4756.528320 3836.991699 1058.217896 11711581.000000 
102720.406250 8658.949219 3618.322266 2925.649658 15706429.000000 
101539.507812 8664.129883 7786.706543 4777.653809 18285024.000000 
44318.808594 3278.226562 2902.130615 2210.043213 13062346.000000 
80465.593750 4802.028320 4310.202148 2949.777100 9411981.000000 
82094.492188 4865.545898 4624.833008 3236.717285 15291592.000000 
83771.398438 6265.030762 6891.901855 5040.721680 18302128.000000 
85358.804688 6022.386230 4654.995117 5919.780273 12659197.000000 
94745.117188 6555.433105 5375.913086 3862.216797 15607579.000000 
140007.531250 7707.172852 5636.384766 3675.237549 15690016.000000 
85804.781250 5815.157227 5800.674805 3509.665283 19033536.000000 
63539.628906 4604.945312 4473.666992 2209.416748 16522228.000000 
65678.609375 4468.832520 3782.812500 3107.643066 19578910.000000 
106190.039062 6359.018555 8367.146484 2442.340088 20309884.000000 
69646.414062 4692.980469 3848.917725 2171.703125 19627254.000000 
118065.078125 8075.478027 8758.999023 4517.250488 23566882.000000 
121018.078125 5373.625488 4804.120117 2975.600098 18782498.000000 
63187.273438 4485.818848 3591.014160 1413.801758 18681536.000000 
58081.917969 4706.187988 5055.781738 2809.680908 21112948.000000 
100750.179688 3802.094238 2810.531006 1533.674072 20368624.000000 
50578.914062 3215.220215 4063.723877 3010.808105 21636102.000000 
45666.371094 2061.531006 1637.584229 990.383789 19632744.000000 
55207.902344 3101.755371 2422.300537 1896.508057 18363526.000000 
38479.859375 1823.817871 1629.447876 1061.667114 19219688.000000 
78899.835938 5495.238281 5804.472168 4015.427490 24850956.000000 
73610.257812 4073.764648 2878.348145 1409.743774 22604926.000000 
68495.359375 4470.602539 3408.326904 1876.078369 24982498.000000 
79276.671875 6804.758301 12038.041992 4785.984375 26445210.000000 
55508.781250 3557.329590 6977.612305 4149.754395 26853442.000000 
71998.046875 5870.914551 5241.679688 3859.883545 25370942.000000 
57946.472656 3543.866211 3676.694580 2000.514893 16425168.000000 
123116.585938 5743.542480 4093.162109 2077.411377 27810708.000000 
85294.171875 3264.143555 3849.427002 2813.988037 29312522.000000 
94793.234375 4610.616211 5484.127441 5344.566895 32032356.000000 
62338.574219 4054.482666 3883.983887 1715.492432 32313940.000000 
103452.968750 7601.173340 10455.886719 6747.912109 37705412.000000 
74411.390625 6064.874512 6891.232910 3726.460205 26803746.000000 
