4040.750977 5669.360840 5876.136230 16380.521484 69237.804688 
3543.590088 3391.480469 2677.444580 6425.596680 102271.796875 
3543.386230 2695.231201 5444.242676 10104.532227 62298.441406 
2664.327637 3536.360840 4195.135742 2499.680420 105723.609375 
3751.699951 2726.464111 3117.013916 5882.666992 96433.015625 
2702.454590 3283.837158 3224.116455 3459.852051 107521.304688 
3382.328125 4917.035156 4484.093262 6886.649414 87853.117188 
2884.194824 2658.727295 6676.309570 12513.945312 108857.140625 
4862.451172 2520.449219 2897.660156 6845.893555 110304.359375 
3131.715820 3104.916992 5741.990723 5806.667480 79485.812500 
4278.619141 3792.036865 5248.081055 13057.154297 106507.132812 
4194.729492 4361.352051 4070.286621 4687.560059 101592.617188 
4112.416016 3327.559326 4626.003906 7808.935059 111280.250000 
3555.629639 2880.258301 3625.789307 4009.263428 108589.960938 
3659.569580 2546.937988 4558.922363 5836.517090 99207.812500 
4350.953125 3933.776123 4123.170898 12510.912109 100346.398438 
3200.448486 3870.874268 4895.400879 12920.736328 47832.984375 
4231.105957 3178.628906 4101.226074 5616.770020 68461.117188 
3365.849854 2509.957520 3859.984863 5234.448242 100138.851562 
4131.509277 3358.451172 6448.875977 4596.409180 114479.304688 
