25.147427 18.021345 27.212791 25.170851 8.512946 0.000000 
23.412374 20.147972 24.054060 23.700613 8.107988 0.000000 
23.517063 13.495321 19.435287 19.073284 5.637186 0.000000 
22.570665 17.167093 16.263500 16.215729 4.409933 0.019782 
20.292017 14.199763 16.949705 17.133253 3.270759 0.027976 
28.554369 28.723703 36.280560 34.702530 4.516008 0.000000 
20.116362 13.041654 15.967049 20.600630 10.378374 0.019782 
25.507648 12.241311 13.151600 12.907097 4.651011 0.000000 
25.538368 13.263851 14.008425 16.313107 5.323953 0.000000 
23.023296 15.318951 20.234922 17.273270 6.317021 0.000000 
27.178005 22.241728 21.089970 27.698044 14.080533 0.000000 
17.356106 13.862507 18.430645 22.682556 6.076541 0.000000 
17.599049 12.104456 12.179615 15.960553 9.658340 0.000000 
34.031002 21.348328 35.760876 31.005653 14.375382 0.000000 
25.803501 19.981211 29.958906 19.163458 7.321773 0.000000 
33.735268 23.607824 33.037441 29.959494 4.328526 0.000000 
20.009863 12.845260 14.923665 13.382835 5.839994 0.000000 
22.115326 15.414162 16.134756 12.577097 4.197360 0.019782 
22.751421 14.672251 16.817797 12.701083 5.565318 0.000000 
20.857630 13.682851 12.551664 15.016698 7.357541 0.000000 
