90.162003 69.522697 83.905502 78.888634 67.992905 0.027976 
94.000641 78.673790 76.931816 84.223320 79.949776 0.000000 
88.572769 88.102089 93.427979 88.122826 56.881336 0.000000 
85.652252 54.664387 60.960827 70.355118 80.086243 0.027976 
84.473747 77.730034 83.672401 78.624474 80.884796 0.000000 
89.189636 76.749458 90.907051 76.357391 62.211231 0.000000 
84.497185 73.756721 82.101379 84.588409 81.481979 0.000000 
91.468208 82.824165 79.404457 80.252121 71.288948 0.019782 
86.853302 87.267021 85.717682 94.615402 73.090897 0.019782 
90.818718 80.184525 88.961937 86.700432 68.466782 0.000000 
90.074669 57.406796 56.593987 75.960602 81.511177 0.000000 
84.823463 77.792038 77.214394 82.866646 81.034920 0.000000 
89.205116 58.464848 74.994232 69.900116 55.463505 0.000000 
85.546654 63.343620 73.282761 76.989159 84.972710 0.000000 
90.043869 83.315063 79.438011 88.438133 77.258125 0.027976 
89.298019 83.860710 90.698883 90.320862 65.305534 0.000000 
85.803978 61.845715 70.654678 70.946114 71.239403 0.019782 
88.863449 63.943436 73.572571 80.896469 64.977867 0.000000 
89.996071 65.618469 74.210358 76.929443 66.365379 0.019782 
93.673645 95.292740 91.482071 86.634850 84.500984 0.027976 
