1.229119 
1.370126 
0.954299 
1.349884 
1.093717 
0.869077 
1.023152 
0.891659 
0.940968 
1.066188 
1.199793 
0.943225 
0.827277 
1.033379 
1.075613 
0.862058 
0.628692 
1.321485 
1.284784 
1.181370 
1.156044 
1.190730 
0.833609 
0.837232 
1.109521 
1.097282 
1.346158 
0.952896 
1.056844 
0.813495 
0.826908 
0.790527 
0.993098 
0.795695 
0.771136 
1.346656 
0.811797 
1.052632 
1.478430 
0.848190 
1.266264 
1.036738 
1.051923 
1.079555 
0.933845 
0.626132 
0.977377 
0.672836 
0.919768 
1.178887 
