1576.243652 780.165649 596.190369 473.141907 445603.843750 
2816.941895 1118.302856 632.858398 857.573120 389825.156250 
2524.277100 919.386475 581.500549 611.996033 251651.250000 
2353.274414 930.994568 740.617493 685.381042 339971.281250 
2370.677246 1061.028564 770.755371 565.234253 476504.031250 
2686.438477 792.103882 555.866577 446.734741 319598.437500 
2643.525879 935.670288 630.690125 619.770142 417579.500000 
4210.202148 1197.354736 1228.649048 864.268127 263136.562500 
2135.940430 1052.139404 1175.959839 1429.108154 471416.843750 
3722.444336 1082.185425 1011.192993 597.755127 378706.968750 
2775.238281 1028.999023 822.733215 1141.304321 209085.687500 
1982.432617 946.222534 749.946167 500.805725 482241.250000 
2700.175781 1280.365845 823.379883 391.728394 304630.968750 
1821.389038 824.516418 635.780090 386.897339 353264.937500 
4502.149902 967.245728 803.765137 4302.871094 140929.875000 
1507.935303 749.651062 666.046692 456.101990 412510.468750 
3033.932617 1254.232788 884.284119 630.976685 409923.812500 
2082.324219 1020.083923 650.813721 453.137543 491775.687500 
1788.180542 758.138062 541.482910 322.876251 323920.906250 
3172.815430 1128.594116 774.495728 498.762634 561336.937500 
