84.864426 56.118912 37.795147 33.200108 18.400864 0.034264 
82.394417 55.185181 40.925613 37.436737 24.113974 0.027976 
82.539864 58.279762 43.184494 30.347786 17.803255 0.000000 
87.460876 55.946049 46.795422 35.260571 18.000704 0.019782 
83.109848 66.393990 59.743999 45.497147 20.902664 0.000000 
90.987129 67.772354 61.177975 54.146362 29.468090 0.000000 
88.870667 59.952282 46.726410 38.949665 20.463633 0.019782 
83.323341 54.059944 42.509052 39.614815 24.190310 0.019782 
86.404930 54.979286 42.687130 36.635273 20.951931 0.000000 
95.281876 74.961128 54.648788 46.740654 18.373991 0.000000 
78.372681 57.086960 44.771996 33.547737 17.376530 0.000000 
86.933624 61.558403 36.898369 27.255806 21.213198 0.000000 
83.668739 57.060246 47.167252 41.234200 24.184233 0.019782 
86.350227 53.338081 47.932365 33.588043 16.455328 0.027976 
86.277122 64.061676 52.563690 48.149410 28.075853 0.027976 
86.658859 60.398705 51.258057 39.610168 34.530079 0.039565 
90.009613 49.767395 40.357716 26.096649 18.324850 0.000000 
85.263916 50.864059 40.165035 35.127613 22.731127 0.019782 
79.506241 49.261066 40.089390 26.703447 13.686864 0.000000 
83.263916 57.918293 41.305729 31.933208 18.282558 0.000000 
80.137970 66.142921 43.790314 31.196917 24.482229 0.019782 
80.574478 63.025249 62.140171 45.749977 27.303656 0.000000 
79.741737 58.866581 53.235035 41.703434 27.802540 0.027976 
83.943993 42.079811 32.065338 23.624250 24.624054 0.000000 
81.649918 58.792953 47.461437 37.229076 27.012949 0.027976 
80.899818 58.906174 49.707172 35.357914 23.302540 0.027976 
80.080879 60.921600 52.165630 34.000267 22.022295 0.000000 
82.337784 57.704098 41.993687 36.489582 25.971695 0.000000 
77.249161 61.099754 54.662048 48.580956 23.694502 0.000000 
87.829262 58.125439 40.947353 33.402321 30.712427 0.019782 
88.929527 62.562126 45.872864 36.001083 24.425312 0.019782 
86.433350 69.682953 51.870735 49.066017 32.858017 0.000000 
83.094185 49.150162 37.092491 34.680313 17.201160 0.034264 
86.026543 62.814133 50.081207 33.964523 21.824606 0.027976 
88.053162 47.749119 50.385876 44.486729 38.244183 0.000000 
90.551910 56.344345 46.302723 45.871231 26.261312 0.000000 
83.963089 59.790657 38.244591 36.483925 22.475681 0.000000 
81.031906 57.932911 42.160759 40.420670 25.257864 0.048457 
83.389076 56.567020 44.426598 26.934168 13.041729 0.019782 
90.004059 60.831535 44.388298 42.753086 22.772173 0.000000 
90.323837 61.374672 51.749340 36.565384 17.136639 0.019782 
92.195419 59.370228 50.288097 44.363312 29.111980 0.027976 
84.850456 65.230125 46.774818 40.492073 20.452454 0.019782 
88.859718 52.992893 40.885376 32.350399 29.527668 0.034264 
84.216080 62.302620 57.651020 43.715305 21.646179 0.019782 
87.267143 49.238934 48.460224 43.900768 25.179592 0.000000 
81.276245 56.034023 49.645981 46.871147 24.543673 0.000000 
80.137428 55.522831 47.877716 34.012394 27.603910 0.000000 
87.211899 54.290810 51.208466 43.425949 29.036106 0.027976 
77.415901 60.709492 57.569080 49.617260 31.416491 0.000000 
