3409.750977 3436.937500 2696.219727 2608.651367 27073.650391 
4800.892578 5702.876953 8820.408203 3558.776611 26027.748047 
4243.514648 6124.079590 6763.612793 4538.274414 30620.193359 
4413.072754 15537.548828 7492.375488 9399.691406 35293.261719 
3734.979492 6227.765137 6097.940430 4991.671875 31957.552734 
3890.099609 3811.055908 3059.555908 2688.732422 16567.419922 
5985.743164 9953.076172 8408.013672 7034.252930 27832.320312 
11672.490234 10554.234375 6088.829590 4798.328125 32100.646484 
7946.493164 7406.572754 7745.032715 5660.672852 30035.287109 
12807.503906 8640.305664 8303.644531 8585.161133 28516.447266 
6975.560547 10817.218750 7287.460449 3559.505371 28656.984375 
3385.801514 6645.793457 9209.358398 5519.370605 31942.796875 
6519.208496 12565.251953 13897.536133 6335.319336 37027.597656 
4661.841309 7511.277344 4399.784668 6847.678711 21474.953125 
9574.646484 7472.071777 6137.914062 6976.523926 21162.066406 
5640.418945 6766.405273 3893.783936 4064.010498 24442.810547 
5358.162598 11742.686523 13084.646484 5418.043457 27612.701172 
3150.772217 6148.738770 4308.436035 3978.105469 31712.541016 
8111.091797 17279.916016 14304.404297 8008.278320 39714.332031 
7993.831055 7400.447754 11311.021484 4295.439941 33240.386719 
