23412.693359 1441.324707 1129.697510 1343.397949 164482.359375 
17021.103516 1419.003418 905.479492 995.113037 128543.671875 
16110.351562 1361.982544 1113.923950 903.582153 135942.046875 
14562.888672 1302.282104 836.016602 1208.244995 156100.781250 
23986.832031 1889.497681 1512.402954 1047.641968 182009.171875 
15538.546875 1306.459961 739.905396 573.770996 116125.679688 
12058.405273 1171.707764 980.268066 902.869019 127795.492188 
20122.412109 1570.149658 1393.817261 1111.278931 145952.750000 
20914.921875 1636.382812 1313.371216 1631.364014 168355.015625 
14598.760742 1230.494385 684.726624 866.696350 90041.898438 
18665.152344 1685.297607 924.012939 924.506958 155602.265625 
17539.048828 1655.342896 1040.696899 1545.502075 185565.437500 
18099.880859 1200.596191 670.172974 798.516174 93131.882812 
20487.949219 1323.171997 961.781799 886.001831 143653.125000 
17478.423828 1838.477295 843.367493 1159.916626 146644.546875 
17437.388672 1313.402466 987.608154 795.160034 127636.085938 
18725.542969 1456.940918 815.726074 873.761902 137988.125000 
30427.812500 1687.639282 1085.501465 1288.647095 153606.265625 
16868.724609 1320.729004 810.833496 669.729248 108692.664062 
16585.322266 1277.359985 775.939575 967.670288 114030.578125 
