44.898125 0.088183 0.071936 0.164328 0.300670 
308.028442 2.321288 0.208498 0.282535 0.322382 
591.825439 9.379274 0.180880 0.152985 0.435357 
690.695557 22.059834 0.354064 0.263533 0.434994 
333.552246 3.617505 0.329600 0.298855 0.500817 
600.288879 28.645111 0.454348 0.400836 0.658065 
703.157043 109.524712 2.531810 0.623934 0.949089 
279.287292 388.461884 24.083099 1.379967 1.044599 
42.500549 213.559189 159.916245 428.895050 50.218567 
127.407990 248.432114 53.393539 22.412916 2304.814209 
160.182068 248.133316 115.309479 104.737083 467.300659 
211.248917 111.237236 33.881535 4.172948 2541.172363 
154.003174 36.509819 18.312071 3.481550 2566.198975 
131.325790 91.556023 22.622162 3.104892 2016.802856 
236.808228 66.063362 25.878082 1.999421 3100.506592 
200.279190 67.378281 23.754873 11.503671 7082.435059 
178.317810 30.747639 24.843752 16.120205 3699.176758 
170.481613 79.843674 32.435051 34.609280 10956.612305 
231.910965 67.000679 26.386326 18.263597 8703.723633 
170.923843 34.984512 24.175377 10.569641 12708.920898 
183.057922 120.315147 21.471533 14.453852 19762.277344 
260.407532 34.699265 11.167289 11.811669 18458.541016 
222.665970 89.162697 27.348906 8.580648 8758.059570 
314.694855 60.159885 8.410994 13.642201 40076.335938 
183.711151 97.612556 24.574688 21.411087 30760.447266 
230.907898 44.133247 25.898991 18.603888 38504.757812 
238.303452 28.341791 12.826333 9.497569 11114.687500 
187.021362 141.727020 15.393159 0.218334 98634.773438 
269.845337 66.468575 5.441486 2.641479 41451.171875 
304.196869 146.894836 11.218676 9.861464 99649.023438 
177.426453 53.952999 97.283379 20.201698 68945.687500 
230.457428 108.538185 45.428200 7.865067 58506.910156 
319.545898 41.409851 3.680934 25.098412 24595.017578 
228.546631 124.371475 23.557549 1.616474 239857.640625 
171.889923 117.652611 78.129387 52.298306 307181.906250 
220.415115 66.367615 27.995361 1.276651 531368.812500 
347.732574 54.411488 2.946282 14.929316 25275.638672 
311.814362 100.402611 48.134300 3.270227 668793.500000 
257.358368 94.248543 20.216042 2.555789 73774.390625 
266.019318 156.579865 20.218229 3.424952 112929.226562 
163.851166 86.150681 57.490337 4.087298 1513886.625000 
239.948334 76.484314 68.339714 107.294678 497040.156250 
217.052963 73.249985 14.722548 48.539719 498469.093750 
299.129761 102.135704 26.802721 5.900512 88792.703125 
293.895844 213.927246 97.462387 74.179955 240068.203125 
205.874756 78.875404 68.701462 45.267788 115859.859375 
410.560516 75.869568 11.433715 1.192376 47963.484375 
268.847900 96.732513 18.753719 21.990046 120419.820312 
278.027283 61.937168 46.321022 18.603216 467871.125000 
283.414948 73.627510 32.385921 9.486085 55395.882812 
307.298920 96.073204 23.797174 5.662805 160796.000000 
303.167328 67.283516 67.232552 36.047703 313094.750000 
463.094482 92.044342 7.300593 2.716361 55892.792969 
438.842102 135.242935 35.267281 12.142685 42793.250000 
366.665588 204.917923 27.325254 18.785210 83208.656250 
353.926025 107.022621 62.819424 160.616318 217362.062500 
288.153412 132.245972 94.426353 60.958385 81804.570312 
358.435913 116.464912 46.624481 983.010986 268502.718750 
348.470398 168.300598 103.108604 702.007507 183553.046875 
634.818787 143.351501 67.318817 1968.150146 206661.546875 
448.707886 167.425034 47.259441 310.841217 47552.859375 
338.958008 158.932327 63.419662 7908.424316 72094.695312 
469.313751 223.769928 99.145226 12018.419922 96636.093750 
468.222870 252.670898 250.737625 2031916.625000 263685.500000 
427.909668 203.454544 83.313545 1238.656860 41155.218750 
705.676025 297.458008 627.928894 128100.773438 114807.828125 
2546.001221 754.840820 4851.897461 6153280.000000 246877.609375 
775.054688 375.593170 564.074036 36328.730469 76105.531250 
8275.022461 3355.928223 17430.392578 21830828.000000 385505.312500 
535.110229 274.728241 154.501160 2113.801758 35425.804688 
463.095490 241.389023 161.256744 724.016479 21909.103516 
2048.025391 1056.211060 1513.124634 1336049.250000 277034.656250 
748.674194 443.303650 325.202057 44838.183594 79516.476562 
507.969696 268.337433 111.328384 1558.039673 42767.773438 
586.343811 447.167999 227.715622 102546.242188 109727.914062 
506.332916 350.872559 174.582825 7589.078613 60866.273438 
535.839233 229.994949 155.537201 493.222137 35587.359375 
682.617004 658.457520 210.303986 17802.500000 101778.601562 
876.387329 822.439697 382.644836 5831.228516 115017.070312 
534.875305 385.550323 180.744186 948.070435 29625.650391 
582.185791 600.020752 143.688232 1196.007690 42538.371094 
2048.794922 5557.920410 580.000000 113778.195312 135975.703125 
637.217041 719.362915 182.333694 956.269958 57747.140625 
955.032898 1277.013428 276.178650 3196.381348 74652.320312 
2429.108887 6344.500488 538.214478 35914.218750 116489.929688 
607.557251 750.870483 180.096512 695.318604 26787.273438 
869.812866 759.625366 259.757904 471.859955 28019.023438 
1867.266846 4687.103516 515.155029 7122.253906 64166.519531 
1472.838867 3177.085693 334.328796 2759.958984 48227.472656 
9392.049805 44319.359375 1956.627930 98112.601562 178026.875000 
1651.049927 2787.143799 401.599945 2036.909790 73135.171875 
2508.322510 4499.982422 704.986755 3277.375488 54291.062500 
50244.054688 355307.750000 9707.228516 440562.437500 198166.375000 
98822.718750 680528.125000 23743.873047 882150.750000 195047.921875 
4881.244629 10565.933594 874.325684 7863.337402 92519.765625 
13067.248047 40301.757812 1819.915649 23775.291016 130269.757812 
6863.280273 15609.681641 1074.076416 9461.463867 78701.203125 
69808.257812 354627.875000 7546.634766 314132.406250 229178.921875 
3765.253906 8243.099609 486.319061 4497.604004 54008.785156 
862.806702 631.741089 159.093277 125.987831 31663.931641 
13694.211914 45391.253906 2493.178223 35681.464844 206867.453125 
9015.166016 26945.550781 1793.224487 23149.523438 192052.156250 
837.209045 737.824402 179.219452 219.311737 32115.138672 
768.116394 977.623291 228.330338 635.621155 40096.585938 
3637.566895 8380.022461 780.061890 4137.667969 123059.195312 
4248.232422 11455.564453 1481.722534 8491.090820 134333.609375 
983.977295 1669.115967 392.698334 560.336060 60312.691406 
909.725586 1220.143799 272.321960 540.188904 45340.695312 
2547.220947 7510.213867 1050.400146 4078.887451 117301.984375 
7698.328613 42631.859375 5715.213379 41694.421875 170789.718750 
1557.739136 4182.770996 825.293762 1902.365479 85314.250000 
2732.179688 12805.799805 3792.964844 13972.970703 201174.062500 
956.187012 1646.660034 480.145294 514.991089 47646.406250 
2343.044189 9696.990234 2065.862549 6255.097168 130794.296875 
1005.866516 2612.361572 665.195557 1348.563843 62001.160156 
1334.933838 3976.429932 1146.817627 2955.551758 62595.945312 
1089.197144 3874.025879 1181.285034 2614.582031 54902.753906 
774.737366 1568.383789 532.095337 1058.846436 32898.898438 
3102.813965 24022.189453 7374.929688 33374.863281 117249.625000 
6330.166992 57263.484375 20420.673828 74350.796875 120238.609375 
7431.289062 95957.257812 31976.660156 147375.203125 158764.046875 
8602.162109 129229.187500 62927.347656 306337.062500 200502.093750 
1701.433472 9975.173828 3348.767334 10517.318359 63346.804688 
5577.448730 85740.843750 23484.562500 137746.156250 125504.070312 
2057.195312 22651.082031 5738.521484 21465.835938 85575.750000 
600.356445 1209.086914 425.770721 366.015106 25862.019531 
1666.516602 22161.339844 5671.372559 25674.429688 80298.000000 
707.595825 1106.450806 288.605255 546.558167 22646.111328 
1392.732300 10646.323242 2125.605469 5687.881348 78625.046875 
645.510681 1184.904663 291.289368 589.734192 34304.246094 
1478.992798 23960.839844 3615.935791 15984.014648 135199.859375 
1341.533081 14467.428711 2335.463135 9058.395508 92995.812500 
914.535095 4278.209961 782.229126 2201.826660 57128.382812 
932.016663 1193.874268 308.236359 321.795044 23899.445312 
7346.609375 465264.218750 50801.187500 265671.906250 384334.531250 
6420.591309 316570.437500 28022.871094 157927.625000 241831.328125 
7419.965332 450588.031250 41982.148438 265435.843750 255268.437500 
1867.687866 26983.134766 2880.907715 16767.566406 104437.460938 
2564.749268 72943.789062 5864.941895 42845.031250 151246.171875 
1180.403076 12910.803711 1146.537842 5680.833008 108802.054688 
872.755920 4809.030762 565.497681 2232.947998 75296.781250 
897.765076 6255.714844 539.675415 2660.011475 72833.437500 
625.005371 899.763794 346.874420 260.005157 14297.875000 
2199.812744 57347.875000 1682.130981 37616.257812 131614.750000 
631.825500 826.165405 160.346237 189.326263 31550.445312 
1276.744385 20476.070312 609.093018 14121.642578 146626.609375 
839.636780 1251.746582 191.476242 278.190155 44334.472656 
603.776733 1197.145142 202.324081 459.542206 67355.375000 
629.838928 1770.583008 269.899475 606.421997 44255.777344 
1492.594116 11401.560547 362.845367 3727.173096 133938.312500 
968.420166 2894.756104 321.057098 1038.982178 90849.851562 
1473.213989 2071.320312 532.851990 335.545593 47711.714844 
1063.754761 2190.809082 642.352234 874.393921 83023.070312 
765.117065 1285.206787 263.733948 373.379272 29526.939453 
4047.654297 20950.724609 589.430847 4199.199707 157405.203125 
15415.236328 110309.390625 1193.690796 26928.332031 279054.718750 
1416.507324 2321.884521 279.069061 359.988892 59147.507812 
2572.586182 4941.767578 596.267822 859.810791 73503.187500 
10903.239258 37364.750000 1218.384033 5352.153809 162470.171875 
13819.081055 40491.453125 974.864624 6704.958496 166105.421875 
1979.102295 3352.786133 351.970520 502.785217 34883.421875 
73653.320312 329720.656250 3716.783447 48526.929688 334832.812500 
3008.639404 4417.765137 428.259338 575.913696 89893.390625 
48654.367188 234706.593750 6793.737793 69330.953125 323053.187500 
25014.982422 90049.062500 4125.727539 26183.724609 276899.093750 
10675.228516 31443.900391 2136.958984 11643.785156 229362.593750 
1248.950073 1734.564331 513.343506 429.462555 52367.906250 
1629.663208 2970.833740 614.783447 842.274902 83713.640625 
1813.267700 2759.680420 573.128906 1102.543213 72607.929688 
6025.965332 16858.583984 3169.125977 12267.235352 253194.062500 
2203.223877 3852.622803 1039.706055 2286.863037 131883.562500 
724.706299 881.574646 328.529602 333.271179 33434.382812 
2102.341553 3404.360352 1073.218262 1936.389771 81333.476562 
3328.279541 7179.072754 2591.976807 5448.565430 209891.578125 
1384.980957 1675.050415 586.829834 346.289093 69818.195312 
5385.808594 10733.819336 3728.105713 7320.031250 260433.421875 
4453.708984 8287.726562 3690.888916 5667.349121 179270.375000 
1435.593994 1817.993530 629.569336 591.990173 80000.601562 
2466.205078 4085.106934 1758.288696 2223.001465 129913.539062 
10430.651367 25516.337891 19766.113281 33185.253906 282857.968750 
3967.044434 6264.470215 3496.282471 4593.818848 162035.171875 
7424.014160 15203.526367 7709.470215 7860.246094 243317.390625 
1242.241699 1707.806152 519.317749 381.247894 46269.792969 
1266.143433 1500.188110 444.835815 301.824738 69835.898438 
3960.302979 6128.184570 1990.120605 1025.390137 152149.593750 
5542.974609 8186.145020 2309.532471 1223.486450 200557.656250 
2561.929688 2356.598389 660.076904 244.348129 67144.343750 
8134.190918 11791.577148 2389.618408 1170.168701 151085.984375 
2341.649170 2594.692139 606.022095 326.631531 75382.156250 
5989.514160 6005.266113 1329.676758 378.015533 114497.789062 
6260.090820 6261.838867 1055.994873 543.174622 76854.093750 
9133.881836 8678.443359 1459.936646 440.017303 133083.750000 
17822.718750 19902.382812 2684.280273 607.701111 181872.656250 
17178.378906 14256.429688 1970.249878 474.247559 172059.203125 
24291.060547 23171.857422 2872.051270 682.100830 145848.625000 
5254.997559 3423.403320 667.338501 241.804703 62177.824219 
25174.851562 17491.273438 2717.570068 538.012451 153568.234375 
7322.350098 3657.898682 707.365723 226.210953 77256.312500 
2172.964844 1459.078369 486.581726 194.739151 34752.335938 
8267.697266 3969.671875 1246.995850 282.251587 121294.343750 
50452.031250 18479.427734 3923.623291 486.472687 118751.265625 
4281.395508 2343.997803 599.751099 216.711151 39128.046875 
20789.458984 6977.256836 2089.847900 365.846100 82972.195312 
113131.859375 31556.279297 9194.410156 1907.315308 233884.218750 
23505.607422 6445.319336 1904.981323 424.387909 94894.984375 
4380.713379 2453.735840 918.802795 252.511627 40141.777344 
1766.405640 1517.493896 777.576111 289.987091 24193.724609 
38335.734375 11139.424805 4495.092285 701.434753 90276.390625 
468163.406250 122408.476562 41358.214844 4380.657715 420057.312500 
139103.593750 36179.039062 13025.451172 2021.075317 245016.515625 
122683.484375 31983.914062 13374.483398 6203.199219 274598.531250 
3025.101074 1592.114868 392.624359 166.071381 31763.917969 
8334.015625 2345.812988 685.087036 213.965057 48065.617188 
93456.507812 16026.129883 5305.206055 1958.856323 178600.765625 
3320.098633 1290.453125 444.689392 313.611908 42034.070312 
10509.886719 2776.012939 1314.168091 1041.033936 115369.914062 
46094.875000 5544.983398 2360.776367 1230.952026 153643.453125 
22250.605469 3645.670410 1711.953125 949.469604 112010.578125 
9761.168945 1635.144775 893.718689 412.711334 71481.773438 
28994.234375 3623.653809 2300.052734 1577.384277 113811.367188 
2948.922119 2587.966064 699.054565 270.922455 32674.335938 
44010.457031 5603.470215 5366.068848 1858.932983 158199.156250 
2353.134766 1353.134277 1141.885620 705.276550 27065.425781 
91535.906250 7511.477051 6205.469727 4575.561523 150407.796875 
3266.814209 1105.527710 422.256927 305.729980 33238.164062 
3914.486816 2017.638672 699.231567 454.560211 22954.667969 
11590.205078 1974.184937 1146.398071 460.348541 45360.687500 
122316.523438 8687.140625 5973.197266 3581.108154 115306.320312 
662406.250000 39522.683594 47366.691406 23562.310547 242406.281250 
161153.250000 12065.375000 17158.033203 10730.326172 165749.375000 
20743.339844 3659.331543 3661.783936 2397.108887 80474.648438 
22040.564453 2568.561768 5534.127441 3985.727051 151805.968750 
2213.227783 522.076294 579.097473 253.160843 58360.242188 
1578.162231 662.528564 560.106018 353.452820 47354.625000 
1389.269287 833.613281 521.346008 360.402374 41381.593750 
1836.359375 350.697357 1446.747437 804.456055 121950.132812 
1011.041748 684.244812 714.114136 387.707611 55396.988281 
669.137512 414.290070 231.531372 116.265358 36207.953125 
1143.443604 382.980865 686.304443 307.843506 89971.164062 
970.657349 716.305786 730.490417 616.746887 84931.070312 
1212.830322 1277.642456 721.978821 450.746979 99389.820312 
1332.403442 1456.432739 900.052673 152.618256 71641.273438 
1104.256958 733.803833 832.466492 362.685516 90487.773438 
786.950012 400.457581 316.564880 251.825745 70483.820312 
1370.717407 935.941833 1018.564941 443.006287 94897.218750 
1103.855713 612.348755 447.438507 253.973358 80486.062500 
1479.982422 1383.771606 588.800293 211.286041 60953.949219 
1171.755249 591.918152 223.472778 115.436371 21756.546875 
4247.938965 1161.820679 2359.538086 868.115845 111662.476562 
870.054626 515.587524 239.514603 120.002182 34434.160156 
12598.576172 2631.537598 7982.424316 1510.851929 166830.265625 
1438.600464 614.734497 319.754333 106.814629 39743.687500 
19410.544922 3664.862549 9539.344727 2039.874512 187440.937500 
7437.125488 2170.754395 2476.560791 542.183228 114089.968750 
6558.214355 1443.217896 1858.426147 446.006989 91433.335938 
4406.946289 1077.525757 964.526550 307.595764 67506.750000 
66110.218750 6861.937988 13588.016602 2352.714844 214181.312500 
7569.281250 1290.105103 1041.485840 245.959137 82512.406250 
21357.578125 3930.153076 3812.734131 844.043396 146469.343750 
9150.778320 1864.837646 1300.820557 428.117645 76829.000000 
27822.943359 3013.072510 2893.982178 673.647583 114359.968750 
38673.675781 4694.223633 3717.842529 685.914612 132047.906250 
225819.031250 23141.675781 20704.441406 2667.194580 248132.718750 
2387.026367 1511.350464 460.752289 125.391830 28985.654297 
229229.562500 28416.203125 27515.988281 2968.190430 296004.281250 
11304.897461 1873.074097 1053.395996 488.520813 42011.605469 
16701.197266 3508.197021 1825.023926 518.924927 77872.523438 
119920.070312 9391.359375 9693.833984 1140.293335 137263.625000 
9069.070312 2668.689697 1008.099304 381.205566 57620.699219 
112967.929688 10738.962891 7952.675293 661.484192 102911.046875 
1849.905518 1366.066040 215.188034 92.708855 18294.683594 
9313.885742 1481.225952 487.057770 120.937759 44863.468750 
96973.437500 8966.915039 4466.542969 471.209290 124218.281250 
23214.900391 2760.346191 726.465698 139.634628 46953.785156 
6567.039062 1393.959961 361.848572 137.015106 40347.671875 
59077.265625 7675.346680 1749.480347 259.403503 78386.601562 
2054.299561 1067.277954 183.614014 72.990318 15455.783203 
30189.724609 8810.862305 979.021179 304.379730 69548.351562 
21900.757812 7563.531738 702.378723 204.041412 62887.179688 
2427.741455 2229.583984 301.914673 132.489365 24941.449219 
42784.398438 21644.320312 948.953308 238.847412 93138.164062 
61006.625000 42340.203125 1287.029053 328.872131 94748.914062 
13767.965820 10747.497070 608.861328 212.733795 59078.675781 
8206.675781 5818.192383 596.460754 189.618240 45734.390625 
7312.253906 7333.191406 556.902832 380.523407 48400.625000 
10185.529297 14159.258789 680.046021 268.203278 50241.644531 
25790.455078 47273.160156 910.508911 200.450226 77674.835938 
7472.996582 9384.107422 703.649170 422.342926 44631.476562 
77376.312500 185407.515625 2464.274902 598.213379 128431.109375 
4733.654785 6512.778809 437.900146 165.522079 41306.890625 
83789.421875 292161.375000 3110.804932 339.945984 121085.179688 
19789.572266 58493.675781 1326.669922 282.989258 91424.515625 
6066.796387 10234.208984 609.852051 182.708160 49992.437500 
49510.105469 176866.812500 3244.513184 412.751648 178829.531250 
138073.203125 821859.125000 9259.068359 976.054871 247059.390625 
8712.957031 22660.525391 1068.070923 256.638336 84906.039062 
3188.160645 6550.526855 590.408569 274.909607 32000.900391 
3791.157471 8308.992188 349.216949 103.784027 41422.902344 
88726.968750 396471.906250 8544.387695 837.633789 259245.562500 
9610.664062 34713.609375 1324.110474 413.372101 92712.406250 
47550.167969 430273.531250 3997.059814 667.348999 210928.421875 
14567.048828 93977.070312 1565.434692 390.428131 135638.156250 
8889.277344 52550.894531 740.726196 245.818146 108870.273438 
46731.871094 665321.687500 2586.500732 799.187622 263080.468750 
75913.585938 1189215.000000 2521.605713 915.324585 357136.593750 
86551.906250 995636.125000 3306.964111 1646.417114 378071.187500 
31463.091797 224089.328125 1386.508667 710.644714 160243.890625 
50103.550781 429121.593750 1246.514648 1759.157349 296165.937500 
3028.093262 7407.776855 255.692108 139.823486 43595.683594 
2892.375977 5740.355957 520.667236 179.962860 50832.660156 
45789.421875 344551.156250 964.087402 5427.938477 220060.453125 
25666.312500 123216.921875 650.224304 3062.585205 140167.703125 
32865.980469 179777.171875 729.550598 6694.976562 164761.500000 
1937.549194 3276.876709 179.459656 186.808578 45100.113281 
7369.639160 16343.357422 373.034180 1390.211304 112832.500000 
2489.864990 5802.794922 226.901093 1207.199585 48405.285156 
3527.676270 6546.293945 492.839264 1180.378174 83020.515625 
6606.381348 16546.031250 514.286499 1489.965454 97327.718750 
1658.649536 6133.441406 420.777161 476.131042 29495.599609 
1428.787720 2261.309082 239.389725 446.056458 34083.949219 
12857.975586 23772.443359 453.524719 6017.032715 150817.546875 
983.055359 2233.763916 203.434921 219.094101 23352.671875 
6222.985840 10964.016602 312.160004 3923.692139 88719.609375 
1341.084717 2922.325439 457.379089 402.604950 50812.664062 
2548.266602 2692.461670 185.121704 571.172791 66371.109375 
2347.750488 2459.958496 193.220062 688.784668 67207.257812 
2884.117920 4145.845215 321.304352 827.338196 70066.125000 
2258.116699 4011.057861 477.760406 553.698730 67163.609375 
15436.261719 11762.909180 506.584717 4365.817383 154976.625000 
3692.317383 3104.435303 263.646973 881.522278 66807.843750 
13866.412109 5507.545410 317.308533 2227.043213 90175.757812 
17534.716797 6415.773926 349.222656 2860.932861 102562.585938 
11360.827148 2906.553467 267.599823 921.268494 95453.257812 
6734.397949 1829.370483 323.523560 509.101959 73655.937500 
7419.028320 2140.883057 262.846191 508.728729 69650.812500 
49982.144531 6549.593262 361.277588 3465.359131 114760.867188 
49491.015625 5762.064453 464.735779 3311.928223 187051.359375 
4370.385742 1648.310303 252.542389 387.883484 38981.558594 
42232.613281 3671.982910 300.713043 2047.575562 94381.632812 
82669.953125 4627.564941 408.684479 2511.828369 118955.289062 
111355.289062 5134.874023 349.491669 3040.183105 105944.109375 
14534.406250 1582.368774 159.573181 419.288055 72611.828125 
44355.539062 3799.731689 302.333344 1261.080811 69642.242188 
303271.375000 13001.398438 493.797455 4574.805176 219270.640625 
87287.320312 8225.577148 516.431519 1979.577881 95707.734375 
106310.328125 9483.634766 520.161011 2020.044800 119335.375000 
4233.503418 2583.600586 318.652130 238.875793 31952.751953 
188731.890625 19266.105469 1058.680908 2842.152344 163374.781250 
590602.375000 66090.117188 669.446716 4144.867676 166639.156250 
977789.375000 122644.171875 1043.590088 5371.223145 262779.625000 
15349.496094 8724.960938 622.243958 432.740173 42163.378906 
360197.781250 65598.937500 757.353760 3581.768066 118900.835938 
82165.632812 25891.621094 1106.376953 1238.491943 109561.023438 
12710.809570 5868.116211 325.293335 315.625702 35864.359375 
180673.250000 37751.031250 713.235901 2320.145508 106835.671875 
462546.593750 99259.898438 946.799988 5717.750000 122383.648438 
103909.562500 21713.058594 496.103302 2131.685547 59495.335938 
224354.546875 44457.617188 773.034546 2833.988770 125427.234375 
142160.796875 13908.746094 493.947601 1486.164795 66698.687500 
5329.724121 2195.075439 229.415619 141.259308 30371.113281 
651811.625000 12834.935547 612.820007 2896.006104 88731.445312 
24704.082031 4287.850586 1130.356201 690.236877 53331.105469 
41654.046875 2111.989746 216.768036 324.391571 32504.531250 
63556.644531 2524.869629 228.358490 327.945526 47040.066406 
6916.703125 7388.751465 515.066101 183.324005 21338.894531 
113097.210938 1780.153442 323.703979 413.480072 80079.554688 
4734.222656 2575.318115 175.240570 193.361832 20816.263672 
4814.405762 3343.061523 453.807220 330.792511 24140.783203 
42737.613281 1695.235107 198.536255 401.095490 51622.496094 
235713.187500 1622.561523 308.122040 447.572052 109843.937500 
480965.781250 2359.809082 708.466064 600.224365 241075.781250 
179705.468750 1738.771118 318.878876 695.579346 107389.218750 
6234.950195 13035.929688 515.462219 205.633530 40396.441406 
625102.062500 2188.708740 334.391663 417.900452 237410.296875 
3295030.250000 3550.839844 425.514008 894.621765 184953.000000 
338395.937500 2753.630371 327.978882 436.140839 99587.492188 
251386.015625 4960.133301 474.844360 758.948242 128825.742188 
863031.812500 2830.011230 370.047760 826.221436 129172.875000 
6805.031250 1583.685303 160.695190 315.456085 22402.419922 
664729.875000 5056.316406 483.307709 1108.542114 127264.164062 
287043.156250 2721.429688 296.519440 555.528320 91978.554688 
10637.365234 5904.439941 518.215088 479.092316 49516.074219 
396779.968750 4244.143066 292.625641 2011.501465 122979.429688 
29517.894531 3663.564941 231.773514 584.707642 52452.519531 
144273.687500 4836.471680 333.481720 1878.793701 115204.554688 
8137.333496 1806.756836 143.564316 277.578278 37803.738281 
6928.382812 4330.201660 218.762009 496.863708 48673.062500 
3194.916748 2157.104248 186.085068 227.482803 19299.308594 
4060.476318 4156.437988 348.345367 477.179840 24707.339844 
5374.614258 3836.412598 197.432541 471.221710 26015.496094 
3257.495117 5963.160645 337.312927 355.253357 29850.212891 
17448.097656 8499.308594 327.479675 982.014954 58180.023438 
116474.726562 50256.191406 615.821716 5893.438965 163176.125000 
2712.136719 5060.784668 292.902924 511.899780 25107.595703 
20622.507812 14555.261719 438.064026 908.433960 79382.289062 
92054.726562 77187.226562 629.547852 3558.121338 169804.640625 
3198.743896 6238.379883 264.688782 249.897583 27429.396484 
107018.570312 127721.382812 673.197815 3617.435791 182933.750000 
3605.252441 11844.090820 756.471985 499.048431 44674.589844 
65587.867188 95186.671875 576.133606 2546.725098 89731.312500 
54653.160156 95331.421875 1870.823486 2278.079590 105009.085938 
61326.507812 93088.304688 1367.854126 2962.788086 101427.921875 
755902.375000 1839434.250000 2500.481445 9076.584961 175761.843750 
3916.076172 10478.508789 481.962738 516.188477 23759.755859 
13536.633789 41807.511719 437.516479 574.368408 39847.503906 
5184.376953 13943.310547 207.973068 141.915955 27385.134766 
2598.767334 18832.822266 461.731384 214.592484 26902.261719 
1586.549683 7965.423828 387.676727 224.563599 21559.757812 
33859.992188 372189.000000 1118.152588 1180.610718 102051.742188 
1970.937378 20370.740234 587.859558 274.048584 23316.552734 
10506.861328 117173.226562 671.163269 967.673828 63981.785156 
1507.109375 13548.946289 242.047882 132.690048 22591.732422 
2468.709961 30918.904297 1292.278320 395.571411 34507.035156 
1882.088623 13175.059570 283.434143 227.015198 22944.414062 
3628.744629 27446.072266 351.371826 162.571564 43804.804688 
4135.875977 48207.890625 488.742828 320.172333 57223.515625 
13170.973633 250830.375000 754.683533 678.999390 67580.531250 
31303.240234 1000958.750000 1106.817017 1107.951904 89596.757812 
58481.253906 2114706.250000 2477.388184 2394.469238 145335.625000 
5073.042969 87481.351562 471.019928 336.901184 55951.671875 
2045.685181 23296.630859 584.440002 282.867981 36699.714844 
2256.390869 25760.480469 323.330261 243.289917 39306.152344 
4123.074707 95198.726562 454.589233 606.176636 81175.187500 
2415.661865 48441.519531 693.270691 460.554962 37884.906250 
3366.402832 74833.484375 807.331299 508.763062 89607.101562 
966.324341 6736.114746 190.375031 95.230133 37732.687500 
1386.902954 13798.589844 534.874023 305.884735 57691.015625 
1025.363525 19659.646484 328.647339 155.862503 26532.470703 
1643.325928 25763.248047 815.743958 372.904663 62111.796875 
2671.992920 90717.914062 1014.308228 313.463715 89145.234375 
1075.996582 7108.566895 594.777161 532.891174 37024.382812 
1088.580811 19048.822266 497.046967 167.041504 49052.589844 
1878.640991 21678.136719 1143.416992 1014.889160 64862.355469 
3750.057373 136182.125000 2081.950195 409.059906 133681.937500 
4226.361816 125027.351562 1767.374512 313.092499 91754.914062 
1182.495972 36059.261719 1114.255493 582.308411 34051.929688 
1794.915894 23061.496094 637.469910 163.654266 19430.757812 
1532.633057 12295.609375 407.645660 102.081680 41976.066406 
13583.583008 363634.468750 2310.937500 484.186920 88455.085938 
28206.402344 750265.000000 3032.130615 788.508240 140796.437500 
21362.238281 685027.375000 2946.037598 916.268982 112741.773438 
3202.438965 46234.015625 675.924011 241.606796 29634.748047 
6636.928711 128691.929688 968.573181 258.690948 46694.339844 
3210.606201 63035.464844 1124.355713 437.659637 44691.144531 
11367.826172 221811.015625 1589.256714 437.115875 48579.230469 
22753.257812 598341.125000 3211.533203 661.089172 73450.609375 
5812.144043 70355.585938 1529.429199 549.950012 30377.943359 
11176.627930 205697.843750 2196.046387 527.935242 29310.974609 
249234.906250 28983466.000000 63897.613281 63925.570312 48476.546875 
3743.850342 24685406.000000 9704.750977 19269.630859 77263.351562 
1029.905762 5809371648.000000 208126784.000000 145569104.000000 41521.503906 
nan nan nan nan nan 
