89.843033 76.748711 66.075577 59.771324 36.555069 0.027976 
97.090134 83.504700 66.473923 51.281399 29.594952 0.019782 
90.832077 82.644859 72.528824 55.583546 37.045177 0.000000 
90.748123 72.694534 67.163551 48.330124 34.062992 0.000000 
94.437637 78.385918 70.041687 48.435463 33.574711 0.027976 
87.281097 69.842850 74.336845 56.484112 34.543530 0.027976 
90.027206 82.108727 64.202278 65.557007 32.809101 0.000000 
92.182320 86.510063 74.722885 71.603081 37.861374 0.000000 
88.542587 78.800117 70.499710 48.610767 27.963827 0.000000 
91.329445 81.731911 78.262283 55.397839 46.800518 0.000000 
86.741173 74.484886 73.930130 57.114716 41.381241 0.000000 
87.227348 88.678764 92.428978 67.516266 42.004776 0.019782 
89.342384 70.171890 59.502487 48.728668 37.160198 0.000000 
87.357445 65.999542 57.173000 53.974361 32.752506 0.034264 
90.915581 82.903687 88.466286 56.021072 32.498535 0.027976 
84.602188 79.881432 74.420212 84.097466 69.300484 0.000000 
88.807991 85.111931 83.751389 63.592091 44.363506 0.019782 
91.019218 86.525291 69.536652 51.140602 34.618484 0.019782 
88.682861 82.822670 78.457321 48.218872 34.206032 0.019782 
95.912582 79.107590 70.670013 52.656368 28.539162 0.039565 
86.333473 88.217941 72.675140 61.721230 38.584164 0.000000 
89.396690 75.897316 62.792362 46.731335 23.795656 0.000000 
85.672302 75.736061 56.568974 41.788685 32.665291 0.000000 
87.948334 77.140015 69.169022 60.660412 35.344742 0.019782 
89.222954 82.810257 74.189827 57.511707 41.658775 0.000000 
92.638771 68.719467 69.196152 52.153954 31.322397 0.000000 
83.765732 66.111710 80.088531 71.910339 30.729866 0.000000 
85.522118 65.984634 70.805153 46.733452 26.273605 0.000000 
87.271606 81.282600 76.369499 59.793015 40.287102 0.000000 
91.706108 85.141975 79.913322 59.413719 41.170975 0.000000 
90.509087 73.928230 78.697838 74.424828 76.837975 0.000000 
95.286644 79.307434 71.565384 63.411022 40.510204 0.000000 
88.858444 83.373497 73.305908 57.882011 38.758957 0.000000 
87.880562 82.564140 87.207024 57.787399 33.383499 0.000000 
90.838745 76.794586 61.798622 51.759907 34.982746 0.027976 
90.816414 87.598145 61.103130 40.501068 23.875864 0.000000 
89.554901 67.987778 80.345047 45.848545 32.931774 0.000000 
90.398369 81.714256 83.898804 65.594917 36.201149 0.000000 
84.143524 92.003937 73.662674 58.463001 41.416698 0.000000 
79.141960 67.484085 62.680069 56.829399 34.551334 0.000000 
85.665512 78.621521 62.891338 53.548885 35.779564 0.019782 
95.174545 84.575951 68.053062 63.576424 38.210030 0.000000 
91.851204 79.447678 67.009331 54.423203 27.821938 0.000000 
85.849876 89.640068 58.739456 52.001217 35.711376 0.000000 
85.682999 82.625679 78.635277 64.337318 36.216679 0.000000 
90.663368 88.756805 79.486610 62.941738 49.943943 0.000000 
90.037445 84.709167 64.435707 41.401493 32.363312 0.019782 
94.754555 71.279251 67.299301 46.034245 34.085308 0.000000 
88.485329 79.854523 74.656464 52.792446 44.335159 0.000000 
92.660461 64.063202 52.231262 42.978809 35.981922 0.000000 
87.628059 77.774841 70.302544 47.263760 21.115381 0.000000 
93.103485 70.615471 72.575882 46.825233 22.846857 0.000000 
86.258575 78.330994 73.741539 60.704197 31.750637 0.027976 
89.022835 80.452202 87.209991 62.675339 43.616383 0.000000 
87.737419 86.509995 62.779350 50.541042 31.316998 0.000000 
90.443184 72.923035 79.479744 63.768063 30.112432 0.019782 
88.833252 70.885216 65.444221 65.974556 33.731110 0.000000 
84.139984 92.414406 85.741371 51.012554 27.129744 0.000000 
89.715073 80.017647 82.880302 59.517521 28.773270 0.000000 
90.090050 72.337418 60.304470 50.267738 43.881050 0.000000 
85.593231 62.802227 73.023285 50.855324 27.331234 0.000000 
90.321899 71.027069 56.041466 55.132393 44.767174 0.000000 
86.236893 83.098915 66.605698 54.301105 31.769884 0.019782 
87.412666 89.229919 62.747906 44.441967 28.962496 0.000000 
90.413605 70.399651 58.246098 38.345440 21.579876 0.000000 
89.265076 73.232124 70.835945 42.593353 29.139587 0.000000 
89.193665 87.785583 71.512291 71.343330 38.848885 0.019782 
93.372932 73.570488 68.301399 56.530479 28.332626 0.000000 
92.524155 68.089439 85.137062 54.194355 46.852421 0.027976 
89.041847 79.482643 76.465073 67.293938 35.200500 0.027976 
89.780479 81.279640 67.876434 56.096878 36.572460 0.000000 
88.037788 82.783508 79.652611 52.517090 30.241924 0.000000 
86.708382 77.510277 66.119965 37.033642 25.824566 0.000000 
86.986404 79.814301 64.190643 73.978844 43.031715 0.000000 
83.115906 69.233566 58.805534 42.656681 23.595251 0.000000 
86.591255 71.077744 79.862068 55.489758 38.123211 0.000000 
88.961143 82.109619 84.129196 77.209061 65.442245 0.000000 
85.996414 77.006348 69.559700 47.732677 30.014591 0.034264 
97.955162 78.763016 69.937744 55.584560 38.703613 0.000000 
94.210938 74.664314 72.912537 56.030376 30.970812 0.000000 
85.618225 82.614174 77.623535 69.456978 73.217339 0.000000 
92.939209 86.332565 77.617226 62.085754 35.724113 0.000000 
87.926208 74.149025 62.394020 64.523361 42.859383 0.000000 
90.534706 75.645218 52.098225 49.525345 30.365303 0.034264 
90.025505 73.223534 72.900429 50.002121 33.161221 0.027976 
88.635124 83.188866 64.268959 53.207523 31.767214 0.000000 
95.073608 85.810158 71.007050 44.897652 36.865139 0.027976 
84.226059 73.159447 57.610851 51.990406 31.560953 0.000000 
92.412224 86.476135 77.566971 49.184544 27.053999 0.000000 
86.976700 89.162979 89.839905 59.593746 32.468048 0.000000 
88.212135 79.967537 70.505440 47.009743 26.566540 0.019782 
90.863449 76.415810 78.878799 57.864452 28.725565 0.000000 
88.300537 84.771614 74.229782 38.750763 18.805574 0.000000 
85.738953 74.974312 73.040504 47.602863 23.998423 0.000000 
85.456284 81.174927 66.610878 44.259518 33.667580 0.000000 
91.531189 70.504410 70.010536 63.871216 58.423523 0.027976 
92.996986 65.129951 48.993523 42.172138 25.387186 0.000000 
87.238785 84.836723 70.800652 45.856468 26.467253 0.000000 
91.023361 76.656364 68.604279 63.438225 34.561268 0.000000 
84.588181 80.003212 69.505386 53.047546 43.696960 0.000000 
