78.376770 40.841221 48.739349 43.545380 53.547108 0.019782 
71.973778 50.570229 47.875343 52.367550 53.792751 0.039565 
62.020134 34.647232 45.892010 47.946838 45.129246 0.000000 
66.581184 47.612373 50.961845 54.813698 54.690731 0.027976 
80.074287 40.940548 48.681866 44.137413 50.749210 0.000000 
63.672321 32.710224 43.323109 45.844044 49.771324 0.000000 
66.056610 42.124207 53.481564 51.753418 60.233250 0.000000 
76.158844 37.332348 51.217991 44.572178 55.859047 0.000000 
87.495110 53.251034 57.374950 46.264927 58.757595 0.000000 
75.723648 48.130795 52.747326 58.126934 74.325806 0.000000 
89.599602 42.193977 49.666710 43.826996 54.316818 0.000000 
70.292770 37.556358 38.395908 38.781101 44.724144 0.000000 
82.512535 46.556690 48.638256 42.657188 53.887535 0.000000 
63.068295 53.355789 62.130547 64.883392 62.817543 0.000000 
78.690277 49.597458 48.104069 47.139870 53.195610 0.000000 
75.990288 52.538967 45.613861 50.002777 57.492069 0.000000 
71.384140 39.135174 44.988075 41.546860 54.244438 0.000000 
74.509216 48.697258 56.027927 57.968472 56.711739 0.027976 
80.918686 39.805164 46.675838 40.327511 53.089436 0.000000 
65.752609 41.778641 47.953827 51.175514 51.847534 0.000000 
87.270699 34.895302 47.012306 46.195011 55.591888 0.019782 
72.588310 38.583996 46.122734 46.207848 44.061554 0.000000 
73.199394 51.526016 59.518959 61.036011 59.490368 0.027976 
69.470451 45.042702 48.600471 46.046825 49.839745 0.000000 
83.883430 48.159317 54.803246 45.903492 60.051594 0.027976 
78.195786 40.061127 51.514145 42.893810 51.542408 0.019782 
79.222610 46.752918 46.282257 55.345402 53.336151 0.000000 
75.446976 45.299934 48.903000 57.473526 47.316422 0.000000 
66.579422 45.312336 48.871418 49.738297 57.009830 0.000000 
88.352005 50.131931 48.648628 41.951565 48.672668 0.000000 
75.186531 44.091461 56.571033 58.507423 55.216599 0.000000 
77.636421 41.875767 39.826027 34.918404 56.344540 0.000000 
79.580757 41.170212 54.498817 46.677330 63.898777 0.000000 
78.723816 47.601562 57.258972 49.665035 62.321049 0.000000 
66.993568 40.142326 50.275543 37.178867 43.987953 0.000000 
77.831078 41.646194 52.054749 44.121227 57.811428 0.000000 
72.892250 43.660313 50.227642 48.782482 53.725254 0.000000 
74.077950 44.459129 46.884632 38.458195 54.235989 0.000000 
81.232460 47.976807 50.697571 54.748360 50.483135 0.000000 
83.871239 41.096565 45.055367 46.103821 64.403069 0.019782 
67.640053 34.753292 43.357655 39.235092 57.781498 0.000000 
70.276825 42.226215 48.396744 44.692280 59.517162 0.027976 
81.230476 40.756325 55.328789 48.645241 61.713852 0.027976 
84.460709 43.874207 57.140770 42.435257 54.952114 0.000000 
66.812630 38.359478 48.030666 38.481991 51.632607 0.019782 
68.502991 40.549934 50.535088 47.588482 55.364422 0.000000 
84.330414 54.189522 57.730354 52.785629 60.523022 0.019782 
64.957146 45.062435 49.737457 50.906689 61.719036 0.000000 
74.121696 37.600372 49.517521 48.089455 50.613056 0.000000 
81.013626 35.125473 48.518448 37.105274 61.836632 0.019782 
