88.508614 68.559044 64.077530 59.831917 65.760788 0.000000 
86.582863 83.245346 73.551285 88.050606 63.419613 0.000000 
85.122437 66.870399 63.532326 59.443527 66.424225 0.019782 
80.993309 62.468426 58.312847 70.827911 46.334003 0.027976 
86.390923 82.936829 73.285065 77.931648 59.385254 0.000000 
81.168213 54.174339 65.838112 58.503174 70.757637 0.027976 
82.138794 67.409271 67.478111 65.242935 63.374619 0.000000 
82.847778 72.934113 74.674934 65.370361 54.949821 0.000000 
85.535828 85.920792 74.664139 68.412849 64.123123 0.000000 
85.293114 71.817451 67.145424 60.584881 56.320534 0.000000 
83.138252 78.572029 68.165031 66.023376 55.314194 0.019782 
82.184105 61.098442 54.491894 68.010765 41.377617 0.000000 
84.690781 84.003807 82.842110 69.637482 62.622108 0.000000 
81.964676 81.430618 73.609520 50.467846 56.972153 0.019782 
81.096909 69.110886 62.971096 66.811165 57.529041 0.019782 
86.657539 70.727570 67.708481 57.544254 51.379845 0.000000 
85.519470 80.654335 79.800179 64.509300 77.341888 0.019782 
86.140480 71.672562 72.642090 65.021172 46.203094 0.027976 
85.231056 71.497726 77.423759 71.326561 60.289913 0.000000 
85.394173 75.325951 61.588280 62.166706 54.636951 0.000000 
