68.127068 40.960899 42.299618 41.256439 55.167892 0.000000 
71.939423 49.415844 56.130756 45.663963 51.461224 0.000000 
78.027237 74.935524 69.485909 72.794853 65.874947 0.000000 
79.047447 44.028778 46.724403 49.686649 49.858166 0.000000 
73.627136 35.513424 46.210575 43.845459 54.858864 0.000000 
72.686058 42.248558 44.497452 42.760063 47.103008 0.000000 
58.790714 37.563995 46.128494 46.411743 51.988804 0.027976 
62.766827 36.727276 48.354702 49.461292 49.020752 0.000000 
72.542984 44.357327 49.663303 44.864689 56.086403 0.027976 
78.261696 47.635254 65.390839 62.026058 55.543922 0.027976 
70.362915 46.806602 55.810165 60.245548 57.046349 0.019782 
76.853851 49.147446 53.592564 50.977833 45.460732 0.000000 
73.371552 38.970989 47.316944 52.155285 51.150673 0.000000 
61.840233 49.048615 49.950203 54.559082 55.832058 0.000000 
70.644951 49.904938 54.247761 44.604492 53.243542 0.000000 
79.800224 50.970932 54.208218 54.944706 52.040405 0.000000 
71.076645 44.795921 52.101871 51.095467 65.579613 0.000000 
69.587326 44.707859 46.790062 49.190315 49.503422 0.000000 
72.092224 40.766792 46.472218 50.133327 51.988068 0.019782 
65.824020 46.466640 59.822407 57.297207 57.766991 0.000000 
73.522171 31.003036 42.993763 44.368912 50.760056 0.000000 
68.087555 36.045223 45.016708 41.842197 48.925568 0.019782 
82.889977 48.567814 51.862644 44.742729 51.024220 0.000000 
78.343811 48.137184 61.644302 44.794033 54.471832 0.000000 
79.827553 40.714737 40.926304 41.617832 51.658695 0.000000 
73.166008 40.351715 53.687248 40.916817 60.879635 0.000000 
70.931221 45.337585 54.266285 42.752686 55.015457 0.019782 
73.589172 44.998920 53.568371 45.568859 67.754379 0.000000 
74.637421 39.537746 46.417187 42.681351 60.186684 0.000000 
70.369209 48.805069 59.448421 58.013550 58.919098 0.000000 
70.329239 43.587486 47.029594 50.532848 53.721474 0.019782 
66.755943 42.430222 52.357475 59.590099 53.399075 0.000000 
67.815781 36.795284 43.440254 53.595135 56.109943 0.000000 
66.200668 47.964466 51.305962 56.473614 50.165245 0.000000 
60.743793 39.682999 42.685608 43.291401 49.625111 0.000000 
72.243690 38.908451 45.015419 52.991688 43.601940 0.000000 
70.019234 39.607082 50.778522 53.925575 51.066650 0.019782 
62.762856 50.564537 62.003063 63.070801 74.172859 0.000000 
76.945389 46.975220 52.433376 51.990456 49.478020 0.000000 
75.798225 48.811649 59.519604 64.175514 55.701759 0.027976 
72.393349 52.619480 60.092850 54.168808 54.616871 0.027976 
81.670868 42.900677 42.342522 39.772743 47.001171 0.000000 
78.444870 54.564323 66.557037 56.300816 60.517479 0.019782 
64.282089 35.015663 54.865410 38.099079 54.620110 0.000000 
73.940704 52.143242 51.050270 48.329617 53.974236 0.000000 
67.678101 38.157909 51.719326 38.144115 47.090652 0.000000 
66.843231 43.016720 48.327061 49.086006 62.147556 0.000000 
67.517715 43.231171 46.539257 45.922573 51.221565 0.019782 
73.206619 47.391579 43.720543 43.254200 47.503181 0.000000 
66.092155 42.758896 49.174805 43.308052 43.203419 0.000000 
