0.200000 
0.196000 
0.268000 
0.228000 
0.300000 
0.204000 
0.248000 
0.448000 
0.208000 
0.400000 
0.328000 
0.352000 
0.400000 
0.240000 
0.380000 
0.600000 
0.236000 
0.308000 
0.200000 
0.252000 
0.304000 
0.204000 
0.320000 
0.352000 
0.188000 
0.328000 
0.364000 
0.344000 
0.280000 
0.216000 
0.428000 
0.536000 
0.408000 
0.372000 
0.584000 
0.216000 
0.352000 
0.408000 
0.208000 
0.424000 
0.240000 
0.224000 
0.212000 
0.340000 
0.336000 
0.628000 
0.420000 
0.496000 
0.400000 
0.240000 
