711651.937500 67599.015625 27063.462891 21865.277344 198832.953125 
890760.937500 69572.304688 39466.847656 33732.789062 180179.984375 
1272431.625000 87522.078125 49259.382812 64818.566406 282695.031250 
739744.062500 53976.082031 32622.970703 24197.621094 253272.109375 
1225587.375000 130632.187500 74214.328125 56655.839844 354405.843750 
1487348.500000 76464.718750 30595.228516 21771.363281 177846.343750 
892838.687500 49732.144531 21898.218750 17909.865234 203864.406250 
784189.687500 46404.585938 34978.218750 16922.986328 134040.484375 
651259.312500 34827.929688 30483.216797 32488.130859 205996.968750 
812222.312500 59571.070312 37727.894531 20724.742188 286120.312500 
819294.562500 94920.570312 51670.507812 30905.748047 213995.609375 
943256.625000 66223.335938 34531.769531 23826.746094 148316.375000 
1162995.000000 101464.726562 41193.828125 53229.312500 205980.265625 
861763.625000 50451.105469 19368.076172 22663.957031 153981.437500 
1039892.687500 59957.882812 36906.558594 30360.595703 150323.218750 
517525.500000 37341.882812 17543.599609 20089.476562 153424.484375 
892366.187500 71052.640625 33020.753906 23403.425781 184211.156250 
705147.687500 43836.390625 19142.519531 16294.304688 181430.843750 
1400118.375000 114819.679688 44312.253906 23299.937500 285229.937500 
645426.500000 53368.007812 30868.205078 27633.416016 136820.968750 
1027089.312500 76783.687500 35568.023438 29512.189453 208910.234375 
441148.531250 44279.332031 25173.277344 14085.692383 191774.203125 
598721.000000 55569.832031 28212.332031 20867.812500 157421.031250 
641346.000000 40687.097656 27657.339844 25054.929688 148818.906250 
845261.250000 56309.066406 40954.800781 24745.125000 118446.804688 
1126132.625000 67379.757812 35004.664062 18704.773438 174396.953125 
827755.562500 63498.722656 33154.132812 25847.195312 160607.312500 
934292.125000 68226.929688 32157.322266 34255.273438 197133.890625 
872150.187500 58584.652344 41953.078125 36365.390625 237973.593750 
521445.218750 42483.062500 21585.185547 22144.537109 161450.218750 
449155.468750 30734.992188 16976.273438 25798.185547 82400.992188 
978024.437500 96807.445312 57675.140625 37031.210938 264921.875000 
634135.000000 38961.710938 24345.712891 27383.992188 144020.437500 
917449.187500 59649.832031 38841.863281 38988.421875 196206.500000 
824280.437500 68115.804688 65613.445312 57469.781250 219186.968750 
1121902.500000 87765.179688 40405.925781 33726.460938 231449.906250 
1019052.562500 85485.070312 30025.535156 22498.783203 153998.781250 
727659.937500 49130.558594 36536.273438 22258.832031 162091.750000 
814816.875000 89679.945312 39354.601562 24691.330078 186620.250000 
543816.250000 36774.039062 27906.722656 23395.185547 156296.093750 
1008702.937500 67046.718750 39782.886719 27445.431641 139548.281250 
416297.062500 33039.070312 30074.876953 21581.554688 162830.921875 
913090.250000 72778.742188 62314.074219 28514.369141 168595.625000 
720931.187500 58666.789062 34260.058594 29968.181641 169800.156250 
780708.375000 47084.496094 32004.257812 24570.169922 194174.734375 
675571.000000 50176.718750 26995.964844 24151.167969 178874.687500 
561080.375000 48374.886719 43351.980469 32261.763672 210598.843750 
708677.375000 56301.898438 30250.353516 17869.496094 167688.281250 
913057.687500 39995.585938 27806.330078 23716.310547 181782.531250 
1368307.625000 100192.515625 35953.652344 22540.974609 233220.437500 
