7.749267 0.015336 0.018738 0.039341 0.071322 
35.514366 0.011634 0.023813 0.050110 0.121595 
5.526591 0.109090 0.008359 0.069494 0.217647 
34.046574 0.984346 0.005652 0.103674 0.379992 
134.974152 6.991425 0.004189 0.146988 0.626592 
90.398445 3.902450 0.008047 0.290786 1.355729 
40.769665 1.442846 0.021034 0.526994 1.972266 
8.476610 0.108932 0.043000 0.705779 3.804720 
21.423647 0.016784 0.080067 1.080508 7.489630 
50.250488 0.002929 0.128024 1.546392 20.023926 
57.156822 0.001142 0.193177 1.417943 24.366434 
71.920128 0.001538 0.293867 1.172441 51.771992 
80.297104 0.002804 0.357716 0.845444 178.913223 
63.277874 0.011918 0.623874 20.039043 575.241821 
55.226902 0.020704 0.864238 114.343445 1551.865356 
31.928623 0.058174 1.026077 1536.672363 17623.373047 
41.023067 0.037047 0.914205 1416.374756 14248.430664 
77.134071 0.011397 0.790467 204.892288 3199.487793 
68.093742 0.010266 0.539479 121.376457 2229.474121 
80.190109 0.007897 0.671567 113.884705 2106.151367 
83.103439 0.004982 0.548230 208.806458 3293.875732 
120.152351 0.002754 0.699121 202.836533 3044.078369 
100.458916 0.003571 0.543211 307.386993 3641.071289 
124.202003 0.002073 0.422284 520.060364 5296.456055 
120.159523 0.002324 0.644883 774.590027 6767.102051 
109.751328 0.002664 0.735003 1012.577820 9697.776367 
117.391792 0.002060 0.587533 1000.585815 6010.377930 
102.384384 0.002142 0.448680 861.872559 6124.089355 
126.414185 0.001364 0.456217 989.204407 7135.507324 
169.565964 0.000935 0.467326 927.985596 6029.776367 
115.383690 0.001353 0.447837 1009.665527 5155.315918 
161.164078 0.000591 0.361552 629.077209 4908.409668 
174.926422 0.000407 0.352124 356.587463 2093.776123 
177.886688 0.000302 0.393932 154.567108 1539.839111 
160.551987 0.000369 0.342132 116.166000 1847.872925 
200.343628 0.000163 0.412685 197.193527 939.942261 
159.247314 0.000182 0.233527 101.982170 1001.695923 
224.592682 0.000106 0.281761 199.814270 1046.017212 
168.069168 0.000110 0.397197 302.984711 1072.203735 
176.030685 0.000131 0.339780 324.971039 1639.028809 
186.142090 0.000184 0.178827 795.106628 1469.375610 
207.809265 0.000129 0.141000 723.333679 5302.709961 
192.711166 0.000101 0.192210 1786.737793 4514.320312 
175.501450 0.000183 0.302482 2444.506592 9441.832031 
180.702316 0.000188 0.502069 3210.042725 9811.599609 
186.657059 0.000202 0.565453 3952.101074 24041.345703 
260.158234 0.000064 0.435659 4238.488770 17202.791016 
257.717407 0.000089 0.162519 4410.333008 31057.263672 
278.656403 0.000063 0.315909 5518.073730 14796.868164 
224.840439 0.000074 0.407992 4668.173828 9171.901367 
248.041016 0.000066 0.386162 4425.411621 11222.954102 
269.955566 0.000049 0.278535 4096.970703 6013.600586 
243.546661 0.000065 0.385860 4070.346436 5472.215820 
240.621353 0.000041 0.236322 4478.355469 6538.891113 
288.487396 0.000050 0.445713 4992.481445 5231.816895 
263.383911 0.000043 0.357597 5329.492188 10106.001953 
256.619812 0.000060 0.392287 5781.202148 9685.273438 
274.393494 0.000064 0.572506 6927.901367 10748.289062 
260.553101 0.000049 0.555184 7147.240234 10740.916992 
282.851501 0.000053 0.615789 8909.333984 18129.679688 
284.361572 0.000049 0.596007 9588.833984 23121.978516 
197.053421 0.000104 0.370361 13622.628906 97631.492188 
302.998932 0.000053 0.547257 13327.961914 37246.230469 
246.682129 0.000083 0.509094 14095.493164 48050.785156 
259.282745 0.000076 0.842674 14215.813477 20313.404297 
271.432678 0.000071 0.781091 17706.068359 113273.867188 
276.316437 0.000086 0.841462 19520.130859 53951.496094 
281.230499 0.000065 0.761359 25839.050781 101709.117188 
224.426895 0.000164 0.922775 23324.171875 39895.050781 
307.334564 0.000098 0.697078 31379.925781 90471.710938 
262.709290 0.000098 0.659338 34630.238281 163976.546875 
328.822479 0.000071 1.024650 40835.191406 72243.046875 
220.509109 0.000153 0.684615 43645.488281 117787.695312 
245.532288 0.000107 0.951736 46282.035156 93564.390625 
215.845932 0.000220 0.998352 59179.492188 159019.859375 
240.808731 0.000144 0.986699 71042.796875 65934.382812 
277.397766 0.000132 0.576101 59050.269531 212223.437500 
276.516266 0.000117 0.771305 91301.054688 111228.195312 
322.539856 0.000090 0.960451 119162.101562 113002.726562 
216.331635 0.000231 0.793196 101129.375000 136717.343750 
244.128082 0.000180 1.043636 198605.328125 212702.437500 
226.909622 0.000226 0.504829 258495.875000 104065.546875 
249.664230 0.000167 0.910949 350920.937500 84670.609375 
327.430237 0.000137 0.719889 456214.343750 71963.546875 
239.428146 0.000196 0.411749 711768.000000 65916.421875 
248.843307 0.000234 0.206189 723834.625000 149705.093750 
253.860718 0.000225 0.349396 1538723.375000 386814.468750 
220.502350 0.000331 0.476720 1129136.875000 145779.953125 
229.704453 0.000275 0.364154 2029188.125000 203513.468750 
246.142578 0.000268 0.251335 3991403.000000 146472.703125 
337.644897 0.000113 0.106269 3802248.250000 333742.250000 
251.696548 0.000271 0.213867 3972086.500000 174614.843750 
248.710846 0.000324 0.299322 3054884.500000 317076.843750 
235.276871 0.000441 0.058431 2140899.500000 295988.062500 
338.575073 0.000173 0.069409 2582475.750000 517315.468750 
266.647400 0.000209 0.174949 2918315.250000 430542.781250 
259.106232 0.000219 0.098683 3406368.500000 957621.625000 
195.241760 0.000594 0.058639 3374133.500000 998198.562500 
212.028488 0.000443 0.194367 4402820.000000 1118757.125000 
282.373108 0.000265 0.038713 4670557.500000 1208157.875000 
241.330322 0.000269 0.043249 3241963.000000 1117601.750000 
204.385040 0.000477 0.066437 6084665.500000 2245136.000000 
231.047974 0.000456 0.037051 4350706.500000 1245174.625000 
254.874557 0.000414 0.051219 4946466.000000 2184122.000000 
232.590912 0.000527 0.625614 4999105.500000 2108516.250000 
220.073090 0.000498 0.412216 3083286.000000 2526008.000000 
257.988159 0.000375 0.518328 4711279.000000 2055359.750000 
264.920135 0.000336 0.945687 2275946.500000 2809718.250000 
224.234955 0.000420 0.855578 1723916.750000 6562305.500000 
226.393631 0.000660 0.425373 2289927.000000 2593862.000000 
216.539307 0.000480 0.515481 4121973.000000 2024452.000000 
248.012634 0.000512 1.730464 2281480.500000 6903655.000000 
283.018402 0.000236 0.916459 1742537.250000 1648819.000000 
250.097839 0.000276 2.279474 1737628.250000 3334528.750000 
252.729141 0.000315 1.388350 1186270.375000 4332505.000000 
236.326553 0.000419 1.531816 1050877.500000 1786495.625000 
176.262451 0.000771 0.941047 730253.062500 2562016.500000 
195.080200 0.000731 1.591382 770488.687500 6642961.500000 
255.615768 0.000671 0.575817 856078.500000 6160890.000000 
274.394684 0.000331 0.717096 1034271.250000 1838666.125000 
235.901230 0.000403 1.624715 460537.937500 3210397.000000 
322.134460 0.000356 0.448746 663324.562500 1702450.625000 
178.749023 0.000839 1.331526 484444.875000 2128777.500000 
277.876007 0.000383 0.948177 596433.500000 2679486.000000 
225.425583 0.000601 0.411150 532107.625000 1370715.625000 
235.034134 0.000648 1.101336 606329.812500 1371655.000000 
208.393799 0.000789 0.351636 617278.687500 3333227.000000 
213.762863 0.000792 2.691992 499453.468750 4040745.250000 
249.265350 0.000496 2.819593 526681.812500 2043300.000000 
254.830444 0.000606 1.951843 587590.562500 5800005.500000 
242.552277 0.000425 2.391803 610301.875000 5019432.000000 
292.013153 0.000616 2.057963 418884.687500 1753774.875000 
229.955933 0.000682 1.680617 743538.937500 2679731.500000 
235.597427 0.000660 4.032629 808920.937500 3004016.000000 
236.611725 0.000901 2.723571 677854.125000 3320310.250000 
219.048355 0.001245 5.424730 538841.687500 4299917.500000 
160.474365 0.002150 4.229706 594073.250000 4523847.500000 
214.198730 0.001178 4.182241 894145.000000 3146217.250000 
194.041397 0.001686 4.884390 399634.187500 1839766.375000 
212.395844 0.001243 5.000586 749548.875000 4221031.500000 
234.104050 0.001157 3.361407 700353.312500 2360058.000000 
210.285767 0.001483 7.675736 491907.625000 3648124.750000 
203.017899 0.001688 7.988133 452743.937500 2436711.750000 
199.826859 0.001767 5.202124 818482.125000 2737183.750000 
257.005615 0.000960 13.370802 462252.343750 3477576.250000 
190.499634 0.001801 9.530443 575365.187500 3637159.250000 
183.453751 0.001991 9.311770 370877.062500 2119027.750000 
211.173721 0.001239 14.563734 830095.812500 5173695.500000 
171.766739 0.002529 4.630619 574590.625000 2273935.500000 
194.396530 0.002270 11.560816 639971.375000 2870824.250000 
215.183838 0.001400 10.942223 1011428.687500 5901678.000000 
292.201843 0.000830 5.178190 826615.000000 3181350.750000 
277.652130 0.001164 8.099854 565601.125000 2579112.500000 
174.160645 0.002807 8.843317 541694.312500 2313019.250000 
205.775864 0.002073 10.480321 355008.750000 4673916.500000 
235.200012 0.001610 13.937442 436277.906250 3959871.250000 
221.746933 0.002362 8.180583 546247.812500 9235143.000000 
245.503738 0.001649 9.953294 427383.062500 3825975.250000 
228.070618 0.001490 13.636069 635982.000000 4304079.000000 
202.255219 0.001969 8.065002 516448.906250 2938559.250000 
196.862335 0.002530 10.103227 425684.718750 2558968.750000 
186.853958 0.003018 17.622274 361230.500000 3695171.250000 
272.405853 0.001509 11.635438 513729.250000 4354677.500000 
148.388535 0.004473 15.133720 316559.125000 3076625.250000 
205.469070 0.002779 9.823772 520688.375000 4848655.500000 
204.202759 0.002852 14.686185 322894.312500 5090633.000000 
203.547272 0.002377 10.527298 575815.750000 3952843.000000 
165.203201 0.004609 13.538244 429396.718750 4378494.000000 
127.226860 0.007701 17.207537 325172.312500 2692700.750000 
201.313812 0.004523 9.319167 295297.781250 3924970.500000 
171.566757 0.004089 16.924030 356865.656250 4505155.500000 
128.381882 0.008440 20.693352 235076.484375 4559151.000000 
136.306320 0.009528 12.340308 453075.406250 2934945.250000 
172.783768 0.004599 19.651384 665411.937500 5683499.000000 
196.989578 0.003184 9.543792 422540.468750 2273658.250000 
196.817505 0.003263 19.294073 660122.750000 2983469.000000 
169.181198 0.004970 18.311447 405109.875000 4648899.000000 
172.629303 0.003783 14.882032 339390.218750 3986740.000000 
178.381897 0.004872 9.870217 326905.750000 4199363.500000 
157.204453 0.004709 9.254817 433548.375000 2228604.250000 
190.228256 0.003749 14.820832 385870.656250 2577686.000000 
205.607193 0.002726 10.608186 344369.187500 3578633.000000 
163.476273 0.006263 9.609414 469744.062500 4866212.000000 
199.200623 0.002738 7.463547 243890.718750 4609753.500000 
202.632477 0.002974 6.761056 359021.718750 5355300.000000 
209.055557 0.002590 7.386230 294453.750000 4037920.000000 
224.691208 0.002424 9.537588 256809.734375 4098565.250000 
206.825485 0.004662 5.921166 413996.031250 3842160.250000 
193.894257 0.004071 12.118028 274470.968750 3385249.500000 
236.414383 0.003127 13.965171 395679.843750 4201012.500000 
148.048676 0.005960 12.920388 256875.312500 3801219.500000 
234.615585 0.001844 8.161469 417000.781250 3543066.250000 
219.260239 0.002255 8.746542 488468.312500 3255410.250000 
190.502579 0.003071 13.842576 608339.250000 9047982.000000 
157.056900 0.004748 14.070693 338576.812500 2398299.250000 
173.039108 0.004502 20.324471 510054.375000 4336831.500000 
165.324066 0.004750 12.523018 554278.250000 4174459.000000 
212.264191 0.002925 15.884354 557408.125000 4094139.750000 
205.478043 0.003182 20.335943 277688.406250 2259062.500000 
263.698364 0.002006 22.918238 579592.187500 10513379.000000 
