600.602844 145.896332 51.450859 32.332348 18.420353 
491.932037 273.616760 123.739761 45.146088 1819.396240 
907.141052 652.878662 478.452881 271.006744 5980.436523 
2021.328491 1385.517334 910.058716 927.169678 7603.055664 
1967.241455 1404.905640 1056.952515 734.592163 7586.396484 
5554.878906 4631.518555 4220.080078 4538.067383 23524.738281 
5085.043945 4014.639648 3166.966309 2369.331787 8694.403320 
7590.011719 7217.343262 5222.919434 4054.103271 9307.153320 
13095.484375 11818.679688 13030.367188 12750.521484 33165.242188 
14467.819336 12915.975586 11223.025391 7313.467773 22514.357422 
11205.118164 9068.782227 6154.665527 7844.746094 16314.846680 
9375.872070 7680.768066 7190.362305 6728.077148 18598.103516 
12435.594727 9684.268555 9542.859375 11956.344727 22747.718750 
9996.079102 11155.213867 10171.676758 7012.071777 22677.755859 
9518.316406 10147.402344 8824.263672 6920.264160 13744.195312 
8171.271973 8105.627441 7478.772461 10437.831055 19984.832031 
7899.830078 7054.611816 6233.733398 6783.564453 8547.751953 
8447.637695 6563.640137 5131.171387 5213.387207 25561.953125 
7777.717285 10790.503906 12810.161133 18805.830078 35347.160156 
4646.763672 3404.459717 3798.557129 2100.972412 9889.714844 
2731.040527 2211.245605 2345.047852 1812.805420 11248.133789 
2754.692627 2330.294678 1865.044189 2005.458374 7929.277832 
1594.757690 1145.065552 1051.690308 986.895447 5667.393066 
1858.259033 1722.356689 1343.527954 603.559570 16319.698242 
1373.048218 1019.431519 818.112244 604.948914 9958.979492 
1911.377441 3070.739502 3549.346680 1770.600098 22426.771484 
1232.813965 981.418701 457.944550 415.899323 10293.083008 
1144.055542 824.050476 684.563965 594.990356 7332.506836 
1114.473511 742.908508 594.833557 321.871613 8966.433594 
1284.998657 1059.335327 842.467651 689.937683 8701.958008 
1112.432861 796.717957 705.651733 1105.747925 10765.698242 
1620.179199 1115.719604 907.687073 528.769104 10201.559570 
2942.305176 3365.404541 6348.642090 2010.495605 26780.656250 
2910.833008 2696.077881 1572.436890 1178.385376 12743.027344 
4404.392090 2652.133301 10522.641602 1574.943237 9375.960938 
10485.107422 6254.685547 4184.424316 2689.832275 16940.498047 
15013.985352 7212.639648 8789.806641 4939.448730 7564.404785 
24752.421875 40045.519531 7315.992676 6682.372559 31202.121094 
22665.689453 17632.517578 10277.662109 5625.333008 5741.543457 
6388589906624512.000000 55435566514176.000000 6287836839936.000000 8476716544.000000 3923946.500000 
82852.078125 31875.244141 26699.966797 22308.478516 2458.903564 
31300790517760.000000 242091328.000000 14566720.000000 34740184.000000 58836.550781 
4960025575424.000000 67366760.000000 20750830403584.000000 45461544.000000 715185.312500 
52890.621094 32009.826172 26054.218750 25293.287109 4821.484863 
2534495748096.000000 865037696.000000 9347194.000000 817527.437500 798.315796 
2037842575360.000000 55319960.000000 152059168.000000 12371609.000000 16851.539062 
7345124757471232.000000 8560275456.000000 14707388416.000000 288399008.000000 79221.046875 
183953653760.000000 6092822016.000000 131448176.000000 1006664.375000 56561.500000 
82884091904.000000 3533769.000000 1055634.875000 271590.281250 798.180603 
146220.062500 93928.632812 50512.371094 72597.390625 19590.998047 
41650999001088.000000 35688004.000000 98473040.000000 1735566.000000 239898.265625 
80588023267328.000000 50521231360.000000 173339590656.000000 2439482880.000000 18543390.000000 
5479488552960.000000 1240021120.000000 133181384.000000 72822104.000000 393786.968750 
1702023528448.000000 85156848.000000 14513191.000000 263891776.000000 4686.544922 
495203024896.000000 19157928.000000 4625332.000000 33162.175781 247.900604 
147128631296.000000 79548080128.000000 89653640.000000 17892764.000000 220.654358 
216129632993280.000000 31023874048.000000 71918034944.000000 24676728832.000000 46512832.000000 
2427094827008.000000 7399304.500000 1028393.562500 608154.937500 95.559570 
795106760196096.000000 993479232.000000 20166222.000000 72305999872.000000 531002.312500 
217198051328.000000 162926706688.000000 348622061568.000000 615388800.000000 2178796.250000 
1923570991104.000000 5662136832.000000 6485711360.000000 18346559488.000000 20873374.000000 
19054555299840.000000 35957620.000000 243479872.000000 3604014.500000 57225.097656 
532815872.000000 185965.593750 146189.234375 75128.234375 16481.519531 
6271835045888.000000 328568864.000000 3208635136.000000 245670080.000000 1280373.250000 
8958288855040.000000 120188136.000000 81236320.000000 4232186.000000 1755.273804 
11086046104125440.000000 409120000.000000 3039379712.000000 6737214976.000000 32960.765625 
1856693.000000 133830.781250 730612.375000 1360300.000000 203.175751 
26650306431418368.000000 59388115025920.000000 1449311993856.000000 9379189358592.000000 3431493376.000000 
2894866153472.000000 18735760.000000 548018.562500 4281009.500000 431.677094 
336759727025291264.000000 1961662208.000000 6058994.500000 53275.832031 3113.382812 
1525321695232.000000 38601957376.000000 51623403520.000000 34119723008.000000 26171108.000000 
359341760708608.000000 151829184.000000 578524992.000000 24070.019531 65.239525 
94069636437377024.000000 539135082496.000000 101269079326720.000000 3583297454080.000000 862552512.000000 
2455680581632.000000 35852456.000000 54646240.000000 397769.343750 2919.577148 
412650727014400.000000 7462519296.000000 174220928.000000 13332700.000000 12354.606445 
72760.882812 55705.773438 54735.207031 42256.023438 23527.546875 
5542419.500000 315000.937500 146798.859375 67757.734375 28415.486328 
18864641409024.000000 1058896832.000000 10188481363968.000000 82298159104.000000 163809.343750 
98223636480.000000 122969168.000000 305618944.000000 1613311616.000000 2745304.250000 
9480559394816.000000 579123968.000000 15452715.000000 7835296768.000000 1782308.500000 
543866.812500 163866.062500 181554800.000000 900662.500000 1711.470825 
144902633553920.000000 147325408.000000 313329344.000000 115439624.000000 28888.697266 
10044062342053888.000000 441998082048.000000 419780067328.000000 1727576014848.000000 2358049792.000000 
197906002870272.000000 100000096.000000 105842600.000000 8178249.500000 9025.000977 
3528799622791168.000000 249445008.000000 47061236.000000 345521440.000000 13629.878906 
242282889216.000000 1419022464.000000 5862442.000000 4828842.000000 112745.812500 
2520476811264.000000 9665470.000000 7333932957696.000000 259089200.000000 86.986748 
601797127307264.000000 369024416.000000 2645014.750000 16139.339844 145.572632 
19895704.000000 58103436.000000 192778.750000 144618.906250 959.931396 
2085759090688.000000 497803296.000000 114629560.000000 1512505.500000 13492.572266 
1454130593792.000000 20415637504.000000 53680528.000000 15743398.000000 10873.697266 
2619073363968.000000 16258457.000000 1306127616.000000 518276352.000000 402803.437500 
17102860288.000000 1884313088.000000 74342383616.000000 221236896.000000 2146219.000000 
5235782029672448.000000 69327024.000000 1026567104.000000 4679331840.000000 179839.593750 
316139.062500 1985210.125000 547274.875000 444385760.000000 32770.457031 
129732414799872.000000 171855168.000000 200822064.000000 328211968.000000 1749307.875000 
5445707628544.000000 143705712.000000 693125120.000000 14108565504.000000 2506003.500000 
15342476288.000000 50953400.000000 89774608.000000 2593486.250000 21895.080078 
59040.500000 18640.953125 14542.515625 11056.710938 3854.951660 
169750210543616.000000 129385736.000000 7058027.500000 5633368.000000 1906.377075 
117525698314240.000000 61466036.000000 42634395648.000000 640025690112.000000 4915637.000000 
129828331553030144.000000 273110269952.000000 90012434432.000000 8242208256.000000 90170272.000000 
2478380813385728.000000 139163336704.000000 4970635591680.000000 279204512.000000 14351535.000000 
1444566925312.000000 10789789.000000 587974144.000000 5952427.500000 41659.507812 
80971.109375 77734.351562 22000.160156 22284.746094 9248.502930 
25391183081504768.000000 1404961280.000000 42630568.000000 11150375.000000 8979.072266 
