0.000000 95.142723 97.181702 92.967171 0.391671 0.000000 
0.000000 60.201019 54.912746 40.316147 0.342641 0.027976 
2.373721 3.070712 4.257401 6.296813 0.338620 0.000000 
2.397840 1.296186 1.907828 2.728285 0.359365 0.000000 
2.025550 0.812288 1.231623 1.529695 0.340349 0.019782 
1.919691 0.556023 0.843487 1.134532 0.315899 0.000000 
1.470202 0.384613 0.606840 0.853175 0.286674 0.019782 
1.735622 0.281855 0.524514 0.699416 0.284619 0.019782 
1.505582 0.228997 0.413068 0.672021 0.286674 0.000000 
1.205447 0.182384 0.371150 0.478881 0.232390 0.000000 
1.302361 0.176939 0.321425 0.468972 0.296075 0.000000 
0.940452 0.160713 0.271242 0.429328 0.298051 0.019782 
1.361425 0.110143 0.274112 0.375344 0.244694 0.000000 
1.008136 0.090654 0.241474 0.324455 0.284619 0.019782 
1.388749 0.088469 0.224684 0.303258 0.247872 0.019782 
1.173031 0.086229 0.190774 0.307741 0.163129 0.000000 
0.970153 0.079129 0.197823 0.298051 0.226419 0.000000 
1.200567 0.065611 0.179137 0.271962 0.291412 0.000000 
1.367449 0.044235 0.196832 0.288714 0.254878 0.000000 
1.041175 0.044235 0.170174 0.263187 0.239848 0.000000 
1.347555 0.044235 0.160713 0.254109 0.238211 0.000000 
2.015671 0.027976 0.094873 0.261696 0.245493 0.000000 
1.592253 0.027976 0.149353 0.232390 0.231547 0.027976 
1.729409 0.027976 0.100871 0.242283 0.277659 0.000000 
1.491741 0.019782 0.125115 0.264670 0.252564 0.034264 
1.832696 0.027976 0.102792 0.209357 0.273398 0.000000 
1.970204 0.000000 0.100871 0.194834 0.246288 0.000000 
1.539260 0.019782 0.118694 0.181308 0.239848 0.000000 
1.813157 0.034264 0.074019 0.214891 0.237388 0.000000 
2.435903 0.059347 0.034264 0.176939 0.275536 0.019782 
1.859306 0.019782 0.081565 0.196832 0.221173 0.027976 
1.326479 0.062557 0.039565 0.159490 0.222056 0.000000 
3.153681 0.027976 0.019782 0.154505 0.312787 0.000000 
2.176728 0.062557 0.034264 0.145370 0.300014 0.019782 
1.957147 0.019782 0.027976 0.151951 0.280463 0.000000 
1.847797 0.000000 0.019782 0.110143 0.299361 0.000000 
1.998215 0.034264 0.034264 0.153233 0.313412 0.000000 
2.394328 0.096913 0.083929 0.044235 0.222056 0.019782 
2.349187 0.034264 0.000000 0.148038 0.276246 0.000000 
2.911747 0.000000 0.000000 0.079129 0.295414 0.000000 
1.716118 0.019782 0.027976 0.165511 0.335718 0.019782 
2.564298 0.055953 0.034264 0.076617 0.297394 0.027976 
2.481202 0.000000 0.000000 0.090654 0.299361 0.000000 
2.167808 0.048457 0.027976 0.125115 0.305187 0.000000 
1.375439 0.065611 0.019782 0.108352 0.273398 0.000000 
1.835257 0.052339 0.019782 0.086229 0.285305 0.019782 
3.383330 0.044235 0.044235 0.019782 0.108352 0.000000 
2.317480 0.027976 0.027976 0.027976 0.071326 0.000000 
2.600529 0.034264 0.044235 0.000000 0.094873 0.000000 
2.739240 0.062557 0.044235 0.048457 0.285990 0.000000 
1.991937 0.088469 0.088469 0.027976 0.173589 0.000000 
2.678396 0.071326 0.055953 0.000000 0.151951 0.019782 
2.890966 0.000000 0.034264 0.034264 0.071326 0.000000 
3.315052 0.027976 0.034264 0.000000 0.079129 0.000000 
2.029122 0.039565 0.062557 0.019782 0.092787 0.019782 
2.683142 0.044235 0.044235 0.039565 0.074019 0.019782 
2.485537 0.102792 0.044235 0.039565 0.111906 0.000000 
2.231603 0.034264 0.034264 0.039565 0.092787 0.019782 
2.739954 0.039565 0.039565 0.034264 0.094873 0.000000 
1.821557 0.121947 0.065611 0.052339 0.096913 0.000000 
2.657118 0.192814 0.019782 0.019782 0.108352 0.027976 
2.336238 0.027976 0.019782 0.000000 0.153233 0.000000 
3.590796 0.039565 0.027976 0.027976 0.096913 0.034264 
2.425596 0.019782 0.027976 0.027976 0.083929 0.000000 
2.068384 0.027976 0.034264 0.019782 0.118694 0.019782 
2.313423 0.027976 0.000000 0.019782 0.118694 0.019782 
1.207880 0.019782 0.027976 0.027976 0.148038 0.000000 
1.580039 0.092787 0.000000 0.027976 0.123541 0.000000 
1.863091 0.000000 0.027976 0.000000 0.151951 0.019782 
1.192554 0.027976 0.034264 0.000000 0.135621 0.000000 
2.465375 0.262443 0.034264 0.039565 0.145370 0.000000 
1.405138 0.048457 0.019782 0.000000 0.163129 0.019782 
1.567979 0.092787 0.019782 0.000000 0.145370 0.000000 
0.965908 0.181308 0.000000 0.000000 0.148038 0.000000 
0.348305 0.000000 0.034264 0.019782 0.170174 0.019782 
0.313412 0.027976 0.019782 0.019782 0.160713 0.000000 
0.141274 0.019782 0.000000 0.019782 0.206534 0.000000 
0.202709 0.034264 0.027976 0.000000 0.201741 0.019782 
0.293420 0.065611 0.034264 0.027976 0.155766 0.034264 
0.507449 0.044235 0.034264 0.019782 0.219397 0.000000 
0.718461 0.100871 0.034264 0.027976 0.129722 0.027976 
1.599977 0.062557 0.000000 0.019782 0.259443 0.000000 
1.311943 0.279765 0.019782 0.000000 0.148038 0.019782 
1.053134 0.071326 0.000000 0.027976 0.257171 0.019782 
1.836962 0.583498 0.019782 0.000000 0.220287 0.000000 
2.458458 0.211218 0.019782 0.019782 0.283240 0.019782 
1.778283 0.100871 0.000000 0.000000 0.204630 0.000000 
1.357971 0.623382 0.019782 0.000000 0.230700 0.000000 
2.228444 0.707759 0.000000 0.027976 0.377424 0.000000 
1.815961 0.821867 0.027976 0.000000 0.285305 0.000000 
6.140088 0.371150 0.132704 0.102792 1.652445 0.000000 
1.501156 0.092787 0.034264 0.034264 0.328053 0.027976 
1.324856 0.187672 0.055953 0.055953 0.418714 0.000000 
2.425112 0.748604 0.019782 0.019782 0.664113 0.019782 
1.697428 0.518510 0.027976 0.000000 0.897221 0.000000 
2.540063 1.139866 0.202709 0.141274 0.620551 0.019782 
4.147371 0.529711 0.027976 0.019782 0.602309 0.000000 
1.755243 0.621811 0.068528 0.055953 0.527861 0.000000 
2.643528 1.043615 0.171320 0.027976 0.561974 0.000000 
6.408543 0.971363 0.139882 0.055953 0.753554 0.000000 
3.517194 1.207231 0.059347 0.019782 0.672312 0.000000 
1.579172 0.552847 0.086229 0.039565 0.563712 0.000000 
2.818765 0.480513 0.048457 0.048457 0.931252 0.019782 
3.387609 1.702264 0.857522 0.794262 7.697022 0.000000 
3.390728 0.329838 0.062557 0.055953 1.021442 0.027976 
3.231860 1.030596 0.074019 0.055953 0.920048 0.000000 
3.608908 0.553201 0.052339 0.048457 1.247411 0.000000 
1.848221 0.798194 0.055953 0.039565 0.796967 0.000000 
2.553896 0.481327 0.183454 0.055953 0.994653 0.000000 
8.900554 0.705266 0.088469 0.115350 1.508309 0.019782 
36.422661 10.610032 2.513104 1.631109 21.852882 0.000000 
12.385100 7.307234 1.059433 0.674637 3.425141 0.000000 
6.358168 1.456831 0.137056 0.068528 2.023133 0.000000 
28.081427 28.261150 5.793357 3.961310 19.434589 0.027976 
4.870213 1.675613 0.369565 0.039565 0.908921 0.000000 
3.596789 0.588839 0.181308 0.059347 1.454007 0.019782 
7.446819 2.294137 0.171320 0.100871 2.657118 0.027976 
3.086735 0.789567 0.108352 0.079129 1.136255 0.000000 
4.273014 1.007942 0.223812 0.086229 1.740126 0.000000 
2.102916 0.663229 0.239031 0.055953 1.186632 0.019782 
24.221210 65.106956 145.123459 166.953415 105.034470 0.000000 
10.018850 1.373161 0.293420 0.208420 2.611495 0.000000 
7.951076 0.905902 0.328053 0.137056 4.123598 0.019782 
2.226335 0.539592 0.183454 0.079129 1.296186 0.000000 
4.102839 0.593802 0.052339 0.106531 2.103754 0.000000 
5.287798 0.649214 0.125115 0.176939 2.880927 0.000000 
4.413218 1.495671 0.543567 0.142653 1.795477 0.000000 
6.903931 0.864340 0.435212 0.247872 2.119049 0.019782 
68.008041 11.872187 6.456098 2.195618 15.451161 0.000000 
8.287828 33.273571 40.039368 43.257454 81.544846 0.019782 
4.692605 3.037895 1.588069 0.620551 10.384154 0.039565 
16.503868 3.692683 0.779842 0.337462 10.129567 0.034264 
27.131426 96.212250 142.520874 169.992203 132.395279 0.000000 
31.348753 4.331376 2.704360 0.602309 5.192181 0.019782 
3.257564 1.154366 0.543207 0.338620 8.336516 0.000000 
8.077690 1.441165 0.301316 0.294751 6.986120 0.019782 
32.132385 5.933857 1.429576 0.988536 11.520887 0.019782 
39.675014 2.988061 0.737279 0.714090 9.544025 0.000000 
7.607052 2.228180 1.230352 0.287355 3.318417 0.019782 
4.047092 1.394654 0.741249 0.624950 8.123373 0.000000 
10.678312 2.034132 0.724968 0.240663 4.270171 0.000000 
35.940861 14.304123 5.713710 1.779053 9.394567 0.000000 
22.256483 9.510166 3.183830 0.683855 11.607564 0.019782 
7.943048 1.501938 0.799663 0.470638 6.501286 0.000000 
2.258194 0.428872 0.205584 1.010850 17.322428 0.019782 
26.053553 8.852015 4.429609 2.135426 10.768431 0.019782 
53.555569 23.863592 10.637874 2.982553 18.560583 0.000000 
45.575363 32.559925 16.552414 3.938355 45.446701 0.019782 
9.432131 2.588307 0.984767 1.498939 17.463566 0.000000 
16.710667 11.541728 5.870625 10.189915 62.414337 0.034264 
23.766083 8.176707 3.608474 1.387198 16.207630 0.000000 
3.568864 1.195176 0.637658 1.659654 21.607103 0.000000 
5.476005 1.147224 0.690122 1.755577 23.027460 0.000000 
12.637038 8.729918 3.673811 7.879230 53.766426 0.019782 
12.785600 4.970077 2.955786 4.792809 32.597908 0.034264 
35.026394 25.388176 15.038432 25.948877 77.341476 0.000000 
15.722631 5.009224 2.659915 1.338960 12.454159 0.000000 
53.986324 9.649216 4.671057 2.209125 13.104658 0.019782 
21.691740 8.738668 6.194510 4.265674 18.843592 0.034264 
7.177585 5.317324 2.007303 4.663419 34.503433 0.000000 
30.827185 22.055651 13.603930 20.845713 70.899734 0.027976 
18.182281 17.035992 20.278294 24.140522 43.705242 0.019782 
46.018696 25.966806 15.753829 6.679464 49.708534 0.000000 
37.656097 19.577461 16.759863 21.374231 43.692635 0.019782 
5.077055 1.517622 0.774807 3.056014 23.557650 0.000000 
13.935980 11.602777 12.387124 15.861331 47.700554 0.000000 
13.873363 7.561122 9.910163 12.650378 29.491041 0.019782 
28.165596 27.693459 26.393513 22.936295 32.717251 0.027976 
71.013184 67.540733 23.605318 19.273504 35.911591 0.000000 
23.621515 20.240728 24.354916 30.973642 54.897297 0.000000 
26.146248 20.431704 18.182327 17.680506 42.994507 0.019782 
43.628433 49.181240 40.123360 35.103802 53.371803 0.034264 
42.471478 34.817074 30.446251 30.866970 51.857117 0.000000 
12.393633 8.880998 10.215575 18.562321 40.620010 0.048457 
51.714077 42.918079 38.731632 45.239388 59.550793 0.000000 
64.592537 43.064835 42.399860 46.555088 53.954487 0.000000 
61.838425 41.469772 37.695675 41.281136 52.581070 0.019782 
71.614761 57.744095 52.717621 49.286110 51.812996 0.000000 
108.170921 94.493523 84.443497 79.193909 71.759773 0.027976 
79.372864 66.801315 50.936867 44.126270 52.589615 0.000000 
38.213573 31.139383 28.818462 37.615108 49.218449 0.000000 
79.187286 71.964714 66.426155 62.562107 57.310459 0.019782 
87.220886 60.607037 72.310486 59.551682 57.615467 0.000000 
84.064796 70.400589 61.647137 59.913033 49.612480 0.000000 
75.299118 72.625130 60.727467 53.679516 45.917286 0.000000 
92.455612 87.260986 86.501999 79.518188 61.429268 0.027976 
74.914909 61.961002 59.993099 54.924389 47.392914 0.000000 
72.886940 66.157387 60.413860 60.421825 51.094101 0.000000 
73.627907 74.020874 75.758919 70.694969 64.148918 0.000000 
83.483505 78.689812 75.773216 68.937553 70.722549 0.000000 
84.503624 76.388985 73.231674 71.475533 60.985569 0.019782 
88.060326 80.873154 78.063843 75.321480 65.407333 0.019782 
70.656975 62.932888 53.564846 45.553703 33.444187 0.000000 
67.924454 74.114967 69.779884 59.934101 51.449066 0.000000 
96.062828 92.564781 73.981354 63.646378 51.877243 0.000000 
53.316483 60.668373 56.484131 57.167576 58.313927 0.000000 
66.106293 65.116356 64.981689 59.598114 54.524204 0.000000 
69.055534 69.468407 69.250229 72.114342 79.140984 0.000000 
113.545860 112.558792 100.580635 76.404015 51.420795 0.000000 
69.436745 59.791718 57.464092 55.924080 48.472694 0.027976 
86.934204 92.427170 86.629845 71.865372 65.097221 0.000000 
80.966469 73.168983 74.063560 67.599228 57.344162 0.000000 
87.641029 81.748817 73.313774 59.747036 49.716557 0.000000 
74.744797 72.687653 74.026314 67.849823 65.132309 0.000000 
77.178902 65.194557 56.847076 60.839237 49.269150 0.000000 
105.447662 98.411499 83.746880 63.085342 51.263817 0.000000 
79.219780 76.084518 69.869865 58.199863 52.076088 0.000000 
83.420662 73.721184 71.872093 68.168564 66.626999 0.027976 
70.694611 69.652573 66.878372 66.454964 61.706173 0.000000 
72.243958 70.659538 72.262375 61.779495 62.135994 0.000000 
94.637032 79.269958 69.128326 53.789165 48.752235 0.000000 
72.744499 68.380219 58.853313 47.984985 50.469517 0.000000 
84.533516 89.309273 83.109184 81.236916 74.112404 0.000000 
79.438011 68.864357 68.327599 67.363167 53.738827 0.000000 
61.595982 51.262161 46.319458 39.826683 37.422035 0.019782 
60.583778 56.905029 53.935101 54.210464 54.097771 0.019782 
93.202660 94.595482 89.154320 73.758591 61.208080 0.000000 
77.119133 73.530205 69.237030 65.010666 52.185043 0.000000 
80.819679 75.433357 69.116112 68.725700 67.352615 0.000000 
68.197594 75.688194 68.080055 62.487633 57.529110 0.000000 
83.483032 73.293297 59.571350 58.671062 47.545643 0.000000 
78.138786 68.098946 71.348038 68.036896 69.598259 0.000000 
63.966225 67.912842 66.850670 61.005245 46.642933 0.000000 
99.753212 80.515244 70.726501 56.504421 53.681458 0.000000 
49.815594 43.051132 37.738445 34.377285 36.114964 0.000000 
88.193024 86.640610 76.245415 68.519295 55.883869 0.000000 
73.306389 78.599030 74.278694 72.259430 60.796017 0.000000 
80.788338 70.430069 64.011566 62.693146 64.197372 0.000000 
87.871353 90.918930 90.145340 86.032921 75.840569 0.000000 
90.150574 81.109634 65.241119 49.264717 42.772247 0.019782 
64.876198 55.304428 55.102283 52.458168 49.948341 0.000000 
87.840294 73.973259 67.634186 60.200535 56.278652 0.000000 
79.576767 81.717918 75.817833 68.173225 57.066910 0.000000 
78.891602 75.232689 71.346748 59.629528 49.473541 0.000000 
86.143929 82.261276 75.099022 69.726288 62.918636 0.019782 
90.408775 87.444565 82.151344 72.286079 57.532486 0.019782 
78.668289 80.234047 78.880608 73.532852 58.391109 0.000000 
73.158020 70.333374 62.606674 57.916149 48.372681 0.000000 
95.873016 81.359833 78.271286 71.943268 60.316029 0.000000 
68.286156 72.793472 75.097778 71.734650 65.415245 0.000000 
74.007454 64.753777 67.331184 65.734901 57.998428 0.000000 
67.765968 58.993263 62.301308 67.399498 61.876469 0.019782 
87.773125 75.520439 68.702988 60.043045 60.482239 0.000000 
78.646065 73.325035 70.874031 63.947029 49.962341 0.000000 
78.658653 57.458458 56.439709 50.310528 49.966091 0.000000 
90.792244 79.585495 68.823463 57.091141 44.358303 0.000000 
98.802170 91.147278 79.270630 67.603645 56.006531 0.000000 
73.282074 66.977463 64.712776 56.693302 52.348991 0.000000 
82.079079 78.184204 71.936203 64.750732 54.103474 0.000000 
86.743706 79.093788 76.493118 72.322083 69.971367 0.019782 
72.042595 60.716919 57.298168 58.109184 55.669392 0.000000 
66.555176 67.899483 63.021328 61.687546 61.497543 0.000000 
69.086929 62.459518 64.895081 62.235287 51.503567 0.034264 
102.502335 94.997314 91.079727 82.557816 63.152863 0.000000 
84.471733 47.348747 35.705292 31.155035 32.805546 0.027976 
84.343315 75.701843 66.747978 58.462292 51.986423 0.000000 
54.685032 58.530796 60.773014 55.559650 51.291290 0.000000 
86.793541 85.424294 74.989395 54.774128 42.546562 0.039565 
85.919739 74.759895 62.760418 61.168957 59.553852 0.000000 
86.389725 71.636299 71.758240 63.116589 50.306400 0.000000 
78.119499 71.786987 63.722759 57.106228 44.647400 0.000000 
76.821037 73.664116 68.211349 59.514824 50.805698 0.000000 
68.379829 77.347801 80.917747 76.165825 60.001259 0.027976 
68.010796 55.409576 47.199371 42.952248 35.221905 0.000000 
78.060547 76.260719 70.018188 71.047066 65.971573 0.019782 
77.058311 74.536171 60.820267 56.284313 55.060741 0.000000 
77.046928 76.759941 71.888611 64.062050 56.025990 0.000000 
88.978020 82.261322 74.986336 69.852646 59.186066 0.000000 
57.357468 57.330650 53.650402 52.553692 52.986694 0.019782 
93.044968 64.439484 56.096977 42.867783 36.891369 0.000000 
76.016991 63.348152 54.100487 41.559002 30.924526 0.000000 
97.711662 91.318497 75.977219 61.226387 52.009892 0.027976 
73.279694 67.807373 64.134872 65.424187 58.620869 0.019782 
75.597801 70.960495 62.395691 53.600773 39.878365 0.000000 
84.963943 78.772575 77.486557 70.181335 61.244061 0.000000 
96.104996 78.501892 78.121742 72.507904 74.251183 0.000000 
87.951958 86.975960 84.130470 77.254646 66.938652 0.000000 
65.136391 53.918537 50.369946 43.620998 42.157326 0.027976 
75.151932 72.231972 64.044441 54.569832 45.883930 0.000000 
83.807579 98.863159 88.887276 75.552902 74.497597 0.034264 
75.773636 70.718590 65.877304 69.099762 63.196808 0.000000 
87.332375 79.285469 76.838493 76.634834 61.478058 0.000000 
82.571388 76.791664 69.257278 61.561871 48.965416 0.000000 
73.672005 73.206772 66.851501 60.646694 44.493641 0.000000 
89.700363 81.840958 70.768967 60.151104 49.660027 0.027976 
51.481331 54.441990 57.688503 57.533237 52.803974 0.000000 
68.636269 64.059517 56.845306 45.530815 38.439369 0.000000 
75.937126 83.827538 78.533844 71.428024 68.003189 0.019782 
63.817181 48.819733 39.633530 43.118477 45.864971 0.027976 
79.643463 62.624214 57.765926 45.719318 36.927105 0.019782 
62.230377 54.751858 50.602375 44.837563 39.871037 0.000000 
72.426758 64.805199 68.999626 64.377388 57.172771 0.000000 
94.204727 86.881157 79.663933 65.611847 54.065468 0.000000 
70.320892 68.229126 60.993599 54.652386 45.950066 0.000000 
85.199654 79.656151 69.048393 57.101856 52.277225 0.000000 
90.306236 94.067390 83.902466 72.937187 62.328808 0.000000 
84.104759 84.585999 81.634041 73.240067 69.747787 0.000000 
86.286850 77.333710 68.929092 62.462765 44.483757 0.027976 
79.653076 73.187920 69.563972 56.662010 52.540741 0.000000 
84.088486 93.002541 88.144775 86.332588 74.753082 0.019782 
88.760864 72.462715 62.491714 52.116543 45.108685 0.019782 
77.203766 77.465637 67.553673 70.763580 70.853508 0.000000 
73.249283 78.277863 68.897118 61.007572 50.085724 0.000000 
84.202003 91.020401 80.532883 72.966805 56.283180 0.000000 
76.029205 63.588848 58.348118 44.640614 35.958790 0.019782 
71.348839 68.246399 64.598923 59.049717 51.221622 0.000000 
68.367844 59.931950 51.160236 42.992683 41.114239 0.000000 
76.371635 77.955635 76.472008 67.116692 56.494530 0.000000 
75.825150 73.699379 71.235443 65.592232 63.163502 0.027976 
78.528275 73.315002 73.318985 66.407951 55.391106 0.000000 
74.499977 76.401711 71.462799 67.182755 64.671097 0.000000 
77.764793 84.307251 80.912270 77.995834 73.904625 0.000000 
69.407898 65.974480 63.068592 61.117138 48.917213 0.034264 
72.058563 68.935364 63.143913 52.550686 39.485733 0.000000 
85.668007 79.421638 69.474770 57.587025 50.554871 0.000000 
56.686123 65.382301 68.948692 65.947601 66.202263 0.000000 
60.865768 54.680607 53.134712 47.020702 42.953613 0.000000 
77.515289 67.917603 64.384094 63.431042 55.121429 0.000000 
76.153877 67.447006 61.251305 51.888897 42.908192 0.000000 
86.700951 79.482895 73.209549 65.631287 51.812065 0.019782 
70.329124 65.264023 61.445801 59.645115 56.099731 0.000000 
59.744507 58.412853 59.699196 57.680988 53.954494 0.019782 
91.483421 82.912643 78.632301 66.556747 60.638393 0.000000 
93.277733 75.270340 70.894539 58.549118 43.904144 0.027976 
64.529617 72.380043 67.696777 58.771973 45.610947 0.000000 
85.827843 82.892273 82.155167 68.058083 45.287579 0.000000 
69.543076 71.135376 70.096664 65.629883 60.671432 0.027976 
83.742935 72.862267 57.220024 51.069614 44.117516 0.019782 
84.581734 74.021721 64.253830 58.870899 56.101158 0.027976 
77.248322 74.672310 70.495506 66.740295 58.388577 0.000000 
68.549507 75.083160 72.489815 67.124596 55.155823 0.000000 
81.310684 75.997437 70.525902 67.338181 68.237984 0.000000 
78.055740 67.000214 55.026619 40.619480 29.400270 0.000000 
66.122620 64.584526 51.298042 46.078571 37.070595 0.000000 
93.393448 81.493698 65.000900 48.634850 42.029232 0.019782 
84.914459 73.872078 72.832077 64.169487 52.183041 0.027976 
77.987900 69.540291 70.031769 60.831520 49.295555 0.000000 
89.833595 87.018478 82.037239 76.073563 59.541008 0.019782 
91.503838 88.968292 78.963242 67.173500 57.913372 0.027976 
81.019409 76.765350 70.983200 60.520248 47.121464 0.019782 
87.125816 83.479050 68.082985 61.590614 59.552475 0.000000 
77.867065 95.773232 90.301399 76.965157 52.166210 0.000000 
91.354515 89.241882 79.728058 76.001740 62.950066 0.027976 
84.092293 74.311539 70.931488 66.595726 53.988182 0.019782 
81.595451 80.952309 78.378510 72.849556 62.213676 0.000000 
78.020088 77.982918 78.567688 70.058739 52.374928 0.000000 
79.000328 75.600845 70.102249 64.677460 57.180473 0.000000 
72.400894 65.929291 62.742813 60.222557 67.665054 0.027976 
88.282188 83.296242 78.879478 71.972038 49.772659 0.000000 
78.707932 79.774033 75.619751 69.503616 60.829338 0.027976 
65.874512 66.776772 66.912704 63.645374 58.066505 0.000000 
74.901527 68.750313 66.890869 56.051426 50.168766 0.000000 
86.870522 81.216187 69.766228 57.345615 42.553104 0.000000 
97.997147 95.892899 86.478882 76.440498 69.494385 0.000000 
70.162186 66.054489 63.633995 56.536644 44.849934 0.019782 
97.133209 82.273148 69.502785 58.564198 51.059299 0.034264 
66.407211 74.921478 70.168190 64.129318 58.231663 0.000000 
76.406509 71.569885 69.713882 68.084267 61.670662 0.000000 
75.627296 71.016579 67.527710 63.708691 57.625336 0.000000 
62.288349 53.833549 44.643860 34.701565 26.183197 0.027976 
49.409122 46.883320 48.910786 52.825729 51.145737 0.019782 
88.193756 79.616142 68.375946 56.594162 51.156868 0.000000 
77.454865 76.511124 69.180016 61.501244 60.454071 0.000000 
97.300209 85.066856 71.114662 55.008823 47.004520 0.000000 
85.894211 75.652161 71.112404 71.857368 61.753242 0.027976 
86.371872 73.273445 69.502327 59.896107 50.449333 0.000000 
72.320107 65.226501 56.321102 49.596046 49.777931 0.000000 
89.865791 86.672012 77.236717 67.347610 55.574734 0.019782 
72.326714 61.314438 57.240437 51.936440 50.218220 0.000000 
90.907661 84.991989 80.682770 73.730896 47.916069 0.000000 
71.936745 65.498276 56.830441 46.741615 38.143463 0.000000 
65.177376 65.807877 59.448093 55.853970 53.588387 0.000000 
68.557503 77.848930 71.451683 65.567780 91.153221 0.000000 
64.132416 54.945137 45.656223 37.593456 38.944698 0.000000 
81.167320 74.339737 71.062950 67.724098 57.205009 0.000000 
67.486145 65.312592 68.972954 61.049969 58.602646 0.027976 
84.776260 76.252853 67.711815 57.697117 51.790058 0.027976 
84.331757 77.150902 71.399124 61.166393 50.870228 0.000000 
73.643509 65.604111 63.613686 61.335793 50.974876 0.000000 
74.621704 76.219704 73.585289 66.836037 55.431252 0.000000 
70.909790 61.984554 59.750370 53.666485 51.501251 0.000000 
57.803959 49.888866 42.768074 39.524261 41.906502 0.000000 
48.803936 51.004528 48.210579 48.454784 46.301800 0.034264 
68.126968 62.370110 59.422867 52.422958 45.016155 0.027976 
92.102028 84.751228 72.058472 59.573788 48.366322 0.000000 
94.661316 78.994209 66.986374 56.394100 46.174259 0.000000 
70.470734 63.311604 57.201969 49.499386 40.832130 0.000000 
77.403603 63.839916 53.763424 46.329922 42.530872 0.019782 
81.223579 80.086815 74.833481 68.239479 53.291550 0.000000 
85.265045 81.021591 79.512405 77.265785 69.603546 0.027976 
64.200882 64.224625 67.107788 57.939274 48.176285 0.000000 
100.190208 89.872398 82.245880 71.612579 57.487698 0.000000 
75.339935 73.326233 65.978554 56.356735 52.973999 0.000000 
77.301971 80.186317 74.563568 62.653873 52.284027 0.000000 
80.749359 75.706924 72.063339 57.931011 51.666744 0.000000 
66.860565 66.933380 54.513988 45.654106 41.221828 0.000000 
80.906334 83.731117 82.895332 81.250481 69.215828 0.000000 
67.733154 67.874046 61.458706 50.895012 37.549572 0.019782 
64.122185 70.939079 61.174995 54.242531 53.691429 0.000000 
41.715015 52.572685 58.823601 64.338127 62.742912 0.000000 
83.711235 81.977966 76.481102 72.270607 59.901253 0.000000 
68.722466 67.052933 67.094414 66.309097 56.800419 0.000000 
95.091560 89.663643 78.221352 62.040833 49.086655 0.000000 
78.504715 76.046944 75.704567 70.578720 69.716316 0.027976 
74.510696 70.293831 64.751060 55.662895 46.968567 0.000000 
75.537636 76.325005 73.374146 68.360283 60.932022 0.000000 
64.260971 63.985004 66.429939 70.743378 64.097404 0.027976 
69.778854 68.912331 58.015335 46.270496 35.338905 0.000000 
77.527107 76.904884 75.953583 67.495712 55.839996 0.000000 
91.280411 81.553795 75.658112 67.792175 51.355877 0.027976 
68.409630 66.020767 63.572033 62.429207 59.163338 0.000000 
82.351151 77.796570 70.802094 62.889400 48.476791 0.027976 
82.975075 76.526566 74.032745 69.854401 60.529011 0.000000 
83.804329 75.988472 76.152634 64.680496 58.194386 0.019782 
73.568176 72.407166 71.922287 62.456123 59.129143 0.019782 
68.821404 64.227989 63.345917 57.590694 55.200378 0.000000 
81.654709 79.195869 75.307541 66.272133 56.704906 0.000000 
75.670082 72.183052 69.708664 69.975311 61.637680 0.000000 
86.957718 79.602844 67.120247 54.262646 44.772861 0.000000 
84.012375 84.057365 76.227226 70.695999 58.424656 0.000000 
73.666412 71.631874 74.825394 75.458496 76.353676 0.000000 
94.190056 87.847725 84.876732 72.073601 53.514954 0.000000 
76.601616 67.643517 60.994934 61.108761 53.746628 0.000000 
85.617195 80.952896 73.107246 67.876747 59.550785 0.019782 
86.462097 77.197609 75.897026 67.683563 52.296551 0.000000 
68.296661 66.963173 67.609764 67.395058 61.019199 0.000000 
73.306549 63.921535 63.894001 65.028625 66.564217 0.019782 
71.071693 69.174019 65.691673 60.382614 53.878872 0.000000 
77.648140 68.540291 66.126167 61.337570 47.946686 0.000000 
87.860275 93.923843 93.551506 82.990486 64.318604 0.000000 
84.166824 85.519783 80.581657 66.808540 51.000080 0.027976 
97.249794 89.295418 82.669693 72.512871 54.838467 0.000000 
67.369820 67.771317 67.233658 62.843231 58.753010 0.000000 
75.099045 80.883881 82.495720 69.724464 54.418266 0.000000 
89.590485 80.610214 75.988510 65.716042 51.544609 0.027976 
85.180786 81.385803 78.262672 73.681992 58.735050 0.000000 
85.088684 88.040970 84.527229 68.233826 52.558285 0.000000 
74.507469 70.633400 70.876801 66.018295 61.275238 0.000000 
69.814995 73.133911 70.369293 59.783489 50.856972 0.000000 
82.787239 73.107231 72.594208 60.211285 47.526360 0.000000 
68.789330 68.306465 70.551407 66.809822 62.811455 0.000000 
102.882057 94.881027 84.599037 70.088974 61.764412 0.000000 
108.233994 89.551704 80.549347 64.329445 49.260376 0.000000 
82.096565 67.307854 66.995560 65.111664 60.747688 0.000000 
90.448700 80.146416 81.082993 72.304680 62.572327 0.027976 
74.319252 73.715637 72.478714 66.892891 56.004921 0.000000 
82.659416 67.890244 61.079052 53.046124 57.057663 0.027976 
86.241501 77.199959 69.678909 67.359848 60.972088 0.019782 
103.056328 98.308609 90.088516 71.829941 58.545589 0.000000 
82.334305 80.341415 74.798004 68.330643 60.703041 0.000000 
88.651642 80.634544 77.318863 67.223732 61.368366 0.000000 
94.372963 78.137642 65.795425 48.110744 46.587936 0.000000 
90.914497 83.132904 71.167252 51.895226 43.573467 0.027976 
86.248650 81.068703 68.776031 52.367695 43.798347 0.000000 
81.026947 80.376465 77.509956 69.785149 63.675468 0.019782 
82.536072 84.125305 78.154930 69.133789 60.739128 0.027976 
77.259132 78.105034 77.513191 71.394859 60.638672 0.019782 
72.928963 68.538963 63.892704 60.228512 54.002483 0.034264 
92.179245 84.959030 77.301811 63.805195 47.426105 0.019782 
69.578331 65.373100 60.737717 55.883514 48.356937 0.000000 
89.625793 79.039711 63.188255 55.047230 43.243675 0.027976 
78.414917 74.272682 69.411919 66.509514 59.446346 0.000000 
84.888809 84.147461 78.806747 74.641060 66.121048 0.027976 
93.328659 93.044968 83.214172 69.002144 53.465572 0.027976 
76.527397 75.320702 68.031876 60.040897 47.952774 0.000000 
86.313423 85.744293 80.353035 66.111671 53.808311 0.000000 
85.771080 82.379799 80.943314 76.086845 62.541290 0.000000 
92.402596 89.120308 75.146187 56.303745 54.484863 0.000000 
63.956139 73.633606 68.139458 67.889290 52.832386 0.000000 
90.300476 76.199417 63.904301 50.513527 45.821083 0.000000 
73.133095 70.459404 72.120880 74.726723 66.115288 0.000000 
94.054428 85.011566 78.674171 67.123749 67.586388 0.000000 
68.256683 68.713501 65.636337 64.079292 61.106285 0.019782 
98.833885 91.946266 86.425278 74.324791 55.689312 0.000000 
84.939308 85.408813 80.721794 67.283020 53.775330 0.000000 
91.396492 82.193153 73.590256 63.025200 52.220089 0.027976 
97.152885 87.886131 75.891968 69.340813 54.474663 0.000000 
86.950447 75.143951 59.918953 47.322151 36.387264 0.000000 
82.680786 85.314407 78.961845 66.993500 57.740681 0.000000 
110.437645 108.898842 93.897614 73.536781 51.466927 0.000000 
89.188042 74.169357 73.392464 63.851063 54.236546 0.019782 
67.294807 59.469265 57.603939 52.589615 40.342026 0.019782 
70.861984 72.778137 74.850365 65.220993 49.868031 0.019782 
85.498886 80.568336 66.935600 55.276585 47.146255 0.000000 
74.697289 65.142586 60.678360 54.607605 47.999344 0.000000 
87.481621 88.068642 80.308846 77.451988 64.359695 0.000000 
86.915344 70.425522 61.376286 53.271065 43.421841 0.027976 
81.432426 74.576073 62.376179 50.899288 41.704567 0.027976 
79.173866 79.348763 70.932770 59.602032 47.408169 0.000000 
100.124519 94.688820 89.580711 77.514328 55.348896 0.000000 
94.077881 76.036438 67.153542 51.135906 43.225880 0.019782 
80.249588 76.842308 65.043922 58.573009 48.935654 0.019782 
61.401016 59.224136 55.083942 46.332935 41.123158 0.000000 
79.828529 74.620537 69.224655 63.040028 53.884369 0.000000 
83.048561 77.903595 71.436676 65.865822 54.161797 0.000000 
81.844238 73.232765 72.144997 63.765133 51.243713 0.000000 
74.701210 73.042862 72.839272 69.584740 56.741859 0.027976 
93.788445 89.976959 78.845428 72.180649 59.135899 0.027976 
84.648201 88.343567 82.876427 74.005272 64.104424 0.019782 
71.776855 53.465424 48.091469 40.973267 39.263332 0.019782 
86.388618 88.666672 79.756165 70.047211 49.046482 0.000000 
87.718239 85.995163 78.098076 64.015640 51.338306 0.000000 
81.539413 65.617897 63.725903 61.585018 52.030544 0.000000 
65.429512 69.446518 60.956303 51.624096 36.928852 0.000000 
76.729263 74.568077 71.020180 67.750732 62.248837 0.000000 
71.757309 73.485992 68.243652 67.886391 60.887939 0.000000 
89.539932 79.442436 73.694786 65.107101 47.368191 0.000000 
56.669514 53.766502 53.639477 58.621479 60.044041 0.000000 
84.326012 71.052429 69.104530 57.652260 55.175175 0.000000 
90.130264 90.703850 84.476738 76.181282 65.074997 0.000000 
71.429115 62.727280 58.146519 59.651100 60.194973 0.000000 
68.443886 64.764198 64.159103 59.529099 57.033100 0.000000 
76.389778 69.668327 64.747604 56.836399 47.112904 0.000000 
76.819427 67.226776 65.860809 64.173531 64.612373 0.000000 
94.442192 85.190659 77.043266 64.982208 52.820560 0.027976 
71.308594 74.478043 67.390503 60.155525 53.301502 0.019782 
77.297417 69.019356 62.325298 55.800056 52.042007 0.000000 
77.934616 62.411335 55.435776 43.064507 34.431252 0.000000 
85.690140 74.894806 68.876648 59.717106 51.393581 0.027976 
77.504143 73.087677 69.931297 66.139046 57.529877 0.019782 
79.918205 75.388351 63.618435 54.369713 45.561054 0.027976 
80.311584 77.071304 70.475060 65.109833 52.494759 0.027976 
77.301476 56.710602 48.002857 47.002831 40.324963 0.000000 
78.998772 71.928391 67.244896 59.506538 48.276199 0.000000 
102.300896 88.819267 78.170448 63.429150 49.004917 0.000000 
76.525406 75.043983 74.594574 64.790962 51.717735 0.000000 
68.030121 66.976768 60.293682 53.526188 46.344769 0.000000 
80.229172 68.877998 68.972816 66.142067 58.983723 0.000000 
69.344040 64.357056 54.405087 40.165028 27.804907 0.000000 
76.032616 60.291794 54.323261 38.996655 37.795341 0.000000 
73.618561 63.507671 59.154045 56.806023 42.426262 0.000000 
92.440536 86.279167 80.474991 62.018620 46.747261 0.000000 
88.844040 81.819206 77.940353 71.706314 60.014374 0.027976 
70.777786 68.098991 52.010132 51.011295 48.779350 0.000000 
76.453781 68.030937 66.291214 56.033276 44.699230 0.000000 
66.504417 67.513603 61.124359 41.749630 43.433186 0.019782 
96.544479 83.054726 81.045128 67.651909 61.466381 0.000000 
82.270111 74.519653 65.233101 63.832401 56.414101 0.027976 
80.864578 81.401405 73.690964 67.803825 54.086372 0.027976 
87.379196 71.977867 57.935959 46.911293 36.544235 0.027976 
83.122612 72.096169 69.158112 62.012447 53.136879 0.034264 
72.269516 68.523399 63.520702 60.013664 53.218113 0.000000 
88.473236 72.406944 61.907658 51.184837 38.921070 0.027976 
86.474617 63.873207 56.179760 42.611343 32.835678 0.019782 
86.215942 76.220535 69.195084 62.996212 51.166679 0.019782 
86.440216 72.615158 65.894417 57.736023 51.359200 0.027976 
76.149292 69.664711 70.727882 70.352829 65.306412 0.000000 
72.532402 72.233017 71.815849 69.061775 67.484489 0.000000 
60.192284 63.404198 54.133190 51.841827 35.764000 0.000000 
80.837509 75.511223 71.608086 65.118561 55.872379 0.019782 
69.876907 68.663109 63.864231 57.188503 44.441475 0.000000 
60.947323 58.774326 58.285458 57.947556 64.775558 0.019782 
83.563141 74.230339 64.456406 53.256092 41.251320 0.027976 
100.889458 94.873528 82.847855 70.395706 55.419357 0.000000 
76.583946 73.099007 57.684032 40.570210 31.365339 0.000000 
69.133217 73.511650 69.830742 64.410843 61.553783 0.000000 
69.442116 78.313911 74.901474 62.821415 55.113365 0.000000 
66.602982 69.233238 57.084255 44.638420 37.143242 0.000000 
85.983551 79.515053 73.755600 61.275455 54.091999 0.000000 
77.624184 69.403313 57.625580 44.830009 40.995586 0.000000 
71.688805 65.733971 64.493645 69.115639 74.097458 0.000000 
90.567627 82.433136 72.759583 60.622856 50.610935 0.000000 
68.181404 64.905846 64.759537 58.709095 50.744164 0.000000 
53.563980 34.393211 25.857161 25.439869 30.712887 0.027976 
80.645142 54.194008 40.491268 36.570328 39.169907 0.019782 
84.784584 80.250732 73.443848 59.839214 53.262573 0.000000 
62.679306 64.853371 64.972351 61.386124 58.941578 0.000000 
72.085785 65.021896 63.516029 61.120731 54.566742 0.000000 
82.336395 71.497162 62.412621 55.345634 48.555023 0.000000 
90.140999 80.371468 62.047962 45.190063 35.851967 0.027976 
77.270309 73.333389 64.473137 54.106583 47.304050 0.027976 
94.519157 79.767746 72.723450 58.497910 43.369343 0.019782 
65.150879 65.902184 63.306751 63.191132 55.550179 0.000000 
82.539215 72.304726 68.930756 63.609039 58.576511 0.027976 
77.802078 74.078957 66.303009 60.162544 62.524803 0.000000 
66.360283 66.872299 62.804733 53.123562 44.478355 0.000000 
83.843719 65.677101 57.141281 47.694515 39.926109 0.019782 
84.947044 75.863159 68.427498 57.570278 50.839893 0.019782 
82.763756 86.456024 80.237076 69.977386 48.365879 0.027976 
101.405067 99.186485 90.909264 81.792351 61.920235 0.019782 
77.887260 79.026642 74.113487 68.363846 59.687576 0.000000 
72.060303 62.672302 51.048855 42.509869 33.422714 0.000000 
65.875473 61.727291 60.579899 57.344616 55.297039 0.000000 
76.410522 74.089272 72.304520 61.567646 53.598564 0.000000 
78.303871 69.155075 65.529663 56.990158 61.108799 0.000000 
78.072426 75.228836 70.989075 63.140171 53.592808 0.000000 
91.218803 83.571983 72.542252 63.954021 53.284290 0.000000 
77.490555 75.290741 70.706192 65.570740 63.039688 0.000000 
91.375343 81.936722 70.877533 51.951614 49.248928 0.000000 
88.383667 84.264816 85.248657 76.797203 65.270752 0.000000 
78.618645 80.370453 77.942101 72.014900 58.045841 0.000000 
84.716988 77.535995 66.642136 57.426140 49.498707 0.000000 
76.819679 77.345490 70.480568 65.180664 58.497944 0.019782 
94.679459 84.355858 78.443253 60.439426 43.430466 0.000000 
77.002724 70.456779 68.381813 63.365673 58.554951 0.019782 
78.190407 83.175514 77.324837 66.929001 55.369137 0.000000 
68.966965 66.485016 61.100975 59.307171 59.357037 0.000000 
77.155548 77.259018 68.077408 55.209934 40.508327 0.000000 
78.888588 73.672424 68.849518 58.025986 53.678524 0.000000 
55.162601 53.587421 51.903641 54.746674 55.984695 0.027976 
93.928909 88.211441 81.351128 68.258911 51.848076 0.000000 
72.319839 57.619984 51.938549 45.874435 40.923515 0.000000 
65.272499 50.756977 45.390926 43.523220 35.320862 0.027976 
82.061455 65.499466 58.969639 53.307873 48.193489 0.000000 
69.945419 58.024086 56.594715 44.443832 40.143528 0.000000 
85.317772 78.735168 75.113060 68.600845 57.568493 0.000000 
71.897255 69.369682 66.283554 52.259792 46.828594 0.027976 
78.514648 69.385483 69.315231 61.127663 43.161930 0.027976 
77.187996 73.948898 71.135483 67.631744 58.011063 0.000000 
77.208275 70.546532 63.093742 55.269398 46.222595 0.019782 
77.549507 71.351219 71.044807 62.141975 51.633789 0.000000 
77.526718 75.534370 74.553848 72.465729 60.389183 0.000000 
67.806656 55.983730 47.974785 42.789509 36.968937 0.000000 
83.698196 81.877426 79.778526 73.168144 57.395962 0.019782 
73.199112 75.336655 72.162201 60.989090 58.205193 0.000000 
83.596832 67.017303 63.144287 58.512451 54.682674 0.019782 
78.358749 86.317650 78.076080 66.733139 51.778641 0.000000 
78.199753 81.575699 77.539093 66.692879 50.236099 0.000000 
76.635948 72.238617 71.047417 60.710464 53.590824 0.027976 
85.265198 80.025574 68.000671 59.908195 51.919987 0.000000 
64.511330 70.624039 63.788647 57.567844 50.872612 0.000000 
68.991501 72.764366 71.277046 61.930592 52.039795 0.039565 
80.940544 72.472679 66.261429 55.616928 45.301651 0.000000 
78.066475 79.342163 75.065086 61.646469 53.146225 0.000000 
85.116951 75.908676 71.187180 62.027748 44.286507 0.000000 
74.607735 75.459709 76.643021 74.364891 63.270649 0.000000 
83.775566 71.588623 68.824715 51.958279 49.827290 0.000000 
88.017258 62.943642 53.167206 40.893955 30.981735 0.000000 
87.788246 78.597626 70.994827 67.858131 55.174931 0.019782 
92.846992 83.967468 77.677681 67.881569 59.639423 0.000000 
54.888714 49.597000 42.419613 40.607712 42.044575 0.000000 
79.619766 61.012234 49.293007 47.666210 43.043453 0.000000 
93.686852 89.963982 76.944969 62.082020 46.283596 0.000000 
62.962536 63.302151 60.020199 50.097504 39.786247 0.000000 
49.909470 36.261654 28.517031 21.689320 21.243870 0.000000 
57.445866 57.462761 52.423080 43.221497 45.390972 0.000000 
81.693962 74.207657 68.774849 61.153522 47.227390 0.000000 
84.532593 71.489891 64.517197 57.329777 50.671356 0.000000 
72.008873 60.406136 55.497585 49.460892 44.379475 0.000000 
80.007950 66.385201 71.031601 61.861172 36.577530 0.000000 
92.710403 88.621605 75.493301 62.010746 55.092674 0.000000 
85.196297 76.572441 68.007629 63.060307 61.987564 0.027976 
69.241684 66.498688 60.528725 49.777199 45.386127 0.000000 
78.798813 74.784035 69.379448 64.284279 49.661869 0.000000 
74.139740 55.365246 43.924534 39.613472 38.771851 0.019782 
87.606651 74.941597 70.963821 65.864876 55.615204 0.000000 
70.121712 61.196320 57.917618 52.584557 47.520077 0.000000 
74.438469 74.379005 62.420643 60.202789 51.345161 0.000000 
80.264786 80.026230 79.872772 74.691162 63.325291 0.000000 
62.254711 59.756733 59.755322 55.614086 47.552536 0.000000 
103.220009 90.780014 89.915237 68.683533 58.149239 0.000000 
95.124908 87.861031 77.153992 70.550285 57.279453 0.019782 
92.598877 79.460480 79.751205 69.279396 50.290016 0.000000 
70.731743 70.275032 65.235313 59.759808 57.009312 0.019782 
80.221870 77.503799 72.542198 65.438049 52.415741 0.000000 
79.231453 76.948410 76.175087 66.623100 47.466606 0.000000 
83.352768 74.752037 66.842491 58.304596 45.159893 0.000000 
54.221844 42.977478 33.262096 32.010014 31.099646 0.000000 
82.277710 65.293892 56.632450 47.034355 38.358044 0.027976 
78.356560 79.785797 64.202095 53.577492 59.671356 0.000000 
68.377205 57.629074 52.233784 41.832787 33.752754 0.000000 
71.459259 72.331497 67.149292 59.509483 47.142952 0.000000 
64.969345 67.683502 65.409203 60.851482 48.851509 0.000000 
74.078247 65.811356 61.074562 50.403053 46.448395 0.000000 
65.108459 58.611366 55.246555 45.326130 42.191898 0.000000 
69.383476 68.701988 62.458424 53.111244 38.966122 0.000000 
61.991985 65.387108 61.806358 55.112675 52.542282 0.000000 
84.025841 71.758415 57.250858 46.857506 46.326050 0.000000 
96.025566 84.992805 75.565521 65.561440 59.424377 0.000000 
91.366669 93.049919 82.515594 69.511650 51.966988 0.000000 
69.994530 58.045647 48.654583 37.879478 30.449755 0.000000 
91.159088 80.904503 71.386986 63.146603 48.644073 0.000000 
73.931564 55.668049 47.208626 35.887135 36.256401 0.000000 
87.327278 74.066681 69.753571 61.087883 49.614841 0.019782 
80.511238 73.672409 73.234436 67.764183 62.671394 0.000000 
62.589767 58.449921 54.293232 44.549297 37.455353 0.019782 
54.369057 50.908508 50.453163 49.921539 53.141647 0.027976 
50.682629 65.072777 68.405960 71.460037 66.411942 0.000000 
66.711197 58.456989 47.962246 39.584736 32.671211 0.000000 
67.029671 59.767624 60.378876 54.633663 45.639984 0.027976 
78.874908 67.023697 59.193405 44.086746 34.386280 0.019782 
57.538754 55.068775 54.427933 54.695724 54.887276 0.019782 
60.766811 61.185223 59.101955 56.939800 53.769855 0.000000 
66.040489 72.853142 63.708923 56.552914 44.244102 0.000000 
71.096138 53.209652 48.739136 46.597008 42.831551 0.000000 
54.938255 56.077309 54.651157 48.664055 44.356323 0.000000 
88.820694 81.735397 76.342468 65.814552 63.170502 0.000000 
69.753128 66.608490 60.542072 59.168182 55.598389 0.000000 
84.663963 79.154839 74.642479 63.546612 45.160549 0.000000 
89.449432 70.478165 63.815952 53.905930 45.972736 0.000000 
82.254089 76.179024 65.475945 52.046509 41.912624 0.000000 
66.706070 63.706253 55.982578 47.692966 37.138012 0.000000 
67.024788 64.623444 60.659782 50.552406 38.200253 0.000000 
77.983795 59.366199 50.205212 40.457630 36.164799 0.000000 
83.523598 75.765175 68.077530 55.364235 42.058548 0.000000 
52.304855 54.592709 46.046833 39.165127 29.220364 0.000000 
62.073147 57.774067 55.979328 57.122375 55.268921 0.000000 
74.411827 66.800980 61.580006 52.473782 45.886971 0.000000 
94.419220 87.614258 85.040169 73.342545 61.047367 0.000000 
60.471336 61.648399 54.239063 44.682842 41.736931 0.000000 
96.296478 78.889771 79.332603 67.230782 55.300560 0.000000 
85.452934 78.746216 69.847809 68.915619 64.307976 0.000000 
87.780449 76.364983 66.831345 61.072475 53.095745 0.000000 
73.187263 71.283501 64.573219 57.738525 49.024918 0.027976 
77.488136 78.249756 71.422211 61.183357 47.586540 0.027976 
82.720024 72.659966 67.211304 53.839283 42.418175 0.000000 
65.288521 63.273155 60.350266 51.880386 38.020733 0.000000 
85.737877 74.222237 68.929710 59.469063 46.543461 0.027976 
84.390121 76.965790 72.217934 62.526985 56.822105 0.019782 
87.695335 80.738548 69.231850 55.094254 41.523762 0.000000 
72.558136 70.759399 66.380058 59.648209 51.109818 0.000000 
80.129471 81.296661 76.537422 68.478798 60.865383 0.019782 
68.446892 64.389961 61.035839 56.101513 42.183750 0.000000 
76.280586 64.334709 48.723186 38.061016 34.918678 0.000000 
85.423470 79.257576 76.174416 71.463547 59.877769 0.027976 
79.854164 79.300331 75.635468 68.696083 57.097828 0.000000 
68.008995 55.008308 50.093380 48.482620 37.606110 0.000000 
70.337158 70.099899 66.602058 67.220764 58.512058 0.000000 
89.075340 84.781624 76.707214 68.119736 60.815224 0.000000 
65.502579 65.285744 57.381252 46.999641 43.493404 0.000000 
50.973965 53.808483 56.533794 60.051208 65.504387 0.000000 
70.126328 75.309105 70.038666 70.615997 64.745903 0.000000 
72.601501 70.859138 62.823181 54.494202 48.765942 0.034264 
69.656647 62.622047 50.912746 43.136417 42.669930 0.019782 
104.607048 87.278191 84.615791 77.178741 66.459938 0.000000 
83.567238 73.640572 65.771095 56.207333 47.057693 0.019782 
88.535667 70.330154 64.488167 55.909176 43.284824 0.000000 
62.112045 51.849674 48.440117 43.065559 41.028980 0.019782 
88.230255 65.507607 53.637520 53.817101 53.347652 0.000000 
95.591484 95.860764 85.723183 68.178207 49.100662 0.027976 
63.796513 65.279938 63.149715 60.688988 48.274956 0.000000 
61.391972 62.153069 64.402946 67.525894 65.932251 0.000000 
79.975319 71.903244 63.248203 52.816849 41.526272 0.000000 
83.884880 84.515839 74.069931 65.613983 59.414993 0.000000 
79.526985 80.336487 76.148766 72.400475 60.943810 0.000000 
67.972542 71.094269 63.806572 53.755817 38.258717 0.027976 
75.887596 73.464775 65.842049 64.347740 50.746750 0.000000 
78.436440 84.407578 80.936111 79.125618 61.299755 0.027976 
88.595230 84.730545 79.098770 75.476807 61.588444 0.019782 
72.020401 67.418983 61.085072 52.902134 53.061214 0.027976 
77.080292 66.764984 61.196949 49.935867 45.814095 0.000000 
70.916481 62.117249 55.065773 45.227554 30.125664 0.000000 
74.466179 73.064682 70.556816 66.304298 71.523682 0.019782 
66.765602 62.736897 61.249184 57.708866 54.244026 0.000000 
81.599640 86.760513 81.903358 79.678780 66.240440 0.019782 
76.285614 70.291466 63.707096 48.902111 38.113033 0.000000 
83.937706 86.369293 82.234474 71.115288 57.259499 0.000000 
86.369270 82.867828 83.429825 74.751923 54.366409 0.000000 
88.157921 73.685669 63.322079 48.772038 40.302582 0.000000 
91.719879 85.946747 79.715744 79.198944 61.528210 0.019782 
77.312622 78.370033 74.228340 66.919418 65.838211 0.000000 
92.829224 77.363174 71.349762 61.841022 52.713158 0.019782 
78.204979 76.421295 68.509926 59.441727 54.437206 0.000000 
96.725204 84.298935 71.800186 64.000427 52.916904 0.019782 
85.209816 77.515518 73.147194 63.920479 48.956604 0.000000 
79.996986 80.624390 77.645943 72.013962 64.216347 0.000000 
75.292946 77.240372 71.835426 66.666306 60.215466 0.000000 
74.458984 69.553101 55.734646 42.060917 40.225887 0.019782 
63.585938 71.919350 64.386604 52.855122 38.454529 0.027976 
82.187622 76.144081 61.578373 45.978394 37.969563 0.000000 
79.763062 75.033546 66.915100 60.595852 51.718605 0.027976 
65.089241 63.972515 60.675056 58.369057 47.856277 0.034264 
95.128540 80.868652 70.485458 56.376205 42.641449 0.019782 
72.177429 70.206108 67.861710 53.777607 39.595612 0.000000 
99.902763 102.978973 89.562408 72.453079 58.592937 0.000000 
70.697411 74.025391 69.233406 67.085907 56.387981 0.000000 
92.679504 78.968735 74.885429 62.175800 50.021614 0.000000 
95.299866 96.239586 90.043114 75.889343 68.361519 0.000000 
75.789780 71.638962 68.413849 61.030399 48.156605 0.019782 
83.302841 74.386887 70.079163 58.440552 38.635742 0.000000 
72.971703 66.585175 59.925125 52.561501 44.719673 0.000000 
68.497292 71.916016 71.191223 67.131500 53.354206 0.000000 
87.943199 79.889702 75.340050 68.416885 60.829659 0.019782 
85.141838 85.274086 79.708893 76.332291 65.861450 0.000000 
79.063362 77.865807 74.142105 64.016396 58.227036 0.000000 
77.156914 82.071877 79.760712 74.702827 55.046886 0.019782 
77.583115 67.977821 64.762733 62.150581 53.776272 0.000000 
69.017883 67.172531 68.555176 66.237053 59.943001 0.019782 
84.934143 81.846375 75.879906 64.037498 52.739594 0.019782 
93.136497 88.502625 74.160484 65.983032 60.826176 0.027976 
75.493233 70.790291 58.338993 52.163967 38.566677 0.027976 
77.977654 74.467628 69.184624 57.144913 49.637535 0.034264 
86.932190 83.633041 74.268311 62.938416 50.106041 0.000000 
68.201408 78.963760 75.748100 75.837746 69.554855 0.019782 
69.957375 60.354187 58.135597 53.065441 46.690590 0.000000 
63.621807 76.708244 75.458076 76.303253 67.656700 0.000000 
76.900627 75.838799 67.712303 53.732613 48.212067 0.000000 
66.682007 65.656639 68.912018 71.267708 73.896385 0.019782 
87.318527 76.745079 78.139389 67.846985 54.695526 0.000000 
111.664009 103.492722 94.775948 77.398796 55.555801 0.000000 
90.777473 85.694519 78.086098 73.480110 61.214230 0.000000 
55.735905 34.833282 31.135456 25.036800 22.926378 0.000000 
70.142723 67.462761 68.832565 63.353802 59.452465 0.019782 
83.599602 68.827324 64.218254 59.500206 45.633862 0.000000 
62.327400 59.315491 52.905865 50.146660 45.917820 0.000000 
92.834351 86.159737 76.261284 64.839767 50.987125 0.000000 
79.056976 74.811119 72.269920 66.112442 57.794346 0.000000 
101.285751 87.340233 80.126312 69.286415 51.092537 0.019782 
74.860107 78.352531 75.500633 69.747887 54.143105 0.027976 
93.976639 85.589142 80.714996 69.573013 62.789703 0.000000 
