269.594604 34.982933 10.285619 7.046463 4.380119 
302.061462 42.232162 12.329038 4.240466 4.382588 
286.678314 42.260098 12.047479 6.224004 3.463675 
295.932159 43.307091 13.433726 5.727608 4.048542 
288.793671 30.987299 12.667496 8.960738 3.520869 
272.268311 40.397385 16.069839 5.350144 4.983446 
291.770782 50.667309 10.461149 8.076361 3.577029 
371.339020 58.440048 11.576186 7.521419 3.068625 
310.531860 42.228722 15.723973 7.319281 2.818191 
377.141205 46.263054 14.647982 6.670545 4.705609 
295.099457 38.841232 10.363623 4.804375 3.909501 
318.857330 43.230942 13.332202 6.071298 4.180795 
327.221130 52.952126 14.756084 6.265713 5.357161 
305.503387 42.355595 15.206192 7.643442 4.621850 
329.979248 46.565407 13.667053 8.116291 5.621344 
303.901855 61.235146 12.766069 8.522704 4.399745 
338.300415 41.581333 11.299202 7.555934 5.713868 
404.329742 48.046516 14.663783 6.209865 4.141052 
285.761627 60.331367 9.350315 7.373511 4.126915 
327.261353 54.517441 14.029441 5.549800 4.611829 
352.246979 43.108631 11.277385 6.053434 6.247923 
356.497009 59.545467 11.739377 5.535434 5.993886 
347.545715 47.610825 16.195406 6.774333 4.187839 
351.053558 59.105904 13.459876 6.944716 4.469883 
289.930634 58.106075 15.797806 6.567023 5.476506 
307.562927 61.853203 17.772051 10.572474 3.917005 
302.476044 75.798180 15.041529 5.883441 5.145068 
280.022461 67.170509 20.402899 4.176414 4.511231 
318.526978 73.232780 26.153561 8.710922 4.146219 
351.871704 79.508362 16.525482 8.061654 5.679181 
246.616943 70.933678 16.948387 9.077498 3.917774 
406.058990 98.077225 21.914330 12.568474 3.965540 
360.204773 127.885567 28.287979 9.879333 6.810624 
353.579987 96.233810 22.977102 10.363761 4.200346 
292.317780 71.771881 14.098894 5.518160 4.217932 
344.785461 98.633713 21.891554 5.748424 6.055473 
272.516449 91.650925 17.734734 9.963362 4.266458 
327.225128 160.505127 26.274765 9.064468 4.129683 
286.660187 95.183228 19.668844 6.021333 5.941828 
320.259247 105.303848 26.039909 8.310839 5.898325 
315.399872 70.271736 23.225492 9.815877 3.898715 
345.268494 102.345657 20.241348 10.713100 5.941796 
291.405670 157.805145 24.301931 10.719261 4.969785 
297.765747 116.956932 18.051298 10.098746 4.239498 
282.176025 92.672867 26.184130 5.940739 6.885527 
332.091064 119.085457 21.631403 8.166068 6.205472 
333.619110 198.003754 38.964886 15.540508 4.491739 
320.436279 182.063385 48.348495 10.894326 4.720781 
324.758972 196.543274 47.278961 10.488618 7.419703 
276.118805 130.679794 35.212078 11.623379 5.878483 
342.264313 138.313843 46.750351 14.909236 7.071587 
330.745544 202.109985 42.388672 9.852515 8.870833 
297.340271 158.218445 36.699944 14.871281 5.322732 
310.716461 208.008255 44.380447 17.690647 8.693211 
314.332062 241.865234 54.107986 11.271786 7.816528 
