67.247375 44.337727 50.572006 44.213936 61.114796 0.000000 
66.179192 55.565048 51.858608 50.218624 57.323910 0.000000 
74.972008 62.546253 78.750824 46.978683 91.787094 0.027976 
81.070763 75.297897 82.632866 65.470215 76.124397 0.027976 
66.051857 52.855034 61.923126 48.114399 71.471703 0.000000 
67.083893 47.777248 47.760529 53.476120 54.680279 0.000000 
72.354645 57.345444 59.355137 44.692951 85.983063 0.000000 
58.710342 42.113300 49.593460 54.116486 63.163765 0.019782 
76.314835 42.206093 63.811970 40.734779 74.945930 0.000000 
84.009132 57.011551 72.427826 53.358227 68.457260 0.000000 
86.752571 64.571533 78.098320 66.788681 74.765800 0.000000 
79.541061 56.232811 76.372322 53.233402 89.329659 0.000000 
75.603592 70.678467 61.078091 78.330002 80.000458 0.019782 
90.623749 80.729172 69.273872 68.562454 74.924286 0.000000 
81.184624 74.212685 75.402992 69.104713 82.154770 0.000000 
79.545280 64.255432 76.816254 60.864990 84.970116 0.019782 
69.872108 48.635166 61.168385 63.140018 70.675873 0.027976 
77.036659 49.871838 53.021564 55.103161 84.904907 0.000000 
78.772781 57.989956 66.867157 63.826939 64.065979 0.000000 
74.077446 56.939156 59.651890 67.636292 77.760437 0.000000 
