194.149445 11.422482 3.665746 2.973679 2.104770 
152.918015 1.816710 2.422063 1.776213 0.818196 
145.476410 1.662534 1.608382 1.288610 0.952438 
91.368172 3.484185 1.405466 0.998608 0.477568 
321.749115 28.300154 2.828211 0.798215 0.804810 
182.225082 178.467926 8.732073 1.254399 0.625225 
107.829475 369.070465 54.429405 2.936592 0.853419 
91.512680 248.092148 42.622009 3.109112 1.002446 
85.689964 20.153761 290.498474 87.042816 4.715147 
112.212669 10.876498 103.597267 179.466278 20.282286 
136.212357 16.511400 12.695592 33.267921 1213.422729 
205.375443 37.840561 32.449753 35.733112 1901.856079 
165.607788 25.868710 10.294481 10.993684 2164.207031 
173.142395 79.171547 18.195675 5.432895 4391.152344 
169.283600 71.920677 23.134224 9.465022 4866.262207 
166.815277 82.942009 26.085003 18.380844 3714.206055 
269.347809 158.011871 80.323204 37.145245 8660.991211 
468.306671 294.736145 140.405518 55.003216 15935.594727 
933.589294 560.508362 332.627747 139.957855 11826.956055 
2135.248291 1278.491577 923.849670 770.930908 27635.226562 
3331.665039 2279.490479 1724.854858 1076.350464 30713.353516 
5940.269531 5096.283691 4033.518066 3047.936768 39858.949219 
10177.466797 8361.112305 6905.968750 5868.064941 56730.128906 
11747.809570 7958.630859 6977.255371 5853.812012 51907.960938 
8643.824219 6910.780273 7263.703613 5916.129883 43147.445312 
7697.592285 5770.315430 5553.185547 5039.658691 45005.011719 
4816.939453 3275.959717 2567.266602 2011.078247 45835.664062 
4389.583008 3205.265869 2049.885498 1799.927856 43779.125000 
3235.203369 2354.360352 2974.337402 4496.903320 53702.511719 
4164.496094 3010.431641 2162.847412 1858.148804 45453.472656 
2889.052979 1946.846313 1574.682251 1081.440918 32437.232422 
3525.107910 2282.165771 1640.283081 1631.937256 41613.449219 
4524.354492 3374.035156 2539.831055 1647.171509 41038.832031 
5736.435059 4668.049805 3667.306396 2775.584717 65632.429688 
5342.081543 4829.224609 4482.328613 3143.438965 59496.324219 
8039.705566 5999.735840 5726.636719 5585.988770 52422.187500 
7681.356445 6087.260254 5966.021973 5972.306641 79491.992188 
7618.725098 5482.881836 4940.921387 4485.257812 46384.207031 
7601.946289 7017.542480 5353.450195 4340.405273 53104.648438 
8087.048340 7171.329102 5921.653320 4638.437988 56527.929688 
4832.732910 3467.521240 3439.475830 3357.895264 55738.207031 
4765.299805 3640.579102 2931.873047 2944.946045 52699.367188 
3381.510498 2722.731689 2080.301270 1641.124268 39790.894531 
3316.900391 2192.881592 1935.761353 1374.256958 66221.765625 
3741.763428 2672.928223 2441.481201 1764.325928 61029.347656 
3005.566650 2098.356934 1864.393188 1323.112305 57082.917969 
2388.860596 1595.367798 1130.645752 1046.522705 50388.519531 
2739.971680 2137.930664 1427.738770 1198.129150 34195.085938 
2479.648193 1638.222412 1755.229370 1229.107422 50777.453125 
2933.272461 2505.912842 1974.038818 1600.208130 57012.324219 
2891.573486 2083.740234 1369.214600 1324.539673 44886.613281 
3768.099854 3101.993652 2760.503418 1944.403809 47577.976562 
4215.336426 3145.251465 2385.456543 2010.087158 52732.714844 
5198.808105 3879.807129 3615.898193 2664.072266 65359.945312 
5116.081055 4276.299805 3210.698730 2755.541992 50934.917969 
4596.395508 3799.138184 3490.910400 2777.985596 65490.507812 
4594.301758 3539.429199 3187.078857 4377.029785 63156.875000 
4495.581055 3667.371582 3374.477783 2742.285889 52781.214844 
3878.901855 3437.405029 2749.671387 1926.703369 66391.210938 
4197.000000 3075.079102 2563.001953 1871.491211 56870.359375 
3106.028809 1957.010986 1590.122437 1143.247803 42085.406250 
2301.948975 1845.742432 1592.791016 1487.123535 45971.203125 
2742.320801 2057.362549 2089.040039 1430.433472 63065.136719 
2673.428223 2004.385376 1571.674072 1043.026978 55393.308594 
2664.337646 2307.111572 2195.111328 1887.257568 54241.675781 
3706.091553 2745.996094 2275.659912 1920.514648 77871.210938 
3649.941895 2999.170166 2865.246826 2373.454834 68043.359375 
4098.605957 3286.613525 2670.781494 2221.565918 64050.937500 
5452.271973 4622.972656 3743.819580 4204.938477 106144.898438 
5303.643555 4361.612305 3634.172119 2496.461670 67405.695312 
7358.798340 7518.670410 6634.972168 5239.514648 111267.562500 
5568.365723 4698.577637 5071.493164 3814.444824 75372.585938 
8429.276367 7712.887207 7394.187988 5701.810059 94834.882812 
9016.017578 6938.075684 6654.935547 6041.400879 114124.375000 
8354.173828 7752.291016 6948.885742 7825.063477 110868.859375 
7009.728516 5173.458496 4699.451172 4520.772949 91441.195312 
7118.209961 6302.668945 6199.947754 6178.917969 111676.148438 
5564.105957 4811.580078 5207.625488 5478.238281 79102.007812 
4266.929688 3980.432861 2866.927490 2657.283936 64365.585938 
4324.012695 3139.201660 3396.581055 3262.642090 85926.992188 
2789.679443 2218.430420 1888.778809 1503.041382 68633.625000 
2382.091064 1608.254028 1338.861328 1116.861328 104545.515625 
2050.045166 1554.886475 1276.677612 1333.376099 65763.898438 
1971.136597 1347.144043 1027.935669 1002.119263 63740.925781 
1743.158081 1374.460938 1267.668701 1214.033691 62258.906250 
1567.940186 1016.298218 815.744812 673.573303 52329.570312 
1540.080688 1071.501831 725.485168 709.193420 67173.781250 
1487.326782 1012.356750 846.233459 722.567383 74306.656250 
1886.632202 1229.683594 1088.499512 1116.587280 70776.632812 
1301.589233 1102.094971 1087.398560 965.584167 49529.082031 
2227.786133 1565.674072 1250.830078 1057.392944 88084.273438 
2195.999023 1714.740356 1435.038696 1089.876831 80953.484375 
2002.276123 1545.315796 1409.692749 1335.044800 82483.500000 
1802.029785 1397.606201 1487.386841 1153.016724 100335.859375 
2357.977295 1675.199951 1167.795044 1205.605103 80421.882812 
2041.596802 1485.959229 1463.998779 1037.845093 67367.906250 
3299.082275 2262.784668 2335.098389 1579.040405 72392.875000 
4215.620605 2943.628662 3761.822510 3681.678711 117424.093750 
3614.632568 2891.101074 2522.198242 2656.571045 131310.968750 
2964.598145 2230.347168 2044.200317 1587.867920 105901.601562 
3007.128906 2446.828125 2311.969482 1923.439941 78410.171875 
2807.628662 2000.391968 1954.974976 1834.303223 99387.875000 
2560.555664 2029.857788 1899.750244 1661.215088 75297.835938 
2634.724365 1870.016724 1674.305420 1668.117554 90690.015625 
2448.166260 2139.038818 1714.888550 1438.391846 105659.476562 
3155.011719 2607.115234 2749.073242 2286.776123 98124.968750 
3484.130859 2638.578857 2042.583862 2617.817383 86526.820312 
3769.251953 3071.360596 3172.804688 2783.546875 115021.765625 
3181.152832 2543.727783 2052.184326 1827.622803 105593.203125 
3553.321289 2796.622803 2836.333740 2385.024902 99759.742188 
3586.774170 2724.294434 2492.827393 1897.080566 110753.554688 
2333.997314 2403.183838 2231.042969 2356.622314 80212.718750 
2437.100342 2006.461304 1583.997681 1250.547119 101849.609375 
2225.489502 1673.210815 1484.038818 1160.626831 85239.156250 
2295.683838 1653.090698 2032.047729 1302.939453 124082.015625 
1440.705811 1240.173828 1304.961060 966.150146 84323.367188 
1478.076416 987.147278 803.423218 668.644226 93717.820312 
752.203796 458.866974 580.335999 403.062866 81233.421875 
574.109680 389.696136 242.809418 211.370468 73157.914062 
537.861328 314.761536 308.917206 620.971497 53706.039062 
488.690369 289.045532 230.799042 201.936707 73911.421875 
397.396301 277.953339 290.572876 372.130402 53783.070312 
383.277588 408.500031 358.394104 302.310791 52417.785156 
337.045776 420.589783 1615.124634 4063.986572 146244.500000 
334.137238 214.044724 157.490051 178.088577 64398.000000 
347.446594 181.068558 198.452911 110.900841 42750.144531 
316.893402 178.761047 122.638893 108.916977 45674.843750 
430.313446 510.082947 521.046814 347.718903 86294.671875 
408.207489 306.961578 256.698120 329.908569 100114.148438 
482.281616 460.088867 287.431549 198.259903 85912.554688 
551.324646 585.872498 633.506348 3877.226074 110842.625000 
457.035522 359.868103 198.707565 283.342834 58599.195312 
586.949280 346.723328 281.631287 356.674652 63969.382812 
529.966064 354.150757 365.357910 310.218536 68992.859375 
635.521729 561.558044 550.546509 433.428467 87241.867188 
643.770386 459.622345 526.909363 730.542969 82374.445312 
986.915710 896.586182 449.001343 435.391113 92300.664062 
795.420654 602.575745 452.253998 450.860687 91848.898438 
1088.731934 931.700989 823.298279 594.727966 110625.343750 
1124.106323 727.915833 615.656494 549.603333 109984.109375 
906.684631 748.751343 1167.231445 714.282104 124959.382812 
1416.165405 902.770935 856.754578 687.054810 115647.445312 
1403.086914 1618.377075 1003.826538 1121.607544 133369.906250 
1382.186523 1113.953491 930.256165 1123.194580 104692.890625 
1220.045776 1645.524658 1392.534668 1486.033081 82535.796875 
1759.984619 2095.345215 1846.942261 849.533813 127613.453125 
1486.020386 1031.604370 1126.959717 624.317993 125102.578125 
1274.860229 1200.754028 984.461731 942.250916 135289.421875 
908.272949 675.579224 572.680237 854.183899 131922.453125 
1481.840576 964.916443 914.719910 766.081177 115867.335938 
1900.481567 1029.968384 1162.823730 1655.790527 100504.515625 
1230.581909 945.666931 883.448669 866.957886 92474.140625 
1278.610229 913.302185 1256.741821 1188.849365 103096.906250 
1594.698364 1477.347290 1856.184692 1907.604858 136042.359375 
951.187378 530.253296 418.538818 677.407104 116985.609375 
1172.722778 959.379883 694.359009 1644.164429 90940.273438 
1465.969360 1220.228882 828.892578 1054.770264 105762.093750 
1617.858398 1250.075806 929.862122 2478.453125 130808.578125 
1716.786621 1374.503052 1405.856934 801.863281 125636.953125 
1740.424561 1066.808960 696.274902 1569.004150 158876.343750 
1544.496216 1214.719727 792.221130 537.049988 118604.085938 
1532.113647 1773.248291 1652.587036 2079.933350 119592.890625 
1301.864502 786.254517 771.461609 673.434814 87233.500000 
1073.370728 728.649414 638.966980 445.439362 111911.156250 
1079.417847 931.514221 681.474304 507.252991 110277.421875 
1498.662476 1204.665405 1556.102661 1374.359985 115879.343750 
1042.430298 616.504456 614.497986 507.812714 95907.007812 
1018.261353 1140.530640 1973.868286 763.882874 110076.710938 
1150.042236 1039.938965 1060.192383 1171.882202 115351.937500 
1212.539185 976.999084 967.853882 534.453064 113870.718750 
1169.143311 1290.564453 2523.147217 1801.263306 92289.851562 
1461.963989 1278.802368 661.996826 1552.515503 119288.929688 
877.479126 1013.276978 705.396973 1167.860229 91144.210938 
835.048279 460.784790 492.572388 398.858917 130213.234375 
1087.627808 944.225586 1176.142456 1090.831665 106975.007812 
740.609192 395.931030 460.451843 346.213867 89334.601562 
795.652954 591.656189 1422.936401 1574.769409 135911.296875 
728.119629 558.372742 664.631958 403.366272 85710.210938 
736.209717 625.435303 498.150208 358.745148 58137.636719 
473.402893 567.525330 587.675354 455.819733 75973.578125 
553.216003 348.498749 255.619980 281.013611 66529.640625 
655.695984 983.005249 1368.926880 1280.950928 76260.484375 
579.707520 504.967560 521.104736 280.728333 68731.914062 
533.662170 543.430481 1185.486328 745.401367 105614.304688 
600.797974 929.673950 544.862122 1854.786377 63331.023438 
552.592468 383.691223 223.153473 420.120026 68873.117188 
654.527161 641.293091 744.826172 406.430359 58375.363281 
834.822083 734.339844 564.680908 403.016754 108460.031250 
850.321472 802.444519 1270.405396 453.918488 84540.265625 
884.846069 596.109619 1707.871094 1410.411621 79591.843750 
1019.578369 1577.985229 857.080017 1259.079712 91521.523438 
1254.659546 1337.691650 2239.478027 1662.711548 103712.382812 
1793.660645 1618.961792 2990.250000 1806.220459 191540.593750 
2512.474609 2357.424072 3533.390137 2488.488037 74008.210938 
3208.528076 3213.989990 4678.837891 4631.603516 151614.296875 
3601.360107 3338.348877 2969.296631 4328.952637 135136.703125 
3812.998047 4210.888184 4178.841309 5785.695312 155506.218750 
4328.310059 5091.674805 6624.113281 4634.052734 178463.453125 
4300.756836 3742.912598 3613.974854 3669.994873 155211.671875 
3519.480713 2672.376221 3092.846924 5454.608887 126398.023438 
4430.326660 4244.832031 3442.489746 4895.326172 115843.406250 
3254.178711 5054.846191 4643.590820 4350.364258 76804.625000 
4401.405273 3734.230713 4629.514160 9087.256836 146610.203125 
3540.253662 4998.243652 6603.124512 11865.449219 108842.039062 
3084.632324 2654.907959 2919.619629 2605.318359 171207.703125 
2619.883789 2127.411133 2015.341553 2930.595459 133321.812500 
2404.594971 2642.163574 4314.262207 6348.209473 178486.468750 
2786.744629 2496.770752 2895.412842 4755.812988 154026.812500 
3753.790039 3183.106445 3629.669922 5288.348145 163252.000000 
3229.545410 2685.045166 3419.040039 5987.412598 177366.218750 
2102.138428 1992.145874 2101.369873 2481.860596 114499.234375 
2179.266846 2453.621826 2034.103760 1227.226196 105604.789062 
1438.128540 1442.689331 6082.185059 1397.292480 91709.421875 
1541.581421 1213.485718 946.371582 897.427856 80704.109375 
2070.295898 1801.385010 1913.836548 3264.442871 98405.781250 
2631.995117 1719.378540 6326.891113 3030.412109 150124.328125 
1568.378052 1124.033936 1529.043457 2688.395752 116910.546875 
2277.681396 2383.306641 2037.822021 1817.558594 122984.632812 
2072.658447 1977.676636 1737.887695 3058.097412 124485.468750 
1871.452881 1334.118408 774.288818 1331.987183 127316.359375 
2191.330078 3890.860107 4325.646484 1775.797607 81707.242188 
2048.977051 1891.981812 1767.460815 1114.627930 74209.921875 
2476.042236 1721.685547 1930.852539 5778.450684 128262.500000 
1871.836792 1628.035889 1562.361694 1506.088257 116347.968750 
1937.700317 1626.558228 1470.048096 1998.614990 131859.234375 
1433.400146 1157.742554 1917.586548 2137.171143 101532.312500 
1892.817871 1972.696045 2379.893311 1908.033691 129017.390625 
1391.552612 1078.936646 864.638123 1679.751465 86140.367188 
1262.057983 974.063110 1374.805176 2447.107666 113211.406250 
2146.858887 2286.842529 1602.154053 3366.873291 131596.812500 
1208.534058 818.312683 1086.985718 1508.987183 96132.468750 
1438.406250 1220.870728 2458.703125 1467.254639 122452.023438 
1201.168091 1273.908081 1046.237549 1103.183472 117075.554688 
1137.917725 870.422852 530.298767 996.902161 88776.210938 
1329.646729 1147.740234 966.231262 4495.974121 81447.812500 
1040.958252 934.099426 2965.531250 2570.020996 69811.093750 
1139.315430 625.980591 689.442444 1176.274048 116455.976562 
1256.104126 911.271667 504.587189 658.592285 115330.484375 
1033.049683 1372.561646 773.188660 971.437500 73967.101562 
1177.949097 1068.573364 955.744568 1043.660889 81867.617188 
948.541992 870.356995 512.013306 1183.798950 104589.984375 
1137.853638 2822.372559 3473.760986 2405.645996 77040.351562 
1118.268188 918.522644 927.412659 1476.078979 89613.351562 
1247.813599 1018.006714 995.929932 1296.165405 145500.031250 
1183.663574 1233.666992 1395.928467 1247.487061 98461.562500 
1215.013306 1393.120361 854.103882 1036.105347 84740.882812 
1400.477783 2258.155762 2741.362793 3911.319824 124325.062500 
1869.046631 1105.299194 2202.489990 1175.495972 120206.312500 
1829.607056 1747.538086 1589.606201 2228.359131 163411.031250 
2124.971680 1590.449463 2447.411621 2308.077637 160377.937500 
1714.546753 4018.923584 3234.779541 8836.358398 83962.085938 
1525.747437 1156.659180 711.279724 1106.339600 109844.445312 
2500.071777 2257.503418 5434.565430 8569.983398 116701.492188 
2363.719238 2349.665771 1396.824463 3713.293945 124341.164062 
2582.816650 3009.987061 1554.060791 4207.753906 147617.546875 
2321.944092 1826.192261 2592.026123 2806.363281 128473.898438 
1371.435791 1210.273804 2078.569092 1281.234375 110332.375000 
1863.489990 2060.999023 3816.187988 1239.220825 99719.898438 
2933.927002 2659.831543 3282.557373 2021.690674 131403.156250 
2221.441650 2257.128418 1795.545898 3966.817627 112079.914062 
2882.864258 1910.022461 1592.137695 2677.930176 117393.500000 
1721.721924 1487.809082 1551.325073 5047.247559 90268.906250 
1900.832520 1184.882568 1527.466553 973.234009 132635.140625 
1324.622437 1280.965454 2095.233154 1972.552734 97614.562500 
1177.966309 712.762756 1101.747437 2123.442871 133581.062500 
853.389832 1027.831421 655.000916 1106.090942 100513.632812 
1312.077515 1293.690063 2212.928955 1683.049805 85809.718750 
781.385498 597.529541 429.542084 999.941956 86224.421875 
680.431763 1268.479736 1041.943604 4013.159424 125891.625000 
881.015503 641.584229 574.114014 951.670410 64789.203125 
794.011719 619.356445 1254.149292 495.990631 98473.953125 
727.197021 486.969299 1059.835938 2025.837402 100535.671875 
680.159851 662.532349 702.572083 3042.885986 99482.125000 
830.965881 848.506958 744.752502 662.007874 93535.492188 
546.512817 430.672363 587.683838 559.253906 60576.312500 
946.924377 608.072021 410.974213 659.146362 81812.390625 
700.977783 364.466980 334.830719 295.269745 61582.078125 
870.008545 1044.871094 2133.003906 1160.000488 80865.492188 
883.580994 642.111938 1374.410278 900.562805 66440.187500 
743.408875 672.538940 452.252533 259.743622 69680.500000 
1198.442383 1168.335815 875.868591 985.026733 63225.781250 
785.398376 505.468994 415.256042 632.245422 89013.726562 
811.542908 793.485168 558.393738 540.120789 67180.820312 
1178.973389 946.503357 1099.917480 1170.338379 101816.070312 
1332.854126 887.413025 789.521484 2329.713867 104475.210938 
1643.485229 1147.659790 1046.466919 6346.066406 104415.976562 
1247.920044 1110.747925 1681.901001 7285.214844 117067.578125 
1049.504028 1012.927917 645.038208 1515.116699 67868.187500 
1434.645996 1570.184204 1721.250000 2450.860596 78703.617188 
819.323914 657.174683 691.169189 1037.053589 86027.765625 
1172.033203 1166.771851 1987.432739 1751.608154 83837.054688 
899.606689 895.233704 1100.943604 1229.114624 83911.031250 
797.580078 747.290100 642.887390 411.913361 82466.984375 
776.390381 884.362976 1074.603882 1058.094116 74129.171875 
1094.260986 706.275391 715.435974 298.516418 81088.265625 
1277.825806 976.895508 2503.370361 901.048706 110493.953125 
855.721069 1380.968506 762.426758 3459.188721 90708.968750 
1446.294434 943.740479 4670.938965 4418.259277 103395.000000 
1449.821899 1298.221558 1492.496216 1488.542480 151729.109375 
1857.062378 1155.421631 945.450256 2575.715332 105434.023438 
1942.847168 1088.880371 3473.416260 2412.883301 62924.171875 
1794.779175 1787.196411 1896.208008 2240.528809 149143.078125 
1861.886475 1688.262695 929.031067 1438.874756 115871.179688 
5987.051270 6324.728027 5499.524902 13256.523438 205025.625000 
21031.841797 24616.855469 25029.894531 24623.330078 288222.562500 
58299.007812 78419.281250 108289.718750 106663.398438 546100.500000 
125149.859375 173428.000000 229537.609375 187644.062500 678805.500000 
139789.953125 241533.890625 288058.375000 223402.859375 991159.125000 
92661.992188 156494.468750 186272.984375 162685.093750 992393.187500 
46097.195312 91784.960938 98838.718750 112616.429688 498012.062500 
26882.359375 33766.957031 48188.074219 49414.957031 519201.093750 
15131.000977 13957.208984 18484.609375 13885.559570 344860.562500 
8696.072266 7082.647949 8594.456055 6171.892578 447106.250000 
4611.139648 4302.209961 3900.782227 3328.728027 212951.296875 
2842.354736 2021.334595 1887.867432 3125.828369 167169.203125 
1270.102661 1049.370850 976.028015 1655.929321 130472.765625 
1182.923706 1147.969727 1743.118530 1910.879150 223981.625000 
896.526978 613.826721 835.486267 460.387909 114392.500000 
767.684998 420.739532 372.289368 459.499512 191332.875000 
528.240295 320.070984 345.256012 539.679871 84990.078125 
490.090973 436.339874 552.600830 392.138000 105788.335938 
444.632690 306.747070 332.426971 180.767944 125962.890625 
306.450317 266.157898 247.143661 212.250931 85038.539062 
352.530273 199.696976 140.292236 92.016121 93543.703125 
472.947754 290.227539 209.609985 219.202667 115028.554688 
286.998566 164.547180 134.440247 92.516876 63961.734375 
219.659561 184.454300 170.798401 58.961205 57567.257812 
298.600922 125.106262 125.616791 143.518875 93257.320312 
276.555725 106.006821 68.453621 53.595669 73245.617188 
350.458801 132.225739 100.343025 74.878288 67363.570312 
330.499237 185.621445 199.398361 109.888084 83325.796875 
360.209045 258.543945 329.640686 720.748413 111162.453125 
297.557251 166.657318 115.965591 56.093452 59045.367188 
216.160934 93.032120 59.472435 29.814610 53101.906250 
268.584076 398.982361 340.477203 205.877838 54022.437500 
271.274689 158.457626 117.441620 46.488853 85685.875000 
272.496552 146.924606 114.629349 102.284729 59388.847656 
220.696594 122.063202 101.623512 46.936604 74705.179688 
245.324020 134.407516 88.435326 112.093086 80390.648438 
277.616608 108.395958 123.419144 164.854858 92124.109375 
302.779846 174.195938 195.300720 128.560379 66490.984375 
258.111572 96.543457 72.851074 48.753990 78435.125000 
262.056885 152.843109 84.435043 43.963558 86157.781250 
292.873413 167.321213 125.190033 171.152267 72174.406250 
301.498444 162.985062 137.617813 92.457886 54960.320312 
312.096252 237.558548 312.420563 249.536316 72105.210938 
243.416397 136.031616 77.513855 49.143993 73443.203125 
253.655319 94.540169 79.493073 90.419136 80724.484375 
293.407806 175.296402 118.955566 177.579590 67855.101562 
209.504150 106.263840 48.333157 42.720184 59370.554688 
286.670105 156.944336 168.467789 170.173370 71436.625000 
289.461334 168.737808 154.609222 115.232399 93613.476562 
354.083069 238.598190 161.007645 69.564529 101247.328125 
286.588501 155.624878 98.342499 72.920097 64268.253906 
263.775085 156.980179 103.746490 77.672928 87252.015625 
319.422485 244.500687 273.800842 393.901886 63647.644531 
238.319946 203.900635 200.229095 193.191406 58149.464844 
313.819885 149.909729 125.600861 110.285469 78335.171875 
284.152985 139.349075 72.745667 57.243874 77650.054688 
222.064102 139.762833 83.245644 42.644794 61221.753906 
273.268494 175.809982 191.535812 124.460617 86742.976562 
287.565674 193.268555 207.225159 125.755074 68503.125000 
326.169922 223.544922 136.556000 621.912231 56804.265625 
282.564911 202.591690 222.381363 200.414474 99975.750000 
301.878296 181.852753 139.812531 99.125458 63109.703125 
246.618896 244.991653 227.361786 159.821854 139834.109375 
342.729767 272.019806 347.677368 288.841736 137563.750000 
278.266266 117.049362 88.421516 45.733067 77903.476562 
356.923828 179.537704 125.221939 147.713669 72251.625000 
265.815643 145.115173 146.808350 207.288559 80440.820312 
314.435547 289.189575 128.400955 126.861862 70262.109375 
223.601257 166.891876 110.553337 172.535477 66005.226562 
253.901718 171.454559 197.254639 171.717438 70842.320312 
323.008148 150.185806 102.407814 114.252174 93985.242188 
325.063599 193.845505 243.075409 281.237854 94887.875000 
300.139252 160.899551 135.925446 137.500397 69219.382812 
281.643188 177.284241 108.182487 59.231895 79717.320312 
323.509918 269.520508 107.758598 93.132965 70083.867188 
440.792633 345.916382 414.435577 574.199036 121652.445312 
307.602386 178.918640 114.124664 73.147438 105709.007812 
381.447449 319.237335 265.767334 314.157257 109427.179688 
314.651489 199.694046 234.845566 93.279915 63635.773438 
374.464294 148.202118 139.808624 130.742218 52504.769531 
360.178040 178.350082 165.609116 162.119904 92424.164062 
410.988281 162.949585 219.831009 146.271423 89194.609375 
304.239838 235.000473 262.661743 156.733093 82106.664062 
323.380798 141.347519 130.682602 79.903793 66670.289062 
258.296143 246.350052 166.847214 767.652222 89120.414062 
436.533539 318.974976 260.048706 318.446381 75952.015625 
272.060333 200.005981 157.967224 158.812531 56452.703125 
350.578491 253.481140 239.764481 187.248199 105206.414062 
357.730072 160.575470 107.958649 122.653801 69277.296875 
318.905914 244.876068 128.051788 134.895355 83351.500000 
321.741455 336.175049 675.136597 629.522583 116119.445312 
332.991913 381.547974 357.394012 627.923279 106601.710938 
382.019562 410.695801 590.635071 1214.812500 86556.265625 
393.152863 242.156387 135.633240 123.466782 99555.132812 
477.331177 536.419983 207.505203 144.571655 101919.335938 
334.496368 229.283051 223.944214 264.382080 83475.140625 
459.722534 246.093384 192.917648 357.256287 100859.859375 
424.352936 315.197998 361.210297 411.598938 82869.468750 
303.574951 185.609940 241.131042 475.268829 72275.992188 
447.467316 187.842163 451.263763 880.668152 113655.218750 
459.921875 414.398773 170.085800 219.616226 75256.828125 
369.410278 342.675598 229.800644 310.237213 90316.460938 
445.729156 395.908051 237.845795 329.792236 101712.546875 
443.746063 201.678375 114.914253 73.515823 107418.703125 
476.729462 285.004303 173.389496 168.550537 80163.156250 
413.429565 265.843140 267.032379 238.184036 133241.281250 
424.435547 306.131104 236.539627 257.998138 79709.789062 
404.860260 267.272675 241.542465 243.714691 85589.492188 
457.478882 255.229218 318.668060 625.379517 116846.531250 
383.214325 336.341553 491.117004 273.010498 134976.703125 
403.993378 185.142471 192.833084 170.266846 101892.937500 
476.464294 320.915283 327.644958 235.908707 87189.070312 
532.412354 351.823395 344.225616 328.279480 91238.492188 
525.466248 262.039185 174.222519 193.731415 118143.687500 
513.818848 315.200226 305.238403 311.377411 90763.695312 
425.629913 293.404449 363.221649 232.614563 121688.875000 
454.584991 279.742981 208.160736 290.087830 118982.593750 
574.553528 239.472656 135.426392 368.716797 82736.828125 
516.200256 309.948822 268.069794 509.987854 114549.937500 
564.738281 300.530823 232.360413 250.072647 98860.039062 
630.885193 546.043823 305.870667 359.729614 96790.734375 
495.947906 419.414673 282.083679 131.942215 85197.820312 
601.069275 364.849426 424.273590 426.720459 87010.851562 
508.910461 315.043671 364.185425 345.041718 103928.890625 
612.320618 526.895142 729.052734 358.688660 111741.609375 
599.151672 330.953064 396.029053 343.712463 110599.539062 
789.147522 656.514160 299.713409 269.914001 101335.242188 
574.603455 441.188263 546.619446 246.486282 81963.226562 
610.867554 406.306091 316.496552 254.192535 156433.640625 
546.535461 372.612274 763.178955 729.272156 70719.523438 
582.159912 424.894073 443.405243 488.063995 111812.398438 
693.421997 429.669861 408.323883 776.224365 126771.835938 
654.295105 302.205933 407.130341 422.625031 110881.968750 
629.551575 520.650024 592.957336 942.598267 110907.335938 
594.427246 482.994202 286.679108 631.200806 148555.109375 
910.625977 385.088135 514.133789 289.921783 141226.296875 
690.839172 448.043915 569.340942 501.576874 108662.359375 
645.113098 327.504303 260.734528 294.071991 110369.257812 
684.889587 426.768127 393.119232 425.507935 122463.640625 
856.222961 687.117554 672.599487 321.603333 77028.593750 
988.206787 573.644958 1393.268433 554.240051 134555.656250 
981.788940 634.234558 924.731873 923.677124 114851.203125 
1166.924316 848.384521 1196.106323 1132.949829 220524.421875 
925.750000 550.361023 518.367188 628.962402 159867.234375 
1104.034424 1034.836426 542.881897 1134.399780 107417.445312 
1473.411621 944.847656 678.999390 766.358643 175540.281250 
1168.152466 1093.459106 706.032715 501.016327 135720.203125 
1128.071533 793.891541 674.672180 512.247986 118629.117188 
768.449341 740.814453 534.300903 1038.358521 192068.406250 
1065.305298 717.305115 444.614105 610.640076 127876.851562 
1143.758545 774.683105 1038.001099 824.122864 115980.968750 
1199.903076 701.803345 950.128601 323.779358 124127.710938 
1049.877075 734.473938 627.781067 807.395691 145110.593750 
1007.373962 805.182739 1019.003540 875.313721 129116.812500 
1014.506592 708.058411 762.553650 1295.911011 121731.992188 
775.601257 466.370850 390.075378 345.070984 182909.312500 
919.962341 790.243103 1450.623779 1172.606567 120893.304688 
891.267273 868.084717 839.786194 1203.681030 128949.898438 
814.970276 756.193970 417.033508 1152.244385 110572.546875 
683.996277 456.984070 389.940460 378.613922 144051.312500 
857.417053 449.118713 342.523804 405.918945 123497.015625 
602.462769 480.009735 285.195038 327.451019 114850.289062 
755.534424 504.380707 591.566406 476.042969 113983.671875 
671.437195 328.402039 224.094772 189.991959 134570.859375 
785.735168 701.737061 607.528198 1393.495728 132636.343750 
817.240784 546.967896 550.443359 390.948944 178437.812500 
764.189331 450.560883 1042.572510 329.574615 90932.710938 
711.342834 537.274597 893.237732 447.090485 115542.085938 
697.839111 449.213623 698.867371 509.037231 127124.500000 
588.182739 426.484161 357.270264 360.426910 119918.460938 
643.034546 365.577271 480.936890 279.431274 117535.539062 
519.041992 491.758240 607.713623 399.247498 106499.187500 
530.612427 365.560059 249.061432 464.911713 136300.656250 
492.271027 245.140198 340.628571 362.093018 139880.937500 
520.730530 294.766998 348.416138 213.814728 105429.679688 
596.381409 424.129791 439.866394 325.702789 105364.609375 
777.625244 742.507690 673.491333 639.984375 111372.867188 
568.538391 325.527802 334.349518 761.650024 130730.351562 
503.989349 283.122955 304.680023 309.795990 102675.945312 
612.043152 312.292389 168.692398 215.611755 98068.039062 
649.050781 670.279724 451.843658 396.315674 115688.359375 
522.133850 276.566589 238.885712 267.814453 100475.476562 
382.570526 245.296265 135.651016 123.368080 108672.921875 
355.931396 407.964355 257.936890 350.610413 101598.859375 
632.339844 437.591827 579.996948 438.938660 105334.078125 
592.811890 479.735718 618.521790 591.796204 107815.046875 
536.353149 421.799347 241.115585 698.456482 89847.007812 
670.889526 450.057953 268.378845 471.477356 130691.867188 
609.415771 603.089844 455.911041 689.150024 96234.859375 
853.086792 580.746521 901.596924 1782.783325 174180.843750 
793.227722 579.386169 356.597412 378.448029 106391.578125 
729.877502 952.343384 1234.037598 569.819214 125335.726562 
613.163208 457.871246 599.944397 1733.136719 132342.437500 
686.827209 418.021179 405.990967 380.214142 89854.710938 
518.310303 358.135010 273.200256 757.244385 90633.101562 
551.172241 461.401947 547.302917 891.238098 98251.234375 
654.872803 765.922058 490.569580 292.488831 106309.804688 
