3.849874 
3.849828 
3.850477 
3.851458 
3.848972 
3.851004 
3.848832 
3.849085 
3.849059 
3.850271 
3.850310 
3.848698 
3.848229 
3.848905 
3.845862 
3.848979 
3.846154 
3.843041 
3.847134 
3.846879 
3.848066 
3.845790 
3.850363 
3.848372 
3.844290 
3.841134 
3.842268 
3.843953 
3.844044 
3.847435 
3.845354 
3.780797 
3.834302 
3.828328 
2.188764 
3.761748 
1.461785 
1.865056 
1.795211 
1.514460 
1.780725 
1.798201 
1.354427 
1.655389 
1.720549 
1.548658 
1.843729 
1.759193 
1.606642 
0.896043 
1.959705 
2.007562 
1.731099 
1.302359 
1.956653 
1.758804 
1.608788 
1.762946 
1.663050 
1.116144 
1.586975 
1.620316 
1.614360 
1.210514 
1.429845 
1.432861 
1.785568 
1.649890 
1.722829 
1.736958 
1.346132 
1.657928 
1.796240 
1.037657 
1.676080 
1.544522 
1.772997 
0.499124 
1.215025 
1.145780 
1.698120 
1.680181 
1.070499 
1.775149 
1.425735 
1.166610 
1.796119 
1.496790 
1.783973 
1.551234 
1.252021 
1.329242 
1.678249 
3.849222 
1.440518 
1.440168 
1.529988 
1.687636 
1.249198 
1.383423 
1.338014 
1.701110 
1.562558 
1.367684 
1.194111 
1.730861 
1.396278 
3.851399 
1.048143 
1.015596 
0.868157 
0.806430 
2.635424 
6.362459 
1.038556 
1.100144 
2.293634 
1.882844 
1.752652 
1.336319 
1.472410 
1.416772 
1.664257 
1.271372 
2.835183 
2.103232 
1.098120 
1.353605 
1.441759 
1.141555 
1.355442 
1.946554 
0.918956 
1.327671 
1.738160 
1.186712 
1.362519 
1.955073 
0.819264 
0.810552 
1.662904 
0.936284 
1.217889 
1.106501 
1.285323 
1.629841 
1.756702 
1.037293 
1.194577 
1.666863 
1.052164 
0.633647 
2.480567 
0.932004 
2.208195 
2.574271 
1.187529 
1.416855 
1.626938 
1.415191 
0.582629 
1.509164 
0.925424 
1.485207 
1.106819 
1.203999 
1.687662 
1.840893 
1.839068 
1.440992 
1.432412 
1.009736 
1.849460 
1.177359 
0.950393 
0.983274 
1.200330 
1.514966 
1.157929 
1.324258 
1.234633 
1.183618 
1.033756 
1.163080 
2.269036 
1.449634 
1.156014 
1.576243 
1.238087 
1.393720 
1.531579 
1.393919 
0.970632 
0.928583 
1.491100 
1.259064 
1.009398 
1.099257 
1.741285 
1.903528 
