77.684326 62.457821 58.125786 53.184196 48.682186 0.000000 
68.350494 60.041821 61.279041 78.550079 53.841095 0.000000 
61.467159 52.054127 50.679214 69.150291 64.386986 0.000000 
69.793755 54.394249 52.622288 50.983871 56.465157 0.000000 
72.497185 46.716389 46.701702 56.284889 61.619247 0.000000 
68.161339 52.975868 52.639042 54.068420 44.173294 0.000000 
75.476677 49.625252 58.246368 62.382954 60.317253 0.000000 
66.519333 48.982609 50.123940 52.063000 51.134983 0.019782 
71.104836 38.372166 46.151443 40.878689 40.807278 0.019782 
62.170105 44.512344 56.578064 62.304668 51.730347 0.019782 
76.539879 48.447422 57.799416 59.828030 49.528561 0.019782 
65.049644 51.249332 51.754677 43.738892 54.619213 0.000000 
68.825600 58.471363 55.101097 61.901428 55.668690 0.000000 
61.005718 52.546585 56.891045 61.659706 45.947887 0.000000 
76.110611 52.882381 64.217667 58.349754 53.875893 0.000000 
64.110229 44.233532 56.057114 62.416370 53.026875 0.027976 
65.293091 60.637653 58.076458 63.974937 52.824528 0.027976 
80.332970 68.237778 79.143974 72.387390 67.322342 0.000000 
77.287033 40.137897 57.616032 55.787048 52.569695 0.000000 
63.423626 57.454613 62.625858 57.926014 53.119308 0.000000 
69.125565 42.933556 44.462429 44.460526 44.042633 0.000000 
67.435135 46.241798 50.353149 52.439255 54.875839 0.000000 
68.542480 41.012688 39.244179 48.547253 49.157684 0.000000 
71.375496 49.758877 53.262558 53.546219 51.331238 0.000000 
73.578278 48.340397 48.663105 59.255360 48.902573 0.000000 
70.761726 48.997395 50.489197 49.664757 48.363541 0.000000 
74.926575 52.794357 53.187084 48.997047 52.904285 0.000000 
66.218590 46.795883 51.499325 61.849094 53.787060 0.000000 
75.449181 60.157967 52.362259 59.046959 62.613338 0.027976 
77.707939 54.752182 64.669418 58.866665 49.662285 0.027976 
72.546555 50.986588 65.952644 54.178837 52.165348 0.000000 
71.545914 62.967815 70.920662 73.048759 53.604725 0.000000 
76.053940 43.468006 47.700100 40.294674 51.483524 0.000000 
70.581184 49.186607 43.474335 54.559513 54.947357 0.027976 
67.416878 53.090538 52.678051 49.665710 57.708061 0.000000 
67.097389 44.854176 55.316345 55.162487 52.402603 0.000000 
79.059982 50.341595 64.915848 59.575794 51.454433 0.000000 
73.191650 40.800568 44.853233 42.517273 46.615898 0.000000 
75.113914 56.769947 54.744438 55.897041 47.316490 0.019782 
64.068161 47.237293 51.383587 43.045551 48.848816 0.000000 
62.534927 52.251366 64.338104 65.773445 50.792271 0.019782 
74.786232 63.415977 59.916481 60.174026 55.887600 0.000000 
74.865120 50.522488 53.491066 47.275894 48.282692 0.000000 
67.776634 41.377651 50.618191 58.058418 53.653866 0.000000 
69.751366 50.422039 49.051357 49.312717 63.020958 0.027976 
73.433189 60.697334 61.480667 55.915512 60.011227 0.000000 
72.939507 53.595818 56.921841 52.842335 41.611130 0.027976 
76.102615 61.194981 60.309666 69.316223 46.057426 0.027976 
64.607124 45.171665 48.311188 47.852787 61.444695 0.000000 
70.540962 49.180504 47.703632 45.564751 49.232685 0.000000 
