0.044235 0.000000 0.000000 0.019782 0.019782 0.000000 
0.000000 0.000000 0.000000 0.039565 0.000000 0.000000 
0.000000 0.000000 0.000000 0.019782 0.000000 0.027976 
0.000000 0.000000 0.000000 0.000000 0.000000 0.000000 
0.000000 0.039565 0.000000 0.000000 0.000000 0.027976 
0.000000 0.000000 0.000000 0.039565 0.039565 0.000000 
0.000000 0.027976 0.000000 0.019782 0.019782 0.019782 
0.062557 0.000000 0.019782 0.000000 0.000000 0.000000 
0.000000 0.000000 0.000000 0.000000 0.000000 0.019782 
0.000000 0.000000 0.000000 0.019782 0.000000 0.000000 
0.027976 0.000000 0.019782 0.019782 0.019782 0.000000 
0.039565 0.019782 0.027976 0.000000 0.000000 0.000000 
0.000000 0.000000 0.027976 0.000000 0.048457 0.000000 
0.000000 0.000000 0.019782 0.027976 0.000000 0.000000 
0.039565 0.000000 0.019782 0.027976 0.000000 0.000000 
0.019782 0.027976 0.000000 0.027976 0.000000 0.027976 
0.034264 0.000000 0.000000 0.000000 0.000000 0.000000 
0.062557 0.000000 0.048457 0.052339 0.000000 0.000000 
0.000000 0.000000 0.000000 0.000000 0.000000 0.000000 
0.000000 0.039565 0.027976 0.027976 0.000000 0.000000 
0.039565 0.048457 0.039565 0.039565 0.034264 0.000000 
0.044235 0.000000 0.000000 0.000000 0.000000 0.000000 
0.000000 0.027976 0.000000 0.000000 0.000000 0.000000 
0.000000 0.027976 0.000000 0.000000 0.000000 0.000000 
0.000000 0.000000 0.000000 0.048457 0.034264 0.019782 
0.019782 0.000000 0.000000 0.000000 0.000000 0.027976 
0.019782 0.000000 0.027976 0.000000 0.000000 0.027976 
0.000000 0.000000 0.000000 0.000000 0.039565 0.000000 
0.000000 0.000000 0.000000 0.019782 0.000000 0.000000 
0.039565 0.000000 0.019782 0.000000 0.000000 0.000000 
0.000000 0.000000 0.000000 0.000000 0.000000 0.000000 
0.000000 0.027976 0.000000 0.027976 0.000000 0.000000 
0.000000 0.019782 0.000000 0.027976 0.000000 0.000000 
0.000000 0.000000 0.019782 0.019782 0.019782 0.019782 
0.000000 0.000000 0.000000 0.027976 0.000000 0.000000 
0.000000 0.000000 0.000000 0.000000 0.000000 0.000000 
0.055953 0.039565 0.000000 0.000000 0.000000 0.027976 
0.000000 0.034264 0.000000 0.000000 0.000000 0.000000 
0.000000 0.000000 0.000000 0.019782 0.000000 0.027976 
0.000000 0.000000 0.000000 0.000000 0.000000 0.000000 
0.000000 0.000000 0.000000 0.048457 0.027976 0.000000 
0.068528 0.019782 0.000000 0.000000 0.000000 0.000000 
0.019782 0.039565 0.000000 0.027976 0.000000 0.000000 
0.000000 0.000000 0.039565 0.000000 0.000000 0.000000 
0.027976 0.034264 0.000000 0.000000 0.000000 0.000000 
0.027976 0.019782 0.039565 0.000000 0.000000 0.000000 
0.027976 0.044235 0.000000 0.000000 0.000000 0.000000 
0.000000 0.000000 0.019782 0.019782 0.019782 0.027976 
0.000000 0.000000 0.044235 0.000000 0.000000 0.000000 
0.000000 0.000000 0.000000 0.000000 0.000000 0.000000 
0.000000 0.000000 0.000000 0.000000 0.000000 0.000000 
0.039565 0.000000 0.000000 0.034264 0.000000 0.000000 
0.000000 0.000000 0.000000 0.027976 0.000000 0.000000 
0.034264 0.000000 0.027976 0.027976 0.000000 0.000000 
0.000000 0.000000 0.000000 0.000000 0.027976 0.027976 
0.000000 0.000000 0.019782 0.000000 0.034264 0.019782 
0.000000 0.000000 0.000000 0.000000 0.000000 0.027976 
0.000000 0.027976 0.000000 0.000000 0.000000 0.000000 
0.027976 0.000000 0.027976 0.000000 0.000000 0.000000 
0.000000 0.027976 0.034264 0.034264 0.000000 0.000000 
0.039565 0.000000 0.000000 0.019782 0.000000 0.000000 
0.000000 0.000000 0.034264 0.019782 0.000000 0.000000 
0.000000 0.019782 0.027976 0.019782 0.000000 0.000000 
0.034264 0.000000 0.000000 0.000000 0.019782 0.000000 
0.000000 0.000000 0.027976 0.000000 0.044235 0.000000 
0.000000 0.000000 0.019782 0.000000 0.048457 0.027976 
0.000000 0.048457 0.000000 0.019782 0.000000 0.000000 
0.048457 0.027976 0.000000 0.000000 0.000000 0.019782 
0.000000 0.000000 0.000000 0.000000 0.027976 0.019782 
0.000000 0.000000 0.027976 0.000000 0.027976 0.000000 
0.000000 0.000000 0.000000 0.019782 0.027976 0.019782 
0.000000 0.000000 0.000000 0.000000 0.034264 0.027976 
0.000000 0.019782 0.039565 0.000000 0.000000 0.000000 
0.000000 0.000000 0.039565 0.000000 0.027976 0.027976 
0.059347 0.000000 0.000000 0.000000 0.039565 0.027976 
0.062557 0.027976 0.027976 0.027976 0.000000 0.000000 
0.000000 0.000000 0.019782 0.027976 0.000000 0.000000 
0.000000 0.027976 0.000000 0.000000 0.027976 0.000000 
0.048457 0.000000 0.000000 0.034264 0.000000 0.019782 
0.071326 0.000000 0.034264 0.027976 0.000000 0.000000 
0.000000 0.044235 0.000000 0.019782 0.000000 0.034264 
0.068528 0.048457 0.000000 0.000000 0.000000 0.000000 
0.027976 0.034264 0.027976 0.000000 0.000000 0.019782 
0.000000 0.027976 0.027976 0.000000 0.000000 0.000000 
0.000000 0.000000 0.000000 0.000000 0.027976 0.000000 
0.000000 0.000000 0.000000 0.000000 0.027976 0.027976 
0.000000 0.000000 0.000000 0.044235 0.027976 0.027976 
0.048457 0.000000 0.000000 0.000000 0.000000 0.027976 
0.000000 0.000000 0.027976 0.000000 0.019782 0.000000 
0.039565 0.000000 0.000000 0.000000 0.027976 0.000000 
0.000000 0.000000 0.000000 0.000000 0.039565 0.000000 
0.000000 0.000000 0.000000 0.000000 0.019782 0.000000 
0.000000 0.000000 0.000000 0.039565 0.000000 0.000000 
0.039565 0.000000 0.000000 0.000000 0.000000 0.034264 
0.065611 0.000000 0.034264 0.000000 0.027976 0.000000 
0.048457 0.019782 0.000000 0.000000 0.000000 0.000000 
0.000000 0.034264 0.034264 0.000000 0.000000 0.000000 
0.000000 0.000000 0.000000 0.000000 0.000000 0.000000 
0.039565 0.000000 0.000000 0.000000 0.000000 0.000000 
0.068528 0.000000 0.019782 0.000000 0.000000 0.000000 
0.000000 0.019782 0.000000 0.000000 0.000000 0.000000 
0.000000 0.000000 0.039565 0.027976 0.039565 0.000000 
0.000000 0.000000 0.000000 0.000000 0.000000 0.000000 
0.000000 0.000000 0.027976 0.019782 0.000000 0.000000 
0.048457 0.000000 0.000000 0.027976 0.000000 0.019782 
0.065611 0.000000 0.027976 0.000000 0.000000 0.027976 
0.000000 0.000000 0.000000 0.000000 0.034264 0.019782 
0.000000 0.000000 0.039565 0.044235 0.000000 0.027976 
0.048457 0.000000 0.039565 0.000000 0.027976 0.019782 
0.039565 0.000000 0.000000 0.000000 0.019782 0.000000 
0.062557 0.027976 0.000000 0.000000 0.000000 0.000000 
0.052339 0.048457 0.034264 0.000000 0.000000 0.000000 
0.048457 0.000000 0.000000 0.044235 0.000000 0.027976 
0.000000 0.000000 0.019782 0.000000 0.000000 0.000000 
0.062557 0.000000 0.000000 0.000000 0.027976 0.027976 
0.044235 0.019782 0.000000 0.000000 0.000000 0.000000 
0.000000 0.000000 0.000000 0.000000 0.000000 0.039565 
0.000000 0.000000 0.000000 0.000000 0.000000 0.000000 
0.000000 0.034264 0.000000 0.000000 0.000000 0.039565 
0.000000 0.039565 0.052339 0.027976 0.034264 0.000000 
0.000000 0.055953 0.000000 0.019782 0.000000 0.000000 
0.000000 0.027976 0.000000 0.000000 0.000000 0.019782 
0.027976 0.000000 0.039565 0.019782 0.000000 0.027976 
0.000000 0.027976 0.000000 0.000000 0.000000 0.000000 
0.048457 0.000000 0.019782 0.034264 0.000000 0.000000 
0.059347 0.039565 0.000000 0.000000 0.000000 0.044235 
0.000000 0.019782 0.000000 0.039565 0.000000 0.000000 
0.000000 0.027976 0.000000 0.019782 0.000000 0.000000 
0.000000 0.000000 0.039565 0.000000 0.000000 0.019782 
0.000000 0.000000 0.039565 0.000000 0.000000 0.000000 
0.000000 0.052339 0.000000 0.000000 0.000000 0.000000 
0.000000 0.000000 0.027976 0.000000 0.000000 0.034264 
0.062557 0.000000 0.000000 0.000000 0.019782 0.000000 
0.027976 0.000000 0.019782 0.000000 0.027976 0.019782 
0.000000 0.027976 0.000000 0.000000 0.000000 0.000000 
0.000000 0.000000 0.000000 0.019782 0.000000 0.027976 
0.000000 0.027976 0.000000 0.000000 0.000000 0.000000 
0.044235 0.000000 0.044235 0.000000 0.000000 0.000000 
0.027976 0.000000 0.000000 0.019782 0.000000 0.027976 
0.044235 0.000000 0.000000 0.019782 0.000000 0.027976 
0.048457 0.027976 0.000000 0.000000 0.027976 0.000000 
0.027976 0.000000 0.019782 0.000000 0.000000 0.000000 
0.000000 0.027976 0.000000 0.000000 0.000000 0.000000 
0.000000 0.039565 0.019782 0.039565 0.000000 0.039565 
0.000000 0.027976 0.027976 0.000000 0.019782 0.000000 
0.039565 0.000000 0.048457 0.019782 0.027976 0.000000 
0.000000 0.000000 0.027976 0.027976 0.000000 0.000000 
0.000000 0.027976 0.019782 0.000000 0.000000 0.000000 
0.000000 0.034264 0.000000 0.000000 0.034264 0.000000 
0.000000 0.044235 0.000000 0.000000 0.027976 0.000000 
0.039565 0.000000 0.000000 0.000000 0.027976 0.000000 
0.000000 0.000000 0.000000 0.000000 0.000000 0.000000 
0.062557 0.000000 0.000000 0.034264 0.000000 0.019782 
0.000000 0.000000 0.019782 0.000000 0.000000 0.000000 
0.000000 0.039565 0.027976 0.000000 0.000000 0.000000 
0.000000 0.000000 0.000000 0.019782 0.034264 0.034264 
0.000000 0.019782 0.000000 0.000000 0.000000 0.000000 
0.000000 0.000000 0.027976 0.027976 0.044235 0.000000 
0.000000 0.000000 0.027976 0.019782 0.000000 0.000000 
0.000000 0.048457 0.000000 0.062557 0.000000 0.019782 
0.000000 0.000000 0.027976 0.055953 0.039565 0.000000 
0.000000 0.039565 0.000000 0.000000 0.034264 0.000000 
0.052339 0.000000 0.027976 0.019782 0.000000 0.000000 
0.065611 0.034264 0.044235 0.027976 0.034264 0.000000 
0.000000 0.000000 0.000000 0.019782 0.000000 0.000000 
0.000000 0.027976 0.027976 0.019782 0.019782 0.000000 
0.019782 0.000000 0.000000 0.000000 0.048457 0.027976 
0.000000 0.027976 0.000000 0.000000 0.027976 0.000000 
0.000000 0.019782 0.027976 0.000000 0.000000 0.000000 
0.000000 0.027976 0.039565 0.000000 0.027976 0.027976 
0.000000 0.027976 0.000000 0.000000 0.000000 0.000000 
0.000000 0.027976 0.039565 0.000000 0.034264 0.027976 
0.039565 0.000000 0.019782 0.000000 0.000000 0.000000 
0.059347 0.000000 0.055953 0.000000 0.000000 0.000000 
0.000000 0.044235 0.000000 0.000000 0.000000 0.027976 
0.000000 0.000000 0.027976 0.000000 0.000000 0.000000 
0.000000 0.000000 0.000000 0.034264 0.027976 0.000000 
0.039565 0.000000 0.000000 0.000000 0.000000 0.000000 
0.052339 0.000000 0.000000 0.000000 0.027976 0.039565 
0.000000 0.027976 0.027976 0.019782 0.000000 0.000000 
0.000000 0.019782 0.000000 0.044235 0.000000 0.027976 
0.000000 0.000000 0.000000 0.000000 0.000000 0.034264 
0.000000 0.000000 0.000000 0.000000 0.034264 0.027976 
0.000000 0.000000 0.027976 0.039565 0.019782 0.027976 
0.034264 0.000000 0.019782 0.027976 0.027976 0.000000 
0.048457 0.000000 0.000000 0.000000 0.000000 0.034264 
0.039565 0.000000 0.000000 0.000000 0.000000 0.000000 
0.000000 0.000000 0.019782 0.000000 0.000000 0.034264 
0.000000 0.000000 0.048457 0.000000 0.000000 0.000000 
0.000000 0.000000 0.000000 0.000000 0.000000 0.027976 
0.000000 0.000000 0.000000 0.000000 0.000000 0.000000 
0.000000 0.000000 0.019782 0.000000 0.039565 0.000000 
0.000000 0.027976 0.000000 0.000000 0.000000 0.000000 
0.000000 0.034264 0.000000 0.027976 0.039565 0.000000 
0.000000 0.000000 0.044235 0.034264 0.000000 0.000000 
0.048457 0.000000 0.027976 0.000000 0.000000 0.000000 
0.000000 0.000000 0.019782 0.000000 0.000000 0.000000 
0.019782 0.000000 0.059347 0.000000 0.000000 0.000000 
0.000000 0.000000 0.000000 0.048457 0.034264 0.027976 
0.000000 0.019782 0.000000 0.000000 0.000000 0.019782 
0.000000 0.000000 0.044235 0.000000 0.000000 0.034264 
0.000000 0.000000 0.000000 0.000000 0.034264 0.000000 
0.000000 0.027976 0.000000 0.000000 0.000000 0.000000 
0.000000 0.048457 0.039565 0.000000 0.000000 0.000000 
0.000000 0.000000 0.019782 0.000000 0.048457 0.019782 
0.000000 0.019782 0.000000 0.000000 0.027976 0.000000 
0.000000 0.000000 0.000000 0.039565 0.000000 0.000000 
0.000000 0.019782 0.052339 0.000000 0.000000 0.034264 
0.000000 0.000000 0.000000 0.000000 0.019782 0.000000 
0.027976 0.034264 0.027976 0.000000 0.000000 0.019782 
0.000000 0.000000 0.000000 0.019782 0.000000 0.000000 
0.000000 0.000000 0.000000 0.000000 0.000000 0.000000 
0.000000 0.019782 0.000000 0.039565 0.000000 0.000000 
0.000000 0.000000 0.000000 0.019782 0.019782 0.019782 
0.000000 0.019782 0.000000 0.027976 0.000000 0.027976 
0.000000 0.000000 0.000000 0.027976 0.000000 0.000000 
0.000000 0.000000 0.000000 0.044235 0.000000 0.000000 
0.062557 0.027976 0.000000 0.000000 0.000000 0.000000 
0.000000 0.000000 0.000000 0.000000 0.019782 0.027976 
0.000000 0.000000 0.000000 0.027976 0.000000 0.000000 
0.027976 0.000000 0.027976 0.000000 0.000000 0.000000 
0.059347 0.000000 0.000000 0.000000 0.039565 0.027976 
0.048457 0.048457 0.034264 0.000000 0.000000 0.027976 
0.000000 0.000000 0.000000 0.000000 0.000000 0.000000 
0.034264 0.000000 0.000000 0.000000 0.000000 0.000000 
0.000000 0.000000 0.000000 0.027976 0.034264 0.019782 
0.027976 0.019782 0.019782 0.000000 0.000000 0.027976 
0.000000 0.000000 0.027976 0.000000 0.027976 0.027976 
0.000000 0.027976 0.019782 0.034264 0.000000 0.000000 
0.055953 0.000000 0.000000 0.034264 0.000000 0.048457 
0.048457 0.034264 0.000000 0.034264 0.000000 0.034264 
0.000000 0.000000 0.000000 0.000000 0.000000 0.000000 
0.000000 0.034264 0.027976 0.000000 0.000000 0.000000 
0.000000 0.052339 0.048457 0.000000 0.000000 0.000000 
0.000000 0.000000 0.039565 0.000000 0.000000 0.027976 
0.000000 0.039565 0.052339 0.019782 0.039565 0.039565 
0.055953 0.000000 0.034264 0.000000 0.000000 0.000000 
0.074019 0.027976 0.019782 0.000000 0.000000 0.019782 
0.000000 0.027976 0.027976 0.019782 0.000000 0.034264 
0.000000 0.000000 0.000000 0.000000 0.019782 0.019782 
0.000000 0.000000 0.039565 0.000000 0.027976 0.019782 
0.039565 0.027976 0.000000 0.000000 0.019782 0.027976 
0.039565 0.000000 0.052339 0.000000 0.000000 0.019782 
0.034264 0.027976 0.000000 0.000000 0.034264 0.048457 
0.000000 0.000000 0.027976 0.027976 0.000000 0.000000 
0.048457 0.019782 0.019782 0.000000 0.000000 0.044235 
0.048457 0.000000 0.000000 0.000000 0.000000 0.000000 
0.076617 0.027976 0.000000 0.000000 0.000000 0.000000 
0.000000 0.000000 0.000000 0.000000 0.019782 0.019782 
0.000000 0.027976 0.019782 0.000000 0.000000 0.027976 
0.000000 0.034264 0.027976 0.000000 0.019782 0.000000 
0.000000 0.000000 0.000000 0.027976 0.000000 0.027976 
0.027976 0.019782 0.000000 0.000000 0.027976 0.000000 
0.000000 0.000000 0.000000 0.039565 0.019782 0.019782 
0.000000 0.039565 0.044235 0.000000 0.000000 0.000000 
0.000000 0.034264 0.000000 0.000000 0.000000 0.019782 
0.039565 0.019782 0.027976 0.000000 0.000000 0.000000 
0.000000 0.000000 0.027976 0.000000 0.000000 0.000000 
0.062557 0.048457 0.044235 0.000000 0.027976 0.000000 
0.000000 0.027976 0.055953 0.000000 0.000000 0.019782 
0.000000 0.000000 0.000000 0.000000 0.000000 0.034264 
0.059347 0.027976 0.052339 0.000000 0.000000 0.039565 
0.000000 0.039565 0.027976 0.019782 0.000000 0.000000 
0.052339 0.000000 0.000000 0.000000 0.000000 0.027976 
0.000000 0.027976 0.039565 0.000000 0.000000 0.000000 
0.000000 0.039565 0.027976 0.000000 0.019782 0.019782 
0.000000 0.000000 0.000000 0.000000 0.019782 0.044235 
0.000000 0.034264 0.000000 0.000000 0.000000 0.000000 
0.034264 0.034264 0.000000 0.027976 0.000000 0.000000 
0.055953 0.044235 0.000000 0.000000 0.000000 0.000000 
0.071326 0.000000 0.048457 0.019782 0.000000 0.027976 
0.000000 0.027976 0.000000 0.000000 0.000000 0.000000 
0.000000 0.000000 0.039565 0.027976 0.019782 0.000000 
0.027976 0.000000 0.039565 0.000000 0.027976 0.000000 
0.000000 0.000000 0.000000 0.027976 0.019782 0.000000 
0.000000 0.000000 0.039565 0.000000 0.000000 0.000000 
0.000000 0.000000 0.000000 0.000000 0.000000 0.000000 
0.000000 0.044235 0.034264 0.000000 0.000000 0.019782 
0.000000 0.034264 0.000000 0.034264 0.000000 0.000000 
0.000000 0.000000 0.027976 0.000000 0.000000 0.039565 
0.000000 0.000000 0.039565 0.000000 0.000000 0.019782 
0.000000 0.039565 0.000000 0.019782 0.027976 0.000000 
0.000000 0.000000 0.019782 0.000000 0.034264 0.000000 
0.000000 0.039565 0.027976 0.000000 0.000000 0.019782 
0.039565 0.027976 0.027976 0.000000 0.000000 0.034264 
0.000000 0.000000 0.000000 0.034264 0.027976 0.034264 
0.019782 0.034264 0.027976 0.034264 0.000000 0.000000 
0.044235 0.000000 0.000000 0.000000 0.000000 0.039565 
0.000000 0.000000 0.000000 0.034264 0.000000 0.027976 
0.000000 0.019782 0.000000 0.000000 0.000000 0.019782 
0.039565 0.000000 0.000000 0.000000 0.027976 0.000000 
0.068528 0.048457 0.019782 0.019782 0.000000 0.034264 
0.000000 0.000000 0.000000 0.019782 0.000000 0.027976 
0.000000 0.019782 0.019782 0.000000 0.000000 0.000000 
0.000000 0.000000 0.000000 0.000000 0.027976 0.000000 
0.000000 0.027976 0.000000 0.039565 0.000000 0.027976 
0.027976 0.048457 0.000000 0.000000 0.000000 0.000000 
0.000000 0.000000 0.000000 0.019782 0.000000 0.000000 
0.079129 0.000000 0.000000 0.000000 0.019782 0.000000 
0.000000 0.000000 0.000000 0.000000 0.000000 0.027976 
0.062557 0.000000 0.000000 0.000000 0.000000 0.000000 
0.000000 0.000000 0.039565 0.000000 0.027976 0.034264 
0.000000 0.000000 0.000000 0.000000 0.000000 0.000000 
0.000000 0.000000 0.027976 0.019782 0.039565 0.000000 
0.027976 0.000000 0.027976 0.000000 0.000000 0.019782 
0.055953 0.027976 0.000000 0.000000 0.000000 0.000000 
0.000000 0.000000 0.000000 0.000000 0.000000 0.000000 
0.027976 0.000000 0.000000 0.000000 0.034264 0.027976 
0.000000 0.000000 0.000000 0.000000 0.000000 0.000000 
0.000000 0.000000 0.000000 0.000000 0.000000 0.048457 
0.000000 0.039565 0.000000 0.019782 0.000000 0.000000 
0.000000 0.000000 0.000000 0.027976 0.000000 0.000000 
0.034264 0.000000 0.000000 0.048457 0.019782 0.039565 
0.000000 0.048457 0.000000 0.000000 0.019782 0.000000 
0.000000 0.000000 0.019782 0.034264 0.000000 0.000000 
0.027976 0.000000 0.000000 0.000000 0.000000 0.000000 
0.048457 0.039565 0.000000 0.000000 0.000000 0.000000 
0.000000 0.034264 0.000000 0.000000 0.000000 0.000000 
0.039565 0.000000 0.039565 0.000000 0.000000 0.000000 
0.000000 0.019782 0.000000 0.019782 0.000000 0.000000 
0.000000 0.027976 0.027976 0.000000 0.019782 0.000000 
0.000000 0.027976 0.000000 0.000000 0.027976 0.000000 
0.000000 0.000000 0.000000 0.000000 0.027976 0.039565 
0.000000 0.000000 0.000000 0.019782 0.027976 0.000000 
0.000000 0.000000 0.019782 0.000000 0.000000 0.027976 
0.000000 0.027976 0.000000 0.039565 0.000000 0.019782 
0.019782 0.000000 0.062557 0.000000 0.000000 0.000000 
0.044235 0.000000 0.027976 0.000000 0.000000 0.000000 
0.065611 0.048457 0.019782 0.000000 0.027976 0.000000 
0.000000 0.000000 0.000000 0.034264 0.048457 0.000000 
0.000000 0.000000 0.055953 0.027976 0.000000 0.027976 
0.000000 0.000000 0.000000 0.027976 0.044235 0.019782 
0.000000 0.000000 0.000000 0.019782 0.000000 0.027976 
0.019782 0.000000 0.039565 0.034264 0.000000 0.000000 
0.000000 0.062557 0.000000 0.000000 0.000000 0.027976 
0.000000 0.000000 0.039565 0.000000 0.000000 0.000000 
0.071326 0.027976 0.000000 0.000000 0.000000 0.000000 
0.048457 0.000000 0.000000 0.000000 0.000000 0.000000 
0.000000 0.019782 0.000000 0.000000 0.000000 0.000000 
0.055953 0.000000 0.000000 0.000000 0.000000 0.000000 
0.027976 0.000000 0.000000 0.000000 0.000000 0.019782 
0.000000 0.000000 0.027976 0.000000 0.034264 0.000000 
0.000000 0.019782 0.034264 0.000000 0.000000 0.000000 
0.000000 0.039565 0.027976 0.000000 0.027976 0.000000 
0.000000 0.027976 0.019782 0.000000 0.027976 0.019782 
0.000000 0.000000 0.000000 0.039565 0.044235 0.034264 
0.000000 0.000000 0.019782 0.000000 0.000000 0.000000 
0.000000 0.039565 0.027976 0.000000 0.027976 0.039565 
0.000000 0.019782 0.027976 0.000000 0.000000 0.027976 
0.000000 0.019782 0.019782 0.027976 0.000000 0.000000 
0.000000 0.000000 0.000000 0.000000 0.000000 0.000000 
0.019782 0.027976 0.027976 0.034264 0.000000 0.000000 
0.000000 0.000000 0.000000 0.000000 0.048457 0.000000 
0.034264 0.000000 0.000000 0.000000 0.000000 0.027976 
0.000000 0.034264 0.000000 0.000000 0.027976 0.000000 
0.079129 0.000000 0.000000 0.000000 0.000000 0.027976 
0.039565 0.000000 0.039565 0.000000 0.000000 0.000000 
0.000000 0.055953 0.000000 0.000000 0.000000 0.000000 
0.000000 0.000000 0.000000 0.000000 0.000000 0.019782 
0.027976 0.048457 0.027976 0.000000 0.027976 0.000000 
0.000000 0.000000 0.000000 0.000000 0.019782 0.000000 
0.000000 0.000000 0.048457 0.000000 0.000000 0.027976 
0.059347 0.027976 0.019782 0.000000 0.000000 0.019782 
0.000000 0.000000 0.039565 0.000000 0.000000 0.027976 
0.034264 0.034264 0.000000 0.000000 0.000000 0.000000 
0.000000 0.027976 0.044235 0.000000 0.000000 0.000000 
0.034264 0.044235 0.034264 0.027976 0.034264 0.000000 
0.000000 0.000000 0.000000 0.027976 0.000000 0.000000 
0.039565 0.000000 0.034264 0.000000 0.027976 0.000000 
0.027976 0.000000 0.000000 0.000000 0.019782 0.000000 
0.000000 0.019782 0.000000 0.019782 0.000000 0.000000 
0.000000 0.000000 0.000000 0.000000 0.000000 0.000000 
0.044235 0.000000 0.000000 0.039565 0.000000 0.000000 
0.019782 0.055953 0.000000 0.000000 0.019782 0.034264 
0.000000 0.000000 0.000000 0.039565 0.000000 0.027976 
0.027976 0.000000 0.034264 0.000000 0.000000 0.034264 
0.000000 0.019782 0.000000 0.000000 0.019782 0.019782 
0.000000 0.019782 0.027976 0.000000 0.000000 0.034264 
0.068528 0.019782 0.000000 0.000000 0.000000 0.000000 
0.000000 0.019782 0.000000 0.000000 0.019782 0.034264 
0.000000 0.000000 0.019782 0.000000 0.000000 0.000000 
0.000000 0.000000 0.000000 0.000000 0.000000 0.027976 
0.000000 0.000000 0.000000 0.000000 0.027976 0.000000 
0.048457 0.000000 0.000000 0.000000 0.000000 0.027976 
0.039565 0.000000 0.000000 0.027976 0.019782 0.000000 
0.000000 0.000000 0.000000 0.000000 0.034264 0.000000 
0.039565 0.000000 0.027976 0.000000 0.000000 0.000000 
0.000000 0.000000 0.000000 0.000000 0.000000 0.000000 
0.027976 0.000000 0.000000 0.027976 0.000000 0.000000 
0.000000 0.000000 0.048457 0.000000 0.000000 0.027976 
0.000000 0.000000 0.000000 0.000000 0.000000 0.027976 
0.000000 0.000000 0.039565 0.039565 0.000000 0.019782 
0.000000 0.027976 0.000000 0.000000 0.000000 0.027976 
0.000000 0.048457 0.000000 0.034264 0.000000 0.000000 
0.000000 0.000000 0.000000 0.000000 0.000000 0.027976 
0.039565 0.000000 0.000000 0.048457 0.034264 0.000000 
0.027976 0.000000 0.000000 0.000000 0.000000 0.019782 
0.000000 0.000000 0.000000 0.000000 0.000000 0.000000 
0.048457 0.027976 0.039565 0.000000 0.000000 0.027976 
0.019782 0.027976 0.000000 0.039565 0.000000 0.019782 
0.027976 0.019782 0.027976 0.044235 0.000000 0.000000 
0.044235 0.027976 0.000000 0.000000 0.027976 0.000000 
0.039565 0.027976 0.000000 0.000000 0.000000 0.019782 
0.000000 0.000000 0.000000 0.000000 0.000000 0.027976 
0.000000 0.027976 0.000000 0.027976 0.027976 0.039565 
0.048457 0.000000 0.019782 0.019782 0.000000 0.000000 
0.055953 0.039565 0.000000 0.000000 0.027976 0.000000 
0.039565 0.044235 0.000000 0.034264 0.027976 0.000000 
0.027976 0.000000 0.000000 0.000000 0.000000 0.027976 
0.000000 0.000000 0.000000 0.027976 0.000000 0.000000 
0.000000 0.000000 0.000000 0.000000 0.000000 0.000000 
0.055953 0.048457 0.000000 0.000000 0.000000 0.000000 
0.000000 0.000000 0.000000 0.000000 0.000000 0.019782 
0.019782 0.000000 0.019782 0.000000 0.000000 0.000000 
0.000000 0.000000 0.000000 0.019782 0.039565 0.000000 
0.059347 0.027976 0.000000 0.027976 0.000000 0.000000 
0.000000 0.000000 0.019782 0.000000 0.000000 0.039565 
0.000000 0.000000 0.027976 0.000000 0.000000 0.000000 
0.000000 0.000000 0.034264 0.000000 0.000000 0.019782 
0.000000 0.000000 0.000000 0.000000 0.000000 0.019782 
0.000000 0.000000 0.027976 0.048457 0.000000 0.000000 
0.055953 0.000000 0.000000 0.000000 0.000000 0.019782 
0.000000 0.000000 0.027976 0.000000 0.000000 0.027976 
0.000000 0.044235 0.000000 0.039565 0.027976 0.000000 
0.000000 0.000000 0.000000 0.027976 0.000000 0.027976 
0.027976 0.000000 0.034264 0.000000 0.000000 0.027976 
0.048457 0.027976 0.034264 0.000000 0.000000 0.000000 
0.000000 0.000000 0.000000 0.000000 0.000000 0.000000 
0.000000 0.027976 0.000000 0.000000 0.027976 0.034264 
0.000000 0.000000 0.019782 0.000000 0.000000 0.039565 
0.000000 0.039565 0.000000 0.000000 0.000000 0.027976 
0.039565 0.000000 0.000000 0.000000 0.000000 0.000000 
0.048457 0.000000 0.000000 0.000000 0.027976 0.000000 
0.000000 0.034264 0.039565 0.000000 0.000000 0.000000 
0.076617 0.000000 0.000000 0.000000 0.000000 0.000000 
0.052339 0.000000 0.027976 0.019782 0.027976 0.039565 
0.000000 0.048457 0.000000 0.019782 0.000000 0.000000 
0.062557 0.000000 0.039565 0.000000 0.027976 0.000000 
0.052339 0.000000 0.000000 0.027976 0.019782 0.000000 
0.000000 0.034264 0.000000 0.027976 0.000000 0.027976 
0.000000 0.000000 0.052339 0.027976 0.000000 0.019782 
0.000000 0.000000 0.034264 0.000000 0.000000 0.000000 
0.000000 0.039565 0.027976 0.000000 0.000000 0.048457 
0.000000 0.000000 0.000000 0.000000 0.048457 0.027976 
0.000000 0.000000 0.000000 0.000000 0.000000 0.039565 
0.027976 0.000000 0.027976 0.000000 0.019782 0.000000 
0.000000 0.000000 0.000000 0.027976 0.039565 0.034264 
0.039565 0.027976 0.000000 0.000000 0.000000 0.000000 
0.048457 0.034264 0.044235 0.039565 0.027976 0.019782 
0.000000 0.044235 0.000000 0.027976 0.000000 0.052339 
0.000000 0.000000 0.000000 0.000000 0.000000 0.000000 
0.000000 0.000000 0.000000 0.027976 0.039565 0.000000 
0.000000 0.000000 0.000000 0.000000 0.000000 0.000000 
0.000000 0.000000 0.039565 0.019782 0.027976 0.027976 
0.039565 0.000000 0.034264 0.000000 0.019782 0.027976 
0.000000 0.000000 0.034264 0.019782 0.039565 0.019782 
0.000000 0.000000 0.000000 0.019782 0.000000 0.000000 
0.000000 0.027976 0.000000 0.000000 0.000000 0.039565 
0.000000 0.000000 0.027976 0.027976 0.039565 0.019782 
0.000000 0.000000 0.000000 0.000000 0.000000 0.000000 
0.027976 0.052339 0.000000 0.000000 0.034264 0.000000 
0.000000 0.027976 0.034264 0.000000 0.000000 0.000000 
0.039565 0.000000 0.000000 0.000000 0.000000 0.027976 
0.039565 0.000000 0.000000 0.000000 0.000000 0.027976 
0.000000 0.000000 0.000000 0.034264 0.000000 0.000000 
0.000000 0.000000 0.000000 0.039565 0.027976 0.019782 
0.000000 0.000000 0.000000 0.000000 0.000000 0.027976 
0.000000 0.034264 0.034264 0.027976 0.019782 0.019782 
0.048457 0.000000 0.000000 0.000000 0.000000 0.000000 
0.000000 0.000000 0.000000 0.000000 0.000000 0.000000 
0.000000 0.019782 0.019782 0.000000 0.034264 0.000000 
0.000000 0.034264 0.000000 0.039565 0.048457 0.027976 
0.039565 0.000000 0.000000 0.000000 0.000000 0.000000 
0.034264 0.000000 0.039565 0.034264 0.019782 0.000000 
0.034264 0.000000 0.000000 0.027976 0.000000 0.000000 
0.000000 0.019782 0.000000 0.019782 0.019782 0.027976 
0.039565 0.044235 0.034264 0.000000 0.027976 0.019782 
0.000000 0.000000 0.000000 0.000000 0.027976 0.000000 
0.000000 0.000000 0.048457 0.039565 0.000000 0.039565 
0.019782 0.000000 0.000000 0.000000 0.027976 0.027976 
0.034264 0.000000 0.000000 0.000000 0.000000 0.019782 
0.027976 0.044235 0.000000 0.000000 0.000000 0.000000 
0.000000 0.039565 0.000000 0.000000 0.034264 0.000000 
0.000000 0.027976 0.000000 0.000000 0.000000 0.000000 
0.000000 0.000000 0.000000 0.019782 0.019782 0.000000 
0.000000 0.000000 0.000000 0.027976 0.000000 0.000000 
0.000000 0.000000 0.027976 0.000000 0.000000 0.000000 
0.000000 0.019782 0.000000 0.027976 0.000000 0.000000 
0.000000 0.000000 0.000000 0.000000 0.000000 0.019782 
0.039565 0.039565 0.027976 0.000000 0.000000 0.000000 
0.027976 0.000000 0.000000 0.000000 0.000000 0.019782 
0.000000 0.000000 0.027976 0.000000 0.027976 0.019782 
0.000000 0.048457 0.000000 0.019782 0.000000 0.034264 
0.019782 0.000000 0.000000 0.000000 0.027976 0.000000 
0.034264 0.044235 0.019782 0.052339 0.000000 0.000000 
0.039565 0.039565 0.000000 0.034264 0.000000 0.000000 
0.000000 0.000000 0.000000 0.000000 0.000000 0.000000 
0.000000 0.019782 0.000000 0.000000 0.000000 0.000000 
0.000000 0.000000 0.000000 0.000000 0.000000 0.039565 
0.000000 0.000000 0.000000 0.000000 0.000000 0.000000 
0.000000 0.027976 0.027976 0.000000 0.000000 0.000000 
0.027976 0.000000 0.027976 0.019782 0.000000 0.000000 
0.000000 0.000000 0.000000 0.019782 0.034264 0.000000 
0.000000 0.000000 0.019782 0.027976 0.027976 0.034264 
0.000000 0.039565 0.034264 0.039565 0.000000 0.034264 
0.000000 0.034264 0.027976 0.000000 0.000000 0.027976 
0.000000 0.000000 0.027976 0.039565 0.000000 0.000000 
0.027976 0.000000 0.027976 0.000000 0.000000 0.000000 
0.000000 0.039565 0.019782 0.000000 0.027976 0.019782 
0.000000 0.019782 0.000000 0.000000 0.000000 0.000000 
0.000000 0.044235 0.000000 0.039565 0.044235 0.000000 
0.000000 0.000000 0.000000 0.034264 0.019782 0.027976 
0.000000 0.027976 0.000000 0.000000 0.000000 0.019782 
0.068528 0.000000 0.039565 0.000000 0.000000 0.019782 
0.000000 0.019782 0.000000 0.027976 0.034264 0.000000 
0.000000 0.052339 0.027976 0.000000 0.000000 0.000000 
0.000000 0.000000 0.000000 0.019782 0.000000 0.000000 
0.000000 0.000000 0.000000 0.000000 0.019782 0.000000 
0.000000 0.000000 0.000000 0.000000 0.039565 0.000000 
0.000000 0.039565 0.000000 0.000000 0.027976 0.000000 
0.000000 0.000000 0.000000 0.000000 0.000000 0.000000 
0.000000 0.000000 0.000000 0.044235 0.027976 0.019782 
0.019782 0.000000 0.019782 0.039565 0.027976 0.000000 
0.052339 0.000000 0.000000 0.039565 0.000000 0.000000 
0.000000 0.000000 0.000000 0.000000 0.000000 0.027976 
0.000000 0.000000 0.000000 0.000000 0.027976 0.000000 
0.027976 0.000000 0.000000 0.000000 0.027976 0.000000 
0.059347 0.000000 0.000000 0.027976 0.027976 0.027976 
0.000000 0.000000 0.027976 0.039565 0.000000 0.019782 
0.034264 0.048457 0.000000 0.000000 0.027976 0.000000 
0.034264 0.000000 0.000000 0.034264 0.000000 0.000000 
0.000000 0.019782 0.027976 0.000000 0.000000 0.027976 
0.000000 0.000000 0.000000 0.044235 0.027976 0.000000 
0.000000 0.000000 0.000000 0.019782 0.000000 0.000000 
0.000000 0.019782 0.000000 0.000000 0.000000 0.019782 
0.000000 0.027976 0.052339 0.000000 0.039565 0.019782 
0.027976 0.000000 0.059347 0.000000 0.019782 0.019782 
0.027976 0.000000 0.000000 0.000000 0.000000 0.000000 
0.000000 0.000000 0.019782 0.000000 0.000000 0.000000 
0.048457 0.000000 0.027976 0.000000 0.000000 0.000000 
0.000000 0.027976 0.027976 0.000000 0.000000 0.000000 
0.000000 0.039565 0.000000 0.039565 0.000000 0.000000 
0.000000 0.000000 0.000000 0.000000 0.027976 0.000000 
0.027976 0.048457 0.027976 0.000000 0.039565 0.000000 
0.000000 0.039565 0.000000 0.039565 0.000000 0.000000 
0.000000 0.000000 0.000000 0.039565 0.000000 0.000000 
0.000000 0.027976 0.019782 0.034264 0.000000 0.000000 
0.000000 0.000000 0.027976 0.000000 0.000000 0.019782 
0.027976 0.027976 0.019782 0.019782 0.000000 0.019782 
0.000000 0.000000 0.000000 0.034264 0.027976 0.000000 
0.048457 0.000000 0.027976 0.000000 0.000000 0.000000 
0.000000 0.000000 0.039565 0.034264 0.000000 0.027976 
0.000000 0.000000 0.027976 0.000000 0.000000 0.039565 
0.000000 0.000000 0.034264 0.039565 0.000000 0.039565 
0.000000 0.019782 0.000000 0.000000 0.000000 0.000000 
0.000000 0.000000 0.027976 0.000000 0.034264 0.000000 
0.055953 0.000000 0.027976 0.000000 0.000000 0.000000 
0.000000 0.000000 0.019782 0.000000 0.027976 0.000000 
0.000000 0.000000 0.000000 0.000000 0.027976 0.000000 
0.019782 0.000000 0.019782 0.000000 0.000000 0.000000 
0.044235 0.039565 0.000000 0.027976 0.000000 0.000000 
0.000000 0.000000 0.027976 0.019782 0.000000 0.039565 
0.000000 0.000000 0.000000 0.044235 0.000000 0.000000 
0.000000 0.000000 0.000000 0.000000 0.027976 0.000000 
0.062557 0.044235 0.000000 0.000000 0.000000 0.000000 
0.000000 0.039565 0.034264 0.000000 0.019782 0.000000 
0.000000 0.039565 0.034264 0.000000 0.000000 0.034264 
0.000000 0.027976 0.000000 0.000000 0.000000 0.019782 
0.019782 0.048457 0.027976 0.000000 0.048457 0.000000 
0.000000 0.000000 0.000000 0.000000 0.000000 0.000000 
0.000000 0.000000 0.000000 0.000000 0.000000 0.019782 
0.000000 0.052339 0.000000 0.027976 0.000000 0.027976 
0.000000 0.039565 0.000000 0.019782 0.000000 0.027976 
0.034264 0.039565 0.000000 0.039565 0.027976 0.019782 
0.000000 0.000000 0.048457 0.000000 0.019782 0.000000 
0.034264 0.027976 0.027976 0.000000 0.019782 0.027976 
0.000000 0.000000 0.000000 0.000000 0.027976 0.034264 
0.062557 0.000000 0.000000 0.000000 0.000000 0.000000 
0.044235 0.000000 0.039565 0.000000 0.000000 0.000000 
0.027976 0.000000 0.000000 0.000000 0.000000 0.000000 
0.068528 0.000000 0.000000 0.039565 0.000000 0.000000 
0.000000 0.039565 0.019782 0.019782 0.000000 0.019782 
0.027976 0.000000 0.000000 0.000000 0.000000 0.027976 
0.027976 0.039565 0.019782 0.039565 0.000000 0.019782 
0.019782 0.027976 0.000000 0.000000 0.000000 0.027976 
0.000000 0.044235 0.039565 0.000000 0.000000 0.000000 
0.000000 0.027976 0.000000 0.000000 0.000000 0.000000 
0.000000 0.019782 0.039565 0.000000 0.000000 0.000000 
0.039565 0.000000 0.019782 0.039565 0.000000 0.000000 
0.000000 0.039565 0.027976 0.000000 0.019782 0.019782 
0.000000 0.000000 0.027976 0.000000 0.000000 0.027976 
0.000000 0.000000 0.000000 0.000000 0.027976 0.000000 
0.000000 0.000000 0.034264 0.034264 0.000000 0.019782 
0.000000 0.000000 0.000000 0.000000 0.000000 0.034264 
0.000000 0.000000 0.027976 0.000000 0.027976 0.034264 
0.039565 0.000000 0.000000 0.000000 0.000000 0.000000 
0.048457 0.044235 0.000000 0.027976 0.000000 0.027976 
0.052339 0.055953 0.000000 0.000000 0.000000 0.000000 
0.000000 0.027976 0.000000 0.000000 0.055953 0.000000 
0.034264 0.000000 0.000000 0.027976 0.000000 0.000000 
