3.620759 
1.494870 
1.284439 
0.826477 
0.814564 
0.591979 
0.662713 
0.612801 
0.585486 
1.096571 
0.767267 
1.230477 
0.601920 
1.263124 
0.572408 
1.200238 
0.774216 
0.922503 
0.652666 
1.045234 
1.121437 
1.940738 
0.905792 
1.054190 
1.188751 
0.627435 
0.850406 
2.089975 
3.740448 
1.767862 
1.370863 
0.725035 
1.134849 
0.522579 
0.727264 
0.766802 
0.963803 
0.484320 
0.679065 
0.627706 
1.298651 
0.595182 
0.683231 
0.651106 
0.659017 
0.675644 
0.428005 
1.187616 
1.527057 
0.425566 
2.053731 
1.408051 
0.929370 
1.972078 
0.457811 
1.306766 
1.246339 
0.761951 
1.043357 
1.127711 
0.922160 
1.303005 
0.182317 
0.892149 
1.563406 
0.979788 
1.177539 
1.207637 
2.462900 
1.206088 
0.556544 
1.621739 
1.939828 
1.658291 
1.174253 
0.915627 
0.646873 
1.776289 
0.822685 
1.359547 
0.523339 
0.747464 
0.719697 
0.668789 
0.805884 
0.935509 
0.493107 
0.874440 
0.809201 
0.525939 
1.228764 
0.505483 
1.186483 
0.900938 
0.633367 
0.597189 
0.464966 
1.919327 
0.469811 
0.646340 
0.368007 
0.705619 
1.222133 
0.837292 
1.199834 
0.901460 
1.810176 
0.283806 
0.712312 
0.728429 
0.885415 
0.131855 
0.481949 
0.793667 
0.583951 
1.308102 
0.606815 
0.921874 
0.937027 
0.461959 
0.539943 
0.558064 
0.712256 
0.843540 
1.125667 
0.840079 
0.470835 
0.610872 
0.444434 
0.653809 
0.932265 
1.029793 
1.143752 
0.596449 
1.112602 
0.496688 
1.254812 
0.504255 
1.152238 
0.384294 
1.416794 
0.323932 
0.332408 
0.370581 
0.794376 
0.447413 
0.409428 
1.142290 
0.354550 
0.647346 
0.534228 
0.868449 
0.454525 
0.390450 
0.665139 
0.395957 
0.642308 
0.425014 
0.916544 
0.533119 
0.320365 
0.772167 
1.653428 
0.682891 
0.593164 
0.536108 
0.990399 
0.641904 
0.700169 
1.365024 
0.987496 
0.778191 
1.031344 
0.413198 
1.249734 
0.927311 
2.020839 
0.783306 
0.353887 
0.996518 
0.466645 
0.690112 
0.395969 
0.640981 
0.825626 
0.639436 
1.906570 
0.504111 
0.732014 
0.847291 
0.733301 
0.569147 
1.217378 
0.345805 
0.831635 
1.376836 
0.119565 
0.469039 
0.820696 
1.017642 
0.256944 
0.708270 
0.343266 
0.236435 
0.894387 
0.757098 
0.552737 
0.878281 
3.010216 
0.425466 
0.756538 
0.495341 
0.816708 
1.707998 
0.115575 
0.865511 
0.791680 
0.729222 
0.720393 
0.675904 
1.264537 
0.997486 
0.857434 
0.748596 
0.921059 
0.501874 
0.572469 
0.518942 
0.606147 
1.547665 
0.692403 
0.631184 
0.670736 
1.010190 
0.579783 
0.799685 
0.871013 
0.621727 
0.853429 
0.607366 
0.815452 
1.231903 
0.215287 
1.081717 
0.708668 
0.870191 
0.584538 
0.747709 
0.243155 
1.043555 
0.911553 
0.846408 
0.844373 
0.507360 
0.767699 
0.593567 
0.609707 
0.774286 
1.031386 
0.734809 
0.984931 
0.700444 
0.818183 
0.717994 
0.913042 
0.529421 
0.392253 
0.355041 
0.922732 
0.837698 
0.708207 
1.474032 
0.670262 
0.306298 
2.213307 
0.526129 
1.058595 
0.523615 
0.512506 
0.940144 
0.781280 
0.742332 
1.156871 
0.481755 
0.360762 
0.313516 
0.836108 
0.824986 
0.521066 
0.982977 
1.157505 
0.619314 
0.840573 
0.957366 
0.966572 
0.643010 
0.621104 
0.747579 
1.480650 
0.512324 
0.919279 
0.436252 
0.994516 
0.693483 
1.023647 
1.971903 
1.242388 
0.897230 
0.679735 
0.672762 
0.205540 
0.455679 
0.229805 
0.703895 
0.807226 
0.462852 
0.201747 
0.602654 
1.291659 
0.711261 
0.665395 
1.052074 
0.616136 
0.531721 
1.128397 
0.850528 
0.751862 
0.440147 
0.615948 
0.836560 
0.463913 
0.511017 
0.924150 
1.274478 
0.362898 
0.494499 
0.749565 
0.721452 
0.840488 
0.305650 
1.025175 
0.941088 
0.537397 
0.726188 
0.335197 
0.300547 
0.973844 
0.534068 
0.827846 
0.626183 
0.750577 
0.701284 
0.634829 
0.531827 
0.522912 
0.639887 
0.779051 
0.873195 
0.917346 
0.830073 
1.011393 
0.605947 
0.294849 
1.734815 
0.556996 
1.218774 
0.834689 
0.882279 
0.627107 
1.294553 
1.011775 
0.669094 
1.351586 
0.359772 
0.942764 
0.660834 
0.494212 
0.276097 
1.194366 
0.723343 
0.539170 
0.438804 
0.785619 
0.238394 
0.663254 
1.177096 
1.257666 
0.667549 
0.574068 
0.710869 
0.675451 
0.457001 
0.112990 
0.866486 
0.893042 
0.649924 
1.855759 
2.079581 
0.651538 
0.701354 
0.934280 
0.870099 
0.627075 
0.588904 
0.421208 
0.855447 
0.800620 
1.125364 
0.844390 
0.523505 
0.389101 
0.468499 
0.394100 
0.551021 
0.404568 
0.449996 
0.720403 
0.466435 
0.547961 
0.651694 
0.383541 
0.932052 
0.552923 
0.662661 
0.272911 
0.177071 
0.681425 
0.669185 
1.292118 
0.708167 
0.705547 
1.130098 
1.284826 
0.744715 
0.979482 
0.397161 
0.505455 
0.679714 
0.353999 
2.007367 
0.446206 
1.100204 
0.312171 
0.746532 
0.905443 
0.647859 
0.517121 
0.406243 
0.625933 
0.653680 
0.621264 
1.629339 
0.340149 
0.770713 
0.776286 
1.493317 
0.316528 
1.722795 
0.610988 
0.957708 
1.103707 
1.909492 
0.616492 
0.882642 
0.176462 
0.798309 
0.257449 
0.772878 
0.562676 
0.822860 
0.504078 
0.347777 
0.495122 
0.905408 
0.754247 
0.663476 
0.436055 
1.258773 
0.372729 
0.260342 
0.886095 
0.547964 
0.863440 
0.385804 
0.879377 
1.994163 
0.631247 
0.790390 
0.465391 
0.560112 
0.537906 
0.240699 
0.723499 
0.357191 
1.009676 
0.638758 
0.612992 
0.674373 
0.685791 
0.901760 
1.100158 
1.220127 
0.463484 
0.397127 
1.473575 
0.689941 
0.840769 
0.604114 
0.283035 
0.214096 
1.238737 
0.538099 
0.441402 
0.335888 
0.629905 
0.499349 
1.002288 
0.683224 
0.839993 
1.457719 
0.943861 
0.392192 
0.886493 
1.543415 
0.506367 
0.528091 
0.369055 
0.696740 
0.997307 
1.002063 
0.918771 
0.648301 
1.066299 
1.103231 
0.343057 
0.256236 
0.709192 
0.361288 
1.662933 
0.769375 
0.467484 
0.620518 
0.693390 
1.094993 
0.732915 
0.436379 
0.880674 
0.701091 
0.604260 
0.896837 
1.416537 
0.793378 
0.704432 
1.366379 
0.448555 
0.594145 
0.588754 
0.191227 
0.527494 
0.399667 
1.832634 
0.585061 
0.558098 
0.716288 
0.821719 
0.387231 
0.977437 
0.340818 
0.486468 
0.986066 
0.790708 
0.316663 
0.667295 
0.880074 
2.507862 
0.828605 
0.704187 
0.513582 
0.664407 
0.685060 
1.042616 
0.533134 
0.787219 
0.509751 
0.541401 
0.405551 
0.198024 
0.764205 
1.546740 
0.635776 
0.332041 
0.535809 
0.657420 
0.869983 
0.616173 
0.851949 
0.499706 
0.614280 
0.502358 
0.625761 
