91.833946 93.612640 84.011185 90.344261 89.617638 0.000000 
92.397034 93.215179 91.835846 90.963043 86.099686 0.034264 
86.529053 93.866608 93.668350 90.287460 86.578255 0.000000 
84.772095 97.930809 96.611176 92.825073 91.472839 0.000000 
92.023743 75.601799 72.357750 75.659683 83.431824 0.019782 
91.658607 82.441132 87.402451 94.766617 84.328568 0.000000 
88.436501 81.605972 80.063187 91.348747 89.654823 0.034264 
90.098801 85.604843 90.685905 88.842728 87.877892 0.000000 
78.953568 93.185829 94.646172 88.217278 100.831062 0.027976 
89.300766 94.642860 90.587196 95.886108 91.312561 0.000000 
90.746445 83.710419 90.968277 90.904327 86.954880 0.000000 
92.323456 89.285164 88.987793 85.851219 77.997841 0.000000 
95.259415 79.767693 84.696762 85.757507 90.880249 0.000000 
93.791023 74.204651 76.833145 82.976837 83.423676 0.019782 
92.560799 93.299805 93.480591 88.015358 90.819359 0.019782 
90.452621 69.163406 78.985687 90.135063 83.880814 0.000000 
88.365707 61.644558 75.837158 83.269600 77.809258 0.000000 
85.908989 99.818802 97.582664 90.938873 92.035896 0.000000 
95.828300 76.937302 83.762733 84.469383 81.942886 0.027976 
90.603973 97.139534 99.745667 94.825493 93.830963 0.027976 
