91.466103 63.728981 47.094685 69.414879 69.570328 0.000000 
90.675751 68.152039 60.967541 74.356064 78.253014 0.000000 
85.078400 68.641876 44.198139 69.836807 58.612022 0.000000 
92.664558 65.886551 46.866581 84.345245 77.230583 0.000000 
89.549881 52.488865 47.388374 73.617432 75.227257 0.000000 
90.946060 80.399124 64.017639 77.806786 62.419064 0.000000 
91.884758 58.710945 44.743465 72.772652 81.758644 0.027976 
86.257996 68.495102 50.331730 67.852966 75.272987 0.000000 
89.220993 74.067085 43.758118 79.280060 66.999557 0.000000 
91.434669 59.562000 44.618565 70.009605 68.885155 0.027976 
87.238846 64.096695 46.704395 88.260796 61.269798 0.000000 
84.418159 89.164261 73.546822 87.694946 68.279869 0.000000 
84.032768 75.303436 52.212894 84.298210 62.225227 0.027976 
90.821037 55.576385 38.188641 77.330147 69.442047 0.000000 
85.967278 69.993690 46.444878 67.922829 61.474827 0.000000 
86.370712 71.508888 50.617126 80.780869 71.736694 0.000000 
92.228996 61.762077 44.923836 76.818764 66.735550 0.019782 
89.857758 60.347027 51.952866 76.217766 65.734215 0.000000 
91.217957 81.474106 57.815090 83.176262 105.682083 0.019782 
88.155556 54.276394 36.886810 77.377449 80.583450 0.000000 
