92.447441 84.649811 89.493965 92.684715 89.788368 0.000000 
92.010971 75.774902 93.320801 79.199791 100.308083 0.000000 
92.095535 87.618057 92.672249 94.798561 85.910522 0.000000 
90.303093 102.781944 85.461723 95.581276 85.443459 0.000000 
106.647797 71.263588 99.555466 95.673752 96.323273 0.000000 
84.530785 98.059433 89.805328 100.407394 94.144371 0.027976 
93.387802 89.954826 94.206169 95.907578 93.875885 0.000000 
94.620522 89.791008 94.074860 99.506882 90.579346 0.000000 
82.081627 91.791695 92.443237 91.585106 95.668945 0.019782 
88.034531 94.554466 89.649612 93.593071 82.677727 0.000000 
91.217140 93.713142 76.341057 99.617867 90.359116 0.000000 
89.082275 87.445915 94.307114 89.549225 94.445930 0.000000 
102.295174 81.218056 95.689034 95.079666 89.087929 0.000000 
94.004913 89.068283 86.337990 85.703232 99.789696 0.000000 
82.072464 98.586235 107.830795 95.903549 83.274986 0.000000 
96.461250 80.197197 87.549965 88.373161 95.837227 0.000000 
88.646988 94.008095 86.873116 95.249886 90.159309 0.027976 
97.592606 75.451691 98.110657 78.580765 88.751862 0.000000 
81.244232 100.910187 87.030525 80.763733 95.104614 0.000000 
98.734032 82.247200 90.605087 91.013741 87.132492 0.000000 
