Episode: 1: [[0. 0. 0.]
 [0. 0. 0.]
 [0. 0. 0.]] 
Episode: 2: [[9.9999997e-05 9.9999968e-05 9.9999961e-05]
 [9.9999990e-05 9.9984994e-05 9.9984063e-05]
 [9.9999997e-05 9.9996876e-05 9.9998811e-05]] 
Episode: 3: [[0.00019405 0.00020013 0.00019966]
 [0.00017947 0.00018676 0.00018944]
 [0.00016696 0.00019627 0.00019491]] 
Episode: 4: [[0.00027605 0.00027799 0.00027865]
 [0.00026611 0.00026226 0.00026494]
 [0.00024296 0.00027786 0.00028293]] 
Episode: 5: [[0.00036317 0.0003589  0.00036118]
 [0.00034779 0.0003393  0.00034246]
 [0.00021891 0.00036167 0.00037548]] 
Episode: 6: [[0.00044369 0.00043471 0.00043798]
 [0.00042748 0.00041222 0.00041347]
 [0.00016074 0.00043871 0.00044997]] 
Episode: 7: [[0.00053002 0.00051816 0.00052228]
 [0.000493   0.00049341 0.00049126]
 [0.00013971 0.00051647 0.00051957]] 
Episode: 8: [[4.7938220e-04 4.6752710e-04 4.7164687e-04]
 [4.4236079e-04 4.4276970e-04 4.4061788e-04]
 [8.9075584e-05 4.6582901e-04 4.6893166e-04]] 
Episode: 9: [[4.3474199e-04 4.2288689e-04 4.2700666e-04]
 [3.9772058e-04 3.9812949e-04 3.9597767e-04]
 [4.4435372e-05 4.2118880e-04 4.2429144e-04]] 
Episode: 10: [[3.9511328e-04 3.8325819e-04 3.8737795e-04]
 [3.5809187e-04 3.5850078e-04 3.5634896e-04]
 [4.8066540e-06 3.8156009e-04 3.8466274e-04]] 
Episode: 11: [[ 3.5974555e-04  3.4789048e-04  3.5201022e-04]
 [ 3.2272414e-04  3.2313308e-04  3.2098123e-04]
 [-3.0561067e-05  3.4619239e-04  3.4929501e-04]] 
Episode: 12: [[ 3.2804944e-04  3.1619438e-04  3.2031411e-04]
 [ 2.9102800e-04  2.9143694e-04  2.8928509e-04]
 [-6.2257190e-05  3.1449628e-04  3.1759887e-04]] 
Episode: 13: [[ 2.9955033e-04  2.8769526e-04  2.9181500e-04]
 [ 2.6252889e-04  2.6293783e-04  2.6078598e-04]
 [-9.0756301e-05  2.8599717e-04  2.8909976e-04]] 
Episode: 14: [[ 0.00027386  0.000262    0.00026612]
 [ 0.00023684  0.00023725  0.00023509]
 [-0.00011645  0.00026031  0.00026341]] 
Episode: 15: [[ 0.00025065  0.00023879  0.00024291]
 [ 0.00021363  0.00021404  0.00021188]
 [-0.00013966  0.00023709  0.0002402 ]] 
Episode: 16: [[ 0.00022964  0.00021779  0.00022191]
 [ 0.00019262  0.00019303  0.00019088]
 [-0.00016066  0.00021609  0.00021919]] 
Episode: 17: [[ 0.00021061  0.00019875  0.00020287]
 [ 0.00017359  0.00017399  0.00017184]
 [-0.0001797   0.00019705  0.00020016]] 
Episode: 18: [[ 0.00019334  0.00018148  0.0001856 ]
 [ 0.00015631  0.00015672  0.00015457]
 [-0.00019697  0.00017978  0.00018288]] 
Episode: 19: [[ 0.00017765  0.0001658   0.00016992]
 [ 0.00014063  0.00014104  0.00013889]
 [-0.00021266  0.0001641   0.0001672 ]] 
Episode: 20: [[ 0.0001634   0.00015154  0.00015566]
 [ 0.00012637  0.00012678  0.00012463]
 [-0.00022691  0.00014984  0.00015295]] 
Episode: 21: [[ 0.00015043  0.00013858  0.0001427 ]
 [ 0.00011341  0.00011382  0.00011167]
 [-0.00023987  0.00013688  0.00013998]] 
Episode: 22: [[ 1.3863677e-04  1.2678170e-04  1.3090143e-04]
 [ 1.0161534e-04  1.0202428e-04  9.9872428e-05]
 [-2.5166984e-04  1.2508361e-04  1.2818619e-04]] 
Episode: 23: [[ 1.27900479e-04  1.16045412e-04  1.20165147e-04]
 [ 9.08790535e-05  9.12879914e-05  8.91361415e-05]
 [-2.62406131e-04  1.14347320e-04  1.17449905e-04]] 
Episode: 24: [[ 1.1812495e-04  1.0626989e-04  1.1038962e-04]
 [ 8.1103528e-05  8.1512466e-05  7.9360616e-05]
 [-2.7218164e-04  1.0457180e-04  1.0767438e-04]] 
Episode: 25: [[ 1.09222077e-04  9.73670103e-05  1.01486745e-04]
 [ 7.22006516e-05  7.26095896e-05  7.04577396e-05]
 [-2.81084504e-04  9.56689255e-05  9.87715030e-05]] 
Episode: 26: [[ 1.01112506e-04  8.92574390e-05  9.33771735e-05]
 [ 6.40910803e-05  6.45000182e-05  6.23481683e-05]
 [-2.89194082e-04  8.75593541e-05  9.06619316e-05]] 
Episode: 27: [[ 9.3724622e-05  8.1869555e-05  8.5989290e-05]
 [ 5.6703193e-05  5.7112131e-05  5.4960281e-05]
 [-2.9658197e-04  8.0171470e-05  8.3274048e-05]] 
Episode: 28: [[ 8.6993656e-05  7.5138589e-05  7.9258323e-05]
 [ 4.9972226e-05  5.0381164e-05  4.8229314e-05]
 [-3.0331293e-04  7.3440504e-05  7.6543081e-05]] 
Episode: 29: [[ 8.0860933e-05  6.9005866e-05  7.3125600e-05]
 [ 4.3839504e-05  4.4248445e-05  4.2096595e-05]
 [-3.0944566e-04  6.7307781e-05  7.0410359e-05]] 
Episode: 30: [[ 7.5273230e-05  6.3418163e-05  6.7537898e-05]
 [ 3.8251805e-05  3.8660746e-05  3.6508896e-05]
 [-3.1503337e-04  6.1720086e-05  6.4822656e-05]] 
Episode: 31: [[ 7.0182206e-05  5.8327143e-05  6.2446874e-05]
 [ 3.3160784e-05  3.3569726e-05  3.1417876e-05]
 [-3.2012438e-04  5.6629066e-05  5.9731636e-05]] 
Episode: 32: [[ 6.5543907e-05  5.3688847e-05  5.7808578e-05]
 [ 2.8522487e-05  2.8931430e-05  2.6779580e-05]
 [-3.2476269e-04  5.1990770e-05  5.5093340e-05]] 
Episode: 33: [[ 6.1318337e-05  4.9463277e-05  5.3583011e-05]
 [ 2.4296918e-05  2.4705863e-05  2.2554012e-05]
 [-3.2898824e-04  4.7765203e-05  5.0867769e-05]] 
Episode: 34: [[ 5.7469075e-05  4.5614015e-05  4.9733750e-05]
 [ 2.0447658e-05  2.0856603e-05  1.8704752e-05]
 [-3.3283752e-04  4.3915941e-05  4.7018508e-05]] 
Episode: 35: [[ 5.3962940e-05  4.2107880e-05  4.6227615e-05]
 [ 1.6941522e-05  1.7350467e-05  1.5198616e-05]
 [-3.3634366e-04  4.0409806e-05  4.3512369e-05]] 
Episode: 36: [[ 5.0769679e-05  3.8914619e-05  4.3034353e-05]
 [ 1.3748260e-05  1.4157205e-05  1.2005355e-05]
 [-3.3953693e-04  3.7216545e-05  4.0319108e-05]] 
Episode: 37: [[ 4.7861708e-05  3.6006648e-05  4.0126382e-05]
 [ 1.0840290e-05  1.1249236e-05  9.0973854e-06]
 [-3.4244490e-04  3.4308578e-05  3.7411137e-05]] 
Episode: 38: [[ 4.5213870e-05  3.3358810e-05  3.7478545e-05]
 [ 8.1924518e-06  8.6013979e-06  6.4495471e-06]
 [-3.4509273e-04  3.1660740e-05  3.4763299e-05]] 
Episode: 39: [[ 4.2803207e-05  3.0948147e-05  3.5067882e-05]
 [ 5.7817892e-06  6.1907358e-06  4.0388850e-06]
 [-3.4750340e-04  2.9250079e-05  3.2352636e-05]] 
Episode: 40: [[ 4.0608775e-05  2.8753715e-05  3.2873450e-05]
 [ 3.5873566e-06  3.9963033e-06  1.8444524e-06]
 [-3.4969783e-04  2.7055647e-05  3.0158204e-05]] 
Episode: 41: [[ 3.8611455e-05  2.6756397e-05  3.0876130e-05]
 [ 1.5900383e-06  1.9989852e-06 -1.5286547e-07]
 [-3.5169514e-04  2.5058329e-05  2.8160886e-05]] 
Episode: 42: [[ 3.6793808e-05  2.4938749e-05  2.9058481e-05]
 [-2.2761047e-07  1.8133662e-07 -1.9705142e-06]
 [-3.5351279e-04  2.3240680e-05  2.6343238e-05]] 
Episode: 43: [[ 3.5139907e-05  2.3284847e-05  2.7404581e-05]
 [-1.8815114e-06 -1.4725640e-06 -3.6244146e-06]
 [-3.5516670e-04  2.1586780e-05  2.4689336e-05]] 
Episode: 44: [[ 3.3635224e-05  2.1780164e-05  2.5899899e-05]
 [-3.3861943e-06 -2.9772468e-06 -5.1290972e-06]
 [-3.5667137e-04  2.0082098e-05  2.3184653e-05]] 
Episode: 45: [[ 3.2266500e-05  2.0411439e-05  2.4531173e-05]
 [-4.7549192e-06 -4.3459718e-06 -6.4978221e-06]
 [-3.5804010e-04  1.8713374e-05  2.1815928e-05]] 
Episode: 46: [[ 3.1021635e-05  1.9166571e-05  2.3286306e-05]
 [-5.9997865e-06 -5.5908390e-06 -7.7426894e-06]
 [-3.5928495e-04  1.7468506e-05  2.0571060e-05]] 
Episode: 47: [[ 2.9889585e-05  1.8034521e-05  2.2154256e-05]
 [-7.1318359e-06 -6.7228884e-06 -8.8747383e-06]
 [-3.6041701e-04  1.6336457e-05  1.9439010e-05]] 
Episode: 48: [[ 2.8860281e-05  1.7005217e-05  2.1124952e-05]
 [-8.1611397e-06 -7.7521927e-06 -9.9040426e-06]
 [-3.6144632e-04  1.5307152e-05  1.8409706e-05]] 
Episode: 49: [[ 2.7924534e-05  1.6069471e-05  2.0189205e-05]
 [-9.0968861e-06 -8.6879390e-06 -1.0839789e-05]
 [-3.6238207e-04  1.4371406e-05  1.7473960e-05]] 
Episode: 50: [[ 2.7073966e-05  1.5218901e-05  1.9338637e-05]
 [-9.9474555e-06 -9.5385085e-06 -1.1690358e-05]
 [-3.6323263e-04  1.3520837e-05  1.6623391e-05]] 
Episode: 51: [[ 2.63009315e-05  1.44458672e-05  1.85656027e-05]
 [-1.07204896e-05 -1.03115426e-05 -1.24633925e-05]
 [-3.64005653e-04  1.27478024e-05  1.58503572e-05]] 
Episode: 52: [[ 2.5598465e-05  1.3743401e-05  1.7863136e-05]
 [-1.1422956e-05 -1.1014009e-05 -1.3165859e-05]
 [-3.6470813e-04  1.2045336e-05  1.5147891e-05]] 
Episode: 53: [[ 2.49602126e-05  1.31051493e-05  1.72248838e-05]
 [-1.20612076e-05 -1.16522606e-05 -1.38041105e-05]
 [-3.65346379e-04  1.14070845e-05  1.45096392e-05]] 
Episode: 54: [[ 2.4380386e-05  1.2525323e-05  1.6645057e-05]
 [-1.2641035e-05 -1.2232088e-05 -1.4383937e-05]
 [-3.6592621e-04  1.0827258e-05  1.3929812e-05]] 
Episode: 55: [[ 2.3853707e-05  1.1998644e-05  1.6118378e-05]
 [-1.3167713e-05 -1.2758766e-05 -1.4910615e-05]
 [-3.6645291e-04  1.0300580e-05  1.3403133e-05]] 
Episode: 56: [[ 2.33753690e-05  1.15203065e-05  1.56400401e-05]
 [-1.36460512e-05 -1.32371042e-05 -1.53889541e-05]
 [-3.66931257e-04  9.82224174e-06  1.29247956e-05]] 
Episode: 57: [[ 2.2940991e-05  1.1085929e-05  1.5205663e-05]
 [-1.4080429e-05 -1.3671482e-05 -1.5823331e-05]
 [-3.6736563e-04  9.3878643e-06  1.2490418e-05]] 
Episode: 58: [[ 2.2546585e-05  1.0691523e-05  1.4811257e-05]
 [-1.4474835e-05 -1.4065888e-05 -1.6217737e-05]
 [-3.6776005e-04  8.9934583e-06  1.2096012e-05]] 
Episode: 59: [[ 2.2188517e-05  1.0333456e-05  1.4453190e-05]
 [-1.4832902e-05 -1.4423955e-05 -1.6575805e-05]
 [-3.6811811e-04  8.6353912e-06  1.1737945e-05]] 
Episode: 60: [[ 2.18634796e-05  1.00084189e-05  1.41281525e-05]
 [-1.51579388e-05 -1.47489918e-05 -1.69008417e-05]
 [-3.68443143e-04  8.31035413e-06  1.14129080e-05]] 
Episode: 61: [[ 2.1568461e-05  9.7134016e-06  1.3833135e-05]
 [-1.5452957e-05 -1.5044009e-05 -1.7195858e-05]
 [-3.6873817e-04  8.0153368e-06  1.1117891e-05]] 
Episode: 62: [[ 2.1300722e-05  9.4456627e-06  1.3565396e-05]
 [-1.5720696e-05 -1.5311747e-05 -1.7463597e-05]
 [-3.6900589e-04  7.7475979e-06  1.0850152e-05]] 
Episode: 63: [[ 2.10577691e-05  9.20270850e-06  1.33224421e-05]
 [-1.59636493e-05 -1.55547004e-05 -1.77065504e-05]
 [-3.69248854e-04  7.50464415e-06  1.06071975e-05]] 
Episode: 64: [[ 2.0837331e-05  8.9822697e-06  1.3102003e-05]
 [-1.6184087e-05 -1.5775138e-05 -1.7926988e-05]
 [-3.6946929e-04  7.2842058e-06  1.0386759e-05]] 
Episode: 65: [[ 2.0637344e-05  8.7822827e-06  1.2902016e-05]
 [-1.6384074e-05 -1.5975125e-05 -1.8126975e-05]
 [-3.6966929e-04  7.0842184e-06  1.0186772e-05]] 
Episode: 66: [[ 2.04559310e-05  8.60086948e-06  1.27206031e-05]
 [-1.65654874e-05 -1.61565385e-05 -1.83083885e-05]
 [-3.69850692e-04  6.90280467e-06  1.00053585e-05]] 
Episode: 67: [[ 2.02913834e-05  8.43632188e-06  1.25560555e-05]
 [-1.67300350e-05 -1.63210862e-05 -1.84729361e-05]
 [-3.70015245e-04  6.73825707e-06  9.84081089e-06]] 
Episode: 68: [[ 2.0142150e-05  8.2870883e-06  1.2406822e-05]
 [-1.6879269e-05 -1.6470320e-05 -1.8622170e-05]
 [-3.7016449e-04  6.5890231e-06  9.6915774e-06]] 
Episode: 69: [[ 2.0006819e-05  8.1517564e-06  1.2271490e-05]
 [-1.7014600e-05 -1.6605651e-05 -1.8757501e-05]
 [-3.7029982e-04  6.4536912e-06  9.5562455e-06]] 
Episode: 70: [[ 1.9884106e-05  8.0290438e-06  1.2148777e-05]
 [-1.7137312e-05 -1.6728363e-05 -1.8880213e-05]
 [-3.7042252e-04  6.3309790e-06  9.4335328e-06]] 
Episode: 71: [[ 1.9772848e-05  7.9177844e-06  1.2037518e-05]
 [-1.7248571e-05 -1.6839622e-05 -1.8991472e-05]
 [-3.7053379e-04  6.2197200e-06  9.3222734e-06]] 
Episode: 72: [[ 1.9671983e-05  7.8169196e-06  1.1936653e-05]
 [-1.7349435e-05 -1.6940487e-05 -1.9092337e-05]
 [-3.7063466e-04  6.1188553e-06  9.2214086e-06]] 
Episode: 73: [[ 1.9580550e-05  7.7254863e-06  1.1845220e-05]
 [-1.7440869e-05 -1.7031920e-05 -1.9183770e-05]
 [-3.7072611e-04  6.0274219e-06  9.1299753e-06]] 
Episode: 74: [[ 1.9497673e-05  7.6426095e-06  1.1762343e-05]
 [-1.7523746e-05 -1.7114797e-05 -1.9266647e-05]
 [-3.7080899e-04  5.9445456e-06  9.0470985e-06]] 
Episode: 75: [[ 1.9422559e-05  7.5674961e-06  1.1687230e-05]
 [-1.7598859e-05 -1.7189910e-05 -1.9341760e-05]
 [-3.7088411e-04  5.8694322e-06  8.9719852e-06]] 
Episode: 76: [[ 1.9354487e-05  7.4994241e-06  1.1619158e-05]
 [-1.7666931e-05 -1.7257982e-05 -1.9409832e-05]
 [-3.7095218e-04  5.8013602e-06  8.9039131e-06]] 
Episode: 77: [[ 1.9292802e-05  7.4377390e-06  1.1557473e-05]
 [-1.7728617e-05 -1.7319668e-05 -1.9471518e-05]
 [-3.7101386e-04  5.7396751e-06  8.8422285e-06]] 
Episode: 78: [[ 1.9236910e-05  7.3818460e-06  1.1501580e-05]
 [-1.7784509e-05 -1.7375560e-05 -1.9527410e-05]
 [-3.7106973e-04  5.6837821e-06  8.7863355e-06]] 
Episode: 79: [[ 1.9186269e-05  7.3312053e-06  1.1450939e-05]
 [-1.7835149e-05 -1.7426200e-05 -1.9578050e-05]
 [-3.7112038e-04  5.6331414e-06  8.7356948e-06]] 
Episode: 80: [[ 1.9140391e-05  7.2853272e-06  1.1405062e-05]
 [-1.7881028e-05 -1.7472079e-05 -1.9623929e-05]
 [-3.7116624e-04  5.5872633e-06  8.6898172e-06]] 
Episode: 81: [[ 1.90988303e-05  7.24376696e-06  1.13635015e-05]
 [-1.79225881e-05 -1.75136392e-05 -1.96654892e-05]
 [-3.71207803e-04  5.54570306e-06  8.64825688e-06]] 
Episode: 82: [[ 1.9061185e-05  7.2061207e-06  1.1325856e-05]
 [-1.7960234e-05 -1.7551285e-05 -1.9703135e-05]
 [-3.7124546e-04  5.5080568e-06  8.6106111e-06]] 
Episode: 83: [[ 1.9027086e-05  7.1720228e-06  1.1291758e-05]
 [-1.7994333e-05 -1.7585384e-05 -1.9737234e-05]
 [-3.7127957e-04  5.4739589e-06  8.5765132e-06]] 
Episode: 84: [[ 1.8996203e-05  7.1411409e-06  1.1260876e-05]
 [-1.8025215e-05 -1.7616267e-05 -1.9768117e-05]
 [-3.7131045e-04  5.4430770e-06  8.5456313e-06]] 
Episode: 85: [[ 1.8968236e-05  7.1131735e-06  1.1232909e-05]
 [-1.8053182e-05 -1.7644234e-05 -1.9796084e-05]
 [-3.7133842e-04  5.4151096e-06  8.5176644e-06]] 
Episode: 86: [[ 1.8942910e-05  7.0878473e-06  1.1207583e-05]
 [-1.8078508e-05 -1.7669559e-05 -1.9821409e-05]
 [-3.7136374e-04  5.3897834e-06  8.4923386e-06]] 
Episode: 87: [[ 1.8919978e-05  7.0649148e-06  1.1184650e-05]
 [-1.8101440e-05 -1.7692491e-05 -1.9844341e-05]
 [-3.7138668e-04  5.3668509e-06  8.4694057e-06]] 
Episode: 88: [[ 1.88992144e-05  7.04415061e-06  1.11638865e-05]
 [-1.81222040e-05 -1.77132551e-05 -1.98651051e-05]
 [-3.71407426e-04  5.34608671e-06  8.44864189e-06]] 
Episode: 89: [[ 1.8880415e-05  7.0253514e-06  1.1145087e-05]
 [-1.8141003e-05 -1.7732054e-05 -1.9883904e-05]
 [-3.7142623e-04  5.3272875e-06  8.4298426e-06]] 
Episode: 90: [[ 1.8863395e-05  7.0083320e-06  1.1128068e-05]
 [-1.8158024e-05 -1.7749075e-05 -1.9900925e-05]
 [-3.7144325e-04  5.3102681e-06  8.4128233e-06]] 
Episode: 91: [[ 1.8847988e-05  6.9929251e-06  1.1112661e-05]
 [-1.8173430e-05 -1.7764482e-05 -1.9916331e-05]
 [-3.7145865e-04  5.2948612e-06  8.3974164e-06]] 
Episode: 92: [[ 1.8834042e-05  6.9789785e-06  1.1098715e-05]
 [-1.8187377e-05 -1.7778428e-05 -1.9930278e-05]
 [-3.7147259e-04  5.2809146e-06  8.3834702e-06]] 
Episode: 93: [[ 1.8821418e-05  6.9663547e-06  1.1086091e-05]
 [-1.8200000e-05 -1.7791052e-05 -1.9942901e-05]
 [-3.7148522e-04  5.2682908e-06  8.3708464e-06]] 
Episode: 94: [[ 1.8809993e-05  6.9549287e-06  1.1074665e-05]
 [-1.8211425e-05 -1.7802477e-05 -1.9954326e-05]
 [-3.7149666e-04  5.2568648e-06  8.3594205e-06]] 
Episode: 95: [[ 1.8799652e-05  6.9445878e-06  1.1064324e-05]
 [-1.8221766e-05 -1.7812818e-05 -1.9964667e-05]
 [-3.7150699e-04  5.2465239e-06  8.3490795e-06]] 
Episode: 96: [[ 1.8790293e-05  6.9352291e-06  1.1054965e-05]
 [-1.8231125e-05 -1.7822176e-05 -1.9974026e-05]
 [-3.7151636e-04  5.2371652e-06  8.3397208e-06]] 
Episode: 97: [[ 1.8781824e-05  6.9267599e-06  1.1046496e-05]
 [-1.8239594e-05 -1.7830645e-05 -1.9982495e-05]
 [-3.7152483e-04  5.2286960e-06  8.3312516e-06]] 
Episode: 98: [[ 1.8774161e-05  6.9190960e-06  1.1038833e-05]
 [-1.8247258e-05 -1.7838309e-05 -1.9990159e-05]
 [-3.7153249e-04  5.2210321e-06  8.3235882e-06]] 
Episode: 99: [[ 1.8767227e-05  6.9121616e-06  1.1031898e-05]
 [-1.8254192e-05 -1.7845243e-05 -1.9997093e-05]
 [-3.7153941e-04  5.2140977e-06  8.3166533e-06]] 
Episode: 100: [[ 1.8760953e-05  6.9058869e-06  1.1025623e-05]
 [-1.8260465e-05 -1.7851517e-05 -2.0003366e-05]
 [-3.7154570e-04  5.2078231e-06  8.3103787e-06]] 
Episode: 101: [[ 1.8755276e-05  6.9002103e-06  1.1019946e-05]
 [-1.8266142e-05 -1.7857194e-05 -2.0009044e-05]
 [-3.7155137e-04  5.2021464e-06  8.3047016e-06]] 
Episode: 102: [[ 1.8750139e-05  6.8950744e-06  1.1014810e-05]
 [-1.8271279e-05 -1.7862330e-05 -2.0014180e-05]
 [-3.7155650e-04  5.1970105e-06  8.2995657e-06]] 
Episode: 103: [[ 1.8745493e-05  6.8904283e-06  1.1010164e-05]
 [-1.8275925e-05 -1.7866976e-05 -2.0018826e-05]
 [-3.7156115e-04  5.1923644e-06  8.2949191e-06]] 
Episode: 104: [[ 1.8741290e-05  6.8862250e-06  1.1005961e-05]
 [-1.8280129e-05 -1.7871180e-05 -2.0023030e-05]
 [-3.7156534e-04  5.1881611e-06  8.2907163e-06]] 
Episode: 105: [[ 1.8737488e-05  6.8824229e-06  1.1002158e-05]
 [-1.8283930e-05 -1.7874981e-05 -2.0026831e-05]
 [-3.7156916e-04  5.1843590e-06  8.2869137e-06]] 
Episode: 106: [[ 1.87340484e-05  6.87898364e-06  1.09987195e-05]
 [-1.82873700e-05 -1.78784212e-05 -2.00302711e-05]
 [-3.71572591e-04  5.18091974e-06  8.28347493e-06]] 
Episode: 107: [[ 1.8730938e-05  6.8758727e-06  1.0995609e-05]
 [-1.8290481e-05 -1.7881532e-05 -2.0033382e-05]
 [-3.7157570e-04  5.1778088e-06  8.2803645e-06]] 
