84.393608 82.464424 78.407265 75.502586 56.605289 0.027976 
84.361336 70.969307 72.258354 62.143066 55.451775 0.000000 
84.729050 75.630371 72.015312 70.124695 47.513020 0.000000 
85.983971 76.816628 72.148407 63.464832 51.916245 0.000000 
83.425201 69.839195 71.088737 65.767685 50.556366 0.000000 
84.552353 75.299713 81.161659 73.695427 56.892517 0.019782 
85.797623 75.153130 73.720421 65.431076 58.848942 0.000000 
85.457748 78.113579 77.891708 70.635139 59.258656 0.000000 
86.272964 79.279060 75.308006 70.249985 52.230816 0.027976 
85.145035 71.235252 62.754688 51.319702 52.733017 0.019782 
