3906.477539 1331.618530 467.809174 413.960754 199.231171 
18285.388672 10525.152344 6359.160645 4127.008789 52684.511719 
68.569687 12.968572 14.290951 10.367941 106.437508 
146.378815 26.770826 16.506964 13.746000 552.718384 
79.479912 63.425255 39.336647 26.738161 33337.820312 
412.134125 18.656771 4.801179 0.205607 60462.687500 
12440.763672 4582.244141 1838.051025 685.171814 571740.875000 
29331.511719 1596.498169 57.895947 117.311417 179514.000000 
18172.126953 3577.606689 0.011753 39.009727 240976.625000 
560.418335 20.196815 26.325130 35.086174 11979.948242 
501.045013 37.552826 15.551511 7.601368 40383.472656 
461.761810 115.142982 71.062592 6.596207 84865.210938 
526.108887 167.556641 89.425125 7.603523 104852.007812 
4103.687012 751.608826 626.405090 242.357834 512512.062500 
230.070801 111.896889 107.209152 29.096636 172223.937500 
16058.152344 952.715820 694.294067 186.046768 572478.687500 
32565.699219 15329.822266 2235.102051 323.814575 1099742.375000 
74.331657 36.780930 104.096230 87.276596 76624.078125 
468.726685 86.200722 79.638130 60.135471 7061.250977 
1771.291626 15.190476 6.524651 70.239471 174789.218750 
447.060242 4.214914 3.316892 11.953482 39209.503906 
254.099152 3.201203 9.692080 2.588414 151844.500000 
28877.685547 9775.050781 3472.828613 1453.235229 1413502.375000 
28505.048828 16864.701172 4922.935547 1427.070679 1311038.125000 
27672.076172 21481.728516 12727.858398 6542.162598 1921028.125000 
28430.181641 18978.695312 12294.944336 12014.923828 1630583.375000 
35139.859375 15043.806641 11339.926758 9137.045898 1902507.375000 
32656.791016 16819.988281 13488.527344 4324.733887 1889361.000000 
17351.357422 11740.011719 6580.943848 5282.075195 1447241.625000 
14485.826172 1366.756714 1.049407 105.235771 418712.625000 
2233.250000 802.561768 190.050354 26.124958 995.846375 
54.856163 588.955078 208.388672 58.326347 2943.995117 
9209.771484 22.823263 245.076065 185.745026 212915.546875 
18079.896484 10015.392578 3528.156738 160.422897 1236468.500000 
17234.935547 15203.588867 6681.277344 2225.789062 1337418.500000 
13536.311523 3164.971436 1153.892334 44.324425 884091.625000 
1041.950562 9.019266 45.100956 4.061765 225096.609375 
668.546814 23.922424 8.564236 16.184158 32899.058594 
146.840881 7.316573 3.584358 6.794272 4379.274414 
363.806396 19.188215 18.373182 15.070582 5775.400391 
20.537563 3.453844 5.090305 7.467280 1715.998657 
6.266809 0.901523 4.836515 7.545529 1582.527222 
12.733208 0.537024 4.350901 7.016377 1802.188110 
0.187554 0.231902 4.863077 9.648972 1313.777710 
48.643806 1.732305 3.988343 5.159443 2592.959717 
260.981079 14.977235 10.658097 11.117585 4251.036621 
0.282950 0.173399 2.754145 7.680084 1941.139893 
0.122848 0.089398 3.976492 9.591140 1716.492310 
1.386110 1.907886 0.672987 4.579948 2882.888672 
2159.781982 12.993110 4.734681 9.154099 136880.781250 
1852.428589 25.345303 1.039465 3.942201 176435.218750 
2636.419678 19.969740 13.009545 0.162464 255507.390625 
2802.020752 98.415825 36.420376 10.345916 359964.125000 
577.638062 23.381638 0.407421 0.443561 44421.640625 
598.938660 13.589594 0.206106 0.995694 33615.371094 
1164.001709 171.415115 29.122374 0.215048 273600.125000 
3549.070801 1449.590942 1238.041016 1018.887146 696908.937500 
3926.895264 858.505737 381.192017 240.890579 592404.500000 
4078.856934 2693.102539 2249.231201 1350.890869 724983.875000 
5838.104980 4644.791016 3603.365723 2131.682373 747652.812500 
5333.666016 5296.236328 5600.295410 5136.330566 721510.812500 
4826.766113 4451.058594 3141.674805 1938.653564 398794.562500 
3857.551758 2164.434570 1178.021606 665.659424 291400.562500 
2963.036865 1752.737427 788.954590 516.415344 107203.007812 
4903.304199 559.976318 15.532629 3.217550 288.970947 
2861.260742 1640.906982 122.688850 801.966125 79807.695312 
4315.640625 2201.639893 1510.315552 982.455627 353466.406250 
3713.425293 2208.380127 1321.949829 986.376526 451724.437500 
3776.564941 3531.510498 3537.907471 2434.278564 637147.937500 
3104.778564 1506.108154 1295.739868 1385.423950 624459.687500 
3359.997070 2455.372070 1793.937866 1061.727661 710396.687500 
2486.874756 1840.149292 1257.637451 673.094421 825276.750000 
1804.991821 1119.333130 1024.153809 569.886780 568281.500000 
2564.472168 1510.136719 1109.979126 671.383850 406053.562500 
4594.856445 2154.820801 1637.461670 969.398804 162800.203125 
1740.309937 1100.191284 816.694824 359.824249 374949.625000 
1591.450928 733.406128 364.028046 191.188828 361391.687500 
1289.897705 734.853699 440.701233 276.363220 391663.125000 
1108.484985 728.636597 344.056549 201.368454 432966.968750 
1158.081055 589.127380 364.284515 225.274429 398527.968750 
1713.698242 910.352539 617.119446 510.547882 229561.296875 
2416.815186 1967.040405 1585.944946 1504.475098 180978.812500 
2239.837402 2417.372559 2107.091797 1904.147949 76916.335938 
1958.610840 1712.723755 1484.218628 902.683228 285703.562500 
1632.654297 1104.549072 881.332703 708.902832 273774.843750 
1588.803223 1099.615967 837.787720 738.842712 184346.484375 
1453.770142 695.303589 557.409729 405.843475 185689.906250 
1291.486938 774.103210 523.214844 444.686829 115749.210938 
1510.485107 1159.429932 920.763428 820.446533 27110.113281 
1365.302246 790.411499 578.812988 457.700165 69396.359375 
1136.031738 421.818604 410.954742 256.007507 133637.140625 
1151.042480 438.736969 333.373199 232.340698 90704.906250 
1452.961304 921.943787 880.689331 762.168884 40924.218750 
870.614075 255.666367 148.533524 89.066872 126069.398438 
851.716309 249.366287 155.399841 88.277893 146793.609375 
1884.342651 1490.817627 1211.943848 1285.607544 50400.488281 
1132.977051 389.343933 233.195724 135.624954 191315.531250 
1219.887695 534.109863 332.467957 205.032455 147906.750000 
1379.401367 875.967712 712.837402 417.242310 145743.843750 
1792.464355 871.944885 641.253235 456.636841 267767.406250 
1198.484619 484.128571 330.020477 244.910126 298583.468750 
1378.929565 640.650146 518.920410 412.808594 275609.750000 
1294.346313 920.566101 616.884155 483.934784 282657.781250 
1610.186157 1446.098022 1125.136353 922.845947 223318.656250 
1827.263062 1118.609619 860.878723 631.210205 284266.781250 
2522.915771 2389.266357 2070.505615 1845.690308 106344.859375 
1608.370605 1205.702026 933.650146 763.462097 333517.656250 
2649.909424 2670.197021 2863.989014 2373.452637 42592.222656 
1936.636230 1306.883301 959.055237 853.299805 336955.375000 
1513.519043 1254.147217 962.194885 1004.324585 267831.000000 
2707.559082 2043.499146 2138.615723 1748.040161 86604.523438 
1859.106323 1548.197876 1502.943726 1281.655273 202645.156250 
1657.212402 1067.579102 876.772156 619.505981 385800.968750 
2515.063232 2332.692383 1845.910278 1543.803345 167558.703125 
2069.843750 2022.618408 2120.374512 1721.593018 60977.738281 
1784.052124 1344.584473 1181.776245 1045.699219 202354.734375 
1459.913696 874.497437 692.486694 466.018829 233325.734375 
1814.087158 1637.723755 1818.458740 1141.590210 90939.093750 
1224.590454 818.925415 701.192078 672.547424 262767.312500 
2305.537354 1699.610596 1518.062012 1424.363892 121386.343750 
1836.660522 1444.131348 1166.302368 915.512451 80633.382812 
2311.159912 2322.966064 1941.587646 1688.152344 115205.304688 
1261.568237 740.648315 543.159058 391.962921 226254.234375 
1579.096191 1104.026733 703.630432 593.790100 194404.046875 
1521.309814 956.856873 801.639648 622.417480 168352.046875 
1519.349121 1175.126953 887.100525 619.020142 170767.062500 
1367.083374 932.347778 730.118896 797.194336 166040.437500 
1813.269653 1537.448853 1383.157837 1050.318604 78771.117188 
1422.157959 681.718201 569.919922 391.755188 297438.875000 
1942.170532 1428.099731 1431.819092 902.723206 157507.968750 
2323.736084 2416.416016 2848.029785 1851.517822 59004.210938 
1747.113647 1316.730835 1037.124512 799.424683 161518.281250 
1435.321411 880.770630 751.256042 510.322418 244093.468750 
1701.783081 1499.206055 1156.841431 858.484619 142779.937500 
1534.636597 1135.090820 842.881836 742.548645 214815.187500 
1883.126099 1981.751953 2002.368286 1517.541748 39317.609375 
1751.510498 1655.716675 1363.982666 1383.989380 136152.687500 
1631.996094 1089.052124 1019.840637 758.946838 195769.406250 
1509.357910 1289.655273 965.861816 761.731934 176208.937500 
1596.662476 1079.010620 987.877625 784.039124 194756.484375 
1593.464966 1058.470825 874.348022 681.798157 193364.234375 
1676.973511 1178.698608 1011.066101 889.562866 140179.359375 
1356.595947 939.719238 867.250183 784.427063 142195.546875 
1574.665894 1272.460327 1262.985962 1312.713257 91256.742188 
1652.825195 1525.527832 1260.949097 1219.325806 93311.328125 
1545.454102 1192.681274 1157.345093 1171.401489 54143.296875 
1826.889404 1636.730347 1471.809204 1369.861694 53938.320312 
1765.452881 1452.395386 1146.401978 921.813843 123242.992188 
1562.924194 1362.953613 1248.086670 1008.021423 91717.921875 
1783.160889 1462.223633 1242.160522 979.588806 98519.164062 
2008.135254 1779.974731 1459.825073 1297.273071 97939.695312 
1745.770996 1568.307373 1337.407593 935.555237 213615.953125 
2014.565186 1881.618286 1694.688599 1539.486450 146118.406250 
1350.679932 967.392151 872.180786 610.510254 206664.390625 
1741.165283 1238.542480 1254.310669 1098.822754 209890.593750 
1676.337158 1180.223511 966.254150 751.778992 296013.687500 
1530.618164 1076.185303 853.381531 744.100098 313153.625000 
1759.815674 1219.030396 968.379761 798.805481 312736.531250 
1709.551025 1063.927490 943.024841 850.339844 270965.750000 
2373.519287 2177.275879 2371.073242 1916.000977 69413.945312 
1640.514771 1251.901855 1104.141113 898.632263 174379.703125 
1714.907837 1274.764404 1003.734436 733.569824 288916.812500 
2054.622070 1730.833740 1548.461670 1225.708740 193589.312500 
1770.522705 1580.289062 1226.597656 1074.857422 157066.953125 
1727.846069 1115.366455 854.882690 873.050049 314469.250000 
2329.646484 1930.523682 1908.226685 1798.304932 198401.265625 
1772.576294 1223.549438 1014.937622 856.473206 380389.437500 
1787.685425 1951.545532 1606.483276 1494.610596 92321.656250 
1735.389648 1553.515869 1402.687744 1201.991577 72272.781250 
1991.818970 1489.559082 1481.194458 1304.131592 154184.703125 
1792.380737 1633.434937 1473.949585 1305.576050 254209.125000 
1820.414307 1709.217041 1639.694458 1462.842773 34771.851562 
1475.718140 1216.676758 1186.476929 911.452271 204332.328125 
1556.348267 1315.488281 1191.491089 877.659973 219204.171875 
2106.677734 1710.540527 1901.951660 1670.681763 363268.937500 
1927.171997 1802.896606 1548.626221 1061.310669 348093.531250 
1810.608887 1377.811035 1203.344604 1212.125854 294347.906250 
1998.867676 1669.850464 1601.578491 1181.584717 163567.515625 
1274.844971 950.869995 867.644897 551.327148 227757.218750 
1418.171265 1303.494141 1183.871094 896.955383 139728.921875 
1431.924194 1146.365356 913.349670 842.139709 104646.664062 
1758.693481 1200.633179 944.283630 717.724915 52144.191406 
1237.737061 649.563904 438.870331 343.212921 69530.132812 
1235.342407 593.104431 438.000092 360.541718 139519.125000 
1450.324219 1126.590698 895.243591 803.471436 186333.656250 
1726.306030 1320.317261 1016.631470 898.048828 235627.796875 
2063.154785 1656.914551 1551.487061 1363.070435 131244.812500 
2372.822266 2544.728516 2132.243408 2387.940186 37305.746094 
1651.181641 1210.923340 999.007202 767.500671 215337.328125 
2504.307617 2819.188232 2721.560303 2148.023193 54689.851562 
2247.478760 1820.538940 1518.114868 1417.258667 142336.468750 
1822.658447 1072.754883 837.331909 642.768433 454913.687500 
2291.963867 1857.274780 1733.340332 1366.877441 166408.640625 
2149.721191 1379.649048 1225.638306 1072.480347 281690.718750 
2077.176758 1298.799194 1032.879517 796.067749 412491.968750 
2047.938110 1312.264893 1039.037964 946.818176 312800.031250 
2180.845215 1342.642212 1270.317505 813.863525 352294.781250 
2057.144531 2205.877930 2055.020020 1204.885742 250771.015625 
2223.092773 1148.349487 922.823914 594.499329 434932.750000 
2996.687988 2439.312012 2286.762695 1872.501953 195738.765625 
1826.652344 1299.700317 1104.040405 982.609802 345703.375000 
1785.339355 1349.244751 1360.677002 818.248718 350153.906250 
2502.982422 2404.019775 2099.283691 1751.613281 287392.000000 
2522.138184 1496.351318 1270.746094 999.252563 389716.937500 
1794.078491 1302.422852 1017.572510 868.758789 325469.843750 
2007.711914 1710.820068 1461.430786 1237.531250 281915.312500 
1601.916748 1366.225098 1000.783630 858.605225 242170.734375 
1562.552368 1099.404175 1012.895020 748.316223 228077.625000 
1879.609985 1255.741821 1057.484131 771.231323 293184.843750 
1608.610840 877.214050 706.924622 485.157318 302598.781250 
1672.026367 1160.582886 1246.822021 869.069824 196279.687500 
1772.848999 1222.764160 1052.830444 778.177124 146874.171875 
1355.515137 880.074951 670.415527 437.106293 159262.953125 
1777.712646 1663.242554 1531.227417 1204.624634 26370.363281 
1498.806030 1023.792480 1421.094482 866.253784 306441.781250 
1499.301392 844.158936 623.819885 524.818359 310587.843750 
1841.784668 1627.409790 1408.590454 1134.773926 94230.054688 
1397.376831 978.902100 904.462097 599.963379 224561.109375 
1641.497925 1307.282104 1069.862427 1097.513306 105118.468750 
2126.994385 1899.090576 1803.291504 1552.385376 32460.568359 
1586.238525 929.364197 815.375854 483.765625 229144.375000 
1974.277832 1946.397217 1698.085083 1326.434082 87589.734375 
1419.908325 1207.968140 1047.501221 950.732239 207425.312500 
1724.523071 1349.045288 1191.284668 866.461182 127795.882812 
1446.253540 1147.618774 1051.834351 679.029541 339823.031250 
1690.418945 1168.028564 979.812561 937.037170 220642.640625 
1616.812134 1378.246338 1135.076904 920.683228 219257.609375 
1979.280151 1321.029297 1027.874512 1023.982178 342597.656250 
1539.474487 1668.296021 1617.983276 1234.322876 225357.453125 
1888.875610 1360.296265 1105.027100 776.162964 368220.812500 
1541.782959 1223.216064 1102.255493 805.641846 244176.468750 
1661.618530 1094.881958 897.831299 642.080139 329635.281250 
2707.851562 1639.094604 1513.369751 1222.569336 154703.343750 
1844.073120 1292.947876 966.114502 732.943909 374241.437500 
2122.742676 2225.686523 2027.300171 1812.478394 48924.320312 
1718.104126 1218.387695 1007.178772 812.979248 363669.062500 
2080.873779 2097.693848 1845.306519 1897.149658 42884.933594 
1766.678223 1166.442505 1048.921509 905.572815 313196.468750 
1971.558594 1640.002563 1405.107300 831.870789 297365.312500 
2054.059814 2516.393311 2408.611328 2228.433838 71937.710938 
1981.917969 1480.747314 1282.064453 1254.429321 224827.734375 
2543.325439 1970.554321 1680.771362 1277.350220 188441.062500 
1695.714478 1478.629639 1171.755249 1019.677185 256655.343750 
2360.272217 1511.300903 1319.338867 913.602966 345150.000000 
1979.796143 2114.597900 1871.875366 2062.113037 74690.648438 
2685.725830 2400.309082 2248.391846 2149.758301 90794.078125 
1717.443848 1210.775513 1014.378052 959.569519 253376.562500 
2347.920166 2228.304688 2208.915283 1776.581177 64322.535156 
1606.722168 1337.513916 1224.681763 824.507629 168610.390625 
1633.734009 997.786377 854.596497 656.396545 309712.906250 
1615.400024 1387.586670 1336.576782 1109.014404 127555.726562 
1837.956543 1371.363159 1277.137817 1017.903748 226137.281250 
1715.194702 1429.205933 1186.197876 1240.100220 162957.734375 
1685.200439 1524.157104 1389.721191 867.897949 98313.039062 
1526.702515 958.509399 719.151428 538.545288 229524.968750 
1349.660645 831.919250 545.441956 402.771820 198167.671875 
1592.513672 998.975952 623.069519 603.756653 127235.507812 
1274.002563 566.779053 425.524780 354.618958 177546.968750 
1418.758667 670.711060 573.491089 414.838409 140078.000000 
1344.986450 989.536072 1058.542114 830.396179 65071.390625 
1174.222778 718.310913 615.951416 643.627197 124825.023438 
1407.413208 716.742615 410.976379 275.566803 51074.601562 
1362.633667 837.973145 686.373962 587.185669 35023.562500 
1607.780151 1397.955566 1135.325806 994.986572 71271.257812 
1616.450195 1192.890991 1011.876770 900.309143 218441.843750 
1500.821777 1050.215454 848.607178 680.548462 195652.875000 
1511.815796 865.893555 751.335815 486.075958 372670.968750 
1876.213501 1740.874268 1499.097290 1318.095093 136707.046875 
2148.380371 1675.027954 1421.801514 1484.199219 109397.765625 
1340.248535 741.582703 551.006714 332.888824 284156.343750 
1498.864258 889.555725 724.665955 413.567352 295025.593750 
1443.262817 933.984802 809.800537 507.804993 389594.562500 
2254.887207 1092.701416 879.478210 816.615784 282999.906250 
1880.399292 1168.928101 716.964050 535.985779 345315.125000 
2178.601807 1942.302368 1415.740234 1000.303345 309237.937500 
1938.510742 1657.816528 1254.215210 962.370605 330504.000000 
1495.950317 1435.264404 1321.121338 1430.448120 381459.343750 
2339.357422 1977.587769 1746.752075 1772.884644 218575.484375 
1805.071533 1842.856567 1676.482422 1219.554932 351877.125000 
1880.859497 1358.153442 1091.015869 833.393494 351734.937500 
2349.599121 2121.085205 2283.979004 1946.980957 145392.218750 
1554.577271 885.095398 693.307739 519.512268 271373.593750 
1675.842041 1018.406250 868.511230 615.615356 260048.296875 
2750.657715 2626.436523 2133.146240 1589.437378 71251.132812 
1398.352051 990.449097 805.170044 900.734985 139506.984375 
1923.089722 1409.772461 1063.936646 834.283752 148873.828125 
1633.528931 928.615417 652.168518 565.915039 160632.015625 
2050.271484 1711.005981 1363.005737 979.944031 102836.476562 
1177.409424 486.290710 437.747284 409.287537 202029.156250 
1089.998535 384.038239 247.648468 168.327545 124575.890625 
908.899292 261.549042 176.727783 119.863503 93431.882812 
907.985107 288.597229 178.272797 132.155609 85842.398438 
1751.895264 1042.690918 867.446777 699.873657 39038.871094 
1222.385010 401.247772 309.680054 199.175171 143564.859375 
1383.535278 708.072632 595.313538 491.657410 149043.093750 
1567.476807 912.583069 695.388733 486.929901 194645.125000 
1728.508301 1606.366821 1438.216431 1370.044678 32979.222656 
1216.812256 1000.456360 1030.725098 976.354614 311945.906250 
1686.293335 1495.377319 1177.631226 696.236267 319932.406250 
1772.142334 1364.400269 1046.216187 688.461487 352767.031250 
2179.845459 2108.424561 1917.248535 1473.784424 169205.937500 
2082.579102 1725.632568 1344.093506 832.673523 301478.468750 
2840.560547 1937.114014 1700.431641 1576.888306 225128.218750 
2255.729980 1860.046997 1658.625244 1292.249268 381973.187500 
2379.273926 1057.776978 719.621826 390.265411 377125.062500 
2303.209473 1993.986450 1590.706909 1371.067749 414878.000000 
2159.785400 1542.760376 1163.112427 696.454041 397216.125000 
2696.692383 3024.409180 2247.115234 2178.257812 199559.203125 
2782.092529 2697.961914 2713.615723 2476.344482 121117.171875 
2425.268555 2672.053467 2067.154053 1587.255981 368222.000000 
2407.223633 2425.494141 1930.743652 1515.231567 379045.531250 
2064.919434 2045.264648 1735.420166 1246.941406 274969.968750 
2041.984253 1520.288086 1223.061890 864.828186 263663.687500 
1907.668823 1437.844116 1698.198608 889.137756 225511.750000 
2571.006592 2014.104614 1727.802612 1744.859497 205291.734375 
2114.397949 2103.060547 1848.430908 1861.209595 85868.742188 
1624.555176 935.519043 618.018372 501.198059 292525.812500 
1990.100098 2399.882812 2186.742432 1783.191528 205369.671875 
1694.439819 1053.543091 855.420898 522.532043 143202.578125 
1995.154785 1272.949463 1130.611084 965.339050 64440.691406 
624.080322 331.278564 180.656281 83.229065 141200.796875 
1427.871704 898.298035 809.885254 479.937622 42116.257812 
988.510559 378.490784 262.967194 164.773682 72646.882812 
700.089966 217.672775 114.670540 71.793045 112139.218750 
1056.647461 641.601624 548.772522 461.836639 150005.671875 
1579.225586 1074.739380 911.565002 593.465027 42919.820312 
1782.654785 1551.415527 1234.253662 1232.960205 55718.726562 
1130.714966 455.961151 483.648590 299.915527 145361.406250 
1409.441284 730.203064 498.901428 362.488739 165314.734375 
1154.576904 942.617249 740.498047 518.253418 112084.617188 
1596.859741 1161.693848 1135.118530 913.596313 79166.156250 
1498.561157 995.054993 823.589233 595.124817 151221.718750 
1889.315674 1462.710327 1042.981201 773.231323 92897.640625 
1995.122437 1666.627686 1752.867798 1230.986084 56343.414062 
1322.598145 487.749786 356.753174 305.760406 234352.968750 
1046.875610 395.684540 270.480103 172.090302 220431.250000 
1010.732971 552.129700 343.598907 207.475418 242457.906250 
1329.201660 589.279602 435.823669 279.215607 255919.296875 
1701.792847 1055.402954 934.720337 754.189209 152329.156250 
2053.308838 1373.802002 1094.888062 856.114441 247135.031250 
2450.287354 2616.102295 1709.264404 2018.448853 67444.523438 
1774.155029 1671.644897 1266.089111 1181.985229 69251.710938 
2342.763672 2133.893066 1965.686157 1510.056396 58098.644531 
1594.285767 1012.974060 730.414612 624.452820 354626.062500 
1887.824707 1886.715332 2047.603638 1561.462280 111325.984375 
2103.050537 1668.950806 1196.588989 733.155029 224104.484375 
1753.066772 1529.353760 1335.155762 942.440247 103524.320312 
1784.518433 1292.591797 1000.183838 769.008301 299234.437500 
2027.392944 1613.957642 1248.366211 1148.972412 225353.609375 
1970.113403 1298.158936 932.173157 684.176636 390922.062500 
1422.234253 1197.389526 943.204346 673.609741 358466.250000 
1557.996948 1178.192871 964.917175 580.800110 284395.062500 
2965.348145 1992.464600 1661.183716 1243.172485 262926.843750 
2091.469482 1569.220459 1267.907471 1030.554443 191768.515625 
2338.896729 1941.502563 1921.176758 1141.776245 97246.257812 
1409.640625 1017.620667 716.836792 387.455139 295282.718750 
1449.715576 1788.972046 952.340820 582.592041 250743.906250 
1676.845093 999.383484 707.474792 586.664612 360560.156250 
2693.665283 2631.632812 2070.759033 1486.433350 99878.937500 
2004.992798 1365.742065 1038.173950 705.395386 341301.281250 
1897.615356 1167.768433 1124.940918 840.255188 306349.156250 
1782.244141 864.602234 433.301636 180.393494 283800.906250 
2023.599487 1445.430786 1279.118530 1070.727051 265448.468750 
1518.784424 931.471680 626.172058 368.143097 223348.609375 
2452.401855 2428.152588 2314.643066 1989.381714 66147.171875 
1517.861938 851.523499 592.333496 498.965424 297726.156250 
1915.366821 1739.274414 1247.077759 863.681152 239044.875000 
1687.987183 929.737793 583.413208 305.740662 210828.953125 
1829.247803 1209.097778 766.577148 717.409729 133943.406250 
1306.644409 529.072632 374.199036 262.151764 285433.625000 
1453.891479 481.464050 365.896240 281.350891 232505.250000 
776.528564 425.378967 260.938751 168.576294 120426.031250 
625.824829 397.919952 230.438599 224.457138 40005.445312 
0.000000 0.000000 0.000000 0.000000 78.703667 
0.000000 0.000000 0.000000 0.000000 87.866737 
0.000000 0.000000 0.000000 0.000000 74.302803 
0.000000 0.000000 0.000000 0.000000 60.375183 
0.000000 0.000000 0.000000 0.000000 68.831032 
0.000000 0.000000 0.000000 0.000000 64.589943 
0.000000 0.000000 0.000000 0.000000 48.239014 
0.000000 0.000000 0.000000 1.315025 105.382820 
0.000000 0.000000 0.000000 0.000000 73.906326 
0.000000 0.000000 0.000000 0.000000 53.672852 
0.000000 0.000000 0.000000 0.000000 57.361572 
0.000000 0.000000 0.000000 0.633263 15.597685 
0.000000 0.000000 0.000000 0.000000 51.199734 
0.000000 0.000000 0.000000 0.000000 60.143585 
0.000000 0.000000 0.000000 0.812645 46.835590 
0.000000 0.000000 0.000000 0.000000 34.866703 
0.000000 0.000000 0.000000 0.000000 37.834938 
0.000000 0.000000 0.000000 0.000000 54.091331 
0.000000 0.000000 0.000000 0.000000 0.000000 
0.000000 0.000000 0.000000 0.000000 49.006416 
0.000000 0.000000 0.000000 0.000000 44.293121 
0.000000 0.000000 0.000000 0.000000 38.330502 
0.000000 0.000000 0.000000 0.000000 0.000000 
0.000000 0.000000 0.000000 0.000000 7.307594 
0.000000 0.000000 0.000000 12.861564 138.869492 
0.000000 0.000000 0.710888 11.173268 145.460800 
0.000000 0.000000 0.000000 0.000000 0.000000 
0.000000 0.000000 0.000000 0.000000 44.430851 
0.000000 0.000000 0.000000 0.000000 17.222429 
0.000000 0.000000 0.000000 21.447067 103.621376 
