1.219974 
0.509109 
1.092938 
1.237180 
1.188888 
1.909709 
1.684339 
1.655827 
1.581103 
0.984074 
1.250354 
1.875364 
1.313574 
1.811512 
1.125228 
1.684216 
0.951892 
2.347863 
1.586261 
1.699737 
1.069343 
1.189502 
1.176491 
1.397972 
2.008576 
1.441358 
1.016623 
0.667973 
1.928174 
1.201469 
1.063068 
1.252979 
1.089476 
1.935241 
1.593823 
1.742900 
2.463060 
1.073837 
1.773113 
0.506705 
1.556980 
1.412367 
1.506706 
1.287259 
1.790928 
0.739600 
2.043355 
0.726684 
1.041999 
1.062747 
