82.463898 56.832634 40.931755 32.523735 16.903360 0.000000 
88.452103 47.356812 31.574141 30.196011 25.002661 0.019782 
87.101456 39.632725 28.966827 21.624821 18.997507 0.027976 
80.442055 40.943226 29.698860 17.926235 16.872383 0.000000 
84.342819 43.881927 43.087029 30.912512 17.193419 0.019782 
89.811005 61.335697 42.845299 33.403511 18.924744 0.034264 
89.424652 50.361095 42.677147 40.682789 26.547626 0.019782 
85.529846 54.705261 38.093571 33.146103 17.839264 0.000000 
88.228844 51.041477 39.535896 34.635307 15.568199 0.000000 
90.230637 49.367561 34.078724 26.334358 24.914526 0.019782 
78.114090 40.652481 33.396564 28.674435 18.194613 0.000000 
87.286041 39.658447 30.606083 23.448387 20.200249 0.019782 
84.954918 47.672119 38.842167 27.307089 21.713968 0.027976 
91.279037 44.834240 35.822563 31.641024 23.244329 0.027976 
84.072685 50.025810 42.532845 37.274536 17.659399 0.019782 
85.631943 55.485313 37.849739 34.470123 23.167297 0.027976 
87.921066 53.426792 40.003014 37.195229 26.040876 0.000000 
84.474068 34.279060 30.182987 27.740555 26.134439 0.000000 
85.018578 50.835796 31.843058 25.545403 16.101925 0.027976 
82.492973 46.816467 33.188175 31.049759 25.138584 0.000000 
87.146378 44.321865 43.939396 31.906572 26.146145 0.044235 
77.137421 44.312973 44.167892 36.704327 17.616152 0.027976 
85.266975 57.295910 41.265419 33.907192 29.457315 0.019782 
83.242645 35.297329 27.885185 22.585440 19.907261 0.039565 
86.877670 52.659431 45.604637 36.168797 19.050636 0.000000 
75.610573 38.729736 30.986984 21.765270 16.529408 0.000000 
86.524506 44.109833 31.232464 19.710064 20.380890 0.000000 
84.387756 46.036930 39.037899 26.009104 13.641180 0.019782 
88.593079 48.397327 41.403778 37.700397 20.940849 0.000000 
86.912010 39.469223 28.481861 23.987541 22.362335 0.000000 
87.740280 49.782623 47.057186 37.523273 23.216423 0.000000 
79.905373 43.750923 27.084015 22.832129 19.942896 0.034264 
90.662155 45.804153 34.249493 28.276720 23.725510 0.000000 
84.070694 50.154278 43.097748 34.383389 26.532265 0.039565 
87.605354 61.276264 47.805519 42.548424 22.344509 0.019782 
87.714653 43.432777 30.209778 30.177675 13.956227 0.019782 
88.946060 43.764313 35.950058 25.408417 24.282131 0.027976 
81.732071 39.630104 24.301931 25.544569 19.917742 0.039565 
84.016884 44.822704 31.681383 26.401278 18.518942 0.000000 
87.406570 50.017731 33.196152 33.451187 24.859755 0.000000 
86.452339 74.615990 67.169159 49.323696 18.651661 0.000000 
84.940231 41.825153 34.876617 26.033461 16.404667 0.000000 
90.851471 57.268074 45.658562 40.350819 25.235867 0.000000 
84.934227 51.599941 34.544659 28.624922 32.576462 0.027976 
82.894844 50.638840 33.968628 29.071493 17.175249 0.000000 
89.220085 64.438324 38.565716 40.786537 27.585390 0.000000 
84.441460 50.733788 40.012760 33.901855 16.273010 0.034264 
82.808777 44.995117 37.644165 31.653482 35.224590 0.027976 
83.850937 46.099876 34.086517 32.548653 43.988228 0.019782 
84.395279 55.500637 35.611912 32.563389 17.146904 0.000000 
