0.514758 
0.507622 
0.169803 
0.446488 
0.533894 
0.281668 
0.414050 
0.403062 
0.365396 
0.602086 
0.477879 
0.306989 
0.403805 
0.446716 
0.292732 
0.149728 
0.239165 
0.616216 
0.576713 
0.404301 
0.470134 
0.500019 
0.240565 
0.414399 
0.599644 
0.364461 
0.365610 
0.475208 
0.506402 
0.373933 
0.215910 
0.244736 
0.262497 
0.362100 
0.154830 
0.669670 
0.401289 
0.627448 
0.577607 
0.353579 
0.719375 
0.466430 
0.865156 
0.375581 
0.581947 
0.221670 
0.439406 
0.308408 
0.271693 
0.553386 
