0.000000 0.000000 81.330414 90.680107 97.571823 0.019782 
0.000000 0.000000 88.387085 91.364716 89.169456 0.019782 
0.000000 0.000000 77.513535 83.774353 76.252380 0.019782 
0.000000 0.000000 95.328056 100.891518 97.213676 0.000000 
0.000000 90.745018 82.745422 92.385315 95.733803 0.027976 
0.000000 83.878471 92.005112 92.258720 86.849861 0.019782 
0.000000 90.870659 88.186523 93.733459 83.269913 0.000000 
0.000000 97.049026 93.204857 93.045578 85.441048 0.000000 
0.000000 92.233551 78.699333 84.376617 76.609703 0.000000 
0.000000 88.486664 87.029549 92.838989 88.586136 0.027976 
0.000000 93.871880 82.503456 87.957741 84.655174 0.000000 
0.000000 89.008255 90.146255 88.178558 92.755386 0.000000 
0.000000 92.209511 98.885689 87.779106 80.941231 0.019782 
0.000000 87.052467 89.141106 85.709152 78.845093 0.000000 
0.000000 93.195869 91.662231 77.005775 88.355965 0.000000 
0.000000 83.919350 82.461609 66.004303 97.484535 0.019782 
0.000000 86.138802 89.462868 84.503899 93.011093 0.000000 
0.000000 83.353745 92.587624 74.515350 93.413712 0.000000 
0.000000 86.856155 86.236351 90.956047 93.963531 0.000000 
0.000000 87.500069 85.260788 89.431145 95.747551 0.000000 
0.000000 89.918907 85.446747 82.765503 85.282768 0.019782 
91.653427 89.470901 85.504860 80.045280 80.140480 0.000000 
92.641769 92.860069 86.847710 85.834137 77.666756 0.019782 
92.640022 89.042297 82.002121 88.683113 84.097412 0.000000 
90.728912 76.190659 87.595581 84.794670 90.729439 0.000000 
88.914055 82.703125 90.382782 89.151703 95.147446 0.044235 
85.071861 85.138847 90.629143 84.278572 96.374962 0.027976 
87.082344 92.357246 91.719086 91.172585 103.592628 0.000000 
88.847542 88.610252 87.464470 80.247375 94.221832 0.019782 
87.845985 86.667885 86.103546 83.804817 83.936615 0.027976 
85.901688 83.833336 83.555435 73.585022 94.063606 0.000000 
90.458038 90.020416 78.908897 79.506966 103.049004 0.000000 
95.102310 97.943283 80.569809 73.630051 91.852150 0.027976 
91.075211 84.125572 91.034935 73.375328 88.365753 0.019782 
84.977386 92.504395 86.461678 80.478271 89.907455 0.027976 
87.881165 90.094711 71.387077 70.358429 93.247932 0.000000 
92.100273 83.053131 87.305199 75.491508 100.064262 0.000000 
90.814888 89.714607 80.297279 75.545647 97.371834 0.000000 
87.201576 88.726830 80.625603 80.748268 87.077492 0.000000 
90.666336 89.543526 81.063408 84.638069 91.024780 0.000000 
98.389244 89.287796 83.134766 87.382713 95.189331 0.027976 
90.921364 84.860382 90.327568 84.063354 99.162834 0.000000 
91.593163 94.851067 82.331909 86.205360 101.031815 0.027976 
86.454063 86.787010 90.651337 94.426872 100.736534 0.000000 
91.845367 99.157623 86.661865 72.692863 91.578171 0.019782 
89.635674 87.756699 90.571564 93.381554 101.800713 0.000000 
91.024338 87.872429 84.765305 81.419891 89.458847 0.019782 
92.531013 89.017654 102.220016 99.798576 100.494560 0.000000 
90.077080 87.144691 96.389229 90.126038 101.317863 0.034264 
88.037071 93.983681 91.181831 96.478355 93.472420 0.019782 
88.994476 85.203011 89.473618 92.825615 102.450150 0.019782 
87.470238 86.037506 87.921326 88.803886 100.665810 0.000000 
83.588051 93.896904 78.445778 86.594139 107.890038 0.000000 
91.434540 87.568047 85.863625 97.595032 101.203270 0.000000 
88.520508 83.575325 100.925827 93.901436 96.239883 0.000000 
92.550606 93.987556 88.533501 97.992966 95.604042 0.019782 
92.759003 93.062019 90.205879 92.670471 85.403717 0.000000 
90.107079 84.917587 94.929550 92.526276 101.866348 0.019782 
88.358444 83.509605 98.418549 97.340858 98.018005 0.000000 
87.081337 94.076126 83.424232 87.973740 101.987968 0.000000 
88.021988 81.215225 86.014076 97.412956 86.357788 0.000000 
85.481895 79.787888 89.588394 94.409729 99.586342 0.019782 
88.896667 85.226761 94.673805 96.507294 98.492676 0.000000 
91.611206 89.978142 99.248672 87.989433 90.170013 0.000000 
93.636169 84.190323 96.949013 93.761848 100.595360 0.000000 
87.346756 86.036224 93.439735 91.757462 90.176834 0.000000 
96.314758 89.484871 94.000809 90.704628 97.027740 0.019782 
93.778793 88.823013 91.050858 86.913895 99.767242 0.019782 
91.239853 89.494675 103.669434 84.738213 83.314995 0.000000 
90.350014 90.304222 98.642242 86.220932 102.467133 0.000000 
88.574280 87.444214 84.773438 82.155693 88.346931 0.000000 
82.662682 82.941704 90.994698 83.059273 94.073898 0.019782 
95.191643 94.282951 93.138222 79.912148 95.051086 0.000000 
86.611755 83.170906 89.374542 78.107742 117.507355 0.027976 
95.475357 95.609795 81.616829 75.915405 100.284462 0.000000 
92.402992 82.861855 86.227348 73.705566 97.023468 0.000000 
93.968346 88.487671 80.248993 78.989349 94.071503 0.027976 
93.744247 78.396980 84.538025 74.671692 104.898232 0.000000 
88.648026 89.359871 86.028595 78.893753 96.512016 0.000000 
90.686134 89.349533 83.238060 77.904343 101.224083 0.019782 
88.534042 89.194664 89.213844 69.032692 102.488884 0.027976 
84.016777 76.457710 87.315521 80.406364 94.878235 0.027976 
83.208252 84.250847 86.075897 78.009979 91.489365 0.000000 
90.509377 81.126404 82.836655 89.539803 97.207054 0.000000 
82.702873 87.490425 93.830818 81.077232 100.055222 0.000000 
86.468689 81.061333 86.513412 85.700356 89.347801 0.000000 
91.424438 84.863159 77.896721 84.715889 90.336922 0.019782 
92.021774 79.676941 89.468964 90.001366 99.425842 0.000000 
88.938789 83.797089 86.361687 80.338745 86.109886 0.027976 
87.398743 91.484123 88.473648 92.712219 108.076797 0.027976 
81.305931 85.432602 88.827972 84.030777 97.903839 0.000000 
92.026642 83.380417 89.473450 89.534515 91.885750 0.000000 
87.120209 83.589302 85.872276 84.771469 101.369492 0.000000 
91.218079 81.374443 93.006737 97.918221 106.014252 0.000000 
86.698601 74.873474 82.601089 88.573006 87.773941 0.000000 
85.916573 70.083176 92.639793 94.340912 93.979408 0.027976 
86.491470 78.541779 85.206017 91.909004 96.538757 0.000000 
91.194771 77.124519 89.038788 95.660919 104.278503 0.019782 
87.101753 84.322769 93.614929 96.382019 101.590431 0.000000 
89.625465 82.140846 94.373756 99.935730 108.126747 0.019782 
94.142975 88.391273 77.732018 97.141129 78.567497 0.019782 
86.197708 79.831680 84.757210 98.141556 91.037346 0.000000 
90.658173 81.021629 90.972473 107.112885 98.070412 0.019782 
89.989487 79.805489 87.816696 94.454987 96.536400 0.000000 
87.147774 79.866440 91.712646 98.832512 111.713776 0.000000 
87.303795 70.730125 81.657898 101.912041 94.748505 0.000000 
81.002594 71.549522 83.134323 104.242882 90.084412 0.000000 
89.835014 83.078438 86.578972 95.520279 102.408691 0.000000 
92.453880 72.934868 79.803726 96.744644 89.850967 0.019782 
91.830048 77.617615 75.888008 107.312424 99.139816 0.000000 
88.593292 69.252563 70.021317 92.259117 97.056572 0.000000 
90.634125 64.157494 64.733055 74.087830 98.430336 0.019782 
85.968201 66.681137 64.851418 69.048897 73.762924 0.019782 
88.258316 57.932869 60.883049 64.290642 60.435802 0.039565 
85.869316 70.204338 62.259834 67.484810 89.365829 0.000000 
85.974045 71.414078 71.295738 70.112312 89.895851 0.000000 
89.552170 65.948700 71.557518 93.230675 99.130844 0.027976 
86.789894 70.128098 77.759186 90.057518 97.974632 0.000000 
86.104065 53.732574 57.548149 68.959229 104.347374 0.000000 
91.915680 51.966476 56.800686 55.548779 59.035328 0.000000 
93.717514 62.428349 71.804344 68.919067 85.659927 0.000000 
85.772346 54.497616 59.573032 62.668549 60.724255 0.000000 
90.795845 69.627327 69.702209 62.093067 81.184814 0.000000 
95.658508 54.857197 57.197186 58.124390 58.893112 0.000000 
89.613815 62.813095 63.073734 47.983387 60.108002 0.000000 
96.544983 59.236546 69.419937 59.332329 84.404076 0.000000 
86.413826 71.905991 66.778740 44.682674 72.742722 0.000000 
89.109413 58.144016 57.322113 51.022022 59.951164 0.000000 
90.242828 53.967838 37.831169 46.938457 35.798168 0.000000 
92.737953 55.151089 50.151333 44.506168 39.242832 0.027976 
91.918190 57.363041 42.861763 33.114998 44.355991 0.019782 
90.523689 52.949242 52.837845 43.521385 35.075100 0.019782 
89.054237 53.243294 51.904797 39.617779 35.147934 0.000000 
87.721657 39.398911 50.077972 43.465626 39.293568 0.019782 
95.127434 58.879742 55.786640 52.461746 42.251945 0.000000 
94.615356 52.481674 53.817261 41.223522 40.132267 0.000000 
85.706421 60.672035 59.367748 51.595341 40.298290 0.019782 
97.716400 53.768806 41.244328 40.199081 35.766121 0.034264 
87.134628 51.720478 55.906033 41.917435 36.183411 0.000000 
89.171661 52.314930 60.121796 60.025585 60.683178 0.000000 
86.262070 57.892502 56.308334 49.435139 42.058140 0.000000 
88.834450 38.625851 47.201485 35.695751 36.173103 0.034264 
91.598206 52.220406 44.895588 46.717461 56.287914 0.000000 
96.588669 68.497375 54.774147 48.105366 53.046452 0.019782 
84.689537 59.559113 63.422939 60.676121 45.844440 0.019782 
88.320869 46.842785 54.338570 45.960579 42.283508 0.000000 
88.320534 47.664654 49.055458 42.507442 51.739815 0.000000 
89.422188 69.017159 69.553368 61.217056 58.119892 0.000000 
85.637398 67.123413 72.228310 67.630775 49.164066 0.000000 
90.705315 59.472546 59.521187 63.437775 54.371346 0.019782 
91.431595 110.962593 107.004227 120.288063 94.010376 0.039565 
87.268692 81.748032 73.512291 86.215973 71.341331 0.034264 
90.690582 93.238808 88.462181 80.706734 76.266472 0.000000 
90.241333 68.287872 75.261803 70.793922 65.095703 0.019782 
91.954559 79.134140 85.738609 78.225761 87.918411 0.019782 
84.977600 77.790123 80.223053 79.249191 79.934746 0.000000 
89.472458 119.581192 118.065582 113.955353 108.169319 0.019782 
100.609077 120.700745 105.478134 97.709068 85.756798 0.019782 
89.233360 75.816765 82.098763 79.410202 90.482292 0.019782 
90.882874 88.274597 89.608604 79.730988 88.355682 0.000000 
86.136497 69.809715 80.806221 70.606331 76.098068 0.000000 
90.864655 68.789696 78.989059 93.303619 84.781792 0.027976 
87.379532 129.489777 134.286041 142.541122 108.562729 0.034264 
92.835938 57.639908 56.967793 74.116570 86.839241 0.019782 
93.857193 88.406067 92.852898 76.224907 92.035683 0.027976 
89.006035 85.788322 91.206444 85.952263 83.129814 0.019782 
92.602402 116.832489 100.916138 92.370171 91.305054 0.000000 
90.212700 107.564163 98.624451 93.108871 69.095726 0.000000 
84.263039 118.927574 109.316437 106.013954 75.262497 0.027976 
88.734467 98.460701 92.075417 68.816139 77.872719 0.000000 
89.468445 82.711319 76.902596 77.476288 62.948994 0.027976 
91.272133 61.051105 61.640690 77.483902 85.161880 0.000000 
93.067711 101.861633 93.441452 94.992676 87.814667 0.000000 
90.372681 107.709824 99.603676 90.142029 84.409630 0.000000 
86.206253 91.354156 89.246429 78.946693 72.575722 0.027976 
88.589226 90.859970 83.826706 91.139862 83.331551 0.000000 
90.700371 84.235497 90.245766 91.749809 92.259682 0.000000 
88.475227 110.557663 97.749298 91.574364 80.947975 0.027976 
83.686119 81.281487 93.899414 88.042877 87.822609 0.000000 
87.058548 90.339340 92.338112 84.835274 83.862114 0.000000 
87.826317 97.646477 97.763580 92.077660 77.341576 0.027976 
90.353127 87.973389 84.781105 72.517403 89.731514 0.000000 
89.042038 86.802292 89.471169 92.826134 90.247581 0.000000 
98.328957 80.900253 75.799126 81.487831 84.678665 0.000000 
89.577194 95.746315 94.454063 91.445572 79.111298 0.019782 
84.909218 83.528572 90.846024 82.262817 79.559883 0.019782 
84.640892 89.003181 88.274971 80.666130 88.354004 0.000000 
93.332214 90.835365 87.612968 80.570679 88.395782 0.027976 
87.729645 92.723022 97.630234 97.733849 85.476196 0.019782 
91.483658 90.434616 91.845367 99.326630 83.294403 0.027976 
87.111961 83.772285 87.860672 97.196381 86.287239 0.000000 
92.662933 94.548119 98.382820 94.759087 75.496613 0.000000 
85.941521 93.152809 100.689133 95.034760 84.296173 0.000000 
97.044846 97.463943 94.285339 105.502510 106.750938 0.000000 
88.518997 86.343033 91.430153 78.018959 90.801910 0.000000 
90.828247 96.283951 84.731987 92.450279 85.953827 0.000000 
92.535309 84.065201 86.742477 86.864395 79.270035 0.000000 
99.627686 87.121521 82.818062 83.910980 79.088425 0.019782 
86.698456 85.121460 96.971565 82.485138 78.945587 0.000000 
83.734505 87.476089 85.467400 91.826630 76.793304 0.000000 
87.746246 76.890068 84.858208 84.722847 76.564438 0.000000 
89.764702 93.218361 80.564316 81.022804 72.516159 0.000000 
88.814369 82.969124 82.007416 79.376381 78.149254 0.000000 
88.677834 83.525482 84.014961 82.251778 86.837219 0.000000 
89.905754 75.323227 71.201378 68.462349 62.588406 0.019782 
89.968971 76.215508 86.106514 81.919640 71.018974 0.019782 
87.040276 91.659729 93.176414 100.866219 91.525345 0.027976 
88.993217 69.688980 77.160263 67.265266 69.906601 0.027976 
87.545349 71.635910 82.558395 76.240555 74.775040 0.000000 
86.966324 78.093544 85.464699 88.914452 64.377304 0.000000 
87.676636 82.091339 74.673164 79.432663 69.760406 0.000000 
87.358398 82.693527 72.887611 72.381538 73.234047 0.027976 
91.405571 82.815979 86.960442 86.360229 77.479393 0.000000 
88.353264 88.230904 97.015846 88.862923 93.852524 0.000000 
93.188042 83.355690 91.838036 83.957474 71.688980 0.000000 
93.803123 90.864731 81.927536 89.489250 90.280426 0.000000 
93.775711 87.827423 93.215416 79.583389 87.874001 0.000000 
94.150085 79.929329 88.111099 83.411163 85.292702 0.000000 
89.780678 71.941490 84.034668 76.460762 69.890114 0.000000 
87.056412 83.531067 84.746498 88.564720 92.938362 0.000000 
89.658928 79.845619 91.368141 95.597229 71.785919 0.000000 
93.398994 93.081215 93.131508 93.948952 88.315567 0.019782 
89.919777 87.520897 87.382790 102.661980 84.647217 0.019782 
85.850594 81.970535 92.781479 79.125572 85.862671 0.000000 
98.293320 83.439491 94.339691 91.518372 74.348259 0.000000 
92.952499 86.847740 84.668121 67.757652 73.558907 0.019782 
92.700729 84.395149 83.091049 73.033981 63.730751 0.019782 
90.513924 85.060890 97.605110 90.967995 76.509964 0.000000 
84.508598 86.863335 93.594742 87.366928 80.774429 0.000000 
89.812019 96.735336 90.424904 93.541855 68.904999 0.000000 
89.797005 84.475563 78.511185 79.051529 69.988060 0.000000 
88.296158 82.109756 78.158409 78.805550 82.250557 0.000000 
86.526955 67.395859 69.378159 83.394875 69.848763 0.000000 
87.906982 77.428772 80.068108 91.372032 76.656448 0.000000 
93.530365 88.466164 81.378372 89.443626 75.276062 0.000000 
92.446503 92.496773 90.428673 96.256271 90.068344 0.019782 
89.526321 90.460709 81.751839 92.903305 78.907936 0.000000 
88.403114 88.054703 99.564659 76.270973 74.121498 0.000000 
90.805717 90.179550 84.865456 82.011398 77.938812 0.000000 
91.233093 86.399796 96.418846 80.987717 63.689426 0.019782 
87.464584 80.636215 84.041763 77.463341 66.898979 0.027976 
87.750877 92.353157 91.013779 98.944389 80.015785 0.027976 
87.989937 89.949738 84.887466 81.394485 77.301163 0.019782 
93.518890 101.137115 103.028374 107.603958 85.640259 0.019782 
92.889053 90.936142 93.098160 87.987114 86.130226 0.019782 
88.551918 89.807327 83.999489 84.469002 78.460861 0.000000 
86.144753 77.458923 90.497948 81.731773 87.953842 0.000000 
90.187355 72.482185 70.060005 80.995010 70.502106 0.027976 
88.870438 85.541313 81.101097 88.510612 65.978531 0.000000 
91.877335 79.339272 87.832085 74.102295 64.341942 0.000000 
91.307732 89.051598 83.738594 85.819908 66.964821 0.000000 
88.584839 84.174118 83.623756 84.515350 73.537529 0.000000 
92.352501 77.051529 84.409546 87.638542 70.814537 0.027976 
85.140175 83.929237 72.902031 84.403915 81.429405 0.000000 
90.945946 81.742218 81.801842 85.267967 78.099075 0.019782 
90.504807 79.817116 83.296227 76.469566 71.442039 0.000000 
85.709656 88.402435 82.299561 83.962593 74.288017 0.027976 
94.170029 79.297089 84.741356 78.234894 75.205803 0.019782 
93.187828 79.093102 93.888374 83.763359 77.449493 0.000000 
87.850075 78.955078 92.870659 86.497154 75.179108 0.000000 
92.754997 77.783539 80.506508 81.947960 74.450546 0.000000 
89.416527 83.022194 83.261055 80.320839 68.825233 0.000000 
94.239082 77.732574 77.536011 84.917015 70.625481 0.027976 
91.568253 66.568657 54.345116 58.775490 45.818237 0.000000 
91.957436 92.868317 90.897240 100.857361 71.574142 0.000000 
86.270424 103.892021 99.199066 78.567062 76.688194 0.000000 
85.985825 76.957405 82.617897 77.947556 75.412132 0.000000 
88.557693 75.160179 78.106140 76.661201 57.793835 0.000000 
93.199699 88.403351 80.746284 72.614937 68.268105 0.000000 
92.763519 88.659760 91.617699 92.507805 85.025627 0.027976 
94.697662 74.507072 73.986900 67.827057 60.120472 0.000000 
90.526382 75.369171 70.727280 65.793472 56.778992 0.000000 
85.978111 88.864632 77.929314 83.057411 74.645927 0.000000 
88.207718 70.227997 69.949364 64.404488 73.204681 0.019782 
84.184364 87.724846 75.485115 82.378960 82.394638 0.027976 
91.464233 98.186806 88.837402 88.374939 83.606476 0.000000 
91.289703 82.857277 87.808540 75.405342 90.548218 0.019782 
89.331429 83.778259 72.119530 81.112991 70.669983 0.019782 
93.700768 79.962372 70.526344 81.415314 69.216934 0.000000 
86.007782 89.836861 89.928520 93.005157 65.914238 0.000000 
90.784203 84.099228 77.204460 85.473137 69.584000 0.000000 
91.553764 79.773514 82.706276 79.405128 66.096710 0.027976 
93.311043 81.834625 82.097824 69.643532 76.747246 0.000000 
89.014236 70.027435 70.222862 69.368019 51.315346 0.034264 
85.055374 79.823654 75.195061 81.855209 73.530663 0.000000 
87.348465 83.224625 81.491951 99.404671 94.456299 0.000000 
91.663025 88.253113 89.852562 83.444710 42.874771 0.027976 
93.016838 91.160225 82.954964 94.542595 68.631546 0.000000 
90.847702 82.252464 84.414307 86.451294 72.007103 0.000000 
89.603638 71.592880 64.431480 66.746140 72.099678 0.000000 
88.776825 75.675735 91.813721 83.583733 73.764343 0.000000 
93.282135 84.198807 80.894455 84.805229 64.747604 0.000000 
90.239655 84.449936 93.645660 89.385536 62.199894 0.000000 
90.068924 74.535538 88.679199 79.074600 77.241211 0.000000 
87.592316 82.027664 73.159164 79.959999 68.196304 0.000000 
89.403992 88.788620 88.303978 94.986252 75.293312 0.000000 
90.036369 93.533707 94.589127 86.302544 76.969574 0.000000 
88.846397 80.996979 72.463402 75.168365 58.398323 0.027976 
89.442802 80.228447 80.090614 90.176407 71.870872 0.000000 
91.018562 85.510185 75.682106 77.025566 69.902870 0.000000 
86.175621 66.998901 76.220963 76.933334 65.366425 0.000000 
87.981010 81.962639 89.482796 94.835869 78.726028 0.019782 
90.620575 87.541489 91.310577 89.191811 71.339401 0.027976 
83.965416 76.218216 88.814552 84.188560 72.476852 0.000000 
93.939995 67.892555 72.478165 63.423893 68.996727 0.027976 
91.172394 79.282722 76.423431 72.334846 63.382168 0.000000 
88.536812 79.336670 70.690880 73.388206 67.240730 0.000000 
87.818680 77.012238 79.654213 75.735466 75.658546 0.000000 
90.383484 62.900864 71.841248 65.091171 45.325363 0.000000 
89.126823 68.224136 76.916306 66.874985 62.753204 0.000000 
88.437195 78.590858 79.147522 75.761726 65.236671 0.000000 
87.080353 84.581688 88.386139 89.749611 77.982765 0.000000 
86.012520 85.202583 80.433243 60.089474 54.312313 0.000000 
92.006866 76.649452 73.368004 67.602264 67.206970 0.027976 
84.012794 70.557739 78.616714 64.739334 62.330124 0.027976 
88.838615 88.923126 85.112640 75.580315 69.947350 0.000000 
91.921524 72.713631 75.694054 76.980255 61.876755 0.000000 
86.911331 83.681885 75.012466 71.828125 58.752670 0.000000 
90.867310 72.496124 78.312035 80.057121 46.398945 0.034264 
86.036018 74.901375 78.505867 89.529289 71.178696 0.034264 
90.236427 81.988419 77.809387 69.478897 70.668625 0.000000 
89.593674 87.485390 93.610283 95.556053 56.499016 0.000000 
91.360878 79.286552 82.174171 79.641228 52.841579 0.019782 
90.737297 64.359032 68.658775 69.468491 61.884033 0.019782 
91.303070 63.809166 73.980919 76.730972 47.553593 0.000000 
91.207619 77.748596 83.990120 76.978958 66.289833 0.000000 
92.403023 84.940437 76.425095 77.880920 62.103249 0.000000 
85.024483 83.695793 94.625771 87.801514 67.407112 0.000000 
91.777756 74.089867 76.401337 88.149139 56.642860 0.019782 
86.983963 74.239174 72.811813 68.423347 61.756245 0.000000 
89.226830 82.085838 81.070190 85.046379 66.422859 0.000000 
90.576790 86.583549 80.094147 90.390381 71.382713 0.000000 
90.137985 78.082214 79.562004 76.440445 64.431770 0.000000 
90.544861 82.609505 72.739670 88.528000 65.802269 0.000000 
89.516464 88.857986 81.176811 78.368904 68.372704 0.000000 
82.873146 86.048035 66.805099 71.529068 64.925453 0.000000 
86.988647 82.805206 85.528336 93.161064 70.974968 0.019782 
88.363113 84.027725 79.385323 83.211182 72.537140 0.000000 
88.254524 76.344627 80.583778 83.003265 63.028934 0.027976 
90.856079 88.389389 90.429016 87.035843 70.592926 0.000000 
90.573883 89.592552 91.958572 82.765839 79.736946 0.019782 
89.525642 72.770744 72.847206 73.742088 67.249458 0.000000 
90.775093 89.244476 78.531929 71.501282 54.278957 0.000000 
88.182083 78.714020 78.673157 81.322594 80.018196 0.000000 
89.293953 90.038361 79.203262 67.859650 59.844795 0.000000 
91.933144 67.667648 69.922272 70.777267 54.682781 0.019782 
98.322182 83.016205 90.915146 85.723351 82.606140 0.000000 
96.206947 80.090683 81.827049 60.515800 51.495213 0.000000 
82.333641 74.771996 81.540306 69.854012 59.904732 0.000000 
92.408722 84.575111 72.227119 78.066498 53.734596 0.000000 
87.874886 92.350456 82.645912 89.692154 63.974033 0.000000 
88.529160 64.955612 69.619926 70.082748 55.840500 0.019782 
91.701820 77.011696 78.174423 75.978981 81.623344 0.027976 
89.104347 84.276001 86.057419 84.310616 76.719170 0.000000 
99.012627 74.648476 69.798264 79.119339 70.783401 0.000000 
86.226196 69.880005 83.642525 80.990952 56.256771 0.000000 
93.609444 93.815781 81.182304 76.623489 57.911003 0.000000 
95.812836 74.979469 73.909134 78.966995 61.434208 0.000000 
87.650101 82.297607 68.141144 67.762505 69.339714 0.019782 
94.204018 70.643356 61.750370 57.705776 60.479275 0.000000 
86.585571 73.969597 68.957283 61.145462 48.494457 0.000000 
86.737236 77.575813 80.929779 83.242477 72.192955 0.000000 
93.225548 86.153603 76.314064 77.392868 50.595345 0.000000 
84.265663 65.541321 72.406395 83.591194 59.608177 0.000000 
89.746208 83.882439 74.038780 74.645737 57.783932 0.000000 
85.724792 80.442589 78.788399 85.120621 58.536442 0.000000 
89.888840 73.691818 78.495552 70.863792 70.298317 0.000000 
96.748894 85.512390 79.682777 68.704819 55.707890 0.000000 
90.502846 68.357674 75.984283 80.747490 60.961479 0.019782 
87.322525 93.634659 91.001190 88.204437 66.539558 0.000000 
92.593719 83.905174 75.313759 70.639389 62.603626 0.000000 
88.086105 93.355133 60.841942 76.712730 62.889603 0.000000 
89.020805 80.454926 89.113922 91.402931 83.124123 0.000000 
83.454124 81.555901 89.510223 86.125961 73.337502 0.019782 
88.222122 72.473709 71.294395 79.465721 73.372002 0.000000 
89.647842 81.869118 84.728195 86.151489 78.085640 0.000000 
83.758278 77.617462 79.396767 70.039040 55.188908 0.019782 
90.727348 77.332069 82.552200 69.911514 69.325554 0.027976 
86.329567 81.126823 68.951309 68.485832 58.507965 0.019782 
88.449799 84.295898 76.408142 82.009033 68.166672 0.000000 
89.859154 79.152351 73.112381 78.932915 45.731541 0.034264 
92.484436 83.420685 81.100220 74.161705 62.289780 0.027976 
89.658890 74.801712 75.608406 81.577248 61.882332 0.000000 
89.474770 80.147507 75.568504 71.203079 54.691433 0.000000 
86.181915 64.155937 80.118576 72.326736 61.927448 0.000000 
90.324883 79.088417 79.190826 80.309959 59.128418 0.019782 
85.543243 83.610252 73.105148 72.284950 57.522076 0.000000 
87.157166 67.942062 78.425400 69.157578 62.129818 0.000000 
84.984482 71.242294 71.880592 77.803978 64.620598 0.000000 
90.817268 93.157578 83.406967 78.669266 63.373875 0.000000 
90.464912 79.909081 74.833023 77.567650 55.689934 0.000000 
93.382927 81.104576 70.831635 83.199600 55.407372 0.019782 
92.253845 87.790413 90.104836 86.188049 60.334175 0.027976 
88.881088 80.960213 82.612984 80.258766 65.993484 0.000000 
85.876472 84.747597 82.349617 75.799576 61.147346 0.000000 
87.657707 68.161705 65.837822 56.473225 55.597347 0.019782 
90.695343 74.606346 73.341080 79.876625 59.278320 0.000000 
84.398911 68.323212 55.214813 60.817177 58.817833 0.019782 
91.251877 85.865166 81.834938 83.991676 74.285194 0.000000 
87.266052 73.251236 78.837196 78.768967 58.315071 0.000000 
90.365707 78.394379 82.258652 83.008705 49.075066 0.019782 
91.536583 74.640053 83.863152 63.364380 60.956486 0.000000 
93.225914 66.711769 65.788696 67.776627 51.033379 0.000000 
90.707962 75.537941 77.982368 77.788734 48.825493 0.000000 
85.657745 60.142849 67.515266 65.790497 56.445644 0.000000 
84.691658 75.733711 84.121696 85.859688 59.217682 0.000000 
90.249077 80.302284 62.392723 71.385445 65.712463 0.000000 
90.410172 70.947540 66.078964 72.311928 55.961987 0.019782 
87.960358 83.062637 67.699745 67.086197 64.751228 0.027976 
90.827919 80.837303 78.054108 61.815792 58.142536 0.019782 
92.840340 87.759560 73.824249 62.858036 54.774361 0.019782 
86.025146 73.399551 75.508530 76.177132 56.131908 0.000000 
89.112816 80.347153 81.818054 82.061760 67.544945 0.027976 
79.835892 79.248520 76.608452 77.163849 52.785835 0.027976 
89.420494 74.956841 76.781494 72.001778 61.995735 0.027976 
84.943840 78.940979 78.708305 71.577133 57.016911 0.027976 
91.785355 80.797295 83.700371 83.705597 71.363731 0.000000 
88.910980 63.257133 62.247444 62.671730 50.440205 0.000000 
85.172371 82.236214 66.939766 69.817360 54.212646 0.000000 
84.158424 81.040169 71.665871 86.607086 78.200180 0.019782 
85.712051 75.980568 69.618446 71.830597 57.256092 0.000000 
90.064819 81.048119 85.035110 80.851395 75.335838 0.019782 
87.714462 82.145203 78.636185 75.954056 66.295570 0.027976 
92.385551 77.711990 67.313812 59.410656 50.286091 0.000000 
92.824768 78.733643 76.682770 64.212929 68.381317 0.019782 
85.242493 65.681999 73.214409 78.018929 47.575378 0.000000 
88.421356 82.699631 81.647888 64.654884 56.139797 0.000000 
91.027534 77.744415 83.612816 93.427475 62.866138 0.000000 
88.496864 79.377670 76.572357 78.916084 63.190620 0.000000 
86.613274 79.079109 83.099442 79.332092 59.484867 0.000000 
87.082962 89.179680 79.589333 69.874214 51.251270 0.019782 
89.570908 65.759598 68.591148 75.360573 54.328621 0.019782 
86.179779 103.057884 88.294182 81.896172 79.831436 0.000000 
86.413109 90.337540 82.527176 82.674828 51.029594 0.027976 
87.683762 82.028481 82.101326 86.133125 57.067440 0.000000 
82.975983 71.213837 71.003624 66.241753 58.275185 0.019782 
92.006027 72.086205 61.765953 76.334915 69.895416 0.019782 
85.616562 81.205627 79.630692 69.193108 52.465847 0.019782 
91.767471 65.831787 74.972725 75.517380 61.841061 0.019782 
90.939888 73.921120 75.941849 76.152092 56.396164 0.000000 
84.743172 81.002861 90.259430 75.141846 56.758713 0.000000 
90.529945 94.346207 87.495155 87.055748 75.175774 0.000000 
90.736664 79.814926 71.782730 63.329391 52.327339 0.000000 
93.094315 79.868408 74.715004 69.076668 51.473896 0.000000 
81.482704 82.483582 84.721786 81.718246 69.389351 0.000000 
87.028755 84.275261 101.678818 83.523331 74.074356 0.000000 
98.834267 94.466209 89.103462 83.609138 71.833359 0.000000 
88.472786 78.329315 77.911537 74.867538 51.934254 0.000000 
88.885674 66.952477 65.413651 67.266510 53.820553 0.019782 
90.653770 73.892632 74.632652 64.526901 45.759380 0.019782 
90.259697 72.343025 65.098732 65.606468 52.502590 0.000000 
90.568756 83.246895 77.931007 79.806160 52.764736 0.019782 
87.861565 82.581223 76.051796 63.196136 51.707809 0.019782 
88.168777 72.777451 69.378090 67.785889 45.289360 0.019782 
88.978943 83.391029 82.311798 81.944016 47.465862 0.000000 
91.922050 65.041267 64.136963 66.576271 69.119774 0.027976 
94.373383 84.193459 88.892052 81.128654 62.200783 0.027976 
93.472618 83.224915 87.720276 90.023582 53.673027 0.000000 
84.291771 73.970284 73.261490 67.767914 49.324455 0.000000 
89.510811 60.290531 54.953766 55.768036 44.171848 0.019782 
85.202087 80.153931 73.942223 67.031128 49.544464 0.000000 
84.805809 73.920609 74.440094 76.618340 56.290630 0.019782 
92.327126 78.462013 94.319366 72.993942 50.824673 0.000000 
88.669609 74.038559 76.742897 74.969597 61.446934 0.027976 
91.077072 86.446815 87.780960 84.278000 57.620430 0.000000 
87.897591 65.664268 81.792534 75.694603 70.576828 0.000000 
86.305473 73.185974 67.877670 56.789650 58.805450 0.000000 
88.337616 77.895493 76.324661 69.764229 70.366592 0.000000 
87.463310 73.885117 75.262962 63.483772 55.947205 0.019782 
90.997719 70.205734 85.869461 78.208313 59.596336 0.027976 
92.372536 81.835617 73.712654 64.300491 59.394135 0.000000 
90.835327 74.725967 71.734535 75.191917 53.345131 0.000000 
87.329498 65.093628 62.585411 69.225235 62.451492 0.000000 
86.775810 80.753410 76.868698 72.513405 65.215843 0.027976 
91.092529 81.323532 85.372231 73.980125 52.033722 0.000000 
88.207458 79.608070 77.778885 77.026154 63.247562 0.000000 
86.664368 88.336243 89.125877 87.196915 74.752518 0.000000 
98.096420 74.294403 71.780777 64.538704 59.072033 0.000000 
91.601456 79.789230 74.852432 76.942696 48.429111 0.034264 
89.082962 78.243835 72.405029 66.514709 38.285927 0.000000 
83.900162 69.565323 72.816048 71.134430 65.473030 0.027976 
92.605743 68.769875 62.027325 70.422783 56.642479 0.000000 
94.052505 79.809135 70.514198 77.725929 45.856388 0.027976 
87.638031 79.150383 80.929321 70.063278 50.329018 0.000000 
85.286316 65.157928 63.214630 54.281723 43.557949 0.027976 
92.417534 87.628632 84.908043 84.602760 52.874687 0.019782 
87.543144 67.047653 65.656616 63.508419 35.078583 0.000000 
91.869995 78.528923 74.775909 68.754593 60.736347 0.027976 
95.040672 81.537567 89.914040 79.469086 61.739647 0.000000 
84.912109 71.768509 70.346382 63.223560 54.995117 0.027976 
88.369186 79.617386 78.433205 73.923950 58.177792 0.000000 
84.601501 82.733978 78.336609 78.415817 56.856037 0.000000 
86.791641 87.515587 90.529709 66.016373 57.585808 0.000000 
78.845146 68.894386 60.395851 62.179115 51.183426 0.027976 
88.661880 63.388554 60.573582 62.389275 49.728680 0.000000 
89.817635 67.590889 75.832100 67.470650 50.807205 0.000000 
90.248108 80.084869 78.595375 67.280350 49.484390 0.000000 
86.801872 71.859268 59.935833 56.810196 59.983387 0.000000 
88.711861 84.134560 77.915421 80.440582 55.212536 0.000000 
84.209366 70.499710 64.049797 65.343468 52.522831 0.000000 
