11.695462 1.962440 1.243325 1.918773 1.172531 0.027976 
21.751291 4.444044 3.439060 5.745967 12.993971 0.000000 
23.725348 3.915667 2.552133 3.990027 0.683283 0.000000 
17.916115 2.564146 2.209480 2.910738 1.511549 0.000000 
20.912577 3.203385 2.612619 4.773067 3.123492 0.000000 
23.067371 3.947494 2.867715 3.249681 3.481890 0.000000 
19.065277 4.794689 3.806012 6.181171 9.011468 0.000000 
20.081856 7.330932 7.124500 10.992431 12.491997 0.019782 
16.249802 3.378292 3.217046 4.553673 5.765004 0.000000 
16.931293 3.596953 3.066182 3.702216 8.046764 0.000000 
20.240444 12.907434 14.728786 20.069818 52.879101 0.019782 
