87.630478 56.298252 59.563278 47.522655 38.634384 0.000000 
88.989113 65.338020 58.633892 39.069283 32.614006 0.000000 
90.093651 63.452614 53.931610 43.288612 29.693460 0.039565 
87.182693 58.366047 52.713089 42.379650 32.973892 0.000000 
90.247437 76.560768 53.736195 49.611691 32.435059 0.019782 
88.312157 71.838692 48.231216 39.107967 24.097208 0.019782 
86.185150 60.611462 58.728275 52.395588 24.972725 0.019782 
85.913513 59.985012 54.335766 45.116135 31.212744 0.000000 
85.232529 56.786583 48.314613 40.360283 30.596966 0.000000 
91.168259 67.914993 74.244476 68.478371 34.775681 0.000000 
93.489914 63.802250 43.652782 46.861176 40.606869 0.000000 
91.347641 68.753372 62.449318 45.245869 31.006243 0.000000 
87.235168 73.093597 59.579235 49.408657 29.604097 0.000000 
94.164108 71.313210 59.234200 48.553097 32.537899 0.027976 
86.509209 61.487778 56.218452 41.370472 29.025227 0.000000 
92.091499 67.931839 51.083057 46.537651 28.379421 0.000000 
94.117996 73.849136 64.990356 68.276726 43.797211 0.000000 
85.312263 56.583591 48.329075 43.057262 29.095997 0.000000 
88.566833 61.443638 55.207714 46.855656 42.356609 0.019782 
88.594727 64.355019 61.632755 51.568802 38.136593 0.000000 
86.953972 62.683949 47.351082 40.815750 36.278904 0.000000 
93.159698 67.234245 65.292931 53.428818 34.679905 0.019782 
82.704048 67.331619 56.283131 46.246666 31.012884 0.000000 
86.827469 62.862648 65.722702 52.871773 34.993553 0.000000 
90.670990 76.016441 66.680786 58.096634 36.759438 0.027976 
88.394218 59.111088 56.128269 47.371262 34.046551 0.000000 
93.984749 67.484314 62.866386 60.837013 31.592503 0.000000 
86.813080 60.314976 48.640675 36.969254 26.689695 0.000000 
88.308884 64.303879 54.274960 50.723064 31.235994 0.000000 
93.320602 53.002491 51.217232 45.655533 34.281193 0.000000 
87.920074 57.819599 68.531487 55.843197 53.092747 0.000000 
89.875778 55.776962 41.640305 41.851635 27.164450 0.000000 
98.360275 60.245628 62.242985 49.043777 36.344414 0.027976 
90.152206 65.642731 69.467232 51.191025 44.302853 0.019782 
91.166016 65.962845 55.714909 57.425182 48.359776 0.000000 
90.936699 68.625259 56.802361 60.893818 32.162331 0.000000 
93.861984 54.071560 47.571991 46.268784 56.816399 0.027976 
85.198074 52.932938 48.154976 36.700081 32.253975 0.000000 
85.770386 63.526932 53.802238 55.590588 44.494556 0.034264 
81.244797 58.406326 55.061543 51.947460 34.106464 0.000000 
83.550583 55.365231 54.646221 47.143036 29.588917 0.027976 
87.688889 57.208427 53.853897 51.952396 36.716610 0.000000 
93.320862 60.959854 51.026608 49.233501 30.202644 0.027976 
85.178741 73.698967 64.253822 50.097107 34.033600 0.000000 
91.725067 65.765198 53.639954 47.793545 32.747505 0.000000 
93.750061 62.529106 74.194466 65.604065 39.749950 0.000000 
88.820862 74.449028 70.036003 57.433239 29.901672 0.000000 
91.581551 53.201660 57.785820 56.207439 55.507504 0.000000 
86.869019 78.743210 78.247147 65.823723 57.052837 0.000000 
91.011261 54.647835 50.504589 39.456364 39.838455 0.000000 
87.049286 56.363449 52.379330 42.250568 28.881058 0.000000 
87.948250 68.216675 55.226562 44.204426 38.144535 0.000000 
88.167801 66.462448 57.911041 42.045361 36.918999 0.000000 
90.615776 55.162731 43.083893 42.189896 29.361757 0.000000 
92.786285 54.738182 52.855389 41.248962 31.867847 0.000000 
91.934784 59.380379 51.589882 46.972477 34.339676 0.000000 
87.936531 63.779797 66.464455 56.060772 42.155945 0.000000 
90.044685 77.103409 66.427940 46.768135 34.822727 0.000000 
86.398598 58.457268 57.363041 52.621048 38.942978 0.019782 
89.112312 55.073559 49.327991 39.890808 22.449755 0.000000 
86.373184 59.602592 54.568943 49.063469 31.960039 0.027976 
91.403206 64.205040 59.619808 58.375961 52.346409 0.000000 
88.505920 54.840488 60.472801 54.797962 45.502750 0.000000 
87.256432 68.299454 56.930977 52.879414 40.484791 0.000000 
87.076515 62.693825 61.158180 52.006592 26.027288 0.027976 
86.540543 67.913185 53.034863 46.476776 29.578871 0.000000 
87.393478 58.570652 49.269657 39.104580 25.393789 0.019782 
95.193924 58.618088 48.952969 48.439476 33.670521 0.019782 
86.212357 61.522514 49.011288 44.799831 26.722462 0.000000 
87.746849 65.096474 60.059643 56.118382 39.704205 0.000000 
90.301750 54.646416 46.674690 42.874779 34.400059 0.019782 
86.534309 48.849236 48.006123 36.904995 33.586430 0.000000 
90.534309 80.965927 63.059727 37.582855 27.644783 0.000000 
93.111511 65.493904 55.935661 49.705502 41.713421 0.000000 
88.776337 69.597763 60.753929 45.486988 29.475077 0.019782 
82.084488 66.160652 57.190121 43.397091 33.566116 0.000000 
86.984734 72.944954 73.339241 63.228096 55.700012 0.019782 
85.400040 62.253109 59.880772 44.252422 36.707458 0.000000 
87.095001 63.157093 47.582409 43.770103 28.276590 0.000000 
92.793396 61.523365 48.394577 42.890144 36.495594 0.000000 
91.404999 72.752464 72.739571 73.271057 70.871384 0.000000 
96.587311 65.744766 56.646042 48.864841 32.570652 0.000000 
86.709198 73.522423 70.856422 73.193428 43.405037 0.000000 
88.714714 55.554268 59.957378 45.205868 32.515285 0.027976 
91.713661 63.871288 48.609680 47.043945 32.210228 0.000000 
90.828720 65.186363 56.700752 48.240494 28.486256 0.019782 
90.137085 65.549637 66.237053 80.885757 57.084396 0.000000 
94.583977 52.222130 52.547344 39.304031 27.813587 0.019782 
95.091591 54.828148 50.324459 43.888485 32.920174 0.000000 
90.358124 66.375923 59.107975 55.058575 34.209824 0.000000 
86.508705 76.568977 61.822758 58.934200 26.848442 0.000000 
86.689072 77.053169 55.795914 51.152431 35.181206 0.019782 
88.625183 58.269814 57.914047 43.426975 23.696899 0.000000 
87.739632 63.597256 58.258900 48.305355 32.352551 0.000000 
94.342537 60.887051 56.649338 49.758705 31.767120 0.000000 
89.979485 52.779980 63.086060 67.194923 69.857574 0.000000 
93.911766 63.134521 64.408707 55.624531 40.852306 0.000000 
86.718086 57.409580 44.408268 32.353703 28.759432 0.000000 
91.748398 63.660080 56.781635 57.298672 57.797623 0.027976 
88.787910 59.619503 56.816933 52.203266 35.514137 0.000000 
