87.848228 86.117676 95.703072 106.773361 89.146210 0.000000 
87.907066 88.248489 76.953659 87.208641 78.365295 0.034264 
88.975136 90.815987 90.297241 85.423775 78.873146 0.000000 
86.310463 85.707779 89.728172 89.701767 99.083176 0.000000 
94.197739 95.045456 91.483177 90.481293 89.510841 0.000000 
86.417381 93.497894 86.528763 96.746292 94.396011 0.027976 
96.515411 83.125954 85.665794 82.730507 96.350159 0.000000 
88.581528 86.162804 78.142555 98.372101 106.449699 0.039565 
94.608490 94.552315 94.280220 82.198860 83.833923 0.000000 
92.643394 95.658859 81.721397 81.774940 91.463913 0.000000 
