0.326596 
0.501470 
0.282937 
0.553715 
0.508775 
0.395326 
0.451874 
0.275837 
0.359656 
0.472309 
0.803492 
0.525415 
0.215991 
0.564334 
0.375229 
0.298400 
0.357343 
0.868377 
0.345510 
0.804468 
0.415250 
0.629988 
0.203449 
0.157138 
0.360414 
0.593136 
0.358202 
0.284863 
0.548962 
0.557346 
0.166347 
0.958259 
0.315088 
0.906823 
0.335141 
0.548530 
0.395376 
0.347372 
0.614577 
0.535361 
0.473390 
0.288621 
0.234906 
0.581502 
0.473221 
0.674754 
0.290996 
0.316437 
0.450903 
0.542611 
