1500.250122 910.885376 810.247131 634.090820 247733.156250 
1915.351074 967.598572 784.007080 640.000977 193408.140625 
1700.221436 1057.754883 973.448608 760.933044 211250.312500 
1827.846313 1207.096191 999.390503 983.931335 276429.812500 
1811.405029 1488.567261 1008.971802 846.753723 225768.359375 
1687.855835 1066.275757 872.999451 748.001892 200739.359375 
1844.044312 1285.083496 1171.502441 643.850342 223749.234375 
1689.746460 1028.277466 671.402893 541.030212 215150.375000 
1629.438721 972.171387 711.607666 823.019836 261279.437500 
1948.726196 1438.346924 1867.138672 1121.547729 213438.468750 
1999.714355 1043.466431 837.002991 689.989746 229913.203125 
1519.134644 947.302063 745.805664 651.173645 193415.468750 
1670.156372 976.836243 1066.386841 742.589294 139482.343750 
1506.830322 946.568604 836.731140 548.731995 165006.406250 
1805.045288 885.039490 853.236877 590.821106 214375.890625 
1989.180298 2667.430664 2560.154541 1702.645630 309988.843750 
2138.912598 2039.128906 1599.673218 1852.320801 300805.250000 
1971.475952 1419.263306 1094.763794 1238.482056 310402.000000 
1691.651001 981.576294 735.872314 588.034668 176147.281250 
1776.033813 1012.307617 782.721436 617.891113 215423.609375 
