62.919971 30.229761 0.000000 
64.355133 32.108616 0.000000 
64.800362 27.025648 0.000000 
65.049438 34.214928 0.000000 
61.497509 31.854345 0.000000 
60.630589 28.954008 0.000000 
60.772545 36.833035 0.000000 
57.691479 35.871544 0.000000 
56.600452 33.239315 0.027976 
52.196995 31.320902 0.027976 
51.268661 26.004843 0.000000 
61.142990 33.923756 0.000000 
65.901054 29.728086 0.019782 
51.722580 31.756649 0.000000 
70.577492 31.200966 0.000000 
64.548569 36.668919 0.000000 
61.488167 28.464577 0.000000 
60.353687 32.857487 0.000000 
61.467449 40.288994 0.000000 
61.274403 33.719463 0.000000 
