6181.554688 2020.095825 1304.755981 1012.042664 645694.562500 
40597.015625 1653.470703 1533.294312 1101.007080 366253.312500 
21942.185547 2851.801758 1670.279785 1956.499756 539047.500000 
24700.164062 2264.062500 1911.787476 1382.579590 554419.562500 
17550.869141 2375.132568 1304.334106 991.906616 477217.937500 
61870.437500 2229.736084 1843.316406 1106.085449 392742.562500 
71696.171875 2025.960693 1303.000000 938.336853 397293.093750 
33908.664062 2762.524170 1398.486816 982.130066 413541.718750 
23685.564453 2584.843262 1373.438599 1256.612793 436988.625000 
18835.861328 2039.558960 1196.212158 826.438782 357953.906250 
17047.371094 1871.332031 1321.747314 1035.804565 250281.109375 
9944.936523 1514.301025 1090.639404 784.867004 340295.062500 
31796.392578 1957.530762 1513.186401 893.826599 318404.250000 
16220.839844 2394.027832 2936.860596 1723.765015 511285.125000 
60156.320312 1967.841187 1562.150024 1722.562866 419397.906250 
23658.529297 1967.289185 2261.895996 951.166992 439372.750000 
113597.695312 2463.497559 1723.228760 1269.791382 493280.218750 
6399.064941 2663.455078 1498.560303 883.049133 426325.312500 
29445.566406 1952.730713 1455.950317 898.444641 376656.187500 
19082.373047 1707.785034 1544.754150 957.311829 395622.875000 
