88.075630 76.682953 83.454407 92.594902 89.395866 0.027976 
86.453789 45.244633 63.693123 47.661072 90.051445 0.000000 
85.271690 48.816170 37.412159 17.292259 72.486450 0.027976 
88.330048 51.622971 49.074780 28.796671 68.780266 0.000000 
93.775558 57.431660 50.741283 36.156300 43.890285 0.000000 
90.572060 70.837898 70.564331 73.341904 76.459007 0.000000 
85.744026 76.123695 74.605225 76.594780 82.715706 0.000000 
87.566231 64.162498 64.898483 55.593658 84.073853 0.034264 
86.848930 85.560104 89.396278 92.454597 83.648384 0.052339 
87.487167 87.181839 78.435921 69.455345 84.052917 0.000000 
91.179390 115.491638 96.664749 81.965050 77.645012 0.019782 
87.576790 95.389091 76.590683 88.678871 90.062263 0.000000 
87.510330 91.629509 91.402397 88.683769 85.953636 0.019782 
86.718102 107.231438 96.009514 85.610283 89.179863 0.027976 
88.120728 75.893234 78.874969 79.624702 62.789974 0.000000 
86.708466 105.395599 97.927238 90.104561 86.832916 0.019782 
94.158234 81.905647 74.121078 61.363953 93.443230 0.000000 
89.213425 82.151878 76.245728 64.624855 74.967865 0.027976 
84.582024 99.833344 92.304222 89.608627 81.364624 0.000000 
90.997643 115.422585 102.842293 98.761505 82.788940 0.000000 
89.128716 113.917252 103.862915 87.512245 85.320015 0.044235 
90.515213 115.559830 99.637711 86.496376 87.752327 0.019782 
93.369881 103.153343 93.834320 91.998558 82.973183 0.000000 
90.969910 108.354721 102.009361 91.062485 87.507492 0.019782 
93.332611 50.031036 53.930321 64.054970 81.751778 0.019782 
82.286133 110.608795 115.708824 100.892403 74.876640 0.000000 
89.199196 76.018333 71.412247 55.748829 76.021942 0.027976 
95.434105 80.438919 75.728104 60.679867 78.066307 0.000000 
93.014862 105.503906 92.657463 90.715157 80.850983 0.000000 
90.790306 70.041206 79.280617 73.487877 78.339096 0.019782 
95.108536 115.255119 100.994301 82.037376 68.560837 0.000000 
94.261375 71.044960 71.216331 64.774231 66.458611 0.019782 
91.872345 73.081955 68.530624 75.882599 80.253616 0.019782 
92.437584 52.379528 52.087757 50.627949 52.173038 0.019782 
89.176300 78.761429 75.535973 63.203396 53.492691 0.000000 
96.015862 54.989979 57.126339 58.893894 59.214806 0.000000 
94.625443 65.166275 58.598839 52.771671 58.942265 0.019782 
91.439911 54.097321 58.645821 53.654648 59.270920 0.000000 
91.939911 51.540955 67.260246 57.762688 58.980156 0.000000 
94.307930 59.015503 69.422356 46.531590 50.384113 0.000000 
87.611526 64.092842 59.371479 57.385525 51.135124 0.019782 
91.279022 57.729633 49.571754 44.474232 47.628513 0.000000 
88.133698 50.376560 46.136776 53.790871 51.208160 0.000000 
93.008492 36.253071 39.842918 40.521034 46.792835 0.000000 
92.392029 46.714478 47.042194 45.502388 42.602268 0.000000 
87.976448 45.563015 39.177055 36.067669 34.475109 0.000000 
84.823105 57.443439 63.871796 44.952522 41.530945 0.000000 
91.910652 50.307541 48.351223 48.989281 40.914520 0.019782 
83.837479 55.802761 49.623470 45.214909 41.940910 0.039565 
85.016968 61.319347 59.886990 49.631863 43.383179 0.000000 
90.794922 34.349079 32.387360 34.442028 40.633957 0.000000 
92.471786 55.488377 49.760788 36.532932 41.487251 0.000000 
93.639076 50.577091 51.679260 41.047615 34.557880 0.034264 
93.267380 52.792042 36.626820 30.209074 23.374685 0.000000 
92.707878 43.695053 35.612328 36.384975 35.101089 0.048457 
93.300400 40.207596 38.956348 34.850826 37.129959 0.027976 
87.485199 32.538887 29.937296 33.118584 30.333502 0.000000 
84.362663 45.229927 45.272087 43.361591 36.254642 0.019782 
91.239883 41.431286 37.127663 39.338390 31.032377 0.027976 
93.740120 45.284233 42.923233 34.662457 25.647215 0.027976 
87.303581 65.372833 71.449226 49.861195 35.345554 0.000000 
86.397507 55.577785 59.211292 50.734455 34.191128 0.000000 
88.013451 43.244152 34.589512 39.463493 34.314709 0.039565 
86.072731 47.491924 55.895657 39.703228 27.037655 0.027976 
87.227882 40.480366 38.841072 34.559437 33.033829 0.000000 
91.912109 42.689247 45.922447 38.570381 25.582117 0.000000 
86.154358 56.197956 57.055119 49.843021 32.686199 0.034264 
89.913963 48.077873 46.606651 50.698368 34.268742 0.034264 
96.488762 57.750225 49.249882 41.529167 36.952209 0.034264 
94.787140 38.198124 39.543953 31.996809 26.862518 0.000000 
91.813904 33.108093 34.340858 33.457512 26.736488 0.000000 
96.656212 32.814125 32.205395 24.288351 21.720465 0.000000 
91.434059 64.197777 65.235138 48.214630 27.491125 0.034264 
93.367310 40.576210 35.459255 33.805702 32.806217 0.044235 
91.740028 36.139870 32.689384 29.518883 24.452890 0.019782 
96.752457 27.514465 32.467781 35.839947 27.487700 0.000000 
91.379013 51.408348 48.189194 28.889891 32.651325 0.000000 
95.602531 41.069798 36.576374 31.552961 36.184788 0.034264 
83.220848 38.138302 39.773788 29.750118 36.221207 0.000000 
86.360855 31.954807 25.779438 16.522337 25.440928 0.000000 
93.922447 31.742886 28.496096 30.427839 38.154613 0.000000 
92.252922 56.174011 45.880337 38.072861 28.097134 0.000000 
91.666939 53.120007 44.717525 36.733032 38.186932 0.000000 
88.743729 39.616249 42.750996 28.269886 40.617985 0.000000 
92.464516 37.423683 30.224045 30.097164 35.226902 0.034264 
89.057861 44.222790 49.668781 39.248840 41.098602 0.027976 
96.023186 35.624878 25.365164 28.085327 34.340031 0.027976 
93.146484 59.649902 53.854988 35.538330 38.768932 0.000000 
87.755936 39.954010 33.235363 27.720476 29.386065 0.019782 
96.323860 35.567387 34.377102 26.492107 46.228214 0.000000 
96.094292 38.555611 46.813839 40.069065 44.466591 0.059347 
92.692352 28.589645 30.245972 27.390696 34.120049 0.000000 
95.487572 35.848217 33.075043 32.037460 35.102112 0.000000 
89.167671 36.735851 36.887348 29.753765 41.783562 0.000000 
96.163628 40.381893 32.745296 25.997831 35.259876 0.019782 
89.178024 29.515686 23.078949 21.851570 34.792480 0.000000 
94.217331 39.575836 36.145447 26.678926 26.486389 0.027976 
92.446587 37.299557 30.134636 39.627899 57.220016 0.019782 
88.307404 40.129265 27.991032 33.200920 34.787964 0.000000 
95.946960 48.383816 45.107101 40.303944 45.457455 0.019782 
94.800903 35.733360 37.557018 28.609848 41.125629 0.027976 
99.507477 40.319691 35.547237 32.074833 32.271927 0.000000 
97.354370 38.009247 35.369476 28.998117 31.678728 0.044235 
90.246239 54.134594 62.529934 39.728497 34.438503 0.000000 
91.811424 42.532513 39.389408 41.040119 38.103191 0.000000 
91.085663 40.421768 41.815056 37.841900 38.167168 0.019782 
94.877129 52.870934 53.222450 29.908218 33.657684 0.000000 
91.381554 32.421894 30.141554 27.468235 30.430674 0.000000 
91.038742 37.527073 32.055927 35.474613 33.508141 0.027976 
94.153145 44.537266 40.386349 36.391411 33.738396 0.000000 
95.037560 33.793545 38.243050 34.867138 27.893070 0.000000 
91.513596 29.604074 28.603275 22.951073 20.509336 0.000000 
91.462433 45.443924 40.273071 32.106899 33.245430 0.027976 
96.010635 42.143154 43.880821 36.137405 31.555573 0.019782 
96.991951 37.017715 32.970161 31.721678 28.076382 0.048457 
92.434242 30.702133 32.314583 28.538786 30.344860 0.000000 
96.268639 45.172234 36.758072 35.199230 40.883091 0.034264 
96.393318 37.043991 34.413349 32.103359 37.478848 0.019782 
91.596672 51.861259 38.492264 40.115871 32.563755 0.019782 
97.114700 45.321342 46.369724 43.157761 30.865807 0.027976 
97.637787 39.475559 32.790512 48.954376 54.135021 0.000000 
96.757149 32.803200 32.827938 28.808006 33.880623 0.027976 
92.639549 47.275738 36.984619 45.565056 44.923256 0.000000 
88.649910 30.551716 29.683176 22.765141 29.777449 0.000000 
94.208870 65.442055 48.466312 53.168465 36.143394 0.000000 
94.105026 43.930149 38.084797 32.591831 25.983610 0.000000 
99.803680 45.515385 39.513126 33.248219 28.977058 0.000000 
96.184280 36.690636 39.320160 27.598894 32.179028 0.000000 
96.419609 29.572701 22.620646 21.245394 33.765560 0.027976 
94.636124 56.242645 49.440418 48.311279 39.650894 0.000000 
94.823372 38.678558 34.340530 43.805634 30.270178 0.034264 
96.127174 44.587662 40.437019 35.916737 35.863712 0.034264 
90.194283 39.989948 38.882504 40.259945 45.998104 0.027976 
97.860016 37.286442 36.071377 28.331547 31.693953 0.027976 
92.200951 37.406139 27.811237 26.114704 28.626219 0.000000 
95.891426 38.981998 36.176807 32.037624 36.249516 0.000000 
93.846474 37.551586 34.371513 26.959246 32.367908 0.000000 
95.524094 60.206272 65.222343 48.596649 40.170303 0.000000 
89.825073 46.633465 36.128490 30.025366 29.375648 0.000000 
89.266937 61.461582 62.107441 44.795212 33.238338 0.000000 
89.510719 48.048100 51.046391 42.031548 40.696445 0.034264 
99.269325 37.479839 34.034451 34.847229 36.425396 0.019782 
96.756691 35.138908 41.243210 39.502735 37.240280 0.039565 
92.017426 26.945116 26.518639 24.883751 32.943855 0.000000 
100.242867 33.603992 40.575909 32.587643 26.351976 0.000000 
97.029404 38.780426 36.092464 35.120754 34.254143 0.000000 
95.245941 37.896862 32.014351 25.992691 29.547371 0.019782 
87.315430 48.539032 37.462910 36.946163 46.731071 0.027976 
92.082436 42.231396 43.536720 35.780594 38.332207 0.027976 
97.423767 49.307350 48.874817 44.370777 25.193012 0.000000 
95.679276 36.943699 32.458420 31.318699 33.011879 0.019782 
88.354034 59.449444 54.142704 38.930714 29.784399 0.000000 
95.649391 34.906487 33.033459 31.321634 32.119411 0.027976 
98.841423 35.882915 31.022877 27.243670 38.759899 0.027976 
96.214531 32.782703 33.664936 34.448608 32.945061 0.027976 
100.123299 44.791897 41.284378 30.209482 35.166924 0.000000 
93.146515 45.111450 40.564716 29.106552 30.980730 0.000000 
94.713303 36.633450 33.284988 28.455454 37.426243 0.000000 
95.690048 52.564983 48.743835 31.826387 28.621260 0.027976 
93.288719 37.422844 52.599308 34.695049 35.582932 0.000000 
90.933105 44.408886 48.327789 41.717426 35.410583 0.000000 
96.277267 46.417412 40.216206 31.281347 37.567398 0.000000 
94.855690 36.582729 34.262196 29.024555 36.774300 0.000000 
93.932793 55.934776 51.031040 37.961102 42.983437 0.019782 
93.854942 57.987743 55.221661 41.597946 40.543503 0.000000 
97.302368 49.101227 44.880508 31.602297 43.597122 0.019782 
95.117615 41.485142 36.748905 34.194000 40.830605 0.000000 
96.092018 28.745953 34.961655 24.919121 35.180550 0.000000 
94.929001 46.939777 41.736252 38.002625 27.447504 0.000000 
100.180206 34.300934 34.341312 33.276127 32.571117 0.000000 
98.488106 39.893261 38.092556 34.391365 36.880665 0.000000 
97.091835 38.612946 35.979034 28.124931 31.107445 0.019782 
92.229744 36.190350 39.346134 36.413155 34.558376 0.027976 
103.648170 33.731613 26.845137 25.763256 33.310287 0.044235 
99.154343 34.342678 31.645075 26.538792 34.177746 0.000000 
94.210472 44.400536 39.621487 37.134361 27.401144 0.019782 
91.743675 42.951973 37.064381 28.892574 30.805473 0.019782 
84.388130 34.860344 31.340281 33.077290 39.597401 0.019782 
88.277641 31.743782 27.136496 23.473709 32.987614 0.000000 
89.494553 63.346439 66.669830 63.336823 36.180412 0.034264 
88.059540 41.600590 44.813271 41.797661 29.708792 0.048457 
92.990868 37.289242 34.918785 31.781706 30.725258 0.000000 
92.729622 53.113750 30.160145 31.299294 28.590967 0.027976 
91.211807 48.758942 41.606934 38.883175 34.830700 0.000000 
85.091743 43.515373 38.419247 39.451355 33.929466 0.000000 
87.009735 36.099766 33.532219 28.048571 37.484829 0.044235 
88.496613 27.599556 24.344532 25.667738 23.668945 0.000000 
96.933868 31.835096 28.368383 30.296591 29.999058 0.000000 
93.344048 45.913513 36.140808 28.563343 32.830540 0.000000 
93.115807 41.961674 49.488075 38.320755 37.043583 0.027976 
91.946053 39.241344 34.235470 36.238808 36.478455 0.000000 
94.680351 30.282307 26.760838 23.334488 29.985203 0.000000 
92.645164 35.023678 36.214714 32.276497 27.553637 0.039565 
97.687920 33.766132 28.875965 35.274837 39.817642 0.000000 
87.251480 38.757534 35.347786 30.764750 27.128799 0.000000 
94.115250 20.158737 26.527914 30.187885 34.527607 0.000000 
88.528419 56.552711 43.600552 36.326405 32.897182 0.000000 
96.645752 41.788673 32.339924 34.035702 47.485840 0.019782 
99.495964 40.007042 44.746067 35.312466 35.442604 0.027976 
92.618896 36.824692 35.888439 34.248699 43.933926 0.027976 
