Episode: 1: [[0.001 0.    0.    0.    0.    0.    0.    0.    0.    0.   ]
 [0.001 0.    0.    0.    0.    0.    0.    0.    0.    0.   ]
 [0.001 0.    0.    0.    0.    0.    0.    0.    0.    0.   ]] 
Episode: 2: [[ 1.0500001e-03  5.0000002e-05 -4.9999999e-05 -5.0000006e-05
   4.9999999e-05  0.0000000e+00  0.0000000e+00  0.0000000e+00
  -4.9999999e-05  4.9999999e-05]
 [ 1.0500001e-03  4.9999999e-05 -4.9999999e-05 -4.9999973e-05
   4.9999999e-05  0.0000000e+00  0.0000000e+00  0.0000000e+00
  -4.9999999e-05  4.9999991e-05]
 [ 1.0500001e-03  4.9999995e-05 -4.9999995e-05 -4.9999973e-05
   4.9999991e-05  0.0000000e+00  0.0000000e+00  0.0000000e+00
  -4.9999999e-05  5.0000002e-05]] 
Episode: 3: [[ 1.0954258e-03  9.3342896e-05 -9.5397190e-05 -9.5855663e-05
   9.2495728e-05  0.0000000e+00  0.0000000e+00  0.0000000e+00
  -9.4436356e-05  9.5913863e-05]
 [ 1.0927283e-03  9.5045325e-05 -9.4636744e-05 -9.4002564e-05
   9.3437237e-05  0.0000000e+00  0.0000000e+00  0.0000000e+00
  -9.5444339e-05  9.4331539e-05]
 [ 1.0938483e-03  9.4112460e-05 -9.5225034e-05 -9.4503906e-05
   9.2784845e-05  0.0000000e+00  0.0000000e+00  0.0000000e+00
  -9.4859279e-05  9.5776893e-05]] 
Episode: 4: [[ 1.1392155e-03  1.3929141e-04 -1.3737148e-04 -1.4356601e-04
   1.3811119e-04  0.0000000e+00  0.0000000e+00  0.0000000e+00
  -1.4073349e-04  1.4344376e-04]
 [ 1.1369979e-03  1.4229371e-04 -1.3709492e-04 -1.4059158e-04
   1.3975776e-04  0.0000000e+00  0.0000000e+00  0.0000000e+00
  -1.4166985e-04  7.2075141e-05]
 [ 1.1382204e-03  1.4074752e-04 -1.3769692e-04 -1.4126652e-04
   1.3871652e-04  0.0000000e+00  0.0000000e+00  0.0000000e+00
  -1.4110134e-04  1.2378977e-04]] 
Episode: 5: [[ 1.1848578e-03  1.8341310e-04 -1.8146777e-04 -1.8842959e-04
   1.8421464e-04  0.0000000e+00  0.0000000e+00  0.0000000e+00
  -1.8760048e-04  1.8648904e-04]
 [ 1.1831691e-03  1.6975857e-04 -1.8233695e-04 -1.8601741e-04
   1.8596849e-04  0.0000000e+00  0.0000000e+00  0.0000000e+00
  -1.8455027e-04  3.7787744e-05]
 [ 1.1840780e-03  1.8112795e-04 -1.8244328e-04 -1.8712289e-04
   1.8487904e-04  0.0000000e+00  0.0000000e+00  0.0000000e+00
  -1.8728260e-04  1.1541233e-04]] 
Episode: 6: [[ 1.2313088e-03  2.2951348e-04 -2.2758608e-04 -2.3085915e-04
   2.3168357e-04  0.0000000e+00  0.0000000e+00  0.0000000e+00
  -2.3520811e-04  2.3124125e-04]
 [ 1.2275343e-03  2.0530843e-04 -2.2881379e-04 -2.2748878e-04
   2.3338792e-04  0.0000000e+00  0.0000000e+00  0.0000000e+00
  -2.2967005e-04 -1.7761158e-06]
 [ 1.2294081e-03  2.2477972e-04 -2.2906993e-04 -2.2962243e-04
   2.3240203e-04  0.0000000e+00  0.0000000e+00  0.0000000e+00
  -2.3464134e-04  9.5801726e-05]] 
Episode: 7: [[ 1.2742722e-03  2.4517046e-04 -2.6647211e-04 -2.1711239e-04
   2.4845061e-04  0.0000000e+00  0.0000000e+00  0.0000000e+00
  -2.5826477e-04  2.3115317e-04]
 [ 1.2706469e-03  2.1467757e-04 -2.5923643e-04 -2.1909346e-04
   2.5432368e-04  0.0000000e+00  0.0000000e+00  0.0000000e+00
  -2.5485922e-04 -4.1543168e-05]
 [ 1.2716698e-03  2.3747270e-04 -2.6516404e-04 -2.2074577e-04
   2.5302719e-04  0.0000000e+00  0.0000000e+00  0.0000000e+00
  -2.6166232e-04  6.4734151e-05]] 
Episode: 8: [[ 1.3183507e-03  2.2607041e-04 -3.0847488e-04 -1.8916934e-04
   2.2960264e-04  0.0000000e+00  0.0000000e+00  0.0000000e+00
  -2.4201265e-04  2.0827545e-04]
 [ 1.3147467e-03  1.9239998e-04 -2.9410870e-04 -1.9277172e-04
   2.3798567e-04  0.0000000e+00  0.0000000e+00  0.0000000e+00
  -2.4398857e-04 -8.3688486e-05]
 [ 1.3164072e-03  2.1656416e-04 -3.0478765e-04 -1.9428652e-04
   2.3657625e-04  0.0000000e+00  0.0000000e+00  0.0000000e+00
  -2.4948426e-04  3.0782256e-05]] 
Episode: 9: [[ 1.3640684e-03  2.0773979e-04 -3.5296049e-04 -1.6192258e-04
   2.1270772e-04  0.0000000e+00  0.0000000e+00  0.0000000e+00
  -2.2666722e-04  1.8606313e-04]
 [ 1.3590385e-03  1.6900140e-04 -3.3254895e-04 -1.6680357e-04
   2.2266590e-04  0.0000000e+00  0.0000000e+00  0.0000000e+00
  -2.3231484e-04 -1.2835028e-04]
 [ 1.3620269e-03  1.9552009e-04 -3.4710375e-04 -1.6839786e-04
   2.2174064e-04  0.0000000e+00  0.0000000e+00  0.0000000e+00
  -2.3723794e-04 -5.3295335e-06]] 
Episode: 10: [[ 1.3965141e-03  1.7838117e-04 -3.9014919e-04 -1.2804361e-04
   1.8413879e-04  0.0000000e+00  0.0000000e+00  0.0000000e+00
  -1.9883242e-04  1.5473193e-04]
 [ 1.4007972e-03  1.3797663e-04 -3.7412730e-04 -1.3326522e-04
   1.9479140e-04  0.0000000e+00  0.0000000e+00  0.0000000e+00
  -2.0580583e-04 -1.7491433e-04]
 [ 1.3988105e-03  1.6488905e-04 -3.9038973e-04 -1.3493336e-04
   1.9401926e-04  0.0000000e+00  0.0000000e+00  0.0000000e+00
  -2.1058606e-04 -4.4270681e-05]] 
Episode: 11: [[ 1.40287157e-03  1.42716002e-04 -4.20073367e-04 -8.93952893e-05
   1.50261752e-04  0.00000000e+00  0.00000000e+00  0.00000000e+00
  -1.64343612e-04  1.18074677e-04]
 [ 1.41030329e-03  1.01249854e-04 -3.93171096e-04 -9.47702065e-05
   1.62044977e-04  0.00000000e+00  0.00000000e+00  0.00000000e+00
  -1.72882166e-04 -2.20522721e-04]
 [ 1.39977876e-03  1.28597734e-04 -4.10795416e-04 -9.64875871e-05
   1.60630472e-04  0.00000000e+00  0.00000000e+00  0.00000000e+00
  -1.77762806e-04 -8.65734182e-05]] 
Episode: 12: [[ 1.4149233e-03  1.1124548e-04 -4.5177981e-04 -5.5099474e-05
   1.2052363e-04  0.0000000e+00  0.0000000e+00  0.0000000e+00
  -1.3378974e-04  8.5677588e-05]
 [ 1.4236239e-03  6.8348629e-05 -4.1277416e-04 -6.0748509e-05
   1.3296193e-04  0.0000000e+00  0.0000000e+00  0.0000000e+00
  -1.4348929e-04 -2.6429951e-04]
 [ 1.4055006e-03  9.6164709e-05 -4.3265475e-04 -6.2506573e-05
   1.3110974e-04  0.0000000e+00  0.0000000e+00  0.0000000e+00
  -1.4852437e-04 -1.2534641e-04]] 
Episode: 13: [[ 1.42887980e-03  8.19579363e-05 -4.84015647e-04 -2.30810583e-05
   9.29507223e-05  0.00000000e+00  0.00000000e+00  0.00000000e+00
  -1.05617779e-04  5.50481054e-05]
 [ 1.43766985e-03  3.79397861e-05 -4.32302186e-04 -2.91274955e-05
   1.06124862e-04  0.00000000e+00  0.00000000e+00  0.00000000e+00
  -1.16659481e-04 -3.08256247e-04]
 [ 1.41267944e-03  6.61356389e-05 -4.55201836e-04 -3.09141360e-05
   1.03781415e-04  0.00000000e+00  0.00000000e+00  0.00000000e+00
  -1.21710080e-04 -1.62796961e-04]] 
Episode: 14: [[ 1.4435208e-03  5.5934866e-05 -5.1452930e-04  5.2385240e-06
   6.8534937e-05  0.0000000e+00  0.0000000e+00  0.0000000e+00
  -8.0290985e-05  2.8988316e-05]
 [ 1.4514143e-03  1.0828928e-05 -4.5085518e-04 -1.1324901e-06
   8.2442821e-05  0.0000000e+00  0.0000000e+00  0.0000000e+00
  -9.2570212e-05 -3.4706091e-04]
 [ 1.4203772e-03  3.9335679e-05 -4.7672764e-04 -2.9820312e-06
   7.9600104e-05  0.0000000e+00  0.0000000e+00  0.0000000e+00
  -9.7614327e-05 -1.9531808e-04]] 
Episode: 15: [[ 1.4600214e-03  3.1922988e-05 -5.4496765e-04  3.1666357e-05
   4.6115565e-05  0.0000000e+00  0.0000000e+00  0.0000000e+00
  -5.6917263e-05  4.7565536e-06]
 [ 1.4654589e-03 -1.4417015e-05 -4.6931254e-04  2.4927111e-05
   6.0475722e-05  0.0000000e+00  0.0000000e+00  0.0000000e+00
  -7.0170347e-05 -3.8498559e-04]
 [ 1.4292822e-03  1.4431798e-05 -4.9857458e-04  2.2968723e-05
   5.7240250e-05  0.0000000e+00  0.0000000e+00  0.0000000e+00
  -7.5265081e-05 -2.2633158e-04]] 
Episode: 16: [[ 1.4775131e-03  1.0801323e-05 -5.7607604e-04  5.4783821e-05
   2.6392998e-05  0.0000000e+00  0.0000000e+00  0.0000000e+00
  -3.6085774e-05 -1.6086755e-05]
 [ 1.4798212e-03 -3.6957277e-05 -4.8841577e-04  4.8007147e-05
   4.1089705e-05  0.0000000e+00  0.0000000e+00  0.0000000e+00
  -5.0027364e-05 -4.1817687e-04]
 [ 1.4388673e-03 -7.7542700e-06 -5.2107970e-04  4.5859484e-05
   3.7511745e-05  0.0000000e+00  0.0000000e+00  0.0000000e+00
  -5.5170745e-05 -2.5331642e-04]] 
Episode: 17: [[ 1.5058737e-03  3.2021330e-06 -6.0986285e-04  7.0665788e-05
   2.1832118e-05  0.0000000e+00  0.0000000e+00  0.0000000e+00
  -3.5762976e-05 -2.5007801e-05]
 [ 1.5066531e-03 -4.6517016e-05 -5.1812205e-04  6.3089079e-05
   3.7923142e-05  0.0000000e+00  0.0000000e+00  0.0000000e+00
  -4.8154645e-05 -4.4147079e-04]
 [ 1.4615119e-03 -1.8180697e-05 -5.5191293e-04  6.0785835e-05
   3.3957964e-05  0.0000000e+00  0.0000000e+00  0.0000000e+00
  -5.2459720e-05 -2.6746164e-04]] 
Episode: 18: [[ 1.5357008e-03 -1.4322309e-06 -6.4354722e-04  8.3400402e-05
   2.0270416e-05  0.0000000e+00  0.0000000e+00  0.0000000e+00
  -3.7188882e-05 -3.0116156e-05]
 [ 1.5319258e-03 -5.4933978e-05 -5.4502633e-04  7.5171811e-05
   3.5969766e-05  0.0000000e+00  0.0000000e+00  0.0000000e+00
  -4.6565168e-05 -4.5973150e-04]
 [ 1.4845552e-03 -2.6413836e-05 -5.8156083e-04  7.2631003e-05
   3.2673091e-05  0.0000000e+00  0.0000000e+00  0.0000000e+00
  -5.0998246e-05 -2.7726075e-04]] 
Episode: 19: [[ 1.5642713e-03 -5.1638212e-06 -6.7553186e-04  9.4369228e-05
   1.9354828e-05  0.0000000e+00  0.0000000e+00  0.0000000e+00
  -3.8902588e-05 -3.3524750e-05]
 [ 1.5554704e-03 -6.2186678e-05 -5.7040044e-04  8.5456981e-05
   3.4677869e-05  0.0000000e+00  0.0000000e+00  0.0000000e+00
  -4.5296503e-05 -4.7442966e-04]
 [ 1.5063609e-03 -3.3489097e-05 -6.0957257e-04  8.2698942e-05
   3.2042481e-05  0.0000000e+00  0.0000000e+00  0.0000000e+00
  -4.9910046e-05 -2.8476567e-04]] 
Episode: 20: [[ 1.59425195e-03 -6.10982443e-06 -7.07882515e-04  1.02531965e-04
   2.12228624e-05  0.00000000e+00  0.00000000e+00  0.00000000e+00
  -4.20872602e-05 -3.37665697e-05]
 [ 1.57915079e-03 -6.69827714e-05 -5.95596735e-04  9.27773945e-05
   3.59264159e-05  0.00000000e+00  0.00000000e+00  0.00000000e+00
  -4.56236157e-05 -4.85222175e-04]
 [ 1.52921921e-03 -3.78422483e-05 -6.37868186e-04  8.98390790e-05
   3.42563326e-05  0.00000000e+00  0.00000000e+00  0.00000000e+00
  -5.05624630e-05 -2.88641080e-04]] 
Episode: 21: [[ 1.6263633e-03 -4.7287685e-06 -7.4038532e-04  1.0758075e-04
   2.5151639e-05  0.0000000e+00  0.0000000e+00  0.0000000e+00
  -4.6902005e-05 -3.0054745e-05]
 [ 1.6040039e-03 -7.0285496e-05 -6.2080624e-04  9.7530574e-05
   3.8600359e-05  0.0000000e+00  0.0000000e+00  0.0000000e+00
  -4.6453515e-05 -4.9090246e-04]
 [ 1.5538497e-03 -4.0388964e-05 -6.6626375e-04  9.4187992e-05
   3.8234593e-05  0.0000000e+00  0.0000000e+00  0.0000000e+00
  -5.2069186e-05 -2.8848115e-04]] 
Episode: 22: [[ 1.65871205e-03 -2.03676586e-06 -7.71518040e-04  1.11049274e-04
   3.04225068e-05  0.00000000e+00  0.00000000e+00  0.00000000e+00
  -5.22510345e-05 -2.43177510e-05]
 [ 1.62856327e-03 -7.22482146e-05 -6.44635409e-04  1.00245074e-04
   4.23838865e-05  0.00000000e+00  0.00000000e+00  0.00000000e+00
  -4.77655049e-05 -4.93509637e-04]
 [ 1.57849328e-03 -4.16444745e-05 -6.93190610e-04  9.66063017e-05
   4.33809473e-05  0.00000000e+00  0.00000000e+00  0.00000000e+00
  -5.40237161e-05 -2.86328141e-04]] 
Episode: 23: [[ 1.69191416e-03  1.91722552e-06 -8.02601629e-04  1.12768736e-04
   3.70495800e-05  0.00000000e+00  0.00000000e+00  0.00000000e+00
  -5.77562205e-05 -1.65935744e-05]
 [ 1.65343250e-03 -7.28966261e-05 -6.68166438e-04  1.00944191e-04
   4.74931185e-05  0.00000000e+00  0.00000000e+00  0.00000000e+00
  -4.94479718e-05 -4.92751540e-04]
 [ 1.60390732e-03 -4.16021649e-05 -7.20045529e-04  9.70700494e-05
   4.98709633e-05  0.00000000e+00  0.00000000e+00  0.00000000e+00
  -5.62957975e-05 -2.81783578e-04]] 
Episode: 24: [[ 1.7242279e-03  4.1737339e-06 -8.3338213e-04  1.1631460e-04
   4.1576455e-05  0.0000000e+00  0.0000000e+00  0.0000000e+00
  -6.2346706e-05 -1.3238162e-05]
 [ 1.6762579e-03 -7.4288844e-05 -6.9106621e-04  1.0383007e-04
   5.1352006e-05  0.0000000e+00  0.0000000e+00  0.0000000e+00
  -5.0967279e-05 -4.9950887e-04]
 [ 1.6279718e-03 -4.2515396e-05 -7.4655405e-04  9.9645069e-05
   5.4605753e-05  0.0000000e+00  0.0000000e+00  0.0000000e+00
  -5.8156627e-05 -2.8237197e-04]] 
Episode: 25: [[ 1.7550781e-03  2.8703037e-06 -8.6291268e-04  1.2374426e-04
   4.1243264e-05  0.0000000e+00  0.0000000e+00  0.0000000e+00
  -6.4551918e-05 -1.5612970e-05]
 [ 1.6967665e-03 -7.7713346e-05 -7.1121071e-04  1.1147502e-04
   5.1207950e-05  0.0000000e+00  0.0000000e+00  0.0000000e+00
  -5.1045870e-05 -5.1098707e-04]
 [ 1.6502453e-03 -4.5851230e-05 -7.7086518e-04  1.0673583e-04
   5.4766595e-05  0.0000000e+00  0.0000000e+00  0.0000000e+00
  -5.8503509e-05 -2.8819568e-04]] 
Episode: 26: [[ 1.7805455e-03 -7.9194115e-06 -8.9080358e-04  1.4170360e-04
   3.0822324e-05  0.0000000e+00  0.0000000e+00  0.0000000e+00
  -5.8786572e-05 -3.0802996e-05]
 [ 1.7120631e-03 -8.6105836e-05 -7.3164632e-04  1.2965463e-04
   4.4182503e-05  0.0000000e+00  0.0000000e+00  0.0000000e+00
  -4.9869970e-05 -5.3241214e-04]
 [ 1.6665513e-03 -5.5662320e-05 -7.9379586e-04  1.2446129e-04
   4.6717993e-05  0.0000000e+00  0.0000000e+00  0.0000000e+00
  -5.4933407e-05 -3.0536571e-04]] 
Episode: 27: [[ 1.8075019e-03 -1.6546373e-05 -9.1858150e-04  1.5686816e-04
   2.2747350e-05  0.0000000e+00  0.0000000e+00  0.0000000e+00
  -5.4391367e-05 -4.2893837e-05]
 [ 1.7278715e-03 -9.3375500e-05 -7.5151114e-04  1.4510023e-04
   3.8611557e-05  0.0000000e+00  0.0000000e+00  0.0000000e+00
  -4.9227598e-05 -5.5534818e-04]
 [ 1.6838141e-03 -6.3985048e-05 -8.1649260e-04  1.3938329e-04
   4.0420397e-05  0.0000000e+00  0.0000000e+00  0.0000000e+00
  -5.2239702e-05 -3.2064994e-04]] 
Episode: 28: [[ 1.8340064e-03 -2.4831468e-05 -9.4567292e-04  1.7208657e-04
   1.5591446e-05  0.0000000e+00  0.0000000e+00  0.0000000e+00
  -5.0215200e-05 -5.4795899e-05]
 [ 1.7425161e-03 -9.9983517e-05 -7.7039708e-04  1.5987315e-04
   3.4149307e-05  0.0000000e+00  0.0000000e+00  0.0000000e+00
  -4.8425572e-05 -5.7588809e-04]
 [ 1.7003658e-03 -7.1824965e-05 -8.3839800e-04  1.5380976e-04
   3.5169167e-05  0.0000000e+00  0.0000000e+00  0.0000000e+00
  -4.9587536e-05 -3.3559147e-04]] 
Episode: 29: [[ 1.8627750e-03 -3.1727293e-05 -9.7322703e-04  1.8591942e-04
   1.0039572e-05  0.0000000e+00  0.0000000e+00  0.0000000e+00
  -4.7542690e-05 -6.5397042e-05]
 [ 1.7593894e-03 -1.0599791e-04 -7.8956340e-04  1.7297265e-04
   3.0667903e-05  0.0000000e+00  0.0000000e+00  0.0000000e+00
  -4.7943329e-05 -5.9778307e-04]
 [ 1.7190952e-03 -7.8723002e-05 -8.6029590e-04  1.6659476e-04
   3.1234311e-05  0.0000000e+00  0.0000000e+00  0.0000000e+00
  -4.7765749e-05 -3.5029728e-04]] 
Episode: 30: [[ 1.8930855e-03 -3.5995290e-05 -1.0018555e-03  1.9678489e-04
   7.2136027e-06  0.0000000e+00  0.0000000e+00  0.0000000e+00
  -4.6709811e-05 -7.2412520e-05]
 [ 1.7779694e-03 -1.1021882e-04 -8.0968882e-04  1.8224849e-04
   2.8714174e-05  0.0000000e+00  0.0000000e+00  0.0000000e+00
  -4.8982824e-05 -6.1715487e-04]
 [ 1.7395642e-03 -8.3635001e-05 -8.8322622e-04  1.7572936e-04
   2.9363260e-05  0.0000000e+00  0.0000000e+00  0.0000000e+00
  -4.7566751e-05 -3.6182237e-04]] 
Episode: 31: [[ 1.9262207e-03 -3.7449558e-05 -1.0322368e-03  2.0497569e-04
   7.7588220e-06  0.0000000e+00  0.0000000e+00  0.0000000e+00
  -4.7964189e-05 -7.6224780e-05]
 [ 1.7996569e-03 -1.1311374e-04 -8.3120487e-04  1.8878932e-04
   2.9220282e-05  0.0000000e+00  0.0000000e+00  0.0000000e+00
  -5.0612125e-05 -6.3817151e-04]
 [ 1.7629203e-03 -8.6531341e-05 -9.0776692e-04  1.8211959e-04
   3.0799136e-05  0.0000000e+00  0.0000000e+00  0.0000000e+00
  -4.8889819e-05 -3.7168569e-04]] 
Episode: 32: [[ 1.9602729e-03 -3.5986264e-05 -1.0622967e-03  2.1002191e-04
   1.1680771e-05  0.0000000e+00  0.0000000e+00  0.0000000e+00
  -5.1935596e-05 -7.6669283e-05]
 [ 1.8219255e-03 -1.1522245e-04 -8.5177372e-04  1.9221690e-04
   3.1702602e-05  0.0000000e+00  0.0000000e+00  0.0000000e+00
  -5.4052573e-05 -6.6082540e-04]
 [ 1.7871974e-03 -8.7610082e-05 -9.3188672e-04  1.8535124e-04
   3.5034696e-05  0.0000000e+00  0.0000000e+00  0.0000000e+00
  -5.2387193e-05 -3.7944940e-04]] 
Episode: 33: [[ 1.9933062e-03 -3.4431745e-05 -1.0922240e-03  2.1471419e-04
   1.5700065e-05  0.0000000e+00  0.0000000e+00  0.0000000e+00
  -5.5839071e-05 -7.6864453e-05]
 [ 1.8427176e-03 -1.1720451e-04 -8.7071047e-04  1.9504341e-04
   3.4127694e-05  0.0000000e+00  0.0000000e+00  0.0000000e+00
  -5.7266996e-05 -6.8245240e-04]
 [ 1.8102869e-03 -8.8549627e-05 -9.5523463e-04  1.8798024e-04
   3.9168935e-05  0.0000000e+00  0.0000000e+00  0.0000000e+00
  -5.5728076e-05 -3.8671194e-04]] 
Episode: 34: [[ 2.0271577e-03 -3.0384510e-05 -1.1225180e-03  2.1623347e-04
   2.2724205e-05  0.0000000e+00  0.0000000e+00  0.0000000e+00
  -6.0617494e-05 -7.3749819e-05]
 [ 1.8644297e-03 -1.1696909e-04 -8.9033012e-04  1.9453593e-04
   3.8969261e-05  0.0000000e+00  0.0000000e+00  0.0000000e+00
  -6.1319501e-05 -7.0009322e-04]
 [ 1.8341708e-03 -8.7564156e-05 -9.7886194e-04  1.8733414e-04
   4.5582838e-05  0.0000000e+00  0.0000000e+00  0.0000000e+00
  -5.9729115e-05 -3.9051776e-04]] 
Episode: 35: [[ 2.0617286e-03 -2.8493203e-05 -1.1531066e-03  2.1989348e-04
   2.7756994e-05  0.0000000e+00  0.0000000e+00  0.0000000e+00
  -6.4034561e-05 -7.3406249e-05]
 [ 1.8849500e-03 -1.1952168e-04 -9.0949272e-04  1.9590456e-04
   4.1754491e-05  0.0000000e+00  0.0000000e+00  0.0000000e+00
  -6.3489890e-05 -7.2466489e-04]
 [ 1.8578464e-03 -8.8771696e-05 -1.0020958e-03  1.8859214e-04
   5.0134364e-05  0.0000000e+00  0.0000000e+00  0.0000000e+00
  -6.2384890e-05 -3.9910982e-04]] 
Episode: 36: [[ 2.10023439e-03 -2.47267253e-05 -1.18893455e-03  2.23062903e-04
   3.46433917e-05  0.00000000e+00  0.00000000e+00  0.00000000e+00
  -6.85581617e-05 -7.18147639e-05]
 [ 1.90457352e-03 -1.21164376e-04 -9.24294000e-04  1.96895693e-04
   4.73841319e-05  0.00000000e+00  0.00000000e+00  0.00000000e+00
  -6.56095071e-05 -7.51754909e-04]
 [ 1.88337534e-03 -8.80463485e-05 -1.02771609e-03  1.89296989e-04
   5.79384432e-05  0.00000000e+00  0.00000000e+00  0.00000000e+00
  -6.57392011e-05 -4.06434905e-04]] 
Episode: 37: [[ 2.1383797e-03 -2.1203221e-05 -1.2234227e-03  2.2617567e-04
   4.1104606e-05  0.0000000e+00  0.0000000e+00  0.0000000e+00
  -7.2868264e-05 -7.0250768e-05]
 [ 1.9239611e-03 -1.2239121e-04 -9.3941193e-04  1.9765808e-04
   5.2806630e-05  0.0000000e+00  0.0000000e+00  0.0000000e+00
  -6.7679750e-05 -7.7710318e-04]
 [ 1.9085517e-03 -8.7188819e-05 -1.0527157e-03  1.8980124e-04
   6.5385604e-05  0.0000000e+00  0.0000000e+00  0.0000000e+00
  -6.9012051e-05 -4.1331389e-04]] 
Episode: 38: [[ 2.1774054e-03 -1.7710739e-05 -1.2571861e-03  2.2819448e-04
   4.6375048e-05  0.0000000e+00  0.0000000e+00  0.0000000e+00
  -7.6858181e-05 -6.8474787e-05]
 [ 1.9437037e-03 -1.2357005e-04 -9.5392019e-04  1.9856781e-04
   5.7249366e-05  0.0000000e+00  0.0000000e+00  0.0000000e+00
  -6.9509028e-05 -8.0421043e-04]
 [ 1.9335225e-03 -8.6055828e-05 -1.0765521e-03  1.9008844e-04
   7.1735063e-05  0.0000000e+00  0.0000000e+00  0.0000000e+00
  -7.2026873e-05 -4.1971426e-04]] 
Episode: 39: [[ 2.2167335e-03 -1.6356826e-05 -1.2909588e-03  2.3256807e-04
   4.8726204e-05  0.0000000e+00  0.0000000e+00  0.0000000e+00
  -7.9281104e-05 -6.9321613e-05]
 [ 1.9594305e-03 -1.2696846e-04 -9.6646382e-04  2.0283308e-04
   5.8744896e-05  0.0000000e+00  0.0000000e+00  0.0000000e+00
  -6.9379661e-05 -8.3586428e-04]
 [ 1.9561178e-03 -8.7147360e-05 -1.0995773e-03  1.9333496e-04
   7.5141623e-05  0.0000000e+00  0.0000000e+00  0.0000000e+00
  -7.3303716e-05 -4.3034472e-04]] 
Episode: 40: [[ 2.2553147e-03 -1.6678745e-05 -1.3258561e-03  2.3746079e-04
   4.9722767e-05  0.0000000e+00  0.0000000e+00  0.0000000e+00
  -8.1011312e-05 -7.2518640e-05]
 [ 1.9749885e-03 -1.3036220e-04 -9.7759836e-04  2.0725069e-04
   6.0213064e-05  0.0000000e+00  0.0000000e+00  0.0000000e+00
  -6.9676025e-05 -8.7156368e-04]
 [ 1.9790984e-03 -8.9263129e-05 -1.1229316e-03  1.9688232e-04
   7.7770310e-05  0.0000000e+00  0.0000000e+00  0.0000000e+00
  -7.4459298e-05 -4.4409634e-04]] 
Episode: 41: [[ 2.2936857e-03 -1.7716586e-05 -1.3609848e-03  2.4257335e-04
   5.0284136e-05  0.0000000e+00  0.0000000e+00  0.0000000e+00
  -8.2600593e-05 -7.6944016e-05]
 [ 1.9884971e-03 -1.3436233e-04 -9.8822720e-04  2.1208914e-04
   6.1443068e-05  0.0000000e+00  0.0000000e+00  0.0000000e+00
  -7.0127418e-05 -9.1095420e-04]
 [ 2.0018264e-03 -9.1903792e-05 -1.1462952e-03  2.0073267e-04
   8.0051621e-05  0.0000000e+00  0.0000000e+00  0.0000000e+00
  -7.5645949e-05 -4.5959416e-04]] 
Episode: 42: [[ 2.3324755e-03 -1.7514876e-05 -1.3970723e-03  2.4568030e-04
   5.2190571e-05  0.0000000e+00  0.0000000e+00  0.0000000e+00
  -8.5679465e-05 -7.9815960e-05]
 [ 2.0008560e-03 -1.3772740e-04 -9.9571305e-04  2.1423487e-04
   6.3366504e-05  0.0000000e+00  0.0000000e+00  0.0000000e+00
  -7.1703558e-05 -9.4940158e-04]
 [ 2.0249975e-03 -9.3786861e-05 -1.1693371e-03  2.0198713e-04
   8.3145387e-05  0.0000000e+00  0.0000000e+00  0.0000000e+00
  -7.8057878e-05 -4.7416810e-04]] 
Episode: 43: [[ 2.3716576e-03 -1.8390681e-05 -1.4326744e-03  2.5138777e-04
   5.2611264e-05  0.0000000e+00  0.0000000e+00  0.0000000e+00
  -8.8055778e-05 -8.5162188e-05]
 [ 2.0126898e-03 -1.4102901e-04 -1.0037532e-03  2.1980322e-04
   6.4433189e-05  0.0000000e+00  0.0000000e+00  0.0000000e+00
  -7.2794399e-05 -9.8765909e-04]
 [ 2.0485697e-03 -9.6271877e-05 -1.1925967e-03  2.0639795e-04
   8.4639993e-05  0.0000000e+00  0.0000000e+00  0.0000000e+00
  -7.9833560e-05 -4.9000187e-04]] 
Episode: 44: [[ 2.4117159e-03 -1.9478466e-05 -1.4653066e-03  2.5718042e-04
   5.3380969e-05  0.0000000e+00  0.0000000e+00  0.0000000e+00
  -9.0345056e-05 -9.1439244e-05]
 [ 2.0274490e-03 -1.4432534e-04 -1.0091526e-03  2.2498121e-04
   6.5834465e-05  0.0000000e+00  0.0000000e+00  0.0000000e+00
  -7.3721989e-05 -1.0299936e-03]
 [ 2.0731539e-03 -9.8897843e-05 -1.2126595e-03  2.1046109e-04
   8.6595726e-05  0.0000000e+00  0.0000000e+00  0.0000000e+00
  -8.1468599e-05 -5.0833222e-04]] 
Episode: 45: [[ 2.4515782e-03 -2.4176146e-05 -1.4980834e-03  2.6869515e-04
   5.5090790e-05  0.0000000e+00  0.0000000e+00  0.0000000e+00
  -9.1940463e-05 -1.0294705e-04]
 [ 2.0487122e-03 -1.5029781e-04 -1.0164876e-03  2.3159766e-04
   6.9687281e-05  0.0000000e+00  0.0000000e+00  0.0000000e+00
  -7.6005999e-05 -1.0798201e-03]
 [ 2.0985738e-03 -1.0447069e-04 -1.2308061e-03  2.1667304e-04
   9.0684531e-05  0.0000000e+00  0.0000000e+00  0.0000000e+00
  -8.3111212e-05 -5.3416792e-04]] 
Episode: 46: [[ 2.4906753e-03 -2.8564682e-05 -1.5307299e-03  2.7926263e-04
   5.6981087e-05  0.0000000e+00  0.0000000e+00  0.0000000e+00
  -9.3656316e-05 -1.1435078e-04]
 [ 2.0667668e-03 -1.5647539e-04 -1.0220391e-03  2.3734095e-04
   7.3705029e-05  0.0000000e+00  0.0000000e+00  0.0000000e+00
  -7.7859506e-05 -1.1303605e-03]
 [ 2.1230138e-03 -1.1005428e-04 -1.2481469e-03  2.2197950e-04
   9.4853771e-05  0.0000000e+00  0.0000000e+00  0.0000000e+00
  -8.4573971e-05 -5.6062493e-04]] 
Episode: 47: [[ 2.5277170e-03 -4.5139343e-05 -1.5380062e-03  3.0689791e-04
   5.0794792e-05  0.0000000e+00  0.0000000e+00  0.0000000e+00
  -8.4930987e-05 -1.3935268e-04]
 [ 2.0946183e-03 -1.5958835e-04 -1.0106210e-03  2.5615413e-04
   8.2945575e-05  0.0000000e+00  0.0000000e+00  0.0000000e+00
  -8.6335975e-05 -1.1709456e-03]
 [ 2.1607713e-03 -1.1412292e-04 -1.2476281e-03  2.4236359e-04
   1.0428035e-04  0.0000000e+00  0.0000000e+00  0.0000000e+00
  -8.9413523e-05 -5.8710983e-04]] 
Episode: 48: [[ 2.56410916e-03 -6.05084570e-05 -1.54613436e-03  3.32572934e-04
   4.52424538e-05  0.00000000e+00  0.00000000e+00  0.00000000e+00
  -7.68901664e-05 -1.62915225e-04]
 [ 2.12130672e-03 -1.63267890e-04 -1.00094720e-03  2.73508427e-04
   9.11853131e-05  0.00000000e+00  0.00000000e+00  0.00000000e+00
  -9.36979632e-05 -1.21238886e-03]
 [ 2.19659181e-03 -1.18292155e-04 -1.24822184e-03  2.61109002e-04
   1.13036236e-04  0.00000000e+00  0.00000000e+00  0.00000000e+00
  -9.37157165e-05 -6.13509852e-04]] 
Episode: 49: [[ 2.5847673e-03 -8.3154067e-05 -1.5346061e-03  3.6433310e-04
   3.2686901e-05  0.0000000e+00  0.0000000e+00  0.0000000e+00
  -6.1158134e-05 -1.9320652e-04]
 [ 2.1233517e-03 -1.7227161e-04 -9.7046583e-04  2.9593954e-04
   9.0858834e-05  0.0000000e+00  0.0000000e+00  0.0000000e+00
  -9.0314163e-05 -1.2432871e-03]
 [ 2.2230935e-03 -1.2655662e-04 -1.2285630e-03  2.8580174e-04
   1.1583290e-04  0.0000000e+00  0.0000000e+00  0.0000000e+00
  -9.0583628e-05 -6.4332079e-04]] 
Episode: 50: [[ 2.60571088e-03 -1.03390623e-04 -1.52188179e-03  3.92982300e-04
   2.32468919e-05  0.00000000e+00  0.00000000e+00  0.00000000e+00
  -4.80627859e-05 -2.21180933e-04]
 [ 2.12453399e-03 -1.81337280e-04 -9.39837657e-04  3.15142213e-04
   9.22808322e-05  0.00000000e+00  0.00000000e+00  0.00000000e+00
  -8.75388214e-05 -1.27608422e-03]
 [ 2.24839197e-03 -1.34439659e-04 -1.20796449e-03  3.07124981e-04
   1.20100565e-04  0.00000000e+00  0.00000000e+00  0.00000000e+00
  -8.81255764e-05 -6.72961702e-04]] 
Episode: 51: [[ 2.6305621e-03 -1.1739592e-04 -1.5137981e-03  4.1510328e-04
   1.8398105e-05  0.0000000e+00  0.0000000e+00  0.0000000e+00
  -3.9585368e-05 -2.3847684e-04]
 [ 2.1279529e-03 -1.8667204e-04 -9.1306784e-04  3.2791519e-04
   9.5208758e-05  0.0000000e+00  0.0000000e+00  0.0000000e+00
  -8.7041801e-05 -1.2859318e-03]
 [ 2.2749973e-03 -1.3704026e-04 -1.1919590e-03  3.2197434e-04
   1.2739947e-04  0.0000000e+00  0.0000000e+00  0.0000000e+00
  -8.8429719e-05 -6.8504910e-04]] 
Episode: 52: [[ 2.6564319e-03 -1.2937692e-04 -1.5089845e-03  4.3458532e-04
   1.4412033e-05  0.0000000e+00  0.0000000e+00  0.0000000e+00
  -3.2282460e-05 -2.5316913e-04]
 [ 2.1316484e-03 -1.9094958e-04 -8.8891573e-04  3.3906364e-04
   9.8132172e-05  0.0000000e+00  0.0000000e+00  0.0000000e+00
  -8.6594970e-05 -1.2961298e-03]
 [ 2.3006520e-03 -1.3870254e-04 -1.1784096e-03  3.3490051e-04
   1.3448915e-04  0.0000000e+00  0.0000000e+00  0.0000000e+00
  -8.9104840e-05 -6.9577334e-04]] 
Episode: 53: [[ 2.6851292e-03 -1.3656581e-04 -1.5079930e-03  4.4962292e-04
   1.4399442e-05  0.0000000e+00  0.0000000e+00  0.0000000e+00
  -2.8080269e-05 -2.6086834e-04]
 [ 2.1372926e-03 -1.9025771e-04 -8.6834357e-04  3.4563578e-04
   1.0467675e-04  0.0000000e+00  0.0000000e+00  0.0000000e+00
  -8.8076544e-05 -1.2951016e-03]
 [ 2.3268224e-03 -1.3631761e-04 -1.1684793e-03  3.4309120e-04
   1.4454812e-04  0.0000000e+00  0.0000000e+00  0.0000000e+00
  -9.1510352e-05 -6.9642090e-04]] 
Episode: 54: [[ 2.71531963e-03 -1.40702658e-04 -1.50973676e-03  4.61887597e-04
   1.79207618e-05  0.00000000e+00  0.00000000e+00  0.00000000e+00
  -2.56628136e-05 -2.65333802e-04]
 [ 2.14348198e-03 -1.88995386e-04 -8.50246055e-04  3.49666050e-04
   1.13338574e-04  0.00000000e+00  0.00000000e+00  0.00000000e+00
  -8.98283251e-05 -1.29342696e-03]
 [ 2.35236390e-03 -1.32903719e-04 -1.16096123e-03  3.48649279e-04
   1.56789974e-04  0.00000000e+00  0.00000000e+00  0.00000000e+00
  -9.43708656e-05 -6.94855233e-04]] 
Episode: 55: [[ 2.7478337e-03 -1.4107423e-04 -1.5136702e-03  4.6927060e-04
   2.4519539e-05  0.0000000e+00  0.0000000e+00  0.0000000e+00
  -2.4918587e-05 -2.6336929e-04]
 [ 2.1511489e-03 -1.8446609e-04 -8.3451846e-04  3.4860402e-04
   1.2404958e-04  0.0000000e+00  0.0000000e+00  0.0000000e+00
  -9.2508686e-05 -1.2838010e-03]
 [ 2.3785548e-03 -1.2616998e-04 -1.1557298e-03  3.4920580e-04
   1.7150409e-04  0.0000000e+00  0.0000000e+00  0.0000000e+00
  -9.8213895e-05 -6.8525458e-04]] 
Episode: 56: [[ 2.78211012e-03 -1.37671552e-04 -1.52013195e-03  4.72284912e-04
   3.37013007e-05  0.00000000e+00  0.00000000e+00  0.00000000e+00
  -2.69191914e-05 -2.54253478e-04]
 [ 2.16003694e-03 -1.77673239e-04 -8.20540416e-04  3.44013271e-04
   1.35555194e-04  0.00000000e+00  0.00000000e+00  0.00000000e+00
  -9.53439448e-05 -1.26447435e-03]
 [ 2.40481831e-03 -1.16868941e-04 -1.15201925e-03  3.46075190e-04
   1.87181897e-04  0.00000000e+00  0.00000000e+00  0.00000000e+00
  -1.02718834e-04 -6.66268868e-04]] 
Episode: 57: [[ 2.8178494e-03 -1.3327795e-04 -1.5287356e-03  4.7516744e-04
   4.3064210e-05  0.0000000e+00  0.0000000e+00  0.0000000e+00
  -2.9744086e-05 -2.4408149e-04]
 [ 2.1687909e-03 -1.7091831e-04 -8.0735103e-04  3.4003341e-04
   1.4716096e-04  0.0000000e+00  0.0000000e+00  0.0000000e+00
  -9.7618053e-05 -1.2420526e-03]
 [ 2.4304348e-03 -1.0714568e-04 -1.1495708e-03  3.4316129e-04
   2.0275600e-04  0.0000000e+00  0.0000000e+00  0.0000000e+00
  -1.0717517e-04 -6.4446602e-04]] 
Episode: 58: [[ 2.85173580e-03 -1.30221626e-04 -1.53717736e-03  4.79179667e-04
   5.06444776e-05  0.00000000e+00  0.00000000e+00  0.00000000e+00
  -3.20824838e-05 -2.36312771e-04]
 [ 2.17670505e-03 -1.65719073e-04 -7.94952852e-04  3.37652280e-04
   1.56730399e-04  0.00000000e+00  0.00000000e+00  0.00000000e+00
  -9.92848145e-05 -1.22381642e-03]
 [ 2.45403009e-03 -9.91317283e-05 -1.14720489e-03  3.41676321e-04
   2.16101573e-04  0.00000000e+00  0.00000000e+00  0.00000000e+00
  -1.10996705e-04 -6.26540626e-04]] 
Episode: 59: [[ 2.8853051e-03 -1.2663909e-04 -1.5472075e-03  4.8223662e-04
   5.7950187e-05  0.0000000e+00  0.0000000e+00  0.0000000e+00
  -3.4655055e-05 -2.2782203e-04]
 [ 2.1840308e-03 -1.6038945e-04 -7.8298472e-04  3.3546408e-04
   1.6546604e-04  0.0000000e+00  0.0000000e+00  0.0000000e+00
  -1.0053728e-04 -1.2031806e-03]
 [ 2.4752126e-03 -9.0960108e-05 -1.1450287e-03  3.4011708e-04
   2.2852940e-04  0.0000000e+00  0.0000000e+00  0.0000000e+00
  -1.1464786e-04 -6.0729717e-04]] 
Episode: 60: [[ 2.91850464e-03 -1.23376856e-04 -1.55760604e-03  4.84984514e-04
   6.51203882e-05  0.00000000e+00  0.00000000e+00  0.00000000e+00
  -3.72138675e-05 -2.20460657e-04]
 [ 2.19331193e-03 -1.55784510e-04 -7.72356754e-04  3.33621399e-04
   1.73701250e-04  0.00000000e+00  0.00000000e+00  0.00000000e+00
  -1.01697064e-04 -1.18910859e-03]
 [ 2.49692565e-03 -8.40777866e-05 -1.14388345e-03  3.38865677e-04
   2.40331210e-04  0.00000000e+00  0.00000000e+00  0.00000000e+00
  -1.18056232e-04 -5.92827797e-04]] 
Episode: 61: [[ 2.95125740e-03 -1.22072699e-04 -1.56938529e-03  4.89426253e-04
   7.00196833e-05  0.00000000e+00  0.00000000e+00  0.00000000e+00
  -3.88750450e-05 -2.16201035e-04]
 [ 2.20061233e-03 -1.52762237e-04 -7.62306794e-04  3.33173870e-04
   1.79867609e-04  0.00000000e+00  0.00000000e+00  0.00000000e+00
  -1.02345497e-04 -1.17944181e-03]
 [ 2.51654536e-03 -7.91508573e-05 -1.14362058e-03  3.38861690e-04
   2.49707897e-04  0.00000000e+00  0.00000000e+00  0.00000000e+00
  -1.20641955e-04 -5.82523586e-04]] 
Episode: 62: [[ 2.98378547e-03 -1.21074365e-04 -1.58226967e-03  4.93483094e-04
   7.24363781e-05  0.00000000e+00  0.00000000e+00  0.00000000e+00
  -3.96797477e-05 -2.12301034e-04]
 [ 2.20783218e-03 -1.51411470e-04 -7.51546642e-04  3.34284210e-04
   1.85773213e-04  0.00000000e+00  0.00000000e+00  0.00000000e+00
  -1.02447360e-04 -1.17504620e-03]
 [ 2.53431848e-03 -7.51557091e-05 -1.14199880e-03  3.39869322e-04
   2.57844658e-04  0.00000000e+00  0.00000000e+00  0.00000000e+00
  -1.22703554e-04 -5.73847617e-04]] 
Episode: 63: [[ 3.0099400e-03 -1.2925046e-04 -1.5833024e-03  5.1061064e-04
   6.7292895e-05  0.0000000e+00  0.0000000e+00  0.0000000e+00
  -3.3303044e-05 -2.1940972e-04]
 [ 2.2367542e-03 -1.3542216e-04 -7.3915091e-04  3.4620194e-04
   2.0705725e-04  0.0000000e+00  0.0000000e+00  0.0000000e+00
  -1.0775144e-04 -1.1739931e-03]
 [ 2.5616600e-03 -6.9350397e-05 -1.1308708e-03  3.5249858e-04
   2.7037636e-04  0.0000000e+00  0.0000000e+00  0.0000000e+00
  -1.2288061e-04 -5.7031738e-04]] 
Episode: 64: [[ 3.03739426e-03 -1.35639566e-04 -1.58718450e-03  5.25801268e-04
   6.36940531e-05  0.00000000e+00  0.00000000e+00  0.00000000e+00
  -2.86675786e-05 -2.25296011e-04]
 [ 2.26345728e-03 -1.20916789e-04 -7.27320439e-04  3.55651719e-04
   2.27044220e-04  0.00000000e+00  0.00000000e+00  0.00000000e+00
  -1.13134294e-04 -1.17365702e-03]
 [ 2.58813705e-03 -6.30399445e-05 -1.12166570e-03  3.62622348e-04
   2.82887166e-04  0.00000000e+00  0.00000000e+00  0.00000000e+00
  -1.24211991e-04 -5.66482020e-04]] 
Episode: 65: [[ 3.0662445e-03 -1.3962905e-04 -1.5920122e-03  5.3693552e-04
   6.2481093e-05  0.0000000e+00  0.0000000e+00  0.0000000e+00
  -2.6152571e-05 -2.2775748e-04]
 [ 2.2888051e-03 -1.0818888e-04 -7.1622239e-04  3.6149519e-04
   2.4522984e-04  0.0000000e+00  0.0000000e+00  0.0000000e+00
  -1.1876376e-04 -1.1756618e-03]
 [ 2.6140409e-03 -5.6526296e-05 -1.1135493e-03  3.6904990e-04
   2.9541628e-04  0.0000000e+00  0.0000000e+00  0.0000000e+00
  -1.2684334e-04 -5.6209008e-04]] 
Episode: 66: [[ 3.0978825e-03 -1.4317596e-04 -1.5994404e-03  5.4790778e-04
   6.3151325e-05  0.0000000e+00  0.0000000e+00  0.0000000e+00
  -2.4536053e-05 -2.3103031e-04]
 [ 2.3143147e-03 -9.6794291e-05 -7.0594769e-04  3.6595683e-04
   2.6288241e-04  0.0000000e+00  0.0000000e+00  0.0000000e+00
  -1.2410665e-04 -1.1820981e-03]
 [ 2.6407298e-03 -5.0662708e-05 -1.1069064e-03  3.7406990e-04
   3.0850724e-04  0.0000000e+00  0.0000000e+00  0.0000000e+00
  -1.2960198e-04 -5.6069606e-04]] 
Episode: 67: [[ 3.1302981e-03 -1.4435708e-04 -1.6071140e-03  5.5571948e-04
   6.7290239e-05  0.0000000e+00  0.0000000e+00  0.0000000e+00
  -2.4215446e-05 -2.3166891e-04]
 [ 2.3409175e-03 -8.5129046e-05 -6.9822656e-04  3.6586172e-04
   2.8094507e-04  0.0000000e+00  0.0000000e+00  0.0000000e+00
  -1.2915851e-04 -1.1879629e-03]
 [ 2.6685409e-03 -4.4167275e-05 -1.1018282e-03  3.7503275e-04
   3.2275185e-04  0.0000000e+00  0.0000000e+00  0.0000000e+00
  -1.3248689e-04 -5.5896980e-04]] 
Episode: 68: [[ 3.1630362e-03 -1.4423572e-04 -1.6162365e-03  5.6138198e-04
   7.2662377e-05  0.0000000e+00  0.0000000e+00  0.0000000e+00
  -2.5258954e-05 -2.3100126e-04]
 [ 2.3657186e-03 -7.3800766e-05 -6.9212727e-04  3.6351330e-04
   2.9766347e-04  0.0000000e+00  0.0000000e+00  0.0000000e+00
  -1.3450027e-04 -1.1938966e-03]
 [ 2.6949954e-03 -3.7424685e-05 -1.0983997e-03  3.7377086e-04
   3.3637366e-04  0.0000000e+00  0.0000000e+00  0.0000000e+00
  -1.3599763e-04 -5.5716175e-04]] 
Episode: 69: [[ 3.1957852e-03 -1.4344732e-04 -1.6265827e-03  5.6606834e-04
   7.8408353e-05  0.0000000e+00  0.0000000e+00  0.0000000e+00
  -2.6974660e-05 -2.2983183e-04]
 [ 2.3848522e-03 -6.4372507e-05 -6.8334746e-04  3.6136631e-04
   3.1374986e-04  0.0000000e+00  0.0000000e+00  0.0000000e+00
  -1.3905606e-04 -1.2045976e-03]
 [ 2.7194025e-03 -3.1452619e-05 -1.0944082e-03  3.7235711e-04
   3.5001582e-04  0.0000000e+00  0.0000000e+00  0.0000000e+00
  -1.3925679e-04 -5.5756612e-04]] 
Episode: 70: [[ 3.2296663e-03 -1.4230913e-04 -1.6378028e-03  5.7049975e-04
   8.4566484e-05  0.0000000e+00  0.0000000e+00  0.0000000e+00
  -2.9190429e-05 -2.2911404e-04]
 [ 2.4024744e-03 -5.6587523e-05 -6.7485333e-04  3.5850171e-04
   3.2866688e-04  0.0000000e+00  0.0000000e+00  0.0000000e+00
  -1.4289620e-04 -1.2195465e-03]
 [ 2.7430514e-03 -2.6043523e-05 -1.0910216e-03  3.7003536e-04
   3.6324983e-04  0.0000000e+00  0.0000000e+00  0.0000000e+00
  -1.4249385e-04 -5.6021533e-04]] 
Episode: 71: [[ 3.2644430e-03 -1.3929851e-04 -1.6514892e-03  5.7366135e-04
   9.1536131e-05  0.0000000e+00  0.0000000e+00  0.0000000e+00
  -3.2057167e-05 -2.2571612e-04]
 [ 2.4165900e-03 -5.0597799e-05 -6.6365040e-04  3.5556211e-04
   3.4327965e-04  0.0000000e+00  0.0000000e+00  0.0000000e+00
  -1.4578430e-04 -1.2350749e-03]
 [ 2.7642024e-03 -1.9595136e-05 -1.0866241e-03  3.6712331e-04
   3.7671655e-04  0.0000000e+00  0.0000000e+00  0.0000000e+00
  -1.4549901e-04 -5.5849861e-04]] 
Episode: 72: [[ 3.3000130e-03 -1.3398979e-04 -1.6668023e-03  5.7438220e-04
   9.9933663e-05  0.0000000e+00  0.0000000e+00  0.0000000e+00
  -3.6297653e-05 -2.1862616e-04]
 [ 2.4307712e-03 -4.4367585e-05 -6.5384485e-04  3.5064662e-04
   3.5754120e-04  0.0000000e+00  0.0000000e+00  0.0000000e+00
  -1.4900036e-04 -1.2485192e-03]
 [ 2.7842629e-03 -1.1283696e-05 -1.0833431e-03  3.6199435e-04
   3.9065356e-04  0.0000000e+00  0.0000000e+00  0.0000000e+00
  -1.4937481e-04 -5.5190973e-04]] 
Episode: 73: [[ 3.3354883e-03 -1.3061629e-04 -1.6821397e-03  5.7605555e-04
   1.0713281e-04  0.0000000e+00  0.0000000e+00  0.0000000e+00
  -4.0243700e-05 -2.1527748e-04]
 [ 2.4465157e-03 -3.9165392e-05 -6.4509793e-04  3.4644187e-04
   3.7110079e-04  0.0000000e+00  0.0000000e+00  0.0000000e+00
  -1.5208281e-04 -1.2676753e-03]
 [ 2.8048914e-03 -4.4551380e-06 -1.0807703e-03  3.5766128e-04
   4.0370435e-04  0.0000000e+00  0.0000000e+00  0.0000000e+00
  -1.5318097e-04 -5.5033946e-04]] 
Episode: 74: [[ 3.3675630e-03 -1.2757347e-04 -1.6968320e-03  5.7802536e-04
   1.1345847e-04  0.0000000e+00  0.0000000e+00  0.0000000e+00
  -4.3359403e-05 -2.1257190e-04]
 [ 2.4518690e-03 -3.2535678e-05 -6.3800270e-04  3.4277613e-04
   3.8488291e-04  0.0000000e+00  0.0000000e+00  0.0000000e+00
  -1.5477280e-04 -1.2857897e-03]
 [ 2.8217218e-03  2.4329797e-06 -1.0785934e-03  3.5393512e-04
   4.1609121e-04  0.0000000e+00  0.0000000e+00  0.0000000e+00
  -1.5665614e-04 -5.4877711e-04]] 
Episode: 75: [[ 3.39937443e-03 -1.24500613e-04 -1.71061174e-03  5.79688873e-04
   1.20214085e-04  0.00000000e+00  0.00000000e+00  0.00000000e+00
  -4.67456121e-05 -2.10136393e-04]
 [ 2.45927530e-03 -2.78924435e-05 -6.31702074e-04  3.39202408e-04
   3.97610333e-04  0.00000000e+00  0.00000000e+00  0.00000000e+00
  -1.56852169e-04 -1.31271884e-03]
 [ 2.83752521e-03  8.00714588e-06 -1.07626489e-03  3.50217131e-04
   4.28014959e-04  0.00000000e+00  0.00000000e+00  0.00000000e+00
  -1.59772157e-04 -5.51540987e-04]] 
Episode: 76: [[ 3.4307877e-03 -1.2180975e-04 -1.7242990e-03  5.8162643e-04
   1.2668961e-04  0.0000000e+00  0.0000000e+00  0.0000000e+00
  -5.0011826e-05 -2.0823504e-04]
 [ 2.4653776e-03 -2.4126502e-05 -6.2422926e-04  3.3614191e-04
   4.0944610e-04  0.0000000e+00  0.0000000e+00  0.0000000e+00
  -1.5867474e-04 -1.3402428e-03]
 [ 2.8518760e-03  1.2812903e-05 -1.0733160e-03  3.4676422e-04
   4.3920940e-04  0.0000000e+00  0.0000000e+00  0.0000000e+00
  -1.6266240e-04 -5.5526011e-04]] 
Episode: 77: [[ 3.46012693e-03 -1.18939824e-04 -1.73695153e-03  5.82656474e-04
   1.32824876e-04  0.00000000e+00  0.00000000e+00  0.00000000e+00
  -5.36217049e-05 -2.05377684e-04]
 [ 2.47109029e-03 -2.13558724e-05 -6.16628909e-04  3.32913914e-04
   4.19738819e-04  0.00000000e+00  0.00000000e+00  0.00000000e+00
  -1.60237294e-04 -1.36678619e-03]
 [ 2.86406116e-03  1.67956059e-05 -1.07000163e-03  3.42960848e-04
   4.48964187e-04  0.00000000e+00  0.00000000e+00  0.00000000e+00
  -1.65316102e-04 -5.58144297e-04]] 
Episode: 78: [[ 3.4945440e-03 -1.1525613e-04 -1.7546929e-03  5.8591506e-04
   1.4423915e-04  0.0000000e+00  0.0000000e+00  0.0000000e+00
  -6.2405510e-05 -2.0580967e-04]
 [ 2.4868385e-03 -1.2920482e-05 -6.2625186e-04  3.2154447e-04
   4.3459790e-04  0.0000000e+00  0.0000000e+00  0.0000000e+00
  -1.7034719e-04 -1.3869565e-03]
 [ 2.8929319e-03  2.8148002e-05 -1.0840483e-03  3.3461800e-04
   4.6583120e-04  0.0000000e+00  0.0000000e+00  0.0000000e+00
  -1.7898795e-04 -5.5849634e-04]] 
Episode: 79: [[ 3.5270015e-03 -1.1121719e-04 -1.7715753e-03  5.8766414e-04
   1.5575145e-04  0.0000000e+00  0.0000000e+00  0.0000000e+00
  -7.0879410e-05 -2.0525475e-04]
 [ 2.5017245e-03 -4.5434108e-06 -6.3679885e-04  3.0968623e-04
   4.4902650e-04  0.0000000e+00  0.0000000e+00  0.0000000e+00
  -1.8023427e-04 -1.4032708e-03]
 [ 2.9194399e-03  3.8969145e-05 -1.0974916e-03  3.2552122e-04
   4.8194238e-04  0.0000000e+00  0.0000000e+00  0.0000000e+00
  -1.9179430e-04 -5.5739045e-04]] 
Episode: 80: [[ 3.5606618e-03 -1.0883126e-04 -1.7877654e-03  5.9151516e-04
   1.6653884e-04  0.0000000e+00  0.0000000e+00  0.0000000e+00
  -7.8452387e-05 -2.0739625e-04]
 [ 2.5083148e-03  3.3806618e-06 -6.4034888e-04  2.9896956e-04
   4.6452237e-04  0.0000000e+00  0.0000000e+00  0.0000000e+00
  -1.8930767e-04 -1.4252183e-03]
 [ 2.9421216e-03  5.0746730e-05 -1.1070026e-03  3.1691781e-04
   4.9956923e-04  0.0000000e+00  0.0000000e+00  0.0000000e+00
  -2.0403233e-04 -5.5393483e-04]] 
Episode: 81: [[ 3.5944777e-03 -1.0685045e-04 -1.8024303e-03  5.9663726e-04
   1.7763309e-04  0.0000000e+00  0.0000000e+00  0.0000000e+00
  -8.5883097e-05 -2.1280412e-04]
 [ 2.5130226e-03  9.5186933e-06 -6.4314710e-04  2.8891623e-04
   4.8006582e-04  0.0000000e+00  0.0000000e+00  0.0000000e+00
  -1.9718260e-04 -1.4574861e-03]
 [ 2.9635138e-03  6.1572449e-05 -1.1145298e-03  3.0893937e-04
   5.1739882e-04  0.0000000e+00  0.0000000e+00  0.0000000e+00
  -2.1546675e-04 -5.5929046e-04]] 
Episode: 82: [[ 3.6228886e-03 -1.0877161e-04 -1.7923453e-03  6.1095128e-04
   1.8592642e-04  0.0000000e+00  0.0000000e+00  0.0000000e+00
  -8.7433655e-05 -2.2901947e-04]
 [ 2.5458317e-03  3.5757475e-05 -6.3794159e-04  2.8449213e-04
   4.9696787e-04  0.0000000e+00  0.0000000e+00  0.0000000e+00
  -2.1303557e-04 -1.4952873e-03]
 [ 2.9980042e-03  7.8337784e-05 -1.1037897e-03  3.0954593e-04
   5.3315674e-04  0.0000000e+00  0.0000000e+00  0.0000000e+00
  -2.2603788e-04 -5.7995267e-04]] 
Episode: 83: [[ 3.6503652e-03 -1.0985853e-04 -1.7833452e-03  6.2228937e-04
   1.9406597e-04  0.0000000e+00  0.0000000e+00  0.0000000e+00
  -8.9013534e-05 -2.4223914e-04]
 [ 2.5782732e-03  5.9494145e-05 -6.3510588e-04  2.7893495e-04
   5.1272451e-04  0.0000000e+00  0.0000000e+00  0.0000000e+00
  -2.2749638e-04 -1.5339070e-03]
 [ 3.0300596e-03  9.3773102e-05 -1.0942315e-03  3.0848445e-04
   5.4769538e-04  0.0000000e+00  0.0000000e+00  0.0000000e+00
  -2.3562604e-04 -5.9890246e-04]] 
Episode: 84: [[ 3.6751858e-03 -1.1069392e-04 -1.7716684e-03  6.3507573e-04
   2.0296524e-04  0.0000000e+00  0.0000000e+00  0.0000000e+00
  -9.0826783e-05 -2.5827438e-04]
 [ 2.5877226e-03  8.1131904e-05 -6.3103088e-04  2.7294710e-04
   5.2799331e-04  0.0000000e+00  0.0000000e+00  0.0000000e+00
  -2.4107889e-04 -1.5693906e-03]
 [ 3.0584792e-03  1.1211964e-04 -1.0846430e-03  3.0727417e-04
   5.6380726e-04  0.0000000e+00  0.0000000e+00  0.0000000e+00
  -2.4578202e-04 -6.1548472e-04]] 
Episode: 85: [[ 3.69925960e-03 -1.11084446e-04 -1.76239596e-03  6.46473374e-04
   2.11880804e-04  0.00000000e+00  0.00000000e+00  0.00000000e+00
  -9.26857101e-05 -2.72556441e-04]
 [ 2.59445119e-03  1.00180820e-04 -6.28325914e-04  2.67198920e-04
   5.41775196e-04  0.00000000e+00  0.00000000e+00  0.00000000e+00
  -2.53402570e-04 -1.60150358e-03]
 [ 3.08266631e-03  1.28972868e-04 -1.07593683e-03  3.05598340e-04
   5.78885840e-04  0.00000000e+00  0.00000000e+00  0.00000000e+00
  -2.55001418e-04 -6.29040354e-04]] 
Episode: 86: [[ 3.72428168e-03 -1.10823043e-04 -1.75505935e-03  6.55788055e-04
   2.21481314e-04  0.00000000e+00  0.00000000e+00  0.00000000e+00
  -9.49274036e-05 -2.85497314e-04]
 [ 2.59823585e-03  1.18998665e-04 -6.24476583e-04  2.59672408e-04
   5.55427046e-04  0.00000000e+00  0.00000000e+00  0.00000000e+00
  -2.64877832e-04 -1.63032068e-03]
 [ 3.10395984e-03  1.45345228e-04 -1.06774457e-03  3.01809661e-04
   5.93875127e-04  0.00000000e+00  0.00000000e+00  0.00000000e+00
  -2.63843132e-04 -6.40947255e-04]] 
Episode: 87: [[ 3.7486018e-03 -1.1022370e-04 -1.7482860e-03  6.6334254e-04
   2.3059885e-04  0.0000000e+00  0.0000000e+00  0.0000000e+00
  -9.7193806e-05 -2.9541162e-04]
 [ 2.5987464e-03  1.3495827e-04 -6.1923999e-04  2.5293190e-04
   5.6816539e-04  0.0000000e+00  0.0000000e+00  0.0000000e+00
  -2.7477602e-04 -1.6519577e-03]
 [ 3.1223951e-03  1.5964863e-04 -1.0591629e-03  2.9818175e-04
   6.0783082e-04  0.0000000e+00  0.0000000e+00  0.0000000e+00
  -2.7161260e-04 -6.5069785e-04]] 
Episode: 88: [[ 0.00377762 -0.00011163 -0.00173923  0.00068028  0.00024389  0.
   0.          0.         -0.00010458 -0.00031369]
 [ 0.00262449  0.00016368 -0.0006289   0.00023255  0.00058303  0.
   0.          0.         -0.00029622 -0.00165687]
 [ 0.00315902  0.00018671 -0.00106107  0.0002848   0.00062815  0.
   0.          0.         -0.00029393 -0.00065018]] 
Episode: 89: [[ 0.00380513 -0.0001124  -0.00173116  0.00069551  0.00025643  0.
   0.          0.         -0.00011145 -0.00033006]
 [ 0.0026437   0.00019054 -0.00063381  0.00021401  0.00059696  0.
   0.          0.         -0.00031578 -0.00166279]
 [ 0.00319078  0.00021213 -0.00106146  0.00027238  0.00064699  0.
   0.          0.         -0.00031427 -0.0006492 ]] 
Episode: 90: [[ 0.0038308  -0.00011325 -0.00172435  0.00070988  0.00026713  0.
   0.          0.         -0.00011684 -0.00034418]
 [ 0.00265755  0.00021296 -0.00063733  0.00019851  0.00061104  0.
   0.          0.         -0.00033292 -0.00167622]
 [ 0.00321736  0.00023479 -0.0010611   0.0002621   0.00066498  0.
   0.          0.         -0.0003323  -0.00064869]] 
Episode: 91: [[ 0.00385588 -0.0001133  -0.00171872  0.00072233  0.00027732  0.
   0.          0.         -0.00012189 -0.00035532]
 [ 0.00266981  0.00023269 -0.00063945  0.00018478  0.00062379  0.
   0.          0.         -0.00034811 -0.00169044]
 [ 0.00324033  0.00025515 -0.00106001  0.00025256  0.00068127  0.
   0.          0.         -0.00034838 -0.00064685]] 
Episode: 92: [[ 0.00388033 -0.00011308 -0.00171542  0.00073448  0.00028679  0.
   0.          0.         -0.00012687 -0.00036498]
 [ 0.00267655  0.00025049 -0.00064877  0.0001738   0.00063583  0.
   0.          0.         -0.00036126 -0.00170312]
 [ 0.00325911  0.00027288 -0.00106128  0.00024539  0.00069696  0.
   0.          0.         -0.00036198 -0.00064574]] 
Episode: 93: [[ 0.00390985 -0.0001129  -0.00171508  0.00074643  0.00029566  0.
   0.          0.         -0.00013164 -0.00037511]
 [ 0.00267915  0.00026239 -0.000652    0.00016541  0.00064686  0.
   0.          0.         -0.00037157 -0.00173322]
 [ 0.00327678  0.00028723 -0.00105955  0.00024088  0.00071303  0.
   0.          0.         -0.0003741  -0.00065579]] 
Episode: 94: [[ 0.00393781 -0.00011207 -0.00171498  0.00075709  0.00030316  0.
   0.          0.         -0.00013595 -0.00038119]
 [ 0.00267937  0.00027401 -0.0006533   0.00015884  0.00065635  0.
   0.          0.         -0.00038103 -0.00176097]
 [ 0.0032902   0.00030044 -0.00105636  0.00023714  0.00072742  0.
   0.          0.         -0.00038472 -0.0006599 ]] 
Episode: 95: [[ 0.00396422 -0.00011105 -0.00171519  0.00076734  0.00030922  0.
   0.          0.         -0.00013949 -0.00038366]
 [ 0.00267472  0.0002827  -0.00065085  0.00015512  0.00066499  0.
   0.          0.         -0.00038862 -0.00179537]
 [ 0.00329848  0.00031148 -0.00105053  0.00023529  0.0007405   0.
   0.          0.         -0.00039371 -0.00066145]] 
Episode: 96: [[ 0.00398839 -0.00011044 -0.00171392  0.00077771  0.0003135   0.
   0.          0.         -0.00014148 -0.00038381]
 [ 0.00266248  0.0002855  -0.00064301  0.00015479  0.00067194  0.
   0.          0.         -0.00039464 -0.00183744]
 [ 0.00330189  0.00031942 -0.00104378  0.00023605  0.00075177  0.
   0.          0.         -0.00040122 -0.00066145]] 
Episode: 97: [[ 0.00401978 -0.00011067 -0.00171601  0.00079283  0.00032241  0.
   0.          0.         -0.00014669 -0.00039657]
 [ 0.00268068  0.00029859 -0.00064757  0.00014981  0.0006839   0.
   0.          0.         -0.00041072 -0.00187653]
 [ 0.00332432  0.00033272 -0.00104849  0.0002354   0.00076867  0.
   0.          0.         -0.00041565 -0.0006696 ]] 
Episode: 98: [[ 0.00404921 -0.00011101 -0.00171814  0.00080723  0.0003303   0.
   0.          0.         -0.00015091 -0.00040525]
 [ 0.00269129  0.00030924 -0.00065126  0.00014726  0.00069538  0.
   0.          0.         -0.000425   -0.00191034]
 [ 0.00334107  0.00034389 -0.00105175  0.00023626  0.00078427  0.
   0.          0.         -0.00042813 -0.00067373]] 
Episode: 99: [[ 0.00407613 -0.00011147 -0.00171973  0.00082065  0.00033717  0.
   0.          0.         -0.00015444 -0.00041182]
 [ 0.0026989   0.00031839 -0.00065388  0.00014638  0.0007058   0.
   0.          0.         -0.00043774 -0.001945  ]
 [ 0.00335412  0.0003535  -0.00105377  0.00023792  0.00079824  0.
   0.          0.         -0.00043914 -0.00067606]] 
Episode: 100: [[ 0.00410101 -0.00011183 -0.00172132  0.0008326   0.00034337  0.
   0.          0.         -0.00015755 -0.00041609]
 [ 0.00270454  0.00032622 -0.00065633  0.00014625  0.00071507  0.
   0.          0.         -0.00044901 -0.00197719]
 [ 0.0033649   0.00036158 -0.00105521  0.00023983  0.00081051  0.
   0.          0.         -0.00044885 -0.00067734]] 
Episode: 101: [[ 0.00412476 -0.00010999 -0.00171456  0.0008455   0.0003512   0.
   0.          0.         -0.00016138 -0.00042631]
 [ 0.00270534  0.00033551 -0.00064994  0.00014118  0.00072099  0.
   0.          0.         -0.00046783 -0.0020102 ]
 [ 0.00337023  0.00037636 -0.00106215  0.0002352   0.00082322  0.
   0.          0.         -0.0004693  -0.00067726]] 
Episode: 102: [[ 0.00414776 -0.00010746 -0.00170884  0.00085719  0.00035821  0.
   0.          0.         -0.00016405 -0.00042934]
 [ 0.0027032   0.00034158 -0.00064256  0.0001386   0.00072657  0.
   0.          0.         -0.00048406 -0.00202508]
 [ 0.00337268  0.00038852 -0.00106628  0.00023259  0.00083494  0.
   0.          0.         -0.00048665 -0.00066994]] 
Episode: 103: [[ 0.00416861 -0.00010517 -0.0017033   0.0008687   0.00036438  0.
   0.          0.         -0.00016598 -0.00043039]
 [ 0.00269664  0.00034648 -0.00063433  0.00013773  0.00073197  0.
   0.          0.         -0.00049832 -0.00204249]
 [ 0.00337215  0.00039948 -0.00106845  0.00023115  0.00084587  0.
   0.          0.         -0.00050191 -0.00066004]] 
Episode: 104: [[ 0.0041859  -0.00010339 -0.00169823  0.00088177  0.00036863  0.
   0.          0.         -0.00016634 -0.00043099]
 [ 0.00268143  0.00035112 -0.00063177  0.0001417   0.00073961  0.
   0.          0.         -0.00051114 -0.00208343]
 [ 0.00336504  0.00041054 -0.00106991  0.00023313  0.0008567   0.
   0.          0.         -0.00051482 -0.0006487 ]] 
Episode: 105: [[ 0.00420237 -0.00010152 -0.00169361  0.00089332  0.00037243  0.
   0.          0.         -0.00016669 -0.00043015]
 [ 0.00266627  0.00035462 -0.0006305   0.00014586  0.00074644  0.
   0.          0.         -0.00052287 -0.00212137]
 [ 0.0033573   0.00042048 -0.00107098  0.00023511  0.00086638  0.
   0.          0.         -0.0005266  -0.00063653]] 
Episode: 106: [[ 4.2181192e-03 -9.9200726e-05 -1.6889293e-03  9.0315711e-04
   3.7560595e-04  0.0000000e+00  0.0000000e+00  0.0000000e+00
  -1.6696192e-04 -4.2569326e-04]
 [ 2.6517988e-03  3.5700353e-04 -6.2826520e-04  1.5114051e-04
   7.5228588e-04  0.0000000e+00  0.0000000e+00  0.0000000e+00
  -5.3308893e-04 -2.1540041e-03]
 [ 3.3484283e-03  4.2887105e-04 -1.0702392e-03  2.3782080e-04
   8.7435462e-04  0.0000000e+00  0.0000000e+00  0.0000000e+00
  -5.3685706e-04 -6.2116573e-04]] 
Episode: 107: [[ 4.2329002e-03 -9.6361269e-05 -1.6848485e-03  9.1191393e-04
   3.7828399e-04  0.0000000e+00  0.0000000e+00  0.0000000e+00
  -1.6696405e-04 -4.1879967e-04]
 [ 2.6361479e-03  3.5814056e-04 -6.2474248e-04  1.5710323e-04
   7.5789180e-04  0.0000000e+00  0.0000000e+00  0.0000000e+00
  -5.4195157e-04 -2.1884164e-03]
 [ 3.3381917e-03  4.3624931e-04 -1.0684496e-03  2.4099372e-04
   8.8147825e-04  0.0000000e+00  0.0000000e+00  0.0000000e+00
  -5.4574682e-04 -6.0364616e-04]] 
Episode: 108: [[ 4.2485944e-03 -9.4210227e-05 -1.6836742e-03  9.2098012e-04
   3.7969658e-04  0.0000000e+00  0.0000000e+00  0.0000000e+00
  -1.6539928e-04 -4.1101011e-04]
 [ 2.6174770e-03  3.5853591e-04 -6.1651092e-04  1.6552795e-04
   7.6464016e-04  0.0000000e+00  0.0000000e+00  0.0000000e+00
  -5.4933212e-04 -2.2268877e-03]
 [ 3.3259636e-03  4.4232767e-04 -1.0645022e-03  2.4640633e-04
   8.8914059e-04  0.0000000e+00  0.0000000e+00  0.0000000e+00
  -5.5284158e-04 -5.8821164e-04]] 
