86.244118 66.400566 68.893684 57.477676 60.833870 0.000000 
91.482742 61.963322 69.787247 53.786774 42.781540 0.000000 
84.066612 58.917385 49.676964 51.879131 41.466816 0.000000 
87.991066 60.499313 56.889400 43.937187 43.627594 0.027976 
88.298988 70.481125 64.001114 53.703392 40.320358 0.000000 
86.394676 50.629105 50.775383 43.902153 45.469921 0.000000 
87.139435 58.571850 52.124878 40.119938 45.426311 0.019782 
85.037560 62.895977 50.807407 34.299961 39.385540 0.000000 
85.464539 61.978180 55.991749 36.993229 39.757961 0.027976 
81.348488 45.674129 53.343422 44.933769 42.183285 0.019782 
82.780785 60.747803 48.269100 43.614773 40.929993 0.000000 
84.475044 56.702061 57.540970 40.130447 40.217236 0.000000 
80.995697 50.307068 49.033657 49.383148 44.733364 0.027976 
84.724991 61.409748 61.034431 56.075413 45.265240 0.019782 
81.461922 67.952660 58.155766 49.974804 42.140499 0.000000 
89.777588 51.174049 48.792675 39.698189 44.270271 0.000000 
94.057205 65.279175 56.533989 48.573772 45.770969 0.000000 
84.356819 55.936569 54.996082 48.104797 43.946789 0.000000 
83.685089 57.591702 49.411591 36.947906 47.836815 0.019782 
85.715355 55.921497 51.676899 45.908802 36.919945 0.027976 
85.124817 54.808968 51.685226 51.729843 51.639008 0.000000 
80.677979 55.788773 45.787487 44.627674 46.416729 0.000000 
83.508606 65.915436 62.915737 52.442471 40.906322 0.019782 
83.702286 53.029381 46.496147 42.839390 40.135658 0.000000 
88.753723 67.336014 61.773994 59.401337 44.237621 0.000000 
90.626976 60.298233 50.010712 41.181297 34.008961 0.000000 
82.633919 57.915947 59.241837 50.683575 42.285473 0.000000 
82.388779 54.920464 55.138962 48.031937 48.028034 0.000000 
89.989220 65.861549 56.131241 55.591743 43.842087 0.000000 
82.867188 55.151688 60.627502 48.432476 47.183392 0.000000 
81.003723 44.138271 39.975243 37.748852 33.723698 0.000000 
85.833748 64.201767 53.308235 43.646862 49.010399 0.000000 
82.580070 48.227802 46.443245 40.180122 43.010899 0.000000 
88.248322 52.255005 49.310028 40.525478 38.341015 0.000000 
86.220398 58.964516 51.122753 49.031445 50.296806 0.000000 
82.096962 62.992264 51.114120 48.232838 46.062050 0.000000 
83.681549 54.786613 44.947758 42.258312 43.172230 0.000000 
86.389664 47.475910 42.299164 37.350555 39.172955 0.000000 
90.051018 58.133743 58.205906 32.149746 38.669655 0.027976 
83.712700 64.578934 50.612076 43.477207 32.745689 0.019782 
80.820114 60.902859 60.157326 55.726410 46.252251 0.000000 
86.134399 74.241966 54.067108 63.937931 50.642414 0.034264 
80.437134 64.864517 61.034500 53.348763 49.990459 0.000000 
85.822205 71.095093 64.841370 48.253986 42.720818 0.000000 
86.599701 71.546082 62.653374 50.218250 35.566547 0.000000 
88.357697 56.916481 50.548859 34.581623 36.339314 0.000000 
77.569267 62.471218 48.244720 45.509174 46.275570 0.019782 
82.551018 67.114418 66.543808 49.926495 49.251705 0.000000 
90.207077 53.010944 48.305210 37.918530 32.492897 0.000000 
88.659729 73.696831 63.686668 54.066746 45.959911 0.019782 
