89.122498 72.084190 69.471039 67.458641 60.820629 0.019782 
88.807800 73.183739 71.359596 80.583458 75.657539 0.000000 
76.739876 45.219856 47.137676 51.327332 53.241058 0.000000 
84.395905 62.822384 66.001465 61.385399 67.831871 0.000000 
82.828636 62.663857 71.906967 78.818451 70.617981 0.027976 
86.227798 70.634315 68.887444 72.897614 58.460857 0.000000 
84.244896 63.478504 72.221786 73.960915 76.364166 0.000000 
83.314217 66.743652 50.746082 57.664352 60.086895 0.000000 
84.532661 62.138103 68.390411 74.995224 59.060226 0.000000 
82.401779 42.844463 53.537647 63.267677 57.916843 0.000000 
90.018997 86.765594 80.079636 78.487137 74.133499 0.000000 
79.139755 53.129261 57.427067 64.637169 60.469891 0.000000 
87.116745 56.367004 45.410698 54.016483 56.916256 0.000000 
91.379463 67.687294 73.804474 73.932541 60.789249 0.000000 
83.870155 62.420086 70.723717 68.962349 58.924381 0.000000 
81.297394 54.582115 56.050739 62.723282 57.434937 0.000000 
85.629860 59.976776 49.025311 53.133553 50.788754 0.000000 
86.495987 90.264214 86.037521 85.150566 66.787712 0.027976 
84.356041 71.789223 78.614578 73.152657 72.770775 0.000000 
90.360023 95.077461 93.904839 97.817055 77.705917 0.027976 
87.828941 79.698196 85.444160 90.628082 62.523945 0.000000 
80.035332 46.905109 60.177094 69.876778 60.605125 0.000000 
85.662987 64.816536 58.985046 61.666725 68.380157 0.027976 
87.079353 59.889637 64.287811 64.457779 55.725853 0.000000 
81.826653 61.437508 61.113937 67.056114 63.362461 0.019782 
85.764778 55.557484 54.900604 71.102119 64.842323 0.019782 
78.369598 51.329254 52.916039 58.781559 60.635956 0.019782 
82.744896 55.827293 54.089752 53.775188 55.403313 0.000000 
81.961754 65.731483 66.353714 71.346443 64.188004 0.000000 
88.765198 69.378510 72.798752 67.257225 53.735687 0.027976 
86.853065 61.899586 62.968876 65.124969 53.238861 0.000000 
82.489189 64.299477 70.648750 70.837791 72.828651 0.000000 
83.297096 63.746010 64.302002 73.946640 62.340298 0.019782 
91.810577 85.787186 82.572807 77.098282 65.702332 0.000000 
80.090660 55.294781 60.362881 62.963963 67.744896 0.000000 
87.818245 80.209213 79.137657 88.942101 64.332542 0.019782 
90.247719 66.192360 67.548302 70.540016 62.265366 0.000000 
85.911346 69.875275 79.411606 84.936668 67.998749 0.000000 
85.165306 87.843269 87.555374 85.700493 70.063736 0.027976 
81.505997 46.211403 55.469913 64.774788 59.500500 0.000000 
78.549782 64.363914 62.318897 71.050987 66.359642 0.027976 
78.108994 51.686867 51.812576 57.977776 58.746922 0.019782 
86.683212 78.954056 80.230858 66.710831 69.187790 0.000000 
84.986549 54.827244 46.764771 54.345982 57.355076 0.019782 
88.521194 79.640564 84.815254 78.530403 63.068390 0.000000 
87.802849 76.870239 78.371277 76.676003 66.370308 0.000000 
84.657173 64.667503 61.037239 68.807037 55.854397 0.000000 
86.659737 79.767792 80.945061 75.668907 63.293522 0.000000 
84.103371 52.412857 52.969601 61.020660 56.404194 0.000000 
86.320412 73.614212 70.993568 68.021194 64.503990 0.000000 
