90.555107 73.251907 77.987091 82.999870 82.861710 0.027976 
93.039230 78.379929 86.915817 91.968773 91.860184 0.000000 
90.543571 82.597992 85.036430 85.520996 83.814957 0.019782 
89.656761 83.792908 86.488060 88.223000 88.447868 0.000000 
84.426781 69.930161 72.303734 74.747673 79.244232 0.000000 
87.129623 76.368187 76.906677 78.933479 81.243881 0.019782 
87.875679 78.713463 87.054497 88.587021 86.978638 0.000000 
92.676941 92.819038 93.729820 93.570709 92.637817 0.027976 
96.720917 100.290535 102.974251 104.790031 103.480927 0.027976 
96.337616 69.694344 77.279266 86.147194 92.807175 0.000000 
92.251053 90.458374 92.447395 90.520233 91.024490 0.000000 
92.325233 90.775139 92.045700 93.655724 97.434303 0.019782 
91.288055 75.044464 86.519768 89.262444 94.038773 0.019782 
89.959625 46.519451 52.014526 56.267250 65.167267 0.000000 
89.733429 72.048332 78.195351 84.121872 86.688789 0.000000 
95.893097 84.339851 92.396095 96.137596 95.151779 0.000000 
88.938309 76.351456 79.719627 87.865631 89.685806 0.000000 
91.460205 68.190750 65.432671 67.366341 69.660095 0.000000 
87.370560 78.107788 85.095894 85.659569 88.496040 0.000000 
93.825272 59.400269 66.171402 76.069687 82.976089 0.000000 
