0.461326 
1.220721 
1.085125 
0.974652 
0.828635 
0.541487 
1.091066 
0.833982 
0.975021 
0.991571 
1.015025 
0.319211 
0.683227 
0.735423 
0.374837 
0.645831 
0.545610 
0.654031 
0.794141 
0.784792 
0.732090 
0.937684 
0.714059 
1.138714 
0.884026 
0.531304 
0.851666 
0.503868 
0.923808 
0.597214 
1.160066 
1.073462 
0.890047 
0.895634 
0.685094 
0.846772 
0.710676 
0.892558 
0.754728 
0.765662 
0.678271 
0.667988 
0.325534 
0.676373 
0.870380 
0.233930 
0.768241 
0.608438 
0.719648 
0.518373 
