22126.472656 1363.049072 922.316772 1026.781128 182703.515625 
21314.925781 1920.935913 1436.848267 1612.453003 153154.968750 
20507.144531 1560.409180 1027.075806 1150.166992 153264.000000 
19431.984375 1532.729248 922.958923 966.463257 160229.484375 
20347.166016 1578.665649 1041.238647 1020.723206 173845.000000 
15527.815430 1231.801514 714.062561 615.288208 108188.070312 
15762.971680 1239.882935 890.507019 1027.686646 125163.335938 
21623.263672 1469.364502 1125.496704 1062.588013 128740.734375 
21825.306641 1484.169556 1219.483276 1123.292725 207420.140625 
17673.968750 1562.876587 907.468750 1022.957520 122512.476562 
21487.392578 1717.174561 918.459167 1063.460205 149641.359375 
18956.599609 1284.904541 1000.188293 1368.774780 148735.375000 
21212.689453 1409.526367 956.717529 978.663757 100196.343750 
21564.470703 1685.877319 1007.229126 1181.977905 143512.328125 
18782.255859 1516.465210 935.408691 933.592163 143018.625000 
15712.541992 1128.011353 935.092529 756.855286 150595.578125 
20775.138672 1646.305908 1060.307983 1151.625977 120841.632812 
33162.796875 1794.679565 1477.603027 1735.079834 136168.515625 
16989.748047 1175.719116 814.792725 720.411194 118558.265625 
17591.617188 1604.778076 1358.920288 1457.727539 171081.406250 
