Episode: 501: [[0.00687559 0.00737699 0.00729327 0.0061018  0.00380096]
 [0.00736339 0.00781154 0.00773857 0.00651747 0.00410681]
 [0.00789925 0.00814566 0.00792823 0.00660549 0.00409403]
 [0.00723531 0.00725306 0.0068468  0.00540081 0.0030174 ]
 [0.00489778 0.00479718 0.00432866 0.00305103 0.00126396]] 
Episode: 502: [[0.0068857  0.00738734 0.00730236 0.00610693 0.00380151]
 [0.00737248 0.00782173 0.0077485  0.00652379 0.00410828]
 [0.00790865 0.00815617 0.00793887 0.00661267 0.00409618]
 [0.00724344 0.00726163 0.0068549  0.00540557 0.00301789]
 [0.00490149 0.00480092 0.00433176 0.00305177 0.00126221]] 
Episode: 503: [[0.00689747 0.00739956 0.00731343 0.00611401 0.00380376]
 [0.00738361 0.00783408 0.0077606  0.00653218 0.00411155]
 [0.00792023 0.00816896 0.00795181 0.00662206 0.00410022]
 [0.00725361 0.00727236 0.00686521 0.00541245 0.00302018]
 [0.00490676 0.00480633 0.00433658 0.00305414 0.00126181]] 
Episode: 504: [[0.00691195 0.00741459 0.00732732 0.00612364 0.00380804]
 [0.00739762 0.00784937 0.0077756  0.00654317 0.0041169 ]
 [0.00793472 0.00818472 0.00796763 0.00663404 0.00410634]
 [0.00726634 0.0072857  0.0068781  0.00542168 0.00302433]
 [0.00491395 0.0048137  0.00434335 0.00305828 0.00126281]] 
Episode: 505: [[0.00692834 0.00743155 0.00734325 0.00613532 0.0038141 ]
 [0.00741368 0.00786673 0.00779272 0.00655627 0.00412407]
 [0.00795127 0.00820255 0.00798558 0.00664814 0.00411428]
 [0.00728097 0.00730099 0.00689302 0.00543291 0.00303018]
 [0.00492263 0.00482261 0.00435175 0.003064   0.00126512]] 
Episode: 506: [[0.00695215 0.00745598 0.00736654 0.00615322 0.00382462]
 [0.00743776 0.00789224 0.00781782 0.00657607 0.00413602]
 [0.00797622 0.00822883 0.00801159 0.00666896 0.00412698]
 [0.00730261 0.00732331 0.00691461 0.00544962 0.00303985]
 [0.00493598 0.0048362  0.00436457 0.00307332 0.00126994]] 
Episode: 507: [[0.00697553 0.00748001 0.0073894  0.00617094 0.00383519]
 [0.00746127 0.00791717 0.00784242 0.00659565 0.004148  ]
 [0.0080005  0.00825454 0.00803714 0.00668959 0.00413975]
 [0.00732381 0.00734526 0.00693595 0.00546633 0.00304973]
 [0.00494914 0.00484966 0.00437735 0.00308277 0.001275  ]] 
Episode: 508: [[0.00700432 0.00750914 0.00741689 0.00619255 0.00384867]
 [0.00748989 0.00794717 0.00787169 0.00661914 0.0041629 ]
 [0.00802938 0.00828503 0.00806723 0.00671406 0.00415537]
 [0.00734885 0.00737121 0.00696116 0.00548632 0.00306203]
 [0.00496498 0.00486593 0.00439287 0.00309454 0.00128176]] 
Episode: 509: [[0.00703418 0.00753963 0.00744598 0.00621567 0.00386336]
 [0.00752032 0.00797893 0.00790273 0.00664424 0.00417907]
 [0.00806026 0.00831732 0.00809905 0.00674012 0.00417225]
 [0.00737554 0.0073987  0.00698787 0.00550769 0.00307541]
 [0.00498199 0.00488331 0.00440948 0.0031073  0.0012893 ]] 
Episode: 510: [[0.00707215 0.00757873 0.00748299 0.00624563 0.00388318]
 [0.00755742 0.00801799 0.00794112 0.00667596 0.00420032]
 [0.00809644 0.00835607 0.00813789 0.00677275 0.00419421]
 [0.00740746 0.00743227 0.00702112 0.00553512 0.00309338]
 [0.0050031  0.00490531 0.00443098 0.0031245  0.00130011]] 
Episode: 511: [[0.00710929 0.00761682 0.00751918 0.00627528 0.00390301]
 [0.00759382 0.00805617 0.00797865 0.00670728 0.00422148]
 [0.00813207 0.00839402 0.00817586 0.00680489 0.00421602]
 [0.00743888 0.0074652  0.00705374 0.00556225 0.00311133]
 [0.005024   0.00492705 0.00445224 0.00314166 0.00131104]] 
Episode: 512: [[0.0071471  0.00765484 0.00755494 0.00630441 0.0039225 ]
 [0.00763009 0.00809403 0.00801565 0.00673801 0.00424226]
 [0.00816724 0.00843156 0.00821325 0.00683645 0.00423746]
 [0.00746981 0.00749769 0.00708584 0.00558891 0.00312901]
 [0.00504461 0.00494852 0.0044732  0.00315858 0.00132186]] 
Episode: 513: [[0.0071837  0.0076917  0.00759004 0.00633325 0.00394192]
 [0.00766527 0.008131   0.00805205 0.00676843 0.00426295]
 [0.00820193 0.00846853 0.00825016 0.00686771 0.00425881]
 [0.00750045 0.00752981 0.0071176  0.0056154  0.00314667]
 [0.00506508 0.00496982 0.00449403 0.00317548 0.00133275]] 
Episode: 514: [[0.00722218 0.00773087 0.00762724 0.0063636  0.00396226]
 [0.00770308 0.0081706  0.00809079 0.00680051 0.00428464]
 [0.00823924 0.00850807 0.00828932 0.0069005  0.00428105]
 [0.00753298 0.00756375 0.0071509  0.00564285 0.00316486]
 [0.00508665 0.00499217 0.00451573 0.0031929  0.00134393]] 
Episode: 515: [[0.00726296 0.00777197 0.0076663  0.00639505 0.00398304]
 [0.00774262 0.00821208 0.0081314  0.0068338  0.00430686]
 [0.00827816 0.00854947 0.00833036 0.00693457 0.00430389]
 [0.00756684 0.00759914 0.00718557 0.00567109 0.00318337]
 [0.00510888 0.00501522 0.00453803 0.00321058 0.00135515]] 
Episode: 516: [[0.00730198 0.00781163 0.00770438 0.00642564 0.00400319]
 [0.00778057 0.00825226 0.00817103 0.00686616 0.0043284 ]
 [0.00831608 0.0085899  0.0083705  0.00696769 0.00432602]
 [0.00759991 0.00763369 0.00721937 0.00569844 0.00320123]
 [0.00513054 0.00503767 0.00455972 0.00322764 0.00136594]] 
Episode: 517: [[0.00734666 0.00785716 0.00774852 0.00646145 0.00402701]
 [0.00782446 0.00829854 0.00821697 0.00690396 0.00435374]
 [0.00836029 0.00863662 0.00841693 0.00700615 0.00435185]
 [0.00763832 0.00767357 0.00725836 0.00573008 0.003222  ]
 [0.00515575 0.00506365 0.00458481 0.00324748 0.0013786 ]] 
Episode: 518: [[0.00738985 0.00790106 0.00779091 0.00649551 0.00404949]
 [0.00786698 0.00834334 0.00826143 0.00694025 0.00437792]
 [0.00840368 0.00868246 0.0084624  0.00704348 0.00437674]
 [0.00767603 0.00771265 0.00729644 0.00576067 0.00324195]
 [0.00518024 0.00508886 0.00460905 0.00326645 0.00139063]] 
Episode: 519: [[0.00743255 0.00794477 0.00783309 0.00652946 0.00407208]
 [0.00790923 0.00838769 0.0083054  0.00697616 0.00440199]
 [0.00844634 0.00872756 0.00850719 0.00708034 0.00440149]
 [0.00771316 0.00775123 0.00733411 0.00579108 0.00326195]
 [0.00520457 0.00511396 0.00463329 0.00328555 0.00140286]] 
Episode: 520: [[0.007479   0.00799172 0.00787922 0.00656707 0.00409727]
 [0.00795464 0.00843546 0.00835337 0.00701581 0.00442873]
 [0.00849235 0.00877608 0.00855574 0.00712075 0.00442878]
 [0.00775329 0.00779285 0.00737504 0.00582448 0.00328405]
 [0.00523097 0.00514116 0.00465972 0.00330662 0.00141646]] 
Episode: 521: [[0.00752816 0.00804068 0.00792696 0.00660598 0.00412338]
 [0.00800174 0.00848474 0.00840274 0.00705668 0.00445636]
 [0.00853966 0.00882596 0.00860556 0.00716222 0.00445681]
 [0.00779441 0.0078355  0.0074169  0.00585859 0.00330663]
 [0.00525799 0.005169   0.00468672 0.0033281  0.00143034]] 
Episode: 522: [[0.00757399 0.00808611 0.00797123 0.00664199 0.00414745]
 [0.00804511 0.0085302  0.00844842 0.00709448 0.00448182]
 [0.00858315 0.00887199 0.00865166 0.00720058 0.00448267]
 [0.0078323  0.00787489 0.00745562 0.00589011 0.00332743]
 [0.00528286 0.00519468 0.00471164 0.0033479  0.0014431 ]] 
Episode: 523: [[0.00761345 0.00812507 0.00800915 0.00667231 0.00416717]
 [0.00808241 0.0085693  0.00848767 0.0071265  0.00450288]
 [0.00862084 0.0089118  0.00869146 0.00723328 0.00450425]
 [0.00786509 0.00790888 0.00748888 0.00591677 0.00334464]
 [0.00530413 0.00521655 0.00473272 0.00336434 0.00145342]] 
Episode: 524: [[0.0076534  0.00816392 0.00804624 0.00670162 0.00418603]
 [0.00811936 0.00860783 0.00852594 0.00715743 0.004523  ]
 [0.00865762 0.00895084 0.00873024 0.00726492 0.00452496]
 [0.00789695 0.00794205 0.00752119 0.00594252 0.00336114]
 [0.00532472 0.00523781 0.00475313 0.00338015 0.00146327]] 
Episode: 525: [[0.0077002  0.0082095  0.00808916 0.00673546 0.0042079 ]
 [0.00816384 0.00865354 0.00857047 0.00719322 0.00454636]
 [0.00870171 0.00899691 0.00877516 0.00730124 0.00454875]
 [0.00793428 0.00798049 0.00755811 0.00597171 0.00337986]
 [0.00534857 0.00526221 0.00477628 0.00339797 0.0014744 ]] 
Episode: 526: [[0.00774598 0.00825437 0.00813146 0.0067685  0.00422905]
 [0.00820844 0.00869916 0.00861457 0.00722828 0.00456906]
 [0.00874619 0.00904291 0.00881971 0.00733692 0.00457195]
 [0.00797166 0.00801868 0.00759458 0.00600026 0.00339803]
 [0.00537228 0.0052863  0.00479898 0.00341527 0.00148512]] 
Episode: 527: [[0.007793   0.00830107 0.00817612 0.00680365 0.00425179]
 [0.00825498 0.00874687 0.00866106 0.00726546 0.00459336]
 [0.00879295 0.0090911  0.00886661 0.0073747  0.00459673]
 [0.00801107 0.00805885 0.00763311 0.00603066 0.00341757]
 [0.00539739 0.00531177 0.00482312 0.00343383 0.00149676]] 
Episode: 528: [[0.00782876 0.00833628 0.00820963 0.00682941 0.00426786]
 [0.00828901 0.00878209 0.00869551 0.00729243 0.00461034]
 [0.00882815 0.00912757 0.00890204 0.00740263 0.00461446]
 [0.00804127 0.00808961 0.00766239 0.00605319 0.0034316 ]
 [0.00541669 0.00533129 0.00484144 0.00344754 0.00150506]] 
Episode: 529: [[0.00785751 0.00836424 0.00823545 0.0068482  0.00427887]
 [0.00831589 0.00880991 0.00872223 0.0073124  0.00462224]
 [0.00885609 0.00915663 0.00892988 0.0074237  0.00462722]
 [0.00806505 0.00811381 0.00768501 0.00606979 0.0034414 ]
 [0.0054315  0.00534622 0.00485512 0.00345721 0.00151056]] 
Episode: 530: [[0.00788725 0.00839467 0.00826448 0.00686981 0.00429183]
 [0.00834594 0.00884129 0.00875268 0.00733548 0.00463627]
 [0.00888799 0.00918951 0.00896149 0.00744786 0.00464207]
 [0.00809207 0.00814114 0.00771065 0.00608882 0.00345283]
 [0.00544832 0.00536309 0.00487068 0.00346837 0.00151703]] 
Episode: 531: [[0.00791713 0.00842538 0.00829369 0.00689153 0.0043049 ]
 [0.00837642 0.00887309 0.0087834  0.0073587  0.00465042]
 [0.00892025 0.00922265 0.00899324 0.00747205 0.00465697]
 [0.00811917 0.00816848 0.00773624 0.0061078  0.00346426]
 [0.00546512 0.00537993 0.00488619 0.0034795  0.00152353]] 
Episode: 532: [[0.00793829 0.00844669 0.00831367 0.00690511 0.00431186]
 [0.00839756 0.00889524 0.00880473 0.00737362 0.0046583 ]
 [0.00894379 0.00924671 0.00901602 0.00748821 0.00466578]
 [0.0081389  0.00818813 0.00775415 0.00611986 0.0034705 ]
 [0.00547677 0.00539136 0.00489629 0.00348582 0.00152649]] 
Episode: 533: [[0.00795349 0.00846198 0.00832747 0.00691324 0.00431488]
 [0.00841251 0.00891116 0.00881977 0.00738299 0.00466217]
 [0.00896096 0.00926445 0.00903261 0.00749896 0.00467071]
 [0.00815324 0.00820241 0.00776681 0.00612741 0.00347357]
 [0.0054848  0.00539918 0.00490287 0.00348916 0.0015274 ]] 
Episode: 534: [[0.00796871 0.00847748 0.0083418  0.00692224 0.00431868]
 [0.00842788 0.00892731 0.00883515 0.00739305 0.0046667 ]
 [0.00897866 0.00928239 0.00904934 0.00751021 0.00467617]
 [0.00816802 0.00821694 0.00777976 0.00613548 0.00347713]
 [0.00549325 0.00540733 0.0049098  0.00349296 0.0015287 ]] 
Episode: 535: [[0.00798206 0.00849051 0.00835304 0.0069283  0.00432033]
 [0.00844052 0.00894039 0.00884719 0.00740004 0.00466902]
 [0.00899291 0.00929693 0.00906269 0.00751843 0.00467945]
 [0.00817978 0.00822851 0.00778978 0.00614095 0.00347887]
 [0.00549963 0.00541342 0.00491471 0.003495   0.00152881]] 
Episode: 536: [[0.00800432 0.00851296 0.00837367 0.00694265 0.00432798]
 [0.00846256 0.00896313 0.00886871 0.00741538 0.00467738]
 [0.00901612 0.00932068 0.0090851  0.00753458 0.00468844]
 [0.008199   0.00824775 0.00780737 0.00615299 0.00348525]
 [0.00551105 0.00542472 0.00492474 0.00350142 0.00153194]] 
Episode: 537: [[0.00801437 0.00852168 0.00838017 0.00694453 0.0043267 ]
 [0.00847174 0.00897195 0.00887581 0.00741785 0.00467647]
 [0.00902633 0.00933061 0.00909325 0.00753796 0.00468825]
 [0.00820667 0.0082549  0.00781262 0.00615417 0.00348398]
 [0.00551461 0.00542782 0.0049265  0.00350071 0.00153015]] 
Episode: 538: [[0.00801154 0.00851492 0.00837125 0.00693354 0.00431654]
 [0.00846583 0.00896498 0.00886769 0.00740758 0.00466677]
 [0.00902229 0.00932636 0.00908745 0.00752956 0.00467998]
 [0.00820281 0.00825054 0.00780657 0.006146   0.00347645]
 [0.00551055 0.0054233  0.00492081 0.00349396 0.0015244 ]] 
Episode: 539: [[0.0080151  0.00851586 0.00836995 0.00692884 0.00431076]
 [0.00846752 0.00896608 0.00886732 0.0074037  0.00466152]
 [0.00902589 0.0093298  0.00908902 0.00752726 0.00467595]
 [0.00820519 0.00825243 0.00780651 0.00614273 0.00347225]
 [0.00551055 0.00542286 0.00491902 0.00349033 0.00152073]] 
Episode: 540: [[0.00802053 0.00851912 0.00837076 0.00692571 0.0043061 ]
 [0.00847113 0.00896928 0.00886893 0.00740137 0.00465741]
 [0.00903079 0.00933478 0.00909233 0.00752641 0.00467297]
 [0.00820864 0.00825556 0.00780784 0.00614062 0.0034689 ]
 [0.00551129 0.00542326 0.00491817 0.0034875  0.00151764]] 
Episode: 541: [[0.00802704 0.00852547 0.00837633 0.00692684 0.0043044 ]
 [0.00847761 0.0089763  0.0088755  0.00740346 0.00465634]
 [0.00903932 0.00934337 0.00909995 0.00752945 0.0046727 ]
 [0.00821513 0.00826167 0.00781252 0.00614148 0.0034676 ]
 [0.00551404 0.00542562 0.00491948 0.00348657 0.00151585]] 
Episode: 542: [[0.00803404 0.00853313 0.00838337 0.00692917 0.00430353]
 [0.00848555 0.00898466 0.00888345 0.00740674 0.00465612]
 [0.00904879 0.00935277 0.00910856 0.00753346 0.00467312]
 [0.00822226 0.00826837 0.00781794 0.00614302 0.00346677]
 [0.00551714 0.00542832 0.00492119 0.00348601 0.00151433]] 
Episode: 543: [[0.00803779 0.00853758 0.00838718 0.00692887 0.0043009 ]
 [0.00849028 0.0089898  0.00888819 0.00740737 0.00465412]
 [0.00905511 0.00935904 0.00911411 0.0075349  0.0046718 ]
 [0.00822678 0.00827247 0.00782081 0.00614247 0.00346456]
 [0.00551853 0.0054293  0.00492126 0.00348412 0.00151193]] 
Episode: 544: [[0.00804153 0.00854188 0.00839036 0.00692766 0.00429757]
 [0.00849444 0.00899439 0.00889214 0.00740705 0.00465141]
 [0.00906044 0.00936456 0.00911889 0.00753554 0.00466991]
 [0.00823052 0.00827597 0.00782312 0.00614136 0.00346196]
 [0.00551941 0.00542988 0.00492093 0.00348186 0.00150929]] 
Episode: 545: [[0.00804495 0.00854617 0.00839359 0.00692669 0.00429453]
 [0.00849894 0.00899928 0.0088964  0.00740717 0.00464914]
 [0.0090664  0.00937071 0.00912435 0.00753694 0.00466867]
 [0.00823503 0.00828027 0.00782629 0.00614113 0.00346006]
 [0.00552085 0.00543105 0.00492125 0.00348024 0.00150714]] 
Episode: 546: [[0.00804487 0.00854712 0.00839328 0.00692249 0.00428908]
 [0.0084984  0.00899974 0.00889683 0.00740404 0.00464446]
 [0.00906693 0.00937241 0.00912636 0.00753544 0.00466529]
 [0.00823564 0.00828126 0.00782675 0.00613859 0.00345648]
 [0.00551974 0.00542999 0.00491969 0.00347703 0.00150385]] 
Episode: 547: [[0.00804183 0.00854516 0.00839002 0.00691565 0.00428172]
 [0.00849502 0.0089974  0.00889437 0.00739826 0.00463787]
 [0.00906488 0.0093715  0.00912559 0.00753136 0.00466005]
 [0.00823397 0.00827994 0.00782474 0.0061338  0.00345133]
 [0.00551702 0.00542729 0.0049164  0.00347229 0.00149953]] 
Episode: 548: [[0.00803863 0.00854296 0.00838654 0.00690876 0.00427438]
 [0.00849172 0.00899488 0.00889158 0.00739231 0.0046312 ]
 [0.00906292 0.0093704  0.00912447 0.00752703 0.00465467]
 [0.00823233 0.00827847 0.0078225  0.00612885 0.00344608]
 [0.00551443 0.00542463 0.00491309 0.00346755 0.00149522]] 
Episode: 549: [[0.00801871 0.00852351 0.00836512 0.00688577 0.00425518]
 [0.00847112 0.00897445 0.00887047 0.00736998 0.00461245]
 [0.0090437  0.0093517  0.00910568 0.00750696 0.00463769]
 [0.00821607 0.00826208 0.00780531 0.00611064 0.00343123]
 [0.00550179 0.00541168 0.0048995  0.00345383 0.00148453]] 
Episode: 550: [[0.00800498 0.0085095  0.00834906 0.00686737 0.00423924]
 [0.00845581 0.00895942 0.00885476 0.00735228 0.00459699]
 [0.00902969 0.00933836 0.00909208 0.00749126 0.00462382]
 [0.00820405 0.00825001 0.00779226 0.00609592 0.00341883]
 [0.00549194 0.00540157 0.00488863 0.00344238 0.00147542]] 
Episode: 551: [[0.00799748 0.00850128 0.00833853 0.00685385 0.00422687]
 [0.00844627 0.00895015 0.00884461 0.00733951 0.00458516]
 [0.0090209  0.00933037 0.0090837  0.00748022 0.00461337]
 [0.00819628 0.00824234 0.00778354 0.00608503 0.0034092 ]
 [0.00548494 0.00539441 0.00488067 0.00343346 0.00146811]] 
Episode: 552: [[0.00798439 0.00848702 0.00832208 0.00683522 0.00421072]
 [0.00843087 0.008935   0.00882877 0.00732178 0.00456963]
 [0.00900694 0.00931717 0.00907015 0.00746462 0.0045995 ]
 [0.00818434 0.0082304  0.00777059 0.00607039 0.00339677]
 [0.00547506 0.0053843  0.00486977 0.00342197 0.0014589 ]] 
Episode: 553: [[0.00797042 0.00847245 0.00830581 0.00681716 0.00419517]
 [0.00841538 0.00891992 0.00881327 0.00730472 0.00455478]
 [0.00899351 0.00930448 0.00905721 0.00744986 0.00458641]
 [0.00817314 0.00821919 0.00775844 0.00605668 0.00338511]
 [0.00546578 0.00537479 0.00485952 0.00341116 0.00145024]] 
Episode: 554: [[0.00796088 0.00846342 0.00829522 0.00680383 0.00418291]
 [0.00840479 0.00891017 0.00880325 0.00729237 0.00454322]
 [0.0089844  0.0092965  0.00904929 0.00743947 0.00457638]
 [0.00816557 0.00821189 0.00775035 0.00604643 0.00337586]
 [0.00545893 0.00536788 0.00485193 0.00340259 0.00144312]] 
Episode: 555: [[0.00795972 0.00846299 0.00829292 0.00679775 0.00417586]
 [0.00840313 0.00890925 0.0088016  0.00728727 0.0045369 ]
 [0.00898377 0.00929689 0.00904928 0.00743595 0.00457131]
 [0.00816485 0.00821143 0.00774886 0.00604193 0.00337068]
 [0.00545672 0.00536563 0.00484884 0.00339788 0.00143866]] 
Episode: 556: [[0.00796275 0.00846718 0.00829561 0.00679619 0.00417214]
 [0.00840635 0.00891335 0.00880509 0.00728675 0.00453393]
 [0.00898821 0.00930223 0.00905414 0.00743674 0.00456937]
 [0.0081683  0.00821506 0.00775138 0.00604094 0.003368  ]
 [0.00545734 0.00536616 0.0048485  0.00339552 0.00143584]] 
Episode: 557: [[0.00795813 0.00846343 0.00829017 0.0067874  0.00416313]
 [0.00840201 0.00890945 0.00880036 0.00727891 0.0045256 ]
 [0.00898518 0.0092997  0.00905101 0.00743041 0.00456222]
 [0.00816527 0.00821192 0.00774708 0.00603391 0.00336097]
 [0.00545344 0.005362   0.00484342 0.00338904 0.00143011]] 
Episode: 558: [[0.00795595 0.0084605  0.00828507 0.00677875 0.00415422]
 [0.00839897 0.00890636 0.00879598 0.00727122 0.00451737]
 [0.00898318 0.00929796 0.00904825 0.00742426 0.0045552 ]
 [0.00816288 0.00820931 0.00774304 0.00602702 0.00335404]
 [0.00544994 0.00535817 0.00483854 0.00338268 0.00142447]] 
Episode: 559: [[0.00795113 0.00845583 0.00827896 0.00676956 0.00414506]
 [0.00839378 0.00890141 0.00879043 0.0072629  0.00450883]
 [0.00897919 0.00929424 0.00904417 0.00741737 0.00454779]
 [0.00815909 0.0082053  0.00773805 0.00601961 0.00334688]
 [0.00544566 0.00535357 0.00483314 0.00337608 0.00141875]] 
Episode: 560: [[0.00795099 0.0084562  0.00827715 0.00676374 0.00413828]
 [0.00839339 0.00890123 0.00878908 0.00725792 0.00450268]
 [0.00897877 0.0092944  0.00904388 0.00741364 0.00454268]
 [0.00815813 0.00820441 0.00773621 0.00601489 0.00334165]
 [0.00544334 0.00535111 0.00482992 0.00337131 0.00141433]] 
Episode: 561: [[0.00795639 0.00846272 0.00828142 0.00676316 0.00413524]
 [0.00839907 0.00890737 0.00879389 0.00725822 0.0045003 ]
 [0.00898414 0.00930057 0.00904953 0.00741502 0.0045412 ]
 [0.00816204 0.00820857 0.00773936 0.00601442 0.00333938]
 [0.00544432 0.00535208 0.00483008 0.00336938 0.00141183]] 
Episode: 562: [[0.00796942 0.00847658 0.00829278 0.00676845 0.00413625]
 [0.00841178 0.00892092 0.008806   0.00726452 0.00450206]
 [0.0089968  0.00931443 0.00906248 0.00742224 0.00454367]
 [0.00817196 0.00821891 0.00774829 0.00601847 0.00334012]
 [0.00544918 0.00535702 0.00483394 0.00337031 0.00141121]] 
Episode: 563: [[0.00798583 0.00849364 0.0083074  0.00677666 0.00413943]
 [0.00842829 0.00893802 0.00882136 0.00727367 0.00450592]
 [0.00901334 0.00933175 0.00907847 0.00743208 0.00454808]
 [0.00818491 0.00823204 0.00775974 0.00602469 0.00334242]
 [0.00545609 0.00536388 0.00483956 0.00337272 0.00141162]] 
Episode: 564: [[0.00799413 0.00850031 0.00831163 0.00677569 0.00413578]
 [0.00843471 0.00894442 0.00882641 0.00727373 0.00450301]
 [0.00901996 0.00933887 0.00908457 0.00743319 0.00454599]
 [0.00818947 0.00823655 0.00776272 0.00602342 0.00333922]
 [0.00545709 0.00536467 0.00483918 0.00336989 0.0014083 ]] 
Episode: 565: [[0.00800243 0.0085067  0.00831512 0.006774   0.00413159]
 [0.00844056 0.00895024 0.00883047 0.00727286 0.0044994 ]
 [0.00902592 0.00934544 0.00908973 0.00743343 0.00454325]
 [0.00819352 0.00824062 0.00776505 0.00602157 0.00333561]
 [0.0054579  0.00536528 0.00483851 0.00336681 0.00140478]] 
Episode: 566: [[0.00801901 0.0085227  0.00832833 0.00678066 0.00413329]
 [0.00845509 0.00896545 0.00884421 0.00728048 0.00450186]
 [0.00904032 0.00936091 0.00910407 0.00744183 0.00454636]
 [0.0082048  0.00825221 0.00777508 0.00602647 0.00333674]
 [0.00546355 0.00537093 0.00484294 0.00336809 0.00140426]] 
Episode: 567: [[0.0080292  0.00853225 0.0083352  0.00678195 0.00413115]
 [0.00846341 0.00897425 0.00885162 0.00728271 0.00450045]
 [0.00904893 0.00937036 0.00911241 0.00744505 0.00454575]
 [0.00821126 0.00825879 0.00778012 0.00602709 0.00333484]
 [0.00546592 0.00537316 0.00484397 0.00336651 0.00140175]] 
Episode: 568: [[0.00805089 0.00855293 0.00835265 0.00679207 0.00413517]
 [0.00848335 0.00899453 0.00886989 0.00729396 0.00450532]
 [0.00906878 0.009391   0.00913122 0.00745694 0.00455115]
 [0.00822668 0.00827433 0.00779358 0.00603463 0.00333765]
 [0.00547413 0.00538126 0.00485053 0.0033694  0.00140222]] 
Episode: 569: [[0.00806579 0.00856622 0.00836245 0.00679577 0.00413464]
 [0.0084958  0.00900682 0.00888024 0.00729859 0.00450548]
 [0.00908114 0.00940396 0.00914242 0.0074623  0.00455185]
 [0.00823582 0.00828343 0.00780059 0.00603661 0.00333651]
 [0.00547812 0.00538501 0.00485274 0.00336859 0.00140012]] 
Episode: 570: [[0.00807402 0.00857296 0.00836544 0.00679334 0.00412952]
 [0.00850126 0.00901177 0.00888295 0.0072964  0.00450056]
 [0.0090859  0.00940915 0.00914598 0.00746094 0.00454759]
 [0.00823873 0.00828624 0.00780145 0.00603322 0.00333144]
 [0.00547811 0.00538471 0.00485099 0.00336435 0.00139554]] 
Episode: 571: [[0.00808253 0.00858066 0.0083693  0.0067917  0.00412517]
 [0.00850726 0.0090175  0.00888645 0.00729498 0.00449638]
 [0.00909082 0.00941477 0.00915022 0.00746033 0.00454407]
 [0.00824195 0.00828956 0.00780304 0.00603067 0.00332714]
 [0.00547852 0.00538498 0.00484994 0.00336087 0.0013916 ]] 
Episode: 572: [[0.00808385 0.00857977 0.00836374 0.00678109 0.00411387]
 [0.00850466 0.00901396 0.00888036 0.0072846  0.00448527]
 [0.0090864  0.00941103 0.00914526 0.0074513  0.00453407]
 [0.00823724 0.00828496 0.00779678 0.00602096 0.00331746]
 [0.00547329 0.00537956 0.00484325 0.00335233 0.00138397]] 
Episode: 573: [[0.0080833  0.00857717 0.00835657 0.00676928 0.0041019 ]
 [0.0085006  0.00900875 0.00887254 0.00727285 0.00447335]
 [0.00908025 0.0094054  0.00913845 0.00744083 0.00452321]
 [0.00823103 0.00827881 0.00778909 0.00601022 0.00330722]
 [0.00546721 0.00537329 0.0048358  0.00334331 0.00137611]] 
Episode: 574: [[0.00807879 0.00856949 0.00834421 0.00675286 0.00408671]
 [0.00849234 0.00899874 0.00885969 0.0072565  0.00445813]
 [0.00907034 0.00939548 0.00912705 0.00742603 0.00450922]
 [0.00822153 0.00826899 0.00777748 0.00599589 0.00329445]
 [0.00545896 0.00536463 0.00482584 0.00333207 0.00136675]] 
Episode: 575: [[0.00807645 0.00856445 0.00833457 0.00673906 0.00407361]
 [0.00848636 0.00899136 0.00884966 0.00724288 0.0044451 ]
 [0.00906275 0.00938811 0.00911834 0.0074139  0.00449736]
 [0.0082141  0.00826143 0.0077683  0.00598394 0.00328354]
 [0.0054522  0.00535758 0.00481761 0.00332251 0.00135865]] 
Episode: 576: [[0.00808529 0.008571   0.00833617 0.00673469 0.00406709]
 [0.00849286 0.00899652 0.0088515  0.00723913 0.00443894]
 [0.00906764 0.00939311 0.0091212  0.00741133 0.00449213]
 [0.00821659 0.00826371 0.00776838 0.00597958 0.00327779]
 [0.00545181 0.00535687 0.00481537 0.00331776 0.00135377]] 
Episode: 577: [[0.00809599 0.00858021 0.00834113 0.00673356 0.00406306]
 [0.00850217 0.00900487 0.00885684 0.00723869 0.00443533]
 [0.00907541 0.00940105 0.00912727 0.00741186 0.00448932]
 [0.00822157 0.00826855 0.00777127 0.00597793 0.00327413]
 [0.0054532  0.00535802 0.00481512 0.00331492 0.00135031]] 
Episode: 578: [[0.00810571 0.00858839 0.0083455  0.00673249 0.00405938]
 [0.0085102  0.00901204 0.00886144 0.00723816 0.00443198]
 [0.00908202 0.00940795 0.00913258 0.00741226 0.00448672]
 [0.00822585 0.00827279 0.00777381 0.00597643 0.00327081]
 [0.00545433 0.00535897 0.00481486 0.00331232 0.00134716]] 
Episode: 579: [[0.00811317 0.0085946  0.00834834 0.00673037 0.00405508]
 [0.0085163  0.00901742 0.00886455 0.00723658 0.00442802]
 [0.00908724 0.00941344 0.0091367  0.00741185 0.00448367]
 [0.00822928 0.00827618 0.00777564 0.00597447 0.00326725]
 [0.00545496 0.00535943 0.00481418 0.00330947 0.00134388]] 
Episode: 580: [[0.00811355 0.00859484 0.00834592 0.00672351 0.0040472 ]
 [0.0085167  0.00901768 0.00886274 0.00723037 0.00442052]
 [0.00908767 0.00941419 0.00913605 0.00740692 0.00447721]
 [0.00822863 0.00827541 0.00777325 0.00596864 0.00326086]
 [0.00545276 0.00535699 0.00481059 0.00330401 0.00133875]] 
Episode: 581: [[0.00812399 0.00860516 0.00835299 0.00672433 0.00404459]
 [0.00852795 0.00902873 0.00887101 0.00723224 0.00441854]
 [0.00909886 0.00942561 0.00914525 0.00740983 0.00447607]
 [0.00823636 0.00828294 0.00777854 0.00596885 0.00325851]
 [0.00545583 0.00535978 0.00481184 0.00330233 0.0013361 ]] 
Episode: 582: [[0.00813626 0.00861711 0.00836195 0.00672729 0.00404379]
 [0.00854075 0.00904143 0.00888121 0.00723628 0.00441842]
 [0.00911168 0.00943881 0.00915641 0.00741488 0.00447673]
 [0.00824568 0.00829219 0.00778571 0.00597106 0.00325776]
 [0.00546009 0.00536386 0.00481448 0.00330206 0.00133454]] 
Episode: 583: [[0.0081543  0.00863518 0.0083762  0.00673455 0.00404597]
 [0.00855908 0.0090596  0.00889659 0.00724473 0.00442137]
 [0.00912888 0.00945681 0.0091725  0.0074242  0.00448038]
 [0.00825861 0.0083054  0.00779691 0.00597669 0.00325937]
 [0.00546672 0.00537052 0.00481973 0.00330396 0.00133445]] 
Episode: 584: [[0.00818088 0.00866176 0.00839891 0.00674904 0.00405327]
 [0.00858622 0.00908675 0.00892073 0.00726065 0.00442963]
 [0.00915493 0.00948372 0.00919716 0.00744082 0.00448919]
 [0.0082788  0.0083259  0.00781518 0.0059883  0.00326514]
 [0.00547808 0.00538194 0.0048296  0.00330971 0.00133698]] 
Episode: 585: [[0.00820377 0.00868445 0.00841809 0.00676081 0.0040588 ]
 [0.00860942 0.00910993 0.00894115 0.0072737  0.00443603]
 [0.00917719 0.00950678 0.00921818 0.00745464 0.0044962 ]
 [0.00829602 0.00834343 0.00783066 0.00599782 0.00326956]
 [0.00548763 0.00539155 0.00483777 0.00331419 0.00133871]] 
Episode: 586: [[0.00822424 0.00870494 0.00843537 0.00677131 0.00406364]
 [0.00863037 0.00913095 0.00895962 0.00728543 0.0044417 ]
 [0.00919734 0.00952772 0.00923728 0.00746718 0.00450253]
 [0.00831166 0.00835938 0.00784477 0.00600649 0.00327359]
 [0.00549626 0.00540025 0.00484516 0.00331823 0.00134025]] 
Episode: 587: [[0.0082432  0.00872495 0.00845329 0.00678313 0.00406979]
 [0.00865124 0.00915273 0.00897937 0.00729885 0.00444897]
 [0.00921885 0.00955012 0.00925795 0.00748174 0.00451068]
 [0.00832889 0.00837699 0.0078608  0.00601739 0.00327945]
 [0.00550612 0.00541025 0.00485404 0.00332388 0.00134304]] 
Episode: 588: [[0.00826819 0.00875073 0.00847635 0.00679902 0.00407873]
 [0.00867802 0.00918022 0.00900432 0.0073164  0.00445907]
 [0.00924603 0.00957809 0.00928374 0.00750034 0.00452159]
 [0.00835062 0.00839902 0.00788089 0.00603149 0.00328746]
 [0.00551886 0.00542309 0.00486554 0.00333157 0.00134718]] 
Episode: 589: [[0.00828886 0.00877217 0.00849482 0.00681073 0.00408462]
 [0.0087004  0.00920312 0.00902457 0.00732972 0.00446609]
 [0.00926866 0.00960149 0.009305   0.00751491 0.00452957]
 [0.00836856 0.00841725 0.00789721 0.00604227 0.00329313]
 [0.00552903 0.00543333 0.00487448 0.00333705 0.00134981]] 
Episode: 590: [[0.00829237 0.00877546 0.00849435 0.00680493 0.00407731]
 [0.00870488 0.00920733 0.00902546 0.00732522 0.00445966]
 [0.00927372 0.00960646 0.0093074  0.00751217 0.00452459]
 [0.0083714  0.00841968 0.00789735 0.00603839 0.00328803]
 [0.00552882 0.0054327  0.00487229 0.00333263 0.00134534]] 
Episode: 591: [[0.00830002 0.00878373 0.00849921 0.00680395 0.0040735 ]
 [0.00871428 0.00921667 0.00903165 0.0073255  0.00445673]
 [0.00928338 0.00961622 0.00931479 0.007514   0.00452292]
 [0.00837816 0.0084262  0.00790176 0.00603832 0.00328566]
 [0.00553126 0.00543485 0.00487297 0.00333072 0.00134261]] 
Episode: 592: [[0.00830105 0.00878499 0.008497   0.006797   0.00406576]
 [0.00871707 0.00921864 0.00903035 0.00731956 0.00444973]
 [0.00928593 0.00961815 0.00931446 0.00750954 0.00451717]
 [0.00837879 0.0084262  0.00789984 0.00603324 0.0032801 ]
 [0.00552978 0.00543285 0.00486966 0.00332572 0.00133798]] 
Episode: 593: [[0.00829688 0.00878021 0.00848887 0.00678502 0.00405431]
 [0.00871357 0.00921429 0.00902296 0.00730843 0.00443886]
 [0.00928214 0.00961373 0.00930802 0.00749987 0.00450755]
 [0.00837409 0.00842083 0.00789272 0.00602372 0.0032713 ]
 [0.00552464 0.00542714 0.00486275 0.00331768 0.00133117]] 
Episode: 594: [[0.00829755 0.00878018 0.00848563 0.00677733 0.00404597]
 [0.00871503 0.00921495 0.00902074 0.00730176 0.00443122]
 [0.00928346 0.00961444 0.00930667 0.00749454 0.00450105]
 [0.0083736  0.00841968 0.00788977 0.00601773 0.00326499]
 [0.0055223  0.00542425 0.00485861 0.00331196 0.00132596]] 
Episode: 595: [[0.00829726 0.00877878 0.00848091 0.00676813 0.00403644]
 [0.0087146  0.0092137  0.00901677 0.00729347 0.00442231]
 [0.00928317 0.00961353 0.00930377 0.00748769 0.00449334]
 [0.00837185 0.00841721 0.00788543 0.00601036 0.00325762]
 [0.00551903 0.00542037 0.00485344 0.00330525 0.00132002]] 
Episode: 596: [[0.00828983 0.00877132 0.00847018 0.00675356 0.0040228 ]
 [0.00870636 0.00920599 0.00900666 0.00727962 0.00440908]
 [0.00927497 0.00960557 0.00929434 0.00747492 0.00448112]
 [0.00836348 0.00840849 0.00787511 0.00599763 0.00324635]
 [0.00551142 0.00541234 0.00484429 0.0032951  0.00131167]] 
Episode: 597: [[0.00828068 0.00876162 0.0084572  0.006737   0.00400764]
 [0.00869597 0.00919579 0.00899411 0.00726361 0.00439423]
 [0.00926469 0.00959534 0.00928262 0.00746011 0.00446738]
 [0.00835341 0.00839796 0.00786295 0.00598328 0.00323389]
 [0.0055027  0.0054031  0.00483393 0.00328388 0.00130256]] 
Episode: 598: [[0.00828039 0.00876168 0.00845441 0.00672875 0.00399816]
 [0.00869484 0.0091955  0.00899189 0.00725621 0.00438531]
 [0.00926352 0.00959446 0.00928075 0.00745371 0.00445943]
 [0.00835103 0.00839528 0.00785892 0.00597573 0.00322603]
 [0.00549903 0.00539902 0.00482883 0.003277   0.00129631]] 
Episode: 599: [[0.00828229 0.00876398 0.00845391 0.00672278 0.00399047]
 [0.0086963  0.00919769 0.00899205 0.0072511  0.00437818]
 [0.00926505 0.00959618 0.00928132 0.0074496  0.00445328]
 [0.00835096 0.00839489 0.00785712 0.00597028 0.00321975]
 [0.00549697 0.00539658 0.00482534 0.00327158 0.00129114]] 
Episode: 600: [[0.00828757 0.0087705  0.00845794 0.006721   0.00398589]
 [0.00870213 0.00920424 0.00899662 0.00725005 0.00437406]
 [0.00927085 0.0096021  0.00928606 0.00744932 0.00444993]
 [0.00835448 0.00839809 0.00785893 0.00596805 0.00321577]
 [0.00549743 0.00539666 0.00482438 0.00326835 0.00128749]] 
