88.763245 63.230011 57.839622 52.727306 28.320505 0.000000 
88.980225 70.506592 64.150375 50.529163 32.524837 0.027976 
94.307709 67.502464 68.755577 56.204082 33.575222 0.019782 
91.480614 70.025658 62.893589 46.021755 30.906586 0.000000 
88.208397 76.974792 57.943317 54.113289 27.223021 0.000000 
82.014153 88.777466 64.888443 52.412640 31.542955 0.019782 
88.233467 57.704483 51.064518 50.478752 20.673941 0.000000 
91.436859 64.034195 57.382015 41.689041 28.634253 0.000000 
88.962105 76.672653 61.591595 40.034863 22.718201 0.000000 
93.016045 71.658630 85.638374 58.567627 26.697891 0.000000 
88.125977 78.949547 58.990894 37.201965 21.447397 0.027976 
86.115654 78.993752 62.703236 50.214588 38.523987 0.000000 
90.373909 83.459221 75.366325 47.273090 25.213331 0.000000 
89.730156 85.644356 68.561752 59.050323 30.692827 0.027976 
95.159683 82.901840 69.078728 49.287861 28.037369 0.000000 
95.870216 90.173874 80.608307 50.296925 25.372980 0.019782 
89.014816 80.725960 78.107178 68.340950 57.784458 0.000000 
86.198372 78.376122 72.193634 53.096394 26.909395 0.000000 
86.378502 83.088997 66.829430 56.217274 31.309282 0.000000 
91.463829 77.964729 63.602043 52.124504 26.698008 0.000000 
93.650246 98.645248 81.554375 55.037102 29.426975 0.000000 
93.389465 75.600410 63.602818 69.039948 45.524605 0.000000 
87.783112 85.458000 75.988808 50.015217 25.971296 0.027976 
85.409821 76.209511 57.588737 55.676208 29.908718 0.000000 
91.188133 85.007622 72.081841 63.591942 33.823917 0.027976 
90.506996 75.260635 67.869057 52.292603 27.659712 0.000000 
87.640556 72.835136 59.867580 49.617210 30.733868 0.000000 
88.460800 64.654739 65.674217 45.218586 28.668409 0.019782 
92.758621 88.892876 83.720604 60.992252 32.645809 0.019782 
90.240868 82.213219 68.581642 56.402164 41.826981 0.019782 
90.302322 79.030930 78.412743 74.717644 42.361004 0.027976 
90.751869 75.781815 69.050430 56.702450 35.225288 0.000000 
90.160973 86.334335 69.228859 52.009922 24.879610 0.000000 
94.590965 82.095886 66.433067 60.615005 21.966900 0.027976 
90.670708 78.049782 71.429932 70.710823 42.449024 0.019782 
88.045074 75.877792 63.404831 66.631325 40.245403 0.019782 
93.494415 83.664009 78.502441 65.286118 45.222088 0.019782 
82.760277 74.409088 65.639114 51.123470 33.112938 0.000000 
89.957054 74.794273 78.767899 73.775742 44.129456 0.000000 
87.510025 83.518028 68.261490 45.461456 29.884142 0.019782 
80.512993 68.403923 67.754616 41.476345 27.793015 0.000000 
93.993484 84.343910 78.255035 44.979851 30.337793 0.019782 
91.533905 78.305527 81.532227 64.659203 31.918652 0.019782 
90.543045 78.335770 68.280014 60.414040 28.909538 0.019782 
87.830017 70.885712 64.430573 56.391273 33.779678 0.000000 
91.628693 87.044983 75.268715 58.655674 54.452625 0.000000 
87.781136 83.051781 69.419487 49.910759 26.834738 0.027976 
90.241859 79.706680 68.086098 64.517624 50.833851 0.027976 
87.609161 75.968178 73.731201 53.345394 48.331055 0.019782 
93.804901 72.165359 67.895836 45.633987 26.879980 0.019782 
87.199837 81.445831 67.560684 49.003906 20.330929 0.000000 
89.392532 80.968765 69.857338 42.658119 29.337877 0.027976 
87.516869 79.993423 73.643654 59.554916 30.169724 0.039565 
88.953217 76.274300 73.251968 47.717850 26.356438 0.000000 
90.281219 94.586563 80.449593 62.634842 30.802042 0.027976 
90.970840 73.904663 68.121185 62.682590 29.779894 0.000000 
92.832573 73.227676 63.219280 60.066772 34.251534 0.000000 
91.789375 84.935104 68.274803 54.021751 39.735634 0.027976 
87.376450 87.403778 81.433838 61.550732 33.809116 0.000000 
86.376396 56.084549 47.783993 45.775185 29.641176 0.019782 
91.496101 81.373604 70.862549 51.080299 27.913401 0.000000 
91.904381 56.362194 60.699173 46.652020 26.571136 0.000000 
90.792030 68.880348 54.900513 46.025459 30.586973 0.034264 
86.373222 84.123932 72.253258 44.882164 30.635279 0.000000 
88.210564 83.017784 58.312492 48.361176 26.189960 0.027976 
89.436333 74.185127 69.395309 47.525906 23.739384 0.000000 
86.506393 82.158684 68.096809 61.986778 34.847305 0.019782 
94.923294 67.841171 53.879406 37.963276 25.871698 0.000000 
93.459579 71.909065 68.975861 47.869083 40.355015 0.000000 
90.051086 73.973892 66.584465 43.003254 27.769346 0.000000 
87.870903 67.754082 57.215290 41.734573 27.533916 0.000000 
90.365715 66.507736 52.938694 29.583344 23.394810 0.000000 
88.567863 85.324997 67.435394 55.085129 23.054085 0.000000 
84.776283 81.927208 76.217545 54.384876 40.077843 0.000000 
91.096153 76.922737 63.350529 45.686111 21.876524 0.000000 
88.006950 62.988277 39.968781 26.387796 18.647593 0.019782 
88.879417 79.543327 76.742989 44.948364 32.025238 0.019782 
88.406693 70.902046 67.719193 44.552555 25.503008 0.000000 
87.037743 76.726875 72.139580 50.940308 24.634104 0.019782 
91.534927 76.201065 69.298988 60.756687 39.637802 0.000000 
88.742340 78.580040 74.145729 72.122498 73.856422 0.019782 
87.114891 79.680756 77.823036 65.050056 27.466122 0.000000 
91.207870 72.355209 57.818695 51.050320 35.690907 0.000000 
92.387344 63.934944 64.148949 45.899761 24.785788 0.027976 
91.306908 82.157722 89.116348 52.252262 40.493324 0.000000 
89.500031 75.115700 63.140686 56.123516 35.704411 0.000000 
85.748703 88.660698 84.084831 72.216652 39.680885 0.000000 
91.204674 74.524025 52.985538 53.658165 27.701035 0.000000 
93.210686 87.144135 77.119385 50.873966 25.279774 0.000000 
96.764786 87.675797 93.522758 56.810261 25.879766 0.019782 
89.314568 70.836998 66.629944 39.623749 40.463150 0.000000 
83.104553 75.617149 63.024147 48.622482 35.823658 0.000000 
89.406593 83.163017 73.249634 46.504627 15.503210 0.000000 
84.839432 85.644379 80.514503 58.778362 23.255938 0.019782 
89.108727 63.895866 65.138397 48.475529 28.034464 0.027976 
90.118828 73.419266 64.025444 72.740623 70.873268 0.000000 
91.299271 81.893631 73.033943 58.456470 38.798203 0.019782 
83.593605 76.313576 63.911171 41.339291 18.279154 0.000000 
89.418175 69.513405 65.040512 55.264191 35.254383 0.000000 
87.585258 66.760208 50.821796 44.613155 38.404232 0.000000 
