93.946732 88.519676 87.296364 92.652199 92.302559 0.000000 
92.588928 69.452454 85.411819 98.829643 92.332314 0.000000 
97.143074 77.220406 76.092896 82.572701 100.146507 0.000000 
100.747963 68.083374 94.394363 91.223213 93.304611 0.000000 
89.963104 66.188881 76.648911 73.776024 96.158363 0.000000 
93.613365 61.470791 72.926544 73.309395 89.897545 0.034264 
95.448723 68.163635 56.015656 72.294968 83.685234 0.000000 
99.064896 74.037666 82.797600 85.497162 95.428925 0.027976 
96.117271 64.059990 81.150986 88.369896 129.761566 0.000000 
94.302254 52.622860 71.919960 77.637009 88.637421 0.027976 
91.785370 67.357079 67.568230 64.011864 95.992325 0.027976 
89.928963 86.125160 88.728142 83.551987 95.048416 0.027976 
86.750755 73.031708 62.995674 79.835922 87.668991 0.000000 
91.030998 57.502022 85.795944 68.114189 78.689171 0.000000 
94.111595 70.281540 64.034760 67.068871 101.967506 0.000000 
89.239182 62.831043 73.347397 72.047897 86.578384 0.019782 
88.606270 54.451614 68.651878 75.056458 90.815399 0.000000 
89.140892 84.855438 70.744690 93.220207 80.070351 0.019782 
88.754631 95.237045 82.067039 95.701996 99.296509 0.000000 
95.130173 77.379021 67.405579 75.710648 86.306366 0.034264 
