Episode: 1, v_vector: tensor([[-0.0030,  0.0268, -0.0014, -0.0084,  0.0029, -0.0028, -0.0145,  0.0237,
         -0.0002, -0.0279]], device='cuda:0') 
Episode: 2, v_vector: tensor([[-0.0026,  0.0272, -0.0010, -0.0080,  0.0033, -0.0024, -0.0141,  0.0241,
          0.0002, -0.0283]], device='cuda:0') 
Episode: 3, v_vector: tensor([[-0.0022,  0.0270, -0.0007, -0.0077,  0.0030, -0.0021, -0.0138,  0.0242,
          0.0006, -0.0283]], device='cuda:0') 
Episode: 4, v_vector: tensor([[-0.0019,  0.0269, -0.0004, -0.0075,  0.0029, -0.0020, -0.0134,  0.0243,
          0.0010, -0.0282]], device='cuda:0') 
Episode: 5, v_vector: tensor([[-0.0017,  0.0269, -0.0002, -0.0073,  0.0028, -0.0019, -0.0132,  0.0244,
          0.0013, -0.0280]], device='cuda:0') 
Episode: 6, v_vector: tensor([[-1.4857e-03,  2.7061e-02, -7.2190e-05, -7.1796e-03,  2.7046e-03,
         -1.7790e-03, -1.2890e-02,  2.4644e-02,  1.6869e-03, -2.7976e-02]],
       device='cuda:0') 
Episode: 7, v_vector: tensor([[-1.3822e-03,  2.7277e-02, -2.8922e-05, -7.1938e-03,  2.8367e-03,
         -1.7525e-03, -1.2616e-02,  2.4806e-02,  2.0498e-03, -2.7887e-02]],
       device='cuda:0') 
Episode: 8, v_vector: tensor([[-1.3057e-03,  2.7509e-02, -3.5907e-05, -7.2339e-03,  2.9641e-03,
         -1.7469e-03, -1.2323e-02,  2.5004e-02,  2.3429e-03, -2.7881e-02]],
       device='cuda:0') 
Episode: 9, v_vector: tensor([[-1.2792e-03,  2.7780e-02, -6.5902e-05, -7.3492e-03,  3.1281e-03,
         -1.7587e-03, -1.2153e-02,  2.5210e-02,  2.6657e-03, -2.7870e-02]],
       device='cuda:0') 
Episode: 10, v_vector: tensor([[-0.0013,  0.0281, -0.0002, -0.0075,  0.0033, -0.0017, -0.0120,  0.0255,
          0.0030, -0.0278]], device='cuda:0') 
Episode: 11, v_vector: tensor([[-0.0014,  0.0284, -0.0004, -0.0077,  0.0036, -0.0017, -0.0121,  0.0257,
          0.0033, -0.0278]], device='cuda:0') 
Episode: 12, v_vector: tensor([[-0.0016,  0.0288, -0.0005, -0.0079,  0.0039, -0.0017, -0.0121,  0.0257,
          0.0036, -0.0279]], device='cuda:0') 
Episode: 13, v_vector: tensor([[-0.0017,  0.0291, -0.0007, -0.0081,  0.0042, -0.0018, -0.0121,  0.0257,
          0.0039, -0.0280]], device='cuda:0') 
Episode: 14, v_vector: tensor([[-0.0019,  0.0295, -0.0009, -0.0082,  0.0045, -0.0018, -0.0121,  0.0258,
          0.0041, -0.0281]], device='cuda:0') 
Episode: 15, v_vector: tensor([[-0.0021,  0.0299, -0.0011, -0.0085,  0.0048, -0.0019, -0.0122,  0.0258,
          0.0043, -0.0281]], device='cuda:0') 
Episode: 16, v_vector: tensor([[-0.0023,  0.0303, -0.0014, -0.0087,  0.0051, -0.0021, -0.0122,  0.0259,
          0.0044, -0.0282]], device='cuda:0') 
Episode: 17, v_vector: tensor([[-0.0026,  0.0306, -0.0016, -0.0090,  0.0055, -0.0022, -0.0123,  0.0259,
          0.0046, -0.0284]], device='cuda:0') 
Episode: 18, v_vector: tensor([[-0.0029,  0.0311, -0.0019, -0.0093,  0.0058, -0.0023, -0.0124,  0.0260,
          0.0048, -0.0285]], device='cuda:0') 
Episode: 19, v_vector: tensor([[-0.0032,  0.0315, -0.0022, -0.0097,  0.0062, -0.0025, -0.0126,  0.0260,
          0.0050, -0.0286]], device='cuda:0') 
Episode: 20, v_vector: tensor([[-0.0035,  0.0319, -0.0026, -0.0101,  0.0066, -0.0026, -0.0128,  0.0261,
          0.0052, -0.0287]], device='cuda:0') 
Episode: 21, v_vector: tensor([[-0.0039,  0.0323, -0.0029, -0.0105,  0.0070, -0.0028, -0.0130,  0.0262,
          0.0054, -0.0288]], device='cuda:0') 
Episode: 22, v_vector: tensor([[-0.0043,  0.0328, -0.0033, -0.0109,  0.0074, -0.0031, -0.0133,  0.0262,
          0.0057, -0.0289]], device='cuda:0') 
Episode: 23, v_vector: tensor([[-0.0047,  0.0332, -0.0037, -0.0113,  0.0078, -0.0034, -0.0137,  0.0264,
          0.0059, -0.0289]], device='cuda:0') 
Episode: 24, v_vector: tensor([[-0.0051,  0.0337, -0.0041, -0.0118,  0.0083, -0.0037, -0.0140,  0.0265,
          0.0062, -0.0290]], device='cuda:0') 
Episode: 25, v_vector: tensor([[-0.0056,  0.0342, -0.0045, -0.0122,  0.0087, -0.0041, -0.0143,  0.0267,
          0.0065, -0.0290]], device='cuda:0') 
Episode: 26, v_vector: tensor([[-0.0060,  0.0346, -0.0050, -0.0127,  0.0091, -0.0045, -0.0147,  0.0268,
          0.0068, -0.0291]], device='cuda:0') 
Episode: 27, v_vector: tensor([[-0.0065,  0.0351, -0.0054, -0.0131,  0.0096, -0.0049, -0.0151,  0.0271,
          0.0072, -0.0292]], device='cuda:0') 
Episode: 28, v_vector: tensor([[-0.0069,  0.0356, -0.0059, -0.0136,  0.0101, -0.0054, -0.0155,  0.0272,
          0.0075, -0.0294]], device='cuda:0') 
Episode: 29, v_vector: tensor([[-0.0074,  0.0361, -0.0064, -0.0141,  0.0105, -0.0058, -0.0159,  0.0274,
          0.0078, -0.0295]], device='cuda:0') 
Episode: 30, v_vector: tensor([[-0.0079,  0.0366, -0.0069, -0.0146,  0.0110, -0.0063, -0.0162,  0.0276,
          0.0081, -0.0297]], device='cuda:0') 
Episode: 31, v_vector: tensor([[-0.0084,  0.0371, -0.0074, -0.0151,  0.0114, -0.0067, -0.0166,  0.0279,
          0.0083, -0.0298]], device='cuda:0') 
Episode: 32, v_vector: tensor([[-0.0089,  0.0376, -0.0079, -0.0156,  0.0119, -0.0072, -0.0171,  0.0281,
          0.0086, -0.0298]], device='cuda:0') 
Episode: 33, v_vector: tensor([[-0.0094,  0.0381, -0.0084, -0.0161,  0.0124, -0.0076, -0.0175,  0.0284,
          0.0089, -0.0297]], device='cuda:0') 
Episode: 34, v_vector: tensor([[-0.0099,  0.0386, -0.0089, -0.0166,  0.0129, -0.0081, -0.0179,  0.0287,
          0.0091, -0.0297]], device='cuda:0') 
Episode: 35, v_vector: tensor([[-0.0104,  0.0391, -0.0094, -0.0171,  0.0134, -0.0086, -0.0183,  0.0290,
          0.0094, -0.0296]], device='cuda:0') 
Episode: 36, v_vector: tensor([[-0.0110,  0.0396, -0.0099, -0.0176,  0.0139, -0.0091, -0.0188,  0.0294,
          0.0097, -0.0296]], device='cuda:0') 
Episode: 37, v_vector: tensor([[-0.0115,  0.0401, -0.0104, -0.0181,  0.0144, -0.0096, -0.0192,  0.0297,
          0.0099, -0.0295]], device='cuda:0') 
Episode: 38, v_vector: tensor([[-0.0120,  0.0407, -0.0110, -0.0186,  0.0149, -0.0101, -0.0197,  0.0300,
          0.0102, -0.0293]], device='cuda:0') 
Episode: 39, v_vector: tensor([[-0.0126,  0.0412, -0.0115, -0.0192,  0.0154, -0.0106, -0.0201,  0.0303,
          0.0105, -0.0292]], device='cuda:0') 
Episode: 40, v_vector: tensor([[-0.0131,  0.0417, -0.0120, -0.0197,  0.0159, -0.0111, -0.0206,  0.0306,
          0.0108, -0.0290]], device='cuda:0') 
Episode: 41, v_vector: tensor([[-0.0137,  0.0423, -0.0126, -0.0202,  0.0164, -0.0116, -0.0211,  0.0309,
          0.0111, -0.0289]], device='cuda:0') 
Episode: 42, v_vector: tensor([[-0.0142,  0.0428, -0.0131, -0.0208,  0.0169, -0.0122, -0.0216,  0.0312,
          0.0115, -0.0288]], device='cuda:0') 
Episode: 43, v_vector: tensor([[-0.0147,  0.0433, -0.0137, -0.0213,  0.0174, -0.0127, -0.0221,  0.0316,
          0.0118, -0.0288]], device='cuda:0') 
Episode: 44, v_vector: tensor([[-0.0153,  0.0438, -0.0142, -0.0219,  0.0180, -0.0132, -0.0225,  0.0319,
          0.0122, -0.0287]], device='cuda:0') 
Episode: 45, v_vector: tensor([[-0.0158,  0.0444, -0.0148, -0.0224,  0.0185, -0.0137, -0.0230,  0.0323,
          0.0126, -0.0288]], device='cuda:0') 
Episode: 46, v_vector: tensor([[-0.0164,  0.0449, -0.0153, -0.0229,  0.0190, -0.0142, -0.0235,  0.0327,
          0.0130, -0.0288]], device='cuda:0') 
Episode: 47, v_vector: tensor([[-0.0169,  0.0454, -0.0159, -0.0235,  0.0195, -0.0147, -0.0240,  0.0331,
          0.0133, -0.0289]], device='cuda:0') 
Episode: 48, v_vector: tensor([[-0.0175,  0.0460, -0.0164, -0.0240,  0.0201, -0.0152, -0.0245,  0.0335,
          0.0137, -0.0289]], device='cuda:0') 
Episode: 49, v_vector: tensor([[-0.0180,  0.0465, -0.0170, -0.0246,  0.0206, -0.0157, -0.0250,  0.0340,
          0.0140, -0.0289]], device='cuda:0') 
Episode: 50, v_vector: tensor([[-0.0186,  0.0470, -0.0176, -0.0251,  0.0211, -0.0163, -0.0255,  0.0344,
          0.0144, -0.0290]], device='cuda:0') 
Episode: 51, v_vector: tensor([[-0.0192,  0.0476, -0.0182, -0.0257,  0.0217, -0.0168, -0.0260,  0.0349,
          0.0148, -0.0292]], device='cuda:0') 
Episode: 52, v_vector: tensor([[-0.0198,  0.0482, -0.0188, -0.0263,  0.0223, -0.0174, -0.0266,  0.0354,
          0.0152, -0.0294]], device='cuda:0') 
Episode: 53, v_vector: tensor([[-0.0204,  0.0488, -0.0194, -0.0269,  0.0229, -0.0180, -0.0272,  0.0359,
          0.0156, -0.0296]], device='cuda:0') 
Episode: 54, v_vector: tensor([[-0.0210,  0.0494, -0.0200, -0.0276,  0.0235, -0.0186, -0.0277,  0.0364,
          0.0160, -0.0298]], device='cuda:0') 
Episode: 55, v_vector: tensor([[-0.0214,  0.0498, -0.0204, -0.0280,  0.0239, -0.0190, -0.0282,  0.0368,
          0.0163, -0.0302]], device='cuda:0') 
Episode: 56, v_vector: tensor([[-0.0219,  0.0503, -0.0209, -0.0285,  0.0244, -0.0195, -0.0287,  0.0373,
          0.0168, -0.0306]], device='cuda:0') 
Episode: 57, v_vector: tensor([[-0.0223,  0.0508, -0.0213, -0.0289,  0.0248, -0.0199, -0.0291,  0.0378,
          0.0170, -0.0310]], device='cuda:0') 
Episode: 58, v_vector: tensor([[-0.0228,  0.0512, -0.0218, -0.0294,  0.0253, -0.0203, -0.0296,  0.0383,
          0.0173, -0.0314]], device='cuda:0') 
Episode: 59, v_vector: tensor([[-0.0231,  0.0516, -0.0221, -0.0297,  0.0257, -0.0207, -0.0300,  0.0388,
          0.0177, -0.0315]], device='cuda:0') 
Episode: 60, v_vector: tensor([[-0.0235,  0.0520, -0.0225, -0.0301,  0.0260, -0.0211, -0.0304,  0.0394,
          0.0181, -0.0317]], device='cuda:0') 
Episode: 61, v_vector: tensor([[-0.0239,  0.0524, -0.0229, -0.0304,  0.0265, -0.0215, -0.0308,  0.0399,
          0.0185, -0.0319]], device='cuda:0') 
Episode: 62, v_vector: tensor([[-0.0242,  0.0527, -0.0231, -0.0306,  0.0267, -0.0217, -0.0310,  0.0400,
          0.0187, -0.0318]], device='cuda:0') 
Episode: 63, v_vector: tensor([[-0.0245,  0.0529, -0.0234, -0.0308,  0.0269, -0.0218, -0.0312,  0.0401,
          0.0188, -0.0316]], device='cuda:0') 
Episode: 64, v_vector: tensor([[-0.0247,  0.0532, -0.0236, -0.0310,  0.0271, -0.0220, -0.0315,  0.0402,
          0.0188, -0.0313]], device='cuda:0') 
Episode: 65, v_vector: tensor([[-0.0250,  0.0535, -0.0239, -0.0312,  0.0274, -0.0222, -0.0318,  0.0403,
          0.0188, -0.0310]], device='cuda:0') 
Episode: 66, v_vector: tensor([[-0.0253,  0.0537, -0.0241, -0.0315,  0.0276, -0.0224, -0.0321,  0.0404,
          0.0189, -0.0307]], device='cuda:0') 
Episode: 67, v_vector: tensor([[-0.0256,  0.0540, -0.0244, -0.0317,  0.0279, -0.0226, -0.0324,  0.0405,
          0.0189, -0.0305]], device='cuda:0') 
Episode: 68, v_vector: tensor([[-0.0259,  0.0544, -0.0247, -0.0320,  0.0282, -0.0229, -0.0328,  0.0406,
          0.0191, -0.0303]], device='cuda:0') 
Episode: 69, v_vector: tensor([[-0.0263,  0.0548, -0.0251, -0.0323,  0.0285, -0.0232, -0.0332,  0.0408,
          0.0193, -0.0300]], device='cuda:0') 
Episode: 70, v_vector: tensor([[-0.0267,  0.0552, -0.0254, -0.0326,  0.0288, -0.0235, -0.0337,  0.0409,
          0.0195, -0.0298]], device='cuda:0') 
Episode: 71, v_vector: tensor([[-0.0271,  0.0556, -0.0258, -0.0330,  0.0292, -0.0238, -0.0341,  0.0410,
          0.0197, -0.0297]], device='cuda:0') 
Episode: 72, v_vector: tensor([[-0.0276,  0.0561, -0.0262, -0.0334,  0.0296, -0.0242, -0.0346,  0.0412,
          0.0199, -0.0295]], device='cuda:0') 
Episode: 73, v_vector: tensor([[-0.0280,  0.0566, -0.0267, -0.0338,  0.0300, -0.0245, -0.0351,  0.0414,
          0.0201, -0.0295]], device='cuda:0') 
Episode: 74, v_vector: tensor([[-0.0285,  0.0570, -0.0271, -0.0341,  0.0304, -0.0249, -0.0356,  0.0416,
          0.0203, -0.0294]], device='cuda:0') 
Episode: 75, v_vector: tensor([[-0.0288,  0.0574, -0.0274, -0.0344,  0.0307, -0.0252, -0.0360,  0.0417,
          0.0205, -0.0293]], device='cuda:0') 
Episode: 76, v_vector: tensor([[-0.0292,  0.0578, -0.0278, -0.0347,  0.0310, -0.0254, -0.0363,  0.0419,
          0.0207, -0.0292]], device='cuda:0') 
Episode: 77, v_vector: tensor([[-0.0295,  0.0581, -0.0280, -0.0349,  0.0312, -0.0256, -0.0366,  0.0420,
          0.0209, -0.0291]], device='cuda:0') 
Episode: 78, v_vector: tensor([[-0.0298,  0.0584, -0.0283, -0.0352,  0.0315, -0.0258, -0.0370,  0.0420,
          0.0210, -0.0289]], device='cuda:0') 
Episode: 79, v_vector: tensor([[-0.0301,  0.0587, -0.0285, -0.0354,  0.0317, -0.0260, -0.0373,  0.0421,
          0.0212, -0.0288]], device='cuda:0') 
Episode: 80, v_vector: tensor([[-0.0303,  0.0589, -0.0287, -0.0355,  0.0318, -0.0261, -0.0374,  0.0423,
          0.0213, -0.0285]], device='cuda:0') 
Episode: 81, v_vector: tensor([[-0.0306,  0.0591, -0.0289, -0.0357,  0.0319, -0.0263, -0.0375,  0.0425,
          0.0213, -0.0283]], device='cuda:0') 
Episode: 82, v_vector: tensor([[-0.0308,  0.0593, -0.0291, -0.0358,  0.0320, -0.0264, -0.0375,  0.0426,
          0.0213, -0.0281]], device='cuda:0') 
Episode: 83, v_vector: tensor([[-0.0311,  0.0596, -0.0293, -0.0360,  0.0322, -0.0265, -0.0377,  0.0428,
          0.0213, -0.0279]], device='cuda:0') 
Episode: 84, v_vector: tensor([[-0.0314,  0.0599, -0.0296, -0.0363,  0.0324, -0.0268, -0.0378,  0.0429,
          0.0214, -0.0277]], device='cuda:0') 
Episode: 85, v_vector: tensor([[-0.0318,  0.0603, -0.0299, -0.0366,  0.0326, -0.0270, -0.0380,  0.0431,
          0.0214, -0.0276]], device='cuda:0') 
Episode: 86, v_vector: tensor([[-0.0321,  0.0606, -0.0301, -0.0368,  0.0328, -0.0272, -0.0382,  0.0432,
          0.0215, -0.0274]], device='cuda:0') 
Episode: 87, v_vector: tensor([[-0.0324,  0.0609, -0.0304, -0.0370,  0.0330, -0.0273, -0.0383,  0.0434,
          0.0215, -0.0273]], device='cuda:0') 
Episode: 88, v_vector: tensor([[-0.0327,  0.0612, -0.0306, -0.0372,  0.0331, -0.0275, -0.0385,  0.0435,
          0.0215, -0.0271]], device='cuda:0') 
Episode: 89, v_vector: tensor([[-0.0329,  0.0614, -0.0308, -0.0374,  0.0333, -0.0276, -0.0387,  0.0436,
          0.0215, -0.0270]], device='cuda:0') 
Episode: 90, v_vector: tensor([[-0.0328,  0.0614, -0.0308, -0.0373,  0.0332, -0.0276, -0.0386,  0.0436,
          0.0214, -0.0268]], device='cuda:0') 
Episode: 91, v_vector: tensor([[-0.0328,  0.0613, -0.0307, -0.0371,  0.0331, -0.0275, -0.0385,  0.0437,
          0.0213, -0.0266]], device='cuda:0') 
Episode: 92, v_vector: tensor([[-0.0327,  0.0612, -0.0306, -0.0370,  0.0331, -0.0275, -0.0384,  0.0438,
          0.0212, -0.0265]], device='cuda:0') 
Episode: 93, v_vector: tensor([[-0.0327,  0.0612, -0.0306, -0.0370,  0.0330, -0.0275, -0.0384,  0.0439,
          0.0212, -0.0263]], device='cuda:0') 
Episode: 94, v_vector: tensor([[-0.0327,  0.0612, -0.0305, -0.0369,  0.0330, -0.0275, -0.0385,  0.0440,
          0.0212, -0.0262]], device='cuda:0') 
Episode: 95, v_vector: tensor([[-0.0328,  0.0613, -0.0306, -0.0369,  0.0331, -0.0276, -0.0385,  0.0442,
          0.0212, -0.0261]], device='cuda:0') 
Episode: 96, v_vector: tensor([[-0.0328,  0.0613, -0.0306, -0.0369,  0.0331, -0.0276, -0.0385,  0.0443,
          0.0212, -0.0260]], device='cuda:0') 
Episode: 97, v_vector: tensor([[-0.0329,  0.0613, -0.0306, -0.0369,  0.0331, -0.0276, -0.0386,  0.0445,
          0.0212, -0.0260]], device='cuda:0') 
Episode: 98, v_vector: tensor([[-0.0329,  0.0613, -0.0306, -0.0368,  0.0331, -0.0276, -0.0386,  0.0446,
          0.0212, -0.0259]], device='cuda:0') 
Episode: 99, v_vector: tensor([[-0.0330,  0.0614, -0.0307, -0.0369,  0.0332, -0.0277, -0.0386,  0.0447,
          0.0212, -0.0258]], device='cuda:0') 
Episode: 100, v_vector: tensor([[-0.0332,  0.0616, -0.0308, -0.0370,  0.0333, -0.0278, -0.0387,  0.0449,
          0.0213, -0.0258]], device='cuda:0') 
Episode: 101, v_vector: tensor([[-0.0333,  0.0617, -0.0309, -0.0370,  0.0334, -0.0279, -0.0387,  0.0451,
          0.0213, -0.0256]], device='cuda:0') 
Episode: 102, v_vector: tensor([[-0.0335,  0.0618, -0.0310, -0.0370,  0.0334, -0.0280, -0.0388,  0.0453,
          0.0213, -0.0255]], device='cuda:0') 
Episode: 103, v_vector: tensor([[-0.0336,  0.0620, -0.0311, -0.0371,  0.0336, -0.0281, -0.0388,  0.0456,
          0.0214, -0.0254]], device='cuda:0') 
Episode: 104, v_vector: tensor([[-0.0338,  0.0621, -0.0312, -0.0372,  0.0337, -0.0283, -0.0389,  0.0457,
          0.0213, -0.0253]], device='cuda:0') 
Episode: 105, v_vector: tensor([[-0.0340,  0.0623, -0.0313, -0.0373,  0.0338, -0.0284, -0.0389,  0.0459,
          0.0213, -0.0253]], device='cuda:0') 
Episode: 106, v_vector: tensor([[-0.0341,  0.0623, -0.0313, -0.0372,  0.0338, -0.0283, -0.0389,  0.0460,
          0.0212, -0.0252]], device='cuda:0') 
Episode: 107, v_vector: tensor([[-0.0342,  0.0624, -0.0314, -0.0372,  0.0338, -0.0284, -0.0389,  0.0461,
          0.0212, -0.0251]], device='cuda:0') 
Episode: 108, v_vector: tensor([[-0.0343,  0.0625, -0.0314, -0.0372,  0.0339, -0.0284, -0.0389,  0.0461,
          0.0211, -0.0250]], device='cuda:0') 
Episode: 109, v_vector: tensor([[-0.0344,  0.0625, -0.0314, -0.0372,  0.0339, -0.0284, -0.0390,  0.0461,
          0.0210, -0.0249]], device='cuda:0') 
Episode: 110, v_vector: tensor([[-0.0345,  0.0626, -0.0315, -0.0372,  0.0340, -0.0284, -0.0390,  0.0461,
          0.0208, -0.0248]], device='cuda:0') 
Episode: 111, v_vector: tensor([[-0.0345,  0.0627, -0.0315, -0.0372,  0.0340, -0.0284, -0.0390,  0.0461,
          0.0207, -0.0247]], device='cuda:0') 
Episode: 112, v_vector: tensor([[-0.0346,  0.0627, -0.0315, -0.0372,  0.0340, -0.0284, -0.0390,  0.0461,
          0.0207, -0.0246]], device='cuda:0') 
Episode: 113, v_vector: tensor([[-0.0347,  0.0627, -0.0315, -0.0372,  0.0341, -0.0284, -0.0390,  0.0461,
          0.0206, -0.0245]], device='cuda:0') 
Episode: 114, v_vector: tensor([[-0.0347,  0.0628, -0.0316, -0.0372,  0.0341, -0.0284, -0.0391,  0.0461,
          0.0205, -0.0245]], device='cuda:0') 
Episode: 115, v_vector: tensor([[-0.0347,  0.0628, -0.0316, -0.0371,  0.0341, -0.0284, -0.0390,  0.0460,
          0.0205, -0.0243]], device='cuda:0') 
Episode: 116, v_vector: tensor([[-0.0348,  0.0628, -0.0316, -0.0371,  0.0341, -0.0284, -0.0390,  0.0460,
          0.0204, -0.0242]], device='cuda:0') 
Episode: 117, v_vector: tensor([[-0.0348,  0.0628, -0.0315, -0.0371,  0.0341, -0.0284, -0.0390,  0.0459,
          0.0204, -0.0242]], device='cuda:0') 
Episode: 118, v_vector: tensor([[-0.0348,  0.0628, -0.0315, -0.0371,  0.0341, -0.0283, -0.0390,  0.0459,
          0.0203, -0.0241]], device='cuda:0') 
Episode: 119, v_vector: tensor([[-0.0348,  0.0628, -0.0315, -0.0371,  0.0341, -0.0283, -0.0390,  0.0458,
          0.0203, -0.0241]], device='cuda:0') 
Episode: 120, v_vector: tensor([[-0.0348,  0.0628, -0.0315, -0.0371,  0.0341, -0.0283, -0.0390,  0.0458,
          0.0203, -0.0241]], device='cuda:0') 
Episode: 121, v_vector: tensor([[-0.0348,  0.0628, -0.0315, -0.0371,  0.0341, -0.0283, -0.0390,  0.0458,
          0.0204, -0.0241]], device='cuda:0') 
Episode: 122, v_vector: tensor([[-0.0348,  0.0627, -0.0315, -0.0370,  0.0341, -0.0283, -0.0390,  0.0459,
          0.0204, -0.0240]], device='cuda:0') 
Episode: 123, v_vector: tensor([[-0.0348,  0.0627, -0.0314, -0.0370,  0.0341, -0.0283, -0.0390,  0.0459,
          0.0204, -0.0240]], device='cuda:0') 
Episode: 124, v_vector: tensor([[-0.0348,  0.0627, -0.0314, -0.0370,  0.0340, -0.0283, -0.0390,  0.0459,
          0.0204, -0.0240]], device='cuda:0') 
Episode: 125, v_vector: tensor([[-0.0347,  0.0626, -0.0314, -0.0369,  0.0340, -0.0282, -0.0390,  0.0459,
          0.0203, -0.0240]], device='cuda:0') 
Episode: 126, v_vector: tensor([[-0.0347,  0.0626, -0.0313, -0.0369,  0.0340, -0.0282, -0.0389,  0.0459,
          0.0203, -0.0240]], device='cuda:0') 
Episode: 127, v_vector: tensor([[-0.0347,  0.0626, -0.0313, -0.0369,  0.0340, -0.0281, -0.0389,  0.0459,
          0.0202, -0.0240]], device='cuda:0') 
Episode: 128, v_vector: tensor([[-0.0348,  0.0627, -0.0314, -0.0369,  0.0340, -0.0282, -0.0389,  0.0459,
          0.0202, -0.0240]], device='cuda:0') 
Episode: 129, v_vector: tensor([[-0.0347,  0.0626, -0.0313, -0.0368,  0.0340, -0.0281, -0.0389,  0.0459,
          0.0203, -0.0240]], device='cuda:0') 
Episode: 130, v_vector: tensor([[-0.0346,  0.0624, -0.0312, -0.0367,  0.0339, -0.0281, -0.0388,  0.0459,
          0.0203, -0.0239]], device='cuda:0') 
Episode: 131, v_vector: tensor([[-0.0345,  0.0623, -0.0311, -0.0366,  0.0338, -0.0280, -0.0387,  0.0459,
          0.0203, -0.0239]], device='cuda:0') 
Episode: 132, v_vector: tensor([[-0.0344,  0.0622, -0.0310, -0.0365,  0.0337, -0.0279, -0.0387,  0.0459,
          0.0202, -0.0238]], device='cuda:0') 
Episode: 133, v_vector: tensor([[-0.0343,  0.0620, -0.0308, -0.0363,  0.0336, -0.0278, -0.0386,  0.0459,
          0.0202, -0.0237]], device='cuda:0') 
Episode: 134, v_vector: tensor([[-0.0342,  0.0619, -0.0307, -0.0362,  0.0335, -0.0277, -0.0385,  0.0459,
          0.0202, -0.0236]], device='cuda:0') 
Episode: 135, v_vector: tensor([[-0.0341,  0.0618, -0.0306, -0.0361,  0.0334, -0.0276, -0.0384,  0.0459,
          0.0202, -0.0235]], device='cuda:0') 
Episode: 136, v_vector: tensor([[-0.0340,  0.0618, -0.0306, -0.0360,  0.0333, -0.0276, -0.0384,  0.0460,
          0.0201, -0.0234]], device='cuda:0') 
Episode: 137, v_vector: tensor([[-0.0339,  0.0617, -0.0305, -0.0359,  0.0332, -0.0275, -0.0383,  0.0460,
          0.0201, -0.0233]], device='cuda:0') 
Episode: 138, v_vector: tensor([[-0.0339,  0.0616, -0.0304, -0.0358,  0.0331, -0.0275, -0.0382,  0.0460,
          0.0200, -0.0232]], device='cuda:0') 
Episode: 139, v_vector: tensor([[-0.0339,  0.0616, -0.0304, -0.0358,  0.0331, -0.0274, -0.0382,  0.0460,
          0.0200, -0.0231]], device='cuda:0') 
Episode: 140, v_vector: tensor([[-0.0339,  0.0616, -0.0303, -0.0357,  0.0331, -0.0274, -0.0381,  0.0461,
          0.0199, -0.0230]], device='cuda:0') 
Episode: 141, v_vector: tensor([[-0.0339,  0.0616, -0.0303, -0.0357,  0.0331, -0.0274, -0.0381,  0.0462,
          0.0199, -0.0230]], device='cuda:0') 
Episode: 142, v_vector: tensor([[-0.0340,  0.0616, -0.0304, -0.0357,  0.0331, -0.0275, -0.0381,  0.0463,
          0.0198, -0.0229]], device='cuda:0') 
Episode: 143, v_vector: tensor([[-0.0340,  0.0616, -0.0303, -0.0357,  0.0330, -0.0275, -0.0381,  0.0464,
          0.0198, -0.0228]], device='cuda:0') 
Episode: 144, v_vector: tensor([[-0.0340,  0.0617, -0.0304, -0.0357,  0.0331, -0.0275, -0.0382,  0.0465,
          0.0197, -0.0227]], device='cuda:0') 
Episode: 145, v_vector: tensor([[-0.0341,  0.0617, -0.0304, -0.0358,  0.0331, -0.0276, -0.0382,  0.0466,
          0.0197, -0.0227]], device='cuda:0') 
Episode: 146, v_vector: tensor([[-0.0341,  0.0618, -0.0304, -0.0358,  0.0331, -0.0276, -0.0382,  0.0467,
          0.0196, -0.0226]], device='cuda:0') 
Episode: 147, v_vector: tensor([[-0.0342,  0.0619, -0.0305, -0.0359,  0.0332, -0.0277, -0.0382,  0.0468,
          0.0196, -0.0225]], device='cuda:0') 
Episode: 148, v_vector: tensor([[-0.0343,  0.0619, -0.0305, -0.0359,  0.0332, -0.0277, -0.0383,  0.0469,
          0.0196, -0.0224]], device='cuda:0') 
Episode: 149, v_vector: tensor([[-0.0343,  0.0619, -0.0306, -0.0359,  0.0332, -0.0278, -0.0383,  0.0469,
          0.0196, -0.0224]], device='cuda:0') 
Episode: 150, v_vector: tensor([[-0.0344,  0.0619, -0.0306, -0.0359,  0.0332, -0.0278, -0.0383,  0.0470,
          0.0197, -0.0224]], device='cuda:0') 
Episode: 151, v_vector: tensor([[-0.0345,  0.0620, -0.0307, -0.0359,  0.0333, -0.0279, -0.0384,  0.0471,
          0.0197, -0.0223]], device='cuda:0') 
Episode: 152, v_vector: tensor([[-0.0346,  0.0621, -0.0307, -0.0360,  0.0333, -0.0279, -0.0385,  0.0472,
          0.0198, -0.0223]], device='cuda:0') 
Episode: 153, v_vector: tensor([[-0.0347,  0.0622, -0.0308, -0.0361,  0.0334, -0.0280, -0.0386,  0.0473,
          0.0199, -0.0223]], device='cuda:0') 
Episode: 154, v_vector: tensor([[-0.0348,  0.0623, -0.0309, -0.0361,  0.0335, -0.0281, -0.0386,  0.0474,
          0.0200, -0.0223]], device='cuda:0') 
Episode: 155, v_vector: tensor([[-0.0349,  0.0624, -0.0310, -0.0362,  0.0335, -0.0281, -0.0387,  0.0474,
          0.0200, -0.0224]], device='cuda:0') 
Episode: 156, v_vector: tensor([[-0.0351,  0.0626, -0.0311, -0.0363,  0.0336, -0.0282, -0.0388,  0.0474,
          0.0201, -0.0225]], device='cuda:0') 
Episode: 157, v_vector: tensor([[-0.0353,  0.0627, -0.0312, -0.0364,  0.0337, -0.0282, -0.0388,  0.0475,
          0.0201, -0.0226]], device='cuda:0') 
Episode: 158, v_vector: tensor([[-0.0354,  0.0629, -0.0314, -0.0365,  0.0338, -0.0282, -0.0389,  0.0475,
          0.0202, -0.0228]], device='cuda:0') 
Episode: 159, v_vector: tensor([[-0.0356,  0.0630, -0.0315, -0.0366,  0.0339, -0.0282, -0.0390,  0.0475,
          0.0202, -0.0229]], device='cuda:0') 
Episode: 160, v_vector: tensor([[-0.0357,  0.0631, -0.0316, -0.0367,  0.0340, -0.0283, -0.0391,  0.0476,
          0.0202, -0.0229]], device='cuda:0') 
Episode: 161, v_vector: tensor([[-0.0358,  0.0632, -0.0317, -0.0368,  0.0341, -0.0283, -0.0392,  0.0476,
          0.0202, -0.0230]], device='cuda:0') 
Episode: 162, v_vector: tensor([[-0.0360,  0.0634, -0.0318, -0.0369,  0.0342, -0.0284, -0.0392,  0.0479,
          0.0203, -0.0230]], device='cuda:0') 
Episode: 163, v_vector: tensor([[-0.0361,  0.0635, -0.0319, -0.0370,  0.0343, -0.0284, -0.0392,  0.0481,
          0.0202, -0.0230]], device='cuda:0') 
Episode: 164, v_vector: tensor([[-0.0362,  0.0636, -0.0320, -0.0370,  0.0343, -0.0284, -0.0392,  0.0483,
          0.0202, -0.0229]], device='cuda:0') 
Episode: 165, v_vector: tensor([[-0.0363,  0.0636, -0.0320, -0.0370,  0.0344, -0.0283, -0.0392,  0.0484,
          0.0202, -0.0228]], device='cuda:0') 
Episode: 166, v_vector: tensor([[-0.0363,  0.0636, -0.0320, -0.0370,  0.0344, -0.0283, -0.0391,  0.0486,
          0.0201, -0.0227]], device='cuda:0') 
Episode: 167, v_vector: tensor([[-0.0363,  0.0636, -0.0320, -0.0370,  0.0343, -0.0282, -0.0391,  0.0487,
          0.0201, -0.0227]], device='cuda:0') 
Episode: 168, v_vector: tensor([[-0.0363,  0.0636, -0.0321, -0.0370,  0.0343, -0.0282, -0.0391,  0.0489,
          0.0201, -0.0227]], device='cuda:0') 
Episode: 169, v_vector: tensor([[-0.0363,  0.0637, -0.0321, -0.0370,  0.0343, -0.0282, -0.0391,  0.0490,
          0.0202, -0.0227]], device='cuda:0') 
Episode: 170, v_vector: tensor([[-0.0364,  0.0637, -0.0321, -0.0370,  0.0343, -0.0282, -0.0391,  0.0491,
          0.0202, -0.0226]], device='cuda:0') 
Episode: 171, v_vector: tensor([[-0.0364,  0.0637, -0.0321, -0.0370,  0.0343, -0.0282, -0.0390,  0.0491,
          0.0201, -0.0226]], device='cuda:0') 
Episode: 172, v_vector: tensor([[-0.0365,  0.0637, -0.0321, -0.0370,  0.0343, -0.0282, -0.0390,  0.0491,
          0.0201, -0.0226]], device='cuda:0') 
Episode: 173, v_vector: tensor([[-0.0365,  0.0638, -0.0322, -0.0370,  0.0343, -0.0282, -0.0390,  0.0492,
          0.0200, -0.0226]], device='cuda:0') 
Episode: 174, v_vector: tensor([[-0.0365,  0.0638, -0.0322, -0.0370,  0.0343, -0.0282, -0.0389,  0.0492,
          0.0200, -0.0226]], device='cuda:0') 
Episode: 175, v_vector: tensor([[-0.0366,  0.0638, -0.0322, -0.0370,  0.0343, -0.0282, -0.0389,  0.0492,
          0.0199, -0.0225]], device='cuda:0') 
Episode: 176, v_vector: tensor([[-0.0366,  0.0638, -0.0323, -0.0370,  0.0343, -0.0282, -0.0389,  0.0492,
          0.0198, -0.0224]], device='cuda:0') 
Episode: 177, v_vector: tensor([[-0.0367,  0.0640, -0.0323, -0.0371,  0.0343, -0.0282, -0.0388,  0.0492,
          0.0198, -0.0221]], device='cuda:0') 
Episode: 178, v_vector: tensor([[-0.0368,  0.0641, -0.0324, -0.0371,  0.0344, -0.0283, -0.0387,  0.0491,
          0.0199, -0.0219]], device='cuda:0') 
Episode: 179, v_vector: tensor([[-0.0369,  0.0641, -0.0325, -0.0371,  0.0344, -0.0283, -0.0386,  0.0491,
          0.0199, -0.0217]], device='cuda:0') 
Episode: 180, v_vector: tensor([[-0.0370,  0.0642, -0.0325, -0.0372,  0.0344, -0.0283, -0.0386,  0.0491,
          0.0199, -0.0215]], device='cuda:0') 
Episode: 181, v_vector: tensor([[-0.0371,  0.0643, -0.0326, -0.0372,  0.0344, -0.0283, -0.0385,  0.0490,
          0.0199, -0.0212]], device='cuda:0') 
Episode: 182, v_vector: tensor([[-0.0372,  0.0644, -0.0326, -0.0372,  0.0344, -0.0283, -0.0384,  0.0490,
          0.0199, -0.0210]], device='cuda:0') 
Episode: 183, v_vector: tensor([[-0.0373,  0.0644, -0.0326, -0.0372,  0.0344, -0.0283, -0.0382,  0.0489,
          0.0200, -0.0208]], device='cuda:0') 
Episode: 184, v_vector: tensor([[-0.0374,  0.0645, -0.0327, -0.0372,  0.0344, -0.0283, -0.0381,  0.0488,
          0.0200, -0.0206]], device='cuda:0') 
Episode: 185, v_vector: tensor([[-0.0375,  0.0646, -0.0327, -0.0373,  0.0344, -0.0283, -0.0381,  0.0488,
          0.0201, -0.0204]], device='cuda:0') 
Episode: 186, v_vector: tensor([[-0.0376,  0.0647, -0.0328, -0.0373,  0.0344, -0.0284, -0.0380,  0.0488,
          0.0201, -0.0202]], device='cuda:0') 
Episode: 187, v_vector: tensor([[-0.0378,  0.0648, -0.0329, -0.0374,  0.0345, -0.0284, -0.0380,  0.0488,
          0.0202, -0.0201]], device='cuda:0') 
Episode: 188, v_vector: tensor([[-0.0378,  0.0649, -0.0329, -0.0374,  0.0345, -0.0284, -0.0379,  0.0488,
          0.0202, -0.0200]], device='cuda:0') 
Episode: 189, v_vector: tensor([[-0.0379,  0.0649, -0.0330, -0.0374,  0.0344, -0.0284, -0.0379,  0.0487,
          0.0203, -0.0198]], device='cuda:0') 
Episode: 190, v_vector: tensor([[-0.0379,  0.0649, -0.0330, -0.0374,  0.0344, -0.0284, -0.0378,  0.0487,
          0.0203, -0.0197]], device='cuda:0') 
Episode: 191, v_vector: tensor([[-0.0379,  0.0649, -0.0330, -0.0374,  0.0344, -0.0283, -0.0377,  0.0487,
          0.0203, -0.0197]], device='cuda:0') 
Episode: 192, v_vector: tensor([[-0.0380,  0.0649, -0.0330, -0.0374,  0.0343, -0.0283, -0.0377,  0.0487,
          0.0204, -0.0196]], device='cuda:0') 
Episode: 193, v_vector: tensor([[-0.0380,  0.0649, -0.0329, -0.0373,  0.0343, -0.0283, -0.0376,  0.0486,
          0.0204, -0.0195]], device='cuda:0') 
Episode: 194, v_vector: tensor([[-0.0380,  0.0650, -0.0329, -0.0373,  0.0343, -0.0282, -0.0376,  0.0486,
          0.0204, -0.0194]], device='cuda:0') 
Episode: 195, v_vector: tensor([[-0.0381,  0.0650, -0.0329, -0.0373,  0.0342, -0.0282, -0.0375,  0.0486,
          0.0205, -0.0193]], device='cuda:0') 
Episode: 196, v_vector: tensor([[-0.0381,  0.0650, -0.0329, -0.0373,  0.0342, -0.0282, -0.0374,  0.0486,
          0.0205, -0.0192]], device='cuda:0') 
Episode: 197, v_vector: tensor([[-0.0381,  0.0650, -0.0329, -0.0372,  0.0341, -0.0282, -0.0374,  0.0485,
          0.0206, -0.0192]], device='cuda:0') 
Episode: 198, v_vector: tensor([[-0.0381,  0.0650, -0.0328, -0.0372,  0.0340, -0.0281, -0.0373,  0.0484,
          0.0206, -0.0191]], device='cuda:0') 
Episode: 199, v_vector: tensor([[-0.0382,  0.0650, -0.0328, -0.0372,  0.0340, -0.0281, -0.0372,  0.0483,
          0.0206, -0.0190]], device='cuda:0') 
Episode: 200, v_vector: tensor([[-0.0382,  0.0650, -0.0328, -0.0371,  0.0339, -0.0280, -0.0371,  0.0483,
          0.0206, -0.0190]], device='cuda:0') 
Episode: 201, v_vector: tensor([[-0.0382,  0.0650, -0.0328, -0.0371,  0.0338, -0.0280, -0.0371,  0.0482,
          0.0206, -0.0189]], device='cuda:0') 
Episode: 202, v_vector: tensor([[-0.0382,  0.0650, -0.0327, -0.0371,  0.0338, -0.0280, -0.0371,  0.0481,
          0.0207, -0.0189]], device='cuda:0') 
Episode: 203, v_vector: tensor([[-0.0382,  0.0650, -0.0327, -0.0370,  0.0338, -0.0279, -0.0370,  0.0481,
          0.0207, -0.0189]], device='cuda:0') 
Episode: 204, v_vector: tensor([[-0.0382,  0.0650, -0.0327, -0.0370,  0.0337, -0.0279, -0.0370,  0.0480,
          0.0207, -0.0189]], device='cuda:0') 
Episode: 205, v_vector: tensor([[-0.0383,  0.0650, -0.0327, -0.0370,  0.0337, -0.0279, -0.0370,  0.0480,
          0.0208, -0.0189]], device='cuda:0') 
Episode: 206, v_vector: tensor([[-0.0383,  0.0650, -0.0327, -0.0370,  0.0337, -0.0278, -0.0370,  0.0480,
          0.0208, -0.0188]], device='cuda:0') 
Episode: 207, v_vector: tensor([[-0.0382,  0.0649, -0.0327, -0.0369,  0.0336, -0.0278, -0.0370,  0.0480,
          0.0208, -0.0188]], device='cuda:0') 
Episode: 208, v_vector: tensor([[-0.0383,  0.0649, -0.0327, -0.0369,  0.0336, -0.0277, -0.0369,  0.0480,
          0.0209, -0.0188]], device='cuda:0') 
Episode: 209, v_vector: tensor([[-0.0383,  0.0649, -0.0327, -0.0369,  0.0336, -0.0277, -0.0369,  0.0480,
          0.0209, -0.0188]], device='cuda:0') 
Episode: 210, v_vector: tensor([[-0.0383,  0.0650, -0.0327, -0.0369,  0.0336, -0.0277, -0.0369,  0.0480,
          0.0209, -0.0187]], device='cuda:0') 
Episode: 211, v_vector: tensor([[-0.0383,  0.0649, -0.0326, -0.0368,  0.0335, -0.0276, -0.0369,  0.0480,
          0.0209, -0.0187]], device='cuda:0') 
Episode: 212, v_vector: tensor([[-0.0383,  0.0649, -0.0325, -0.0368,  0.0334, -0.0275, -0.0368,  0.0479,
          0.0209, -0.0187]], device='cuda:0') 
Episode: 213, v_vector: tensor([[-0.0382,  0.0648, -0.0325, -0.0367,  0.0333, -0.0274, -0.0368,  0.0479,
          0.0209, -0.0186]], device='cuda:0') 
Episode: 214, v_vector: tensor([[-0.0381,  0.0647, -0.0324, -0.0366,  0.0332, -0.0273, -0.0367,  0.0478,
          0.0209, -0.0186]], device='cuda:0') 
Episode: 215, v_vector: tensor([[-0.0381,  0.0646, -0.0323, -0.0365,  0.0331, -0.0272, -0.0366,  0.0478,
          0.0209, -0.0186]], device='cuda:0') 
Episode: 216, v_vector: tensor([[-0.0381,  0.0646, -0.0322, -0.0364,  0.0331, -0.0272, -0.0366,  0.0478,
          0.0209, -0.0185]], device='cuda:0') 
Episode: 217, v_vector: tensor([[-0.0381,  0.0646, -0.0322, -0.0364,  0.0330, -0.0271, -0.0366,  0.0477,
          0.0209, -0.0185]], device='cuda:0') 
Episode: 218, v_vector: tensor([[-0.0381,  0.0645, -0.0322, -0.0363,  0.0329, -0.0271, -0.0366,  0.0477,
          0.0209, -0.0185]], device='cuda:0') 
Episode: 219, v_vector: tensor([[-0.0380,  0.0645, -0.0321, -0.0363,  0.0329, -0.0271, -0.0366,  0.0477,
          0.0209, -0.0185]], device='cuda:0') 
Episode: 220, v_vector: tensor([[-0.0379,  0.0644, -0.0320, -0.0362,  0.0328, -0.0270, -0.0365,  0.0477,
          0.0209, -0.0186]], device='cuda:0') 
Episode: 221, v_vector: tensor([[-0.0379,  0.0643, -0.0320, -0.0361,  0.0328, -0.0270, -0.0366,  0.0478,
          0.0210, -0.0186]], device='cuda:0') 
Episode: 222, v_vector: tensor([[-0.0379,  0.0643, -0.0319, -0.0361,  0.0327, -0.0270, -0.0366,  0.0479,
          0.0211, -0.0186]], device='cuda:0') 
Episode: 223, v_vector: tensor([[-0.0379,  0.0642, -0.0319, -0.0361,  0.0327, -0.0270, -0.0367,  0.0480,
          0.0211, -0.0187]], device='cuda:0') 
Episode: 224, v_vector: tensor([[-0.0378,  0.0642, -0.0318, -0.0360,  0.0326, -0.0269, -0.0367,  0.0480,
          0.0211, -0.0187]], device='cuda:0') 
Episode: 225, v_vector: tensor([[-0.0378,  0.0641, -0.0318, -0.0360,  0.0326, -0.0270, -0.0368,  0.0481,
          0.0211, -0.0187]], device='cuda:0') 
Episode: 226, v_vector: tensor([[-0.0378,  0.0641, -0.0317, -0.0360,  0.0326, -0.0270, -0.0368,  0.0482,
          0.0211, -0.0187]], device='cuda:0') 
Episode: 227, v_vector: tensor([[-0.0378,  0.0641, -0.0318, -0.0360,  0.0326, -0.0270, -0.0368,  0.0483,
          0.0211, -0.0188]], device='cuda:0') 
Episode: 228, v_vector: tensor([[-0.0379,  0.0642, -0.0318, -0.0360,  0.0326, -0.0270, -0.0369,  0.0484,
          0.0211, -0.0189]], device='cuda:0') 
Episode: 229, v_vector: tensor([[-0.0379,  0.0642, -0.0318, -0.0360,  0.0325, -0.0270, -0.0369,  0.0484,
          0.0212, -0.0190]], device='cuda:0') 
Episode: 230, v_vector: tensor([[-0.0380,  0.0642, -0.0318, -0.0360,  0.0325, -0.0270, -0.0370,  0.0485,
          0.0212, -0.0191]], device='cuda:0') 
Episode: 231, v_vector: tensor([[-0.0381,  0.0643, -0.0318, -0.0360,  0.0326, -0.0270, -0.0371,  0.0486,
          0.0212, -0.0191]], device='cuda:0') 
Episode: 232, v_vector: tensor([[-0.0381,  0.0643, -0.0318, -0.0360,  0.0326, -0.0270, -0.0371,  0.0486,
          0.0213, -0.0192]], device='cuda:0') 
Episode: 233, v_vector: tensor([[-0.0381,  0.0643, -0.0318, -0.0361,  0.0326, -0.0271, -0.0372,  0.0486,
          0.0213, -0.0192]], device='cuda:0') 
Episode: 234, v_vector: tensor([[-0.0382,  0.0643, -0.0318, -0.0361,  0.0326, -0.0271, -0.0373,  0.0487,
          0.0214, -0.0193]], device='cuda:0') 
Episode: 235, v_vector: tensor([[-0.0381,  0.0643, -0.0318, -0.0360,  0.0326, -0.0270, -0.0373,  0.0486,
          0.0215, -0.0192]], device='cuda:0') 
Episode: 236, v_vector: tensor([[-0.0381,  0.0643, -0.0318, -0.0360,  0.0325, -0.0270, -0.0374,  0.0486,
          0.0215, -0.0192]], device='cuda:0') 
Episode: 237, v_vector: tensor([[-0.0382,  0.0644, -0.0319, -0.0361,  0.0326, -0.0271, -0.0374,  0.0486,
          0.0216, -0.0192]], device='cuda:0') 
Episode: 238, v_vector: tensor([[-0.0383,  0.0644, -0.0319, -0.0362,  0.0327, -0.0272, -0.0375,  0.0486,
          0.0216, -0.0192]], device='cuda:0') 
Episode: 239, v_vector: tensor([[-0.0384,  0.0645, -0.0320, -0.0362,  0.0327, -0.0272, -0.0376,  0.0486,
          0.0217, -0.0192]], device='cuda:0') 
Episode: 240, v_vector: tensor([[-0.0383,  0.0644, -0.0319, -0.0362,  0.0327, -0.0272, -0.0375,  0.0485,
          0.0217, -0.0191]], device='cuda:0') 
Episode: 241, v_vector: tensor([[-0.0383,  0.0644, -0.0319, -0.0362,  0.0326, -0.0272, -0.0375,  0.0484,
          0.0217, -0.0190]], device='cuda:0') 
Episode: 242, v_vector: tensor([[-0.0383,  0.0644, -0.0319, -0.0361,  0.0326, -0.0271, -0.0374,  0.0483,
          0.0217, -0.0189]], device='cuda:0') 
Episode: 243, v_vector: tensor([[-0.0383,  0.0643, -0.0318, -0.0361,  0.0326, -0.0271, -0.0374,  0.0483,
          0.0217, -0.0189]], device='cuda:0') 
Episode: 244, v_vector: tensor([[-0.0382,  0.0643, -0.0318, -0.0360,  0.0325, -0.0271, -0.0373,  0.0482,
          0.0217, -0.0188]], device='cuda:0') 
Episode: 245, v_vector: tensor([[-0.0382,  0.0642, -0.0317, -0.0360,  0.0325, -0.0270, -0.0373,  0.0481,
          0.0217, -0.0188]], device='cuda:0') 
Episode: 246, v_vector: tensor([[-0.0382,  0.0642, -0.0317, -0.0360,  0.0325, -0.0270, -0.0373,  0.0481,
          0.0218, -0.0187]], device='cuda:0') 
Episode: 247, v_vector: tensor([[-0.0382,  0.0642, -0.0317, -0.0359,  0.0324, -0.0270, -0.0372,  0.0480,
          0.0218, -0.0186]], device='cuda:0') 
Episode: 248, v_vector: tensor([[-0.0381,  0.0642, -0.0316, -0.0359,  0.0324, -0.0270, -0.0372,  0.0479,
          0.0219, -0.0186]], device='cuda:0') 
Episode: 249, v_vector: tensor([[-0.0381,  0.0641, -0.0316, -0.0359,  0.0324, -0.0270, -0.0371,  0.0479,
          0.0219, -0.0185]], device='cuda:0') 
Episode: 250, v_vector: tensor([[-0.0381,  0.0641, -0.0316, -0.0358,  0.0323, -0.0270, -0.0371,  0.0479,
          0.0219, -0.0185]], device='cuda:0') 
Episode: 251, v_vector: tensor([[-0.0381,  0.0641, -0.0316, -0.0358,  0.0323, -0.0270, -0.0371,  0.0478,
          0.0219, -0.0184]], device='cuda:0') 
Episode: 252, v_vector: tensor([[-0.0381,  0.0641, -0.0316, -0.0358,  0.0323, -0.0270, -0.0371,  0.0478,
          0.0219, -0.0184]], device='cuda:0') 
Episode: 253, v_vector: tensor([[-0.0382,  0.0641, -0.0315, -0.0358,  0.0323, -0.0270, -0.0371,  0.0478,
          0.0219, -0.0184]], device='cuda:0') 
Episode: 254, v_vector: tensor([[-0.0382,  0.0641, -0.0315, -0.0358,  0.0323, -0.0270, -0.0371,  0.0477,
          0.0218, -0.0183]], device='cuda:0') 
Episode: 255, v_vector: tensor([[-0.0382,  0.0641, -0.0315, -0.0358,  0.0322, -0.0270, -0.0371,  0.0476,
          0.0218, -0.0183]], device='cuda:0') 
Episode: 256, v_vector: tensor([[-0.0382,  0.0641, -0.0315, -0.0357,  0.0322, -0.0269, -0.0370,  0.0476,
          0.0218, -0.0183]], device='cuda:0') 
Episode: 257, v_vector: tensor([[-0.0382,  0.0641, -0.0315, -0.0357,  0.0321, -0.0269, -0.0370,  0.0475,
          0.0217, -0.0182]], device='cuda:0') 
Episode: 258, v_vector: tensor([[-0.0382,  0.0640, -0.0314, -0.0356,  0.0320, -0.0268, -0.0369,  0.0475,
          0.0217, -0.0182]], device='cuda:0') 
Episode: 259, v_vector: tensor([[-0.0381,  0.0639, -0.0313, -0.0355,  0.0319, -0.0267, -0.0368,  0.0474,
          0.0216, -0.0182]], device='cuda:0') 
Episode: 260, v_vector: tensor([[-0.0381,  0.0639, -0.0313, -0.0355,  0.0318, -0.0266, -0.0367,  0.0473,
          0.0216, -0.0181]], device='cuda:0') 
Episode: 261, v_vector: tensor([[-0.0381,  0.0639, -0.0312, -0.0354,  0.0318, -0.0265, -0.0367,  0.0473,
          0.0216, -0.0181]], device='cuda:0') 
Episode: 262, v_vector: tensor([[-0.0381,  0.0638, -0.0312, -0.0354,  0.0317, -0.0265, -0.0366,  0.0473,
          0.0216, -0.0181]], device='cuda:0') 
Episode: 263, v_vector: tensor([[-0.0381,  0.0638, -0.0312, -0.0353,  0.0317, -0.0264, -0.0366,  0.0473,
          0.0216, -0.0181]], device='cuda:0') 
Episode: 264, v_vector: tensor([[-0.0381,  0.0638, -0.0312, -0.0354,  0.0317, -0.0264, -0.0366,  0.0473,
          0.0216, -0.0181]], device='cuda:0') 
Episode: 265, v_vector: tensor([[-0.0382,  0.0639, -0.0312, -0.0354,  0.0317, -0.0265, -0.0366,  0.0473,
          0.0216, -0.0180]], device='cuda:0') 
Episode: 266, v_vector: tensor([[-0.0382,  0.0639, -0.0312, -0.0354,  0.0317, -0.0265, -0.0367,  0.0473,
          0.0217, -0.0180]], device='cuda:0') 
Episode: 267, v_vector: tensor([[-0.0383,  0.0639, -0.0313, -0.0354,  0.0317, -0.0265, -0.0367,  0.0473,
          0.0217, -0.0181]], device='cuda:0') 
Episode: 268, v_vector: tensor([[-0.0383,  0.0640, -0.0313, -0.0354,  0.0317, -0.0265, -0.0367,  0.0472,
          0.0218, -0.0181]], device='cuda:0') 
Episode: 269, v_vector: tensor([[-0.0384,  0.0640, -0.0314, -0.0355,  0.0317, -0.0265, -0.0367,  0.0472,
          0.0218, -0.0181]], device='cuda:0') 
Episode: 270, v_vector: tensor([[-0.0384,  0.0640, -0.0314, -0.0354,  0.0317, -0.0264, -0.0366,  0.0472,
          0.0218, -0.0181]], device='cuda:0') 
Episode: 271, v_vector: tensor([[-0.0384,  0.0640, -0.0314, -0.0354,  0.0316, -0.0264, -0.0366,  0.0471,
          0.0219, -0.0181]], device='cuda:0') 
Episode: 272, v_vector: tensor([[-0.0384,  0.0640, -0.0313, -0.0354,  0.0316, -0.0263, -0.0365,  0.0470,
          0.0219, -0.0182]], device='cuda:0') 
Episode: 273, v_vector: tensor([[-0.0384,  0.0641, -0.0314, -0.0354,  0.0316, -0.0264, -0.0365,  0.0470,
          0.0220, -0.0182]], device='cuda:0') 
Episode: 274, v_vector: tensor([[-0.0385,  0.0641, -0.0314, -0.0355,  0.0316, -0.0264, -0.0365,  0.0470,
          0.0221, -0.0183]], device='cuda:0') 
Episode: 275, v_vector: tensor([[-0.0385,  0.0642, -0.0314, -0.0355,  0.0316, -0.0263, -0.0364,  0.0470,
          0.0221, -0.0183]], device='cuda:0') 
Episode: 276, v_vector: tensor([[-0.0385,  0.0641, -0.0314, -0.0355,  0.0316, -0.0263, -0.0364,  0.0469,
          0.0221, -0.0183]], device='cuda:0') 
Episode: 277, v_vector: tensor([[-0.0385,  0.0641, -0.0314, -0.0355,  0.0316, -0.0263, -0.0363,  0.0469,
          0.0222, -0.0183]], device='cuda:0') 
Episode: 278, v_vector: tensor([[-0.0385,  0.0642, -0.0314, -0.0355,  0.0316, -0.0262, -0.0363,  0.0468,
          0.0222, -0.0183]], device='cuda:0') 
Episode: 279, v_vector: tensor([[-0.0385,  0.0641, -0.0314, -0.0354,  0.0315, -0.0262, -0.0363,  0.0468,
          0.0222, -0.0183]], device='cuda:0') 
Episode: 280, v_vector: tensor([[-0.0385,  0.0641, -0.0314, -0.0354,  0.0315, -0.0262, -0.0362,  0.0467,
          0.0222, -0.0183]], device='cuda:0') 
Episode: 281, v_vector: tensor([[-0.0385,  0.0641, -0.0314, -0.0354,  0.0315, -0.0261, -0.0362,  0.0467,
          0.0223, -0.0182]], device='cuda:0') 
Episode: 282, v_vector: tensor([[-0.0385,  0.0641, -0.0314, -0.0354,  0.0315, -0.0262, -0.0362,  0.0467,
          0.0223, -0.0183]], device='cuda:0') 
Episode: 283, v_vector: tensor([[-0.0385,  0.0641, -0.0314, -0.0354,  0.0315, -0.0261, -0.0362,  0.0467,
          0.0223, -0.0183]], device='cuda:0') 
Episode: 284, v_vector: tensor([[-0.0385,  0.0641, -0.0314, -0.0354,  0.0315, -0.0261, -0.0362,  0.0467,
          0.0224, -0.0182]], device='cuda:0') 
Episode: 285, v_vector: tensor([[-0.0386,  0.0642, -0.0314, -0.0355,  0.0315, -0.0261, -0.0362,  0.0467,
          0.0224, -0.0182]], device='cuda:0') 
Episode: 286, v_vector: tensor([[-0.0386,  0.0642, -0.0315, -0.0355,  0.0316, -0.0262, -0.0362,  0.0467,
          0.0224, -0.0182]], device='cuda:0') 
Episode: 287, v_vector: tensor([[-0.0386,  0.0642, -0.0314, -0.0355,  0.0315, -0.0261, -0.0362,  0.0466,
          0.0224, -0.0182]], device='cuda:0') 
Episode: 288, v_vector: tensor([[-0.0386,  0.0642, -0.0315, -0.0355,  0.0315, -0.0261, -0.0361,  0.0466,
          0.0225, -0.0183]], device='cuda:0') 
Episode: 289, v_vector: tensor([[-0.0387,  0.0643, -0.0315, -0.0355,  0.0315, -0.0261, -0.0361,  0.0466,
          0.0225, -0.0183]], device='cuda:0') 
Episode: 290, v_vector: tensor([[-0.0388,  0.0644, -0.0316, -0.0356,  0.0316, -0.0261, -0.0361,  0.0467,
          0.0226, -0.0183]], device='cuda:0') 
Episode: 291, v_vector: tensor([[-0.0390,  0.0645, -0.0317, -0.0357,  0.0317, -0.0262, -0.0361,  0.0468,
          0.0226, -0.0183]], device='cuda:0') 
Episode: 292, v_vector: tensor([[-0.0391,  0.0646, -0.0318, -0.0358,  0.0317, -0.0263, -0.0362,  0.0468,
          0.0227, -0.0184]], device='cuda:0') 
Episode: 293, v_vector: tensor([[-0.0392,  0.0647, -0.0319, -0.0359,  0.0318, -0.0263, -0.0362,  0.0469,
          0.0229, -0.0184]], device='cuda:0') 
Episode: 294, v_vector: tensor([[-0.0393,  0.0648, -0.0320, -0.0360,  0.0319, -0.0263, -0.0362,  0.0469,
          0.0230, -0.0184]], device='cuda:0') 
Episode: 295, v_vector: tensor([[-0.0394,  0.0649, -0.0321, -0.0360,  0.0319, -0.0264, -0.0362,  0.0469,
          0.0231, -0.0184]], device='cuda:0') 
Episode: 296, v_vector: tensor([[-0.0395,  0.0650, -0.0321, -0.0361,  0.0320, -0.0265, -0.0363,  0.0470,
          0.0232, -0.0185]], device='cuda:0') 
Episode: 297, v_vector: tensor([[-0.0396,  0.0651, -0.0322, -0.0362,  0.0321, -0.0265, -0.0363,  0.0471,
          0.0233, -0.0186]], device='cuda:0') 
Episode: 298, v_vector: tensor([[-0.0397,  0.0652, -0.0323, -0.0362,  0.0321, -0.0265, -0.0363,  0.0471,
          0.0234, -0.0186]], device='cuda:0') 
Episode: 299, v_vector: tensor([[-0.0397,  0.0652, -0.0323, -0.0363,  0.0322, -0.0266, -0.0363,  0.0472,
          0.0234, -0.0187]], device='cuda:0') 
Episode: 300, v_vector: tensor([[-0.0398,  0.0653, -0.0324, -0.0363,  0.0322, -0.0266, -0.0364,  0.0473,
          0.0235, -0.0188]], device='cuda:0') 
Episode: 301, v_vector: tensor([[-0.0399,  0.0653, -0.0324, -0.0364,  0.0322, -0.0266, -0.0364,  0.0474,
          0.0235, -0.0189]], device='cuda:0') 
Episode: 302, v_vector: tensor([[-0.0400,  0.0654, -0.0325, -0.0364,  0.0323, -0.0266, -0.0364,  0.0475,
          0.0235, -0.0189]], device='cuda:0') 
Episode: 303, v_vector: tensor([[-0.0401,  0.0655, -0.0325, -0.0365,  0.0323, -0.0266, -0.0365,  0.0476,
          0.0236, -0.0190]], device='cuda:0') 
Episode: 304, v_vector: tensor([[-0.0401,  0.0655, -0.0326, -0.0365,  0.0324, -0.0266, -0.0365,  0.0476,
          0.0236, -0.0190]], device='cuda:0') 
Episode: 305, v_vector: tensor([[-0.0402,  0.0656, -0.0326, -0.0365,  0.0324, -0.0266, -0.0366,  0.0477,
          0.0237, -0.0190]], device='cuda:0') 
Episode: 306, v_vector: tensor([[-0.0402,  0.0656, -0.0326, -0.0365,  0.0324, -0.0266, -0.0366,  0.0478,
          0.0238, -0.0191]], device='cuda:0') 
Episode: 307, v_vector: tensor([[-0.0403,  0.0656, -0.0327, -0.0366,  0.0325, -0.0266, -0.0366,  0.0479,
          0.0239, -0.0192]], device='cuda:0') 
Episode: 308, v_vector: tensor([[-0.0403,  0.0657, -0.0327, -0.0367,  0.0325, -0.0266, -0.0367,  0.0479,
          0.0239, -0.0192]], device='cuda:0') 
Episode: 309, v_vector: tensor([[-0.0404,  0.0657, -0.0328, -0.0367,  0.0325, -0.0267, -0.0367,  0.0480,
          0.0240, -0.0192]], device='cuda:0') 
Episode: 310, v_vector: tensor([[-0.0404,  0.0658, -0.0328, -0.0367,  0.0325, -0.0267, -0.0367,  0.0481,
          0.0240, -0.0192]], device='cuda:0') 
Episode: 311, v_vector: tensor([[-0.0405,  0.0658, -0.0328, -0.0367,  0.0325, -0.0266, -0.0367,  0.0480,
          0.0241, -0.0191]], device='cuda:0') 
Episode: 312, v_vector: tensor([[-0.0405,  0.0658, -0.0328, -0.0367,  0.0324, -0.0266, -0.0367,  0.0480,
          0.0241, -0.0191]], device='cuda:0') 
Episode: 313, v_vector: tensor([[-0.0405,  0.0658, -0.0328, -0.0367,  0.0324, -0.0265, -0.0367,  0.0480,
          0.0242, -0.0190]], device='cuda:0') 
Episode: 314, v_vector: tensor([[-0.0406,  0.0658, -0.0328, -0.0368,  0.0324, -0.0265, -0.0367,  0.0479,
          0.0242, -0.0190]], device='cuda:0') 
Episode: 315, v_vector: tensor([[-0.0406,  0.0658, -0.0328, -0.0368,  0.0323, -0.0265, -0.0367,  0.0479,
          0.0242, -0.0189]], device='cuda:0') 
Episode: 316, v_vector: tensor([[-0.0406,  0.0658, -0.0328, -0.0367,  0.0322, -0.0264, -0.0367,  0.0478,
          0.0242, -0.0189]], device='cuda:0') 
Episode: 317, v_vector: tensor([[-0.0406,  0.0658, -0.0328, -0.0367,  0.0322, -0.0263, -0.0367,  0.0477,
          0.0242, -0.0189]], device='cuda:0') 
Episode: 318, v_vector: tensor([[-0.0406,  0.0658, -0.0327, -0.0366,  0.0321, -0.0263, -0.0366,  0.0477,
          0.0242, -0.0189]], device='cuda:0') 
Episode: 319, v_vector: tensor([[-0.0406,  0.0658, -0.0327, -0.0366,  0.0320, -0.0262, -0.0366,  0.0476,
          0.0242, -0.0190]], device='cuda:0') 
Episode: 320, v_vector: tensor([[-0.0407,  0.0658, -0.0327, -0.0366,  0.0320, -0.0262, -0.0365,  0.0475,
          0.0243, -0.0191]], device='cuda:0') 
Episode: 321, v_vector: tensor([[-0.0407,  0.0658, -0.0327, -0.0366,  0.0319, -0.0261, -0.0365,  0.0475,
          0.0243, -0.0192]], device='cuda:0') 
Episode: 322, v_vector: tensor([[-0.0407,  0.0658, -0.0327, -0.0365,  0.0319, -0.0261, -0.0365,  0.0475,
          0.0243, -0.0192]], device='cuda:0') 
Episode: 323, v_vector: tensor([[-0.0407,  0.0658, -0.0326, -0.0365,  0.0318, -0.0260, -0.0364,  0.0474,
          0.0243, -0.0193]], device='cuda:0') 
Episode: 324, v_vector: tensor([[-0.0407,  0.0657, -0.0326, -0.0364,  0.0317, -0.0259, -0.0364,  0.0474,
          0.0243, -0.0194]], device='cuda:0') 
Episode: 325, v_vector: tensor([[-0.0406,  0.0657, -0.0325, -0.0363,  0.0316, -0.0259, -0.0363,  0.0474,
          0.0243, -0.0194]], device='cuda:0') 
Episode: 326, v_vector: tensor([[-0.0406,  0.0657, -0.0325, -0.0363,  0.0315, -0.0258, -0.0362,  0.0473,
          0.0243, -0.0194]], device='cuda:0') 
Episode: 327, v_vector: tensor([[-0.0406,  0.0657, -0.0324, -0.0362,  0.0315, -0.0257, -0.0361,  0.0473,
          0.0244, -0.0194]], device='cuda:0') 
Episode: 328, v_vector: tensor([[-0.0406,  0.0656, -0.0324, -0.0362,  0.0314, -0.0257, -0.0361,  0.0473,
          0.0244, -0.0194]], device='cuda:0') 
Episode: 329, v_vector: tensor([[-0.0406,  0.0656, -0.0323, -0.0361,  0.0313, -0.0256, -0.0360,  0.0472,
          0.0244, -0.0194]], device='cuda:0') 
Episode: 330, v_vector: tensor([[-0.0405,  0.0655, -0.0322, -0.0360,  0.0312, -0.0255, -0.0359,  0.0472,
          0.0244, -0.0195]], device='cuda:0') 
Episode: 331, v_vector: tensor([[-0.0405,  0.0654, -0.0322, -0.0360,  0.0312, -0.0255, -0.0359,  0.0472,
          0.0244, -0.0196]], device='cuda:0') 
Episode: 332, v_vector: tensor([[-0.0404,  0.0654, -0.0321, -0.0359,  0.0311, -0.0254, -0.0359,  0.0472,
          0.0244, -0.0196]], device='cuda:0') 
Episode: 333, v_vector: tensor([[-0.0404,  0.0653, -0.0321, -0.0358,  0.0310, -0.0254, -0.0358,  0.0471,
          0.0244, -0.0197]], device='cuda:0') 
Episode: 334, v_vector: tensor([[-0.0404,  0.0653, -0.0320, -0.0358,  0.0310, -0.0254, -0.0358,  0.0471,
          0.0245, -0.0197]], device='cuda:0') 
Episode: 335, v_vector: tensor([[-0.0404,  0.0653, -0.0320, -0.0358,  0.0310, -0.0254, -0.0358,  0.0471,
          0.0245, -0.0197]], device='cuda:0') 
Episode: 336, v_vector: tensor([[-0.0405,  0.0653, -0.0321, -0.0358,  0.0310, -0.0254, -0.0358,  0.0471,
          0.0246, -0.0197]], device='cuda:0') 
Episode: 337, v_vector: tensor([[-0.0405,  0.0653, -0.0320, -0.0358,  0.0310, -0.0254, -0.0359,  0.0471,
          0.0246, -0.0197]], device='cuda:0') 
Episode: 338, v_vector: tensor([[-0.0406,  0.0654, -0.0321, -0.0358,  0.0310, -0.0255, -0.0359,  0.0470,
          0.0247, -0.0198]], device='cuda:0') 
Episode: 339, v_vector: tensor([[-0.0405,  0.0653, -0.0320, -0.0358,  0.0309, -0.0255, -0.0359,  0.0470,
          0.0247, -0.0198]], device='cuda:0') 
Episode: 340, v_vector: tensor([[-0.0405,  0.0653, -0.0320, -0.0357,  0.0309, -0.0255, -0.0359,  0.0470,
          0.0247, -0.0198]], device='cuda:0') 
Episode: 341, v_vector: tensor([[-0.0405,  0.0653, -0.0320, -0.0357,  0.0308, -0.0254, -0.0358,  0.0469,
          0.0247, -0.0199]], device='cuda:0') 
Episode: 342, v_vector: tensor([[-0.0405,  0.0653, -0.0320, -0.0357,  0.0308, -0.0255, -0.0359,  0.0470,
          0.0247, -0.0199]], device='cuda:0') 
Episode: 343, v_vector: tensor([[-0.0406,  0.0653, -0.0320, -0.0357,  0.0309, -0.0255, -0.0359,  0.0470,
          0.0248, -0.0200]], device='cuda:0') 
Episode: 344, v_vector: tensor([[-0.0406,  0.0653, -0.0320, -0.0357,  0.0308, -0.0255, -0.0360,  0.0470,
          0.0248, -0.0200]], device='cuda:0') 
Episode: 345, v_vector: tensor([[-0.0406,  0.0653, -0.0320, -0.0357,  0.0308, -0.0255, -0.0360,  0.0470,
          0.0249, -0.0201]], device='cuda:0') 
Episode: 346, v_vector: tensor([[-0.0406,  0.0653, -0.0320, -0.0357,  0.0308, -0.0255, -0.0360,  0.0470,
          0.0249, -0.0201]], device='cuda:0') 
Episode: 347, v_vector: tensor([[-0.0406,  0.0653, -0.0320, -0.0357,  0.0308, -0.0255, -0.0360,  0.0470,
          0.0250, -0.0201]], device='cuda:0') 
Episode: 348, v_vector: tensor([[-0.0405,  0.0652, -0.0319, -0.0356,  0.0307, -0.0254, -0.0360,  0.0470,
          0.0250, -0.0201]], device='cuda:0') 
Episode: 349, v_vector: tensor([[-0.0405,  0.0652, -0.0319, -0.0356,  0.0307, -0.0254, -0.0361,  0.0470,
          0.0251, -0.0202]], device='cuda:0') 
Episode: 350, v_vector: tensor([[-0.0405,  0.0652, -0.0319, -0.0356,  0.0307, -0.0254, -0.0361,  0.0470,
          0.0251, -0.0202]], device='cuda:0') 
Episode: 351, v_vector: tensor([[-0.0405,  0.0651, -0.0319, -0.0355,  0.0307, -0.0253, -0.0361,  0.0469,
          0.0252, -0.0202]], device='cuda:0') 
Episode: 352, v_vector: tensor([[-0.0404,  0.0651, -0.0318, -0.0355,  0.0306, -0.0252, -0.0361,  0.0469,
          0.0252, -0.0203]], device='cuda:0') 
Episode: 353, v_vector: tensor([[-0.0403,  0.0650, -0.0317, -0.0354,  0.0305, -0.0252, -0.0360,  0.0468,
          0.0252, -0.0203]], device='cuda:0') 
Episode: 354, v_vector: tensor([[-0.0403,  0.0649, -0.0316, -0.0353,  0.0304, -0.0250, -0.0360,  0.0467,
          0.0251, -0.0203]], device='cuda:0') 
Episode: 355, v_vector: tensor([[-0.0402,  0.0649, -0.0316, -0.0352,  0.0303, -0.0250, -0.0359,  0.0467,
          0.0251, -0.0203]], device='cuda:0') 
Episode: 356, v_vector: tensor([[-0.0402,  0.0649, -0.0315, -0.0352,  0.0303, -0.0249, -0.0359,  0.0466,
          0.0250, -0.0203]], device='cuda:0') 
Episode: 357, v_vector: tensor([[-0.0402,  0.0649, -0.0315, -0.0352,  0.0302, -0.0249, -0.0359,  0.0465,
          0.0250, -0.0202]], device='cuda:0') 
Episode: 358, v_vector: tensor([[-0.0403,  0.0649, -0.0315, -0.0352,  0.0302, -0.0249, -0.0360,  0.0465,
          0.0250, -0.0201]], device='cuda:0') 
Episode: 359, v_vector: tensor([[-0.0403,  0.0649, -0.0315, -0.0352,  0.0302, -0.0249, -0.0360,  0.0464,
          0.0249, -0.0200]], device='cuda:0') 
Episode: 360, v_vector: tensor([[-0.0404,  0.0649, -0.0316, -0.0352,  0.0302, -0.0249, -0.0361,  0.0464,
          0.0249, -0.0199]], device='cuda:0') 
Episode: 361, v_vector: tensor([[-0.0404,  0.0650, -0.0316, -0.0353,  0.0303, -0.0250, -0.0361,  0.0464,
          0.0249, -0.0199]], device='cuda:0') 
Episode: 362, v_vector: tensor([[-0.0405,  0.0651, -0.0317, -0.0354,  0.0303, -0.0251, -0.0361,  0.0464,
          0.0249, -0.0198]], device='cuda:0') 
Episode: 363, v_vector: tensor([[-0.0406,  0.0652, -0.0318, -0.0354,  0.0304, -0.0252, -0.0362,  0.0463,
          0.0249, -0.0198]], device='cuda:0') 
Episode: 364, v_vector: tensor([[-0.0407,  0.0652, -0.0318, -0.0355,  0.0305, -0.0252, -0.0362,  0.0463,
          0.0249, -0.0197]], device='cuda:0') 
Episode: 365, v_vector: tensor([[-0.0408,  0.0653, -0.0319, -0.0355,  0.0305, -0.0253, -0.0363,  0.0463,
          0.0249, -0.0197]], device='cuda:0') 
Episode: 366, v_vector: tensor([[-0.0408,  0.0654, -0.0319, -0.0356,  0.0305, -0.0253, -0.0363,  0.0462,
          0.0248, -0.0197]], device='cuda:0') 
Episode: 367, v_vector: tensor([[-0.0409,  0.0654, -0.0319, -0.0355,  0.0305, -0.0252, -0.0363,  0.0462,
          0.0247, -0.0198]], device='cuda:0') 
Episode: 368, v_vector: tensor([[-0.0409,  0.0654, -0.0319, -0.0356,  0.0305, -0.0252, -0.0363,  0.0461,
          0.0247, -0.0197]], device='cuda:0') 
Episode: 369, v_vector: tensor([[-0.0410,  0.0655, -0.0320, -0.0356,  0.0305, -0.0252, -0.0363,  0.0461,
          0.0247, -0.0197]], device='cuda:0') 
Episode: 370, v_vector: tensor([[-0.0411,  0.0656, -0.0320, -0.0357,  0.0305, -0.0252, -0.0364,  0.0461,
          0.0247, -0.0197]], device='cuda:0') 
Episode: 371, v_vector: tensor([[-0.0412,  0.0657, -0.0321, -0.0357,  0.0306, -0.0252, -0.0364,  0.0462,
          0.0246, -0.0197]], device='cuda:0') 
Episode: 372, v_vector: tensor([[-0.0413,  0.0657, -0.0321, -0.0358,  0.0306, -0.0252, -0.0365,  0.0462,
          0.0246, -0.0197]], device='cuda:0') 
Episode: 373, v_vector: tensor([[-0.0415,  0.0658, -0.0322, -0.0358,  0.0306, -0.0252, -0.0365,  0.0462,
          0.0246, -0.0197]], device='cuda:0') 
Episode: 374, v_vector: tensor([[-0.0416,  0.0659, -0.0323, -0.0359,  0.0307, -0.0252, -0.0365,  0.0462,
          0.0245, -0.0197]], device='cuda:0') 
Episode: 375, v_vector: tensor([[-0.0417,  0.0660, -0.0323, -0.0359,  0.0307, -0.0253, -0.0365,  0.0462,
          0.0245, -0.0197]], device='cuda:0') 
Episode: 376, v_vector: tensor([[-0.0418,  0.0661, -0.0324, -0.0360,  0.0307, -0.0253, -0.0366,  0.0462,
          0.0245, -0.0197]], device='cuda:0') 
Episode: 377, v_vector: tensor([[-0.0419,  0.0662, -0.0324, -0.0360,  0.0308, -0.0253, -0.0366,  0.0463,
          0.0245, -0.0197]], device='cuda:0') 
Episode: 378, v_vector: tensor([[-0.0421,  0.0664, -0.0325, -0.0361,  0.0309, -0.0253, -0.0366,  0.0463,
          0.0245, -0.0197]], device='cuda:0') 
Episode: 379, v_vector: tensor([[-0.0422,  0.0665, -0.0326, -0.0361,  0.0309, -0.0254, -0.0367,  0.0463,
          0.0244, -0.0196]], device='cuda:0') 
Episode: 380, v_vector: tensor([[-0.0423,  0.0666, -0.0326, -0.0362,  0.0309, -0.0254, -0.0368,  0.0463,
          0.0244, -0.0195]], device='cuda:0') 
Episode: 381, v_vector: tensor([[-0.0424,  0.0666, -0.0327, -0.0362,  0.0310, -0.0255, -0.0368,  0.0463,
          0.0243, -0.0195]], device='cuda:0') 
Episode: 382, v_vector: tensor([[-0.0426,  0.0667, -0.0327, -0.0363,  0.0310, -0.0255, -0.0369,  0.0464,
          0.0243, -0.0194]], device='cuda:0') 
Episode: 383, v_vector: tensor([[-0.0427,  0.0669, -0.0328, -0.0364,  0.0311, -0.0256, -0.0370,  0.0464,
          0.0243, -0.0194]], device='cuda:0') 
Episode: 384, v_vector: tensor([[-0.0429,  0.0670, -0.0329, -0.0364,  0.0311, -0.0256, -0.0371,  0.0464,
          0.0243, -0.0194]], device='cuda:0') 
Episode: 385, v_vector: tensor([[-0.0430,  0.0671, -0.0330, -0.0365,  0.0311, -0.0257, -0.0372,  0.0465,
          0.0243, -0.0194]], device='cuda:0') 
Episode: 386, v_vector: tensor([[-0.0430,  0.0672, -0.0330, -0.0365,  0.0312, -0.0257, -0.0372,  0.0465,
          0.0243, -0.0194]], device='cuda:0') 
Episode: 387, v_vector: tensor([[-0.0431,  0.0672, -0.0330, -0.0365,  0.0312, -0.0258, -0.0373,  0.0466,
          0.0243, -0.0193]], device='cuda:0') 
Episode: 388, v_vector: tensor([[-0.0431,  0.0672, -0.0330, -0.0365,  0.0311, -0.0257, -0.0373,  0.0466,
          0.0243, -0.0194]], device='cuda:0') 
Episode: 389, v_vector: tensor([[-0.0432,  0.0672, -0.0330, -0.0365,  0.0311, -0.0258, -0.0374,  0.0466,
          0.0242, -0.0194]], device='cuda:0') 
Episode: 390, v_vector: tensor([[-0.0432,  0.0673, -0.0330, -0.0365,  0.0311, -0.0258, -0.0374,  0.0467,
          0.0243, -0.0194]], device='cuda:0') 
Episode: 391, v_vector: tensor([[-0.0432,  0.0672, -0.0330, -0.0364,  0.0310, -0.0258, -0.0374,  0.0467,
          0.0242, -0.0195]], device='cuda:0') 
Episode: 392, v_vector: tensor([[-0.0432,  0.0672, -0.0330, -0.0364,  0.0310, -0.0258, -0.0374,  0.0468,
          0.0243, -0.0195]], device='cuda:0') 
Episode: 393, v_vector: tensor([[-0.0433,  0.0673, -0.0330, -0.0365,  0.0310, -0.0259, -0.0375,  0.0468,
          0.0243, -0.0194]], device='cuda:0') 
Episode: 394, v_vector: tensor([[-0.0433,  0.0673, -0.0330, -0.0365,  0.0311, -0.0259, -0.0375,  0.0468,
          0.0243, -0.0194]], device='cuda:0') 
Episode: 395, v_vector: tensor([[-0.0433,  0.0673, -0.0331, -0.0365,  0.0311, -0.0260, -0.0376,  0.0468,
          0.0243, -0.0194]], device='cuda:0') 
Episode: 396, v_vector: tensor([[-0.0433,  0.0673, -0.0330, -0.0365,  0.0311, -0.0260, -0.0376,  0.0468,
          0.0243, -0.0194]], device='cuda:0') 
Episode: 397, v_vector: tensor([[-0.0433,  0.0673, -0.0330, -0.0365,  0.0310, -0.0260, -0.0376,  0.0468,
          0.0243, -0.0194]], device='cuda:0') 
Episode: 398, v_vector: tensor([[-0.0434,  0.0673, -0.0331, -0.0365,  0.0311, -0.0261, -0.0377,  0.0469,
          0.0243, -0.0194]], device='cuda:0') 
Episode: 399, v_vector: tensor([[-0.0435,  0.0674, -0.0331, -0.0366,  0.0311, -0.0262, -0.0377,  0.0470,
          0.0245, -0.0194]], device='cuda:0') 
Episode: 400, v_vector: tensor([[-0.0436,  0.0675, -0.0332, -0.0366,  0.0312, -0.0262, -0.0378,  0.0472,
          0.0246, -0.0194]], device='cuda:0') 
Episode: 401, v_vector: tensor([[-0.0437,  0.0676, -0.0333, -0.0367,  0.0312, -0.0263, -0.0379,  0.0473,
          0.0247, -0.0195]], device='cuda:0') 
Episode: 402, v_vector: tensor([[-0.0438,  0.0677, -0.0334, -0.0368,  0.0313, -0.0264, -0.0380,  0.0474,
          0.0249, -0.0195]], device='cuda:0') 
Episode: 403, v_vector: tensor([[-0.0439,  0.0677, -0.0334, -0.0368,  0.0313, -0.0265, -0.0380,  0.0475,
          0.0249, -0.0195]], device='cuda:0') 
Episode: 404, v_vector: tensor([[-0.0439,  0.0678, -0.0334, -0.0368,  0.0313, -0.0265, -0.0380,  0.0476,
          0.0250, -0.0195]], device='cuda:0') 
Episode: 405, v_vector: tensor([[-0.0439,  0.0678, -0.0334, -0.0368,  0.0313, -0.0265, -0.0381,  0.0476,
          0.0250, -0.0195]], device='cuda:0') 
Episode: 406, v_vector: tensor([[-0.0440,  0.0678, -0.0334, -0.0368,  0.0313, -0.0266, -0.0381,  0.0477,
          0.0251, -0.0195]], device='cuda:0') 
Episode: 407, v_vector: tensor([[-0.0440,  0.0678, -0.0334, -0.0369,  0.0313, -0.0266, -0.0382,  0.0477,
          0.0251, -0.0196]], device='cuda:0') 
Episode: 408, v_vector: tensor([[-0.0440,  0.0678, -0.0334, -0.0368,  0.0313, -0.0267, -0.0382,  0.0477,
          0.0252, -0.0196]], device='cuda:0') 
Episode: 409, v_vector: tensor([[-0.0440,  0.0678, -0.0334, -0.0368,  0.0313, -0.0267, -0.0382,  0.0477,
          0.0252, -0.0197]], device='cuda:0') 
Episode: 410, v_vector: tensor([[-0.0441,  0.0678, -0.0334, -0.0368,  0.0313, -0.0267, -0.0382,  0.0478,
          0.0252, -0.0197]], device='cuda:0') 
Episode: 411, v_vector: tensor([[-0.0441,  0.0678, -0.0334, -0.0368,  0.0313, -0.0267, -0.0383,  0.0478,
          0.0252, -0.0196]], device='cuda:0') 
Episode: 412, v_vector: tensor([[-0.0442,  0.0678, -0.0334, -0.0369,  0.0314, -0.0268, -0.0383,  0.0478,
          0.0252, -0.0195]], device='cuda:0') 
Episode: 413, v_vector: tensor([[-0.0442,  0.0679, -0.0334, -0.0369,  0.0314, -0.0268, -0.0383,  0.0478,
          0.0252, -0.0194]], device='cuda:0') 
Episode: 414, v_vector: tensor([[-0.0442,  0.0678, -0.0334, -0.0368,  0.0313, -0.0268, -0.0383,  0.0478,
          0.0251, -0.0193]], device='cuda:0') 
Episode: 415, v_vector: tensor([[-0.0443,  0.0678, -0.0333, -0.0368,  0.0313, -0.0268, -0.0383,  0.0478,
          0.0251, -0.0192]], device='cuda:0') 
Episode: 416, v_vector: tensor([[-0.0443,  0.0679, -0.0333, -0.0368,  0.0313, -0.0268, -0.0383,  0.0478,
          0.0251, -0.0191]], device='cuda:0') 
Episode: 417, v_vector: tensor([[-0.0444,  0.0679, -0.0334, -0.0368,  0.0313, -0.0269, -0.0383,  0.0478,
          0.0250, -0.0190]], device='cuda:0') 
Episode: 418, v_vector: tensor([[-0.0444,  0.0679, -0.0334, -0.0369,  0.0314, -0.0269, -0.0384,  0.0479,
          0.0251, -0.0189]], device='cuda:0') 
Episode: 419, v_vector: tensor([[-0.0445,  0.0680, -0.0334, -0.0369,  0.0314, -0.0270, -0.0384,  0.0479,
          0.0251, -0.0188]], device='cuda:0') 
Episode: 420, v_vector: tensor([[-0.0445,  0.0680, -0.0335, -0.0369,  0.0315, -0.0270, -0.0385,  0.0480,
          0.0252, -0.0188]], device='cuda:0') 
Episode: 421, v_vector: tensor([[-0.0446,  0.0680, -0.0335, -0.0369,  0.0314, -0.0270, -0.0385,  0.0480,
          0.0252, -0.0187]], device='cuda:0') 
Episode: 422, v_vector: tensor([[-0.0446,  0.0680, -0.0334, -0.0369,  0.0314, -0.0270, -0.0385,  0.0480,
          0.0252, -0.0186]], device='cuda:0') 
Episode: 423, v_vector: tensor([[-0.0446,  0.0680, -0.0334, -0.0368,  0.0314, -0.0270, -0.0385,  0.0480,
          0.0252, -0.0185]], device='cuda:0') 
Episode: 424, v_vector: tensor([[-0.0446,  0.0679, -0.0333, -0.0368,  0.0313, -0.0270, -0.0385,  0.0480,
          0.0252, -0.0185]], device='cuda:0') 
Episode: 425, v_vector: tensor([[-0.0445,  0.0679, -0.0332, -0.0367,  0.0312, -0.0269, -0.0384,  0.0480,
          0.0252, -0.0185]], device='cuda:0') 
Episode: 426, v_vector: tensor([[-0.0444,  0.0677, -0.0331, -0.0365,  0.0310, -0.0267, -0.0383,  0.0480,
          0.0251, -0.0185]], device='cuda:0') 
Episode: 427, v_vector: tensor([[-0.0443,  0.0676, -0.0330, -0.0364,  0.0309, -0.0266, -0.0382,  0.0480,
          0.0251, -0.0186]], device='cuda:0') 
Episode: 428, v_vector: tensor([[-0.0443,  0.0676, -0.0329, -0.0363,  0.0308, -0.0265, -0.0381,  0.0480,
          0.0251, -0.0186]], device='cuda:0') 
Episode: 429, v_vector: tensor([[-0.0443,  0.0675, -0.0329, -0.0362,  0.0307, -0.0265, -0.0381,  0.0481,
          0.0251, -0.0186]], device='cuda:0') 
Episode: 430, v_vector: tensor([[-0.0442,  0.0675, -0.0329, -0.0362,  0.0307, -0.0265, -0.0381,  0.0481,
          0.0251, -0.0187]], device='cuda:0') 
Episode: 431, v_vector: tensor([[-0.0442,  0.0675, -0.0328, -0.0362,  0.0307, -0.0265, -0.0381,  0.0482,
          0.0251, -0.0187]], device='cuda:0') 
Episode: 432, v_vector: tensor([[-0.0442,  0.0675, -0.0328, -0.0362,  0.0307, -0.0265, -0.0381,  0.0482,
          0.0252, -0.0186]], device='cuda:0') 
Episode: 433, v_vector: tensor([[-0.0443,  0.0675, -0.0328, -0.0362,  0.0307, -0.0266, -0.0381,  0.0483,
          0.0253, -0.0186]], device='cuda:0') 
Episode: 434, v_vector: tensor([[-0.0443,  0.0675, -0.0328, -0.0362,  0.0307, -0.0266, -0.0381,  0.0483,
          0.0253, -0.0185]], device='cuda:0') 
Episode: 435, v_vector: tensor([[-0.0443,  0.0675, -0.0328, -0.0362,  0.0307, -0.0267, -0.0382,  0.0484,
          0.0254, -0.0185]], device='cuda:0') 
Episode: 436, v_vector: tensor([[-0.0443,  0.0674, -0.0328, -0.0362,  0.0307, -0.0267, -0.0381,  0.0484,
          0.0254, -0.0185]], device='cuda:0') 
Episode: 437, v_vector: tensor([[-0.0442,  0.0674, -0.0328, -0.0361,  0.0306, -0.0267, -0.0381,  0.0484,
          0.0254, -0.0184]], device='cuda:0') 
Episode: 438, v_vector: tensor([[-0.0442,  0.0673, -0.0327, -0.0361,  0.0306, -0.0267, -0.0381,  0.0484,
          0.0255, -0.0184]], device='cuda:0') 
Episode: 439, v_vector: tensor([[-0.0442,  0.0673, -0.0327, -0.0361,  0.0306, -0.0267, -0.0381,  0.0484,
          0.0255, -0.0184]], device='cuda:0') 
Episode: 440, v_vector: tensor([[-0.0442,  0.0673, -0.0327, -0.0361,  0.0306, -0.0267, -0.0381,  0.0484,
          0.0256, -0.0184]], device='cuda:0') 
Episode: 441, v_vector: tensor([[-0.0442,  0.0673, -0.0327, -0.0361,  0.0306, -0.0267, -0.0381,  0.0485,
          0.0256, -0.0184]], device='cuda:0') 
Episode: 442, v_vector: tensor([[-0.0442,  0.0673, -0.0327, -0.0361,  0.0306, -0.0267, -0.0381,  0.0485,
          0.0256, -0.0184]], device='cuda:0') 
Episode: 443, v_vector: tensor([[-0.0442,  0.0673, -0.0327, -0.0361,  0.0306, -0.0267, -0.0381,  0.0485,
          0.0256, -0.0184]], device='cuda:0') 
Episode: 444, v_vector: tensor([[-0.0443,  0.0673, -0.0327, -0.0362,  0.0306, -0.0268, -0.0382,  0.0485,
          0.0257, -0.0183]], device='cuda:0') 
Episode: 445, v_vector: tensor([[-0.0444,  0.0675, -0.0328, -0.0363,  0.0307, -0.0269, -0.0382,  0.0486,
          0.0257, -0.0183]], device='cuda:0') 
Episode: 446, v_vector: tensor([[-0.0445,  0.0675, -0.0329, -0.0363,  0.0308, -0.0269, -0.0383,  0.0486,
          0.0257, -0.0182]], device='cuda:0') 
Episode: 447, v_vector: tensor([[-0.0446,  0.0676, -0.0330, -0.0364,  0.0308, -0.0270, -0.0383,  0.0486,
          0.0257, -0.0182]], device='cuda:0') 
Episode: 448, v_vector: tensor([[-0.0447,  0.0677, -0.0330, -0.0364,  0.0308, -0.0270, -0.0383,  0.0486,
          0.0257, -0.0182]], device='cuda:0') 
Episode: 449, v_vector: tensor([[-0.0448,  0.0677, -0.0331, -0.0365,  0.0309, -0.0270, -0.0384,  0.0486,
          0.0257, -0.0182]], device='cuda:0') 
Episode: 450, v_vector: tensor([[-0.0448,  0.0678, -0.0331, -0.0365,  0.0309, -0.0271, -0.0384,  0.0486,
          0.0257, -0.0182]], device='cuda:0') 
Episode: 451, v_vector: tensor([[-0.0449,  0.0678, -0.0331, -0.0365,  0.0310, -0.0271, -0.0385,  0.0487,
          0.0258, -0.0182]], device='cuda:0') 
Episode: 452, v_vector: tensor([[-0.0449,  0.0678, -0.0331, -0.0365,  0.0310, -0.0271, -0.0385,  0.0487,
          0.0258, -0.0182]], device='cuda:0') 
Episode: 453, v_vector: tensor([[-0.0449,  0.0678, -0.0331, -0.0365,  0.0309, -0.0271, -0.0385,  0.0487,
          0.0258, -0.0182]], device='cuda:0') 
Episode: 454, v_vector: tensor([[-0.0449,  0.0677, -0.0331, -0.0365,  0.0309, -0.0271, -0.0385,  0.0487,
          0.0258, -0.0183]], device='cuda:0') 
Episode: 455, v_vector: tensor([[-0.0448,  0.0677, -0.0331, -0.0365,  0.0309, -0.0270, -0.0385,  0.0488,
          0.0259, -0.0183]], device='cuda:0') 
Episode: 456, v_vector: tensor([[-0.0448,  0.0677, -0.0330, -0.0365,  0.0309, -0.0270, -0.0386,  0.0488,
          0.0259, -0.0182]], device='cuda:0') 
Episode: 457, v_vector: tensor([[-0.0447,  0.0676, -0.0330, -0.0364,  0.0308, -0.0270, -0.0385,  0.0488,
          0.0259, -0.0183]], device='cuda:0') 
Episode: 458, v_vector: tensor([[-0.0447,  0.0675, -0.0329, -0.0364,  0.0308, -0.0270, -0.0385,  0.0488,
          0.0259, -0.0183]], device='cuda:0') 
Episode: 459, v_vector: tensor([[-0.0447,  0.0675, -0.0329, -0.0363,  0.0308, -0.0269, -0.0385,  0.0488,
          0.0259, -0.0182]], device='cuda:0') 
Episode: 460, v_vector: tensor([[-0.0447,  0.0675, -0.0328, -0.0363,  0.0308, -0.0269, -0.0386,  0.0489,
          0.0259, -0.0183]], device='cuda:0') 
Episode: 461, v_vector: tensor([[-0.0447,  0.0674, -0.0328, -0.0363,  0.0308, -0.0269, -0.0386,  0.0489,
          0.0259, -0.0183]], device='cuda:0') 
Episode: 462, v_vector: tensor([[-0.0447,  0.0674, -0.0328, -0.0363,  0.0308, -0.0269, -0.0386,  0.0489,
          0.0260, -0.0183]], device='cuda:0') 
Episode: 463, v_vector: tensor([[-0.0447,  0.0674, -0.0328, -0.0363,  0.0308, -0.0270, -0.0387,  0.0489,
          0.0260, -0.0183]], device='cuda:0') 
Episode: 464, v_vector: tensor([[-0.0447,  0.0674, -0.0328, -0.0363,  0.0308, -0.0270, -0.0387,  0.0489,
          0.0260, -0.0184]], device='cuda:0') 
Episode: 465, v_vector: tensor([[-0.0447,  0.0674, -0.0328, -0.0363,  0.0308, -0.0270, -0.0387,  0.0489,
          0.0260, -0.0184]], device='cuda:0') 
Episode: 466, v_vector: tensor([[-0.0448,  0.0674, -0.0328, -0.0363,  0.0308, -0.0270, -0.0388,  0.0489,
          0.0260, -0.0184]], device='cuda:0') 
Episode: 467, v_vector: tensor([[-0.0448,  0.0674, -0.0328, -0.0362,  0.0308, -0.0270, -0.0388,  0.0489,
          0.0260, -0.0185]], device='cuda:0') 
Episode: 468, v_vector: tensor([[-0.0448,  0.0674, -0.0328, -0.0362,  0.0308, -0.0270, -0.0388,  0.0489,
          0.0260, -0.0185]], device='cuda:0') 
Episode: 469, v_vector: tensor([[-0.0448,  0.0674, -0.0327, -0.0362,  0.0308, -0.0270, -0.0388,  0.0489,
          0.0259, -0.0186]], device='cuda:0') 
Episode: 470, v_vector: tensor([[-0.0448,  0.0674, -0.0327, -0.0362,  0.0307, -0.0270, -0.0388,  0.0488,
          0.0259, -0.0186]], device='cuda:0') 
Episode: 471, v_vector: tensor([[-0.0448,  0.0674, -0.0326, -0.0361,  0.0307, -0.0269, -0.0388,  0.0488,
          0.0259, -0.0187]], device='cuda:0') 
Episode: 472, v_vector: tensor([[-0.0448,  0.0673, -0.0326, -0.0361,  0.0307, -0.0269, -0.0388,  0.0488,
          0.0260, -0.0187]], device='cuda:0') 
Episode: 473, v_vector: tensor([[-0.0448,  0.0673, -0.0326, -0.0361,  0.0307, -0.0269, -0.0388,  0.0488,
          0.0260, -0.0187]], device='cuda:0') 
Episode: 474, v_vector: tensor([[-0.0448,  0.0673, -0.0326, -0.0361,  0.0307, -0.0270, -0.0388,  0.0488,
          0.0261, -0.0187]], device='cuda:0') 
Episode: 475, v_vector: tensor([[-0.0449,  0.0674, -0.0326, -0.0361,  0.0307, -0.0270, -0.0389,  0.0487,
          0.0261, -0.0187]], device='cuda:0') 
Episode: 476, v_vector: tensor([[-0.0449,  0.0674, -0.0327, -0.0362,  0.0307, -0.0271, -0.0389,  0.0487,
          0.0261, -0.0186]], device='cuda:0') 
Episode: 477, v_vector: tensor([[-0.0449,  0.0674, -0.0327, -0.0362,  0.0308, -0.0271, -0.0389,  0.0487,
          0.0261, -0.0186]], device='cuda:0') 
Episode: 478, v_vector: tensor([[-0.0450,  0.0674, -0.0327, -0.0362,  0.0308, -0.0272, -0.0390,  0.0488,
          0.0262, -0.0185]], device='cuda:0') 
Episode: 479, v_vector: tensor([[-0.0450,  0.0675, -0.0328, -0.0363,  0.0309, -0.0272, -0.0390,  0.0488,
          0.0262, -0.0185]], device='cuda:0') 
Episode: 480, v_vector: tensor([[-0.0451,  0.0675, -0.0328, -0.0363,  0.0309, -0.0272, -0.0391,  0.0488,
          0.0262, -0.0185]], device='cuda:0') 
Episode: 481, v_vector: tensor([[-0.0451,  0.0675, -0.0328, -0.0363,  0.0309, -0.0273, -0.0391,  0.0488,
          0.0263, -0.0185]], device='cuda:0') 
Episode: 482, v_vector: tensor([[-0.0452,  0.0676, -0.0328, -0.0364,  0.0310, -0.0273, -0.0392,  0.0488,
          0.0263, -0.0185]], device='cuda:0') 
Episode: 483, v_vector: tensor([[-0.0452,  0.0676, -0.0329, -0.0364,  0.0310, -0.0274, -0.0393,  0.0488,
          0.0264, -0.0185]], device='cuda:0') 
Episode: 484, v_vector: tensor([[-0.0452,  0.0676, -0.0329, -0.0365,  0.0311, -0.0275, -0.0393,  0.0488,
          0.0265, -0.0185]], device='cuda:0') 
Episode: 485, v_vector: tensor([[-0.0452,  0.0676, -0.0329, -0.0365,  0.0312, -0.0276, -0.0394,  0.0489,
          0.0266, -0.0185]], device='cuda:0') 
Episode: 486, v_vector: tensor([[-0.0452,  0.0676, -0.0330, -0.0366,  0.0312, -0.0276, -0.0395,  0.0489,
          0.0267, -0.0185]], device='cuda:0') 
Episode: 487, v_vector: tensor([[-0.0453,  0.0677, -0.0330, -0.0366,  0.0313, -0.0277, -0.0396,  0.0489,
          0.0268, -0.0186]], device='cuda:0') 
Episode: 488, v_vector: tensor([[-0.0453,  0.0677, -0.0331, -0.0367,  0.0314, -0.0279, -0.0397,  0.0490,
          0.0269, -0.0186]], device='cuda:0') 
Episode: 489, v_vector: tensor([[-0.0454,  0.0678, -0.0332, -0.0368,  0.0315, -0.0280, -0.0399,  0.0490,
          0.0270, -0.0186]], device='cuda:0') 
Episode: 490, v_vector: tensor([[-0.0454,  0.0679, -0.0333, -0.0369,  0.0317, -0.0281, -0.0401,  0.0491,
          0.0272, -0.0187]], device='cuda:0') 
Episode: 491, v_vector: tensor([[-0.0455,  0.0680, -0.0334, -0.0371,  0.0318, -0.0283, -0.0402,  0.0492,
          0.0273, -0.0188]], device='cuda:0') 
Episode: 492, v_vector: tensor([[-0.0457,  0.0681, -0.0336, -0.0373,  0.0320, -0.0285, -0.0404,  0.0494,
          0.0275, -0.0188]], device='cuda:0') 
Episode: 493, v_vector: tensor([[-0.0458,  0.0683, -0.0337, -0.0374,  0.0322, -0.0286, -0.0406,  0.0494,
          0.0276, -0.0188]], device='cuda:0') 
Episode: 494, v_vector: tensor([[-0.0459,  0.0684, -0.0339, -0.0375,  0.0323, -0.0288, -0.0408,  0.0495,
          0.0277, -0.0188]], device='cuda:0') 
Episode: 495, v_vector: tensor([[-0.0460,  0.0685, -0.0340, -0.0376,  0.0324, -0.0289, -0.0409,  0.0495,
          0.0279, -0.0188]], device='cuda:0') 
Episode: 496, v_vector: tensor([[-0.0460,  0.0686, -0.0341, -0.0377,  0.0326, -0.0291, -0.0410,  0.0496,
          0.0280, -0.0188]], device='cuda:0') 
Episode: 497, v_vector: tensor([[-0.0461,  0.0686, -0.0342, -0.0378,  0.0327, -0.0292, -0.0412,  0.0496,
          0.0281, -0.0189]], device='cuda:0') 
Episode: 498, v_vector: tensor([[-0.0461,  0.0687, -0.0343, -0.0379,  0.0328, -0.0293, -0.0413,  0.0497,
          0.0282, -0.0189]], device='cuda:0') 
Episode: 499, v_vector: tensor([[-0.0462,  0.0688, -0.0343, -0.0380,  0.0328, -0.0294, -0.0414,  0.0497,
          0.0284, -0.0190]], device='cuda:0') 
Episode: 500, v_vector: tensor([[-0.0461,  0.0687, -0.0343, -0.0380,  0.0328, -0.0295, -0.0414,  0.0496,
          0.0284, -0.0190]], device='cuda:0') 
