104.673958 83.429779 88.363861 86.849434 94.057640 0.000000 
90.185089 93.466545 90.097214 88.942497 86.829559 0.000000 
86.709000 80.827621 81.927643 88.332169 98.196152 0.000000 
93.587730 81.796761 87.186783 86.705246 88.706795 0.000000 
88.544106 87.148102 86.528671 89.927917 98.064514 0.000000 
85.023903 80.120819 83.680862 87.726158 83.525192 0.000000 
84.201096 83.657707 92.666107 89.251472 95.505096 0.019782 
81.616173 94.842751 93.811882 93.458839 90.554459 0.000000 
101.641884 96.136200 96.400108 95.881378 96.573769 0.019782 
89.118820 84.251419 92.911392 88.672371 95.988991 0.000000 
96.305618 91.281487 88.742310 91.900604 92.524071 0.000000 
96.468323 96.011566 93.860062 87.338165 87.166092 0.000000 
84.413055 85.243690 85.800980 92.897682 92.300522 0.019782 
110.276886 89.695351 91.383118 97.003944 95.631241 0.019782 
72.440056 89.843498 92.578468 91.307396 92.931808 0.000000 
94.433380 93.146347 93.166176 94.963402 95.438347 0.000000 
80.984070 77.956337 80.069756 83.960793 90.405075 0.000000 
85.990509 78.020645 85.343475 87.357475 91.035553 0.027976 
85.957344 88.128334 86.914223 92.991417 91.225876 0.019782 
99.879875 82.660233 83.617325 84.923309 87.819534 0.000000 
