8625.784180 885.030029 516.185791 429.509979 103082.265625 
9897.992188 1320.662964 969.744446 747.007324 87135.171875 
8490.919922 946.526978 623.918030 541.743347 70556.156250 
10567.238281 1395.918213 909.847290 781.263977 111028.164062 
8536.210938 847.224243 517.444214 434.246307 91881.898438 
11871.514648 1428.493042 1014.692627 587.328796 81556.937500 
8275.589844 880.814758 631.192505 362.046692 56077.210938 
11452.292969 1135.280762 923.301880 683.869690 71745.976562 
12013.867188 1095.763184 690.278198 513.214294 121426.664062 
10993.037109 1240.631714 592.102417 415.500031 62355.542969 
9610.163086 1210.524658 608.241577 414.905701 72933.460938 
9913.498047 1048.507690 652.707703 441.645599 94276.734375 
12026.469727 1629.891113 975.051025 610.628235 75965.406250 
10757.710938 1046.335083 537.781189 465.427155 81040.421875 
9021.800781 1216.122803 591.183105 597.476807 63269.230469 
9150.000977 903.696106 679.864868 426.028320 72060.382812 
11724.495117 1166.761230 606.419678 545.874023 73990.742188 
11826.391602 1027.097534 664.311768 593.388977 69863.742188 
10951.991211 1302.014893 744.912781 495.463531 71358.421875 
8869.290039 1045.208008 622.060242 551.945312 70670.171875 
