86.856300 57.706936 73.937981 73.752342 69.687027 0.000000 
56.921303 30.555376 41.834629 49.202641 76.827965 0.027976 
56.952522 34.780441 38.988949 46.453033 69.736473 0.000000 
111.510658 104.106720 90.103561 88.432587 78.722214 0.019782 
70.295898 58.153324 58.106911 72.172424 77.696411 0.019782 
67.215599 60.974720 62.794609 49.917084 65.446129 0.027976 
94.216354 84.642189 81.539696 77.838676 71.187500 0.000000 
97.398697 95.589546 72.461533 59.639580 68.102242 0.000000 
104.924843 75.832008 57.231251 59.989944 63.643562 0.027976 
56.396511 35.935806 27.309813 25.540571 45.943184 0.000000 
69.471619 70.799728 82.410408 61.384224 64.624092 0.000000 
78.810104 70.153534 65.308449 64.904198 60.936531 0.000000 
69.686859 91.881088 107.420372 76.688690 61.001572 0.000000 
122.641411 68.291656 32.415600 37.988266 42.886429 0.034264 
87.694824 62.627094 35.370853 51.374737 64.562599 0.000000 
67.752281 46.378090 45.091637 41.042198 43.239338 0.000000 
73.022949 63.887852 68.274643 57.414188 73.956146 0.000000 
91.470703 97.730118 59.260143 38.137867 54.183174 0.000000 
81.091942 47.685074 47.071556 46.039520 51.811092 0.000000 
87.515076 78.953423 68.960045 37.176037 47.845997 0.000000 
65.281090 59.586884 59.454090 42.619820 43.502720 0.027976 
71.628296 104.303780 114.679382 68.285698 42.312565 0.000000 
83.020378 51.464863 43.190327 26.731037 38.594067 0.000000 
74.387848 90.962051 78.353638 44.664806 44.729607 0.000000 
63.382149 55.864113 61.072964 48.465130 40.328140 0.000000 
56.321182 32.796200 33.379154 27.284384 41.256794 0.000000 
57.267681 58.202896 62.814003 41.974316 40.666691 0.019782 
58.104439 37.600697 38.155075 32.992176 35.080917 0.000000 
99.663696 58.480286 37.935524 26.487507 34.409100 0.000000 
74.315544 35.411671 24.560053 22.454697 34.395992 0.027976 
49.958447 42.830082 33.442253 27.046360 24.005276 0.000000 
71.416191 64.992973 59.653858 51.140186 38.124828 0.034264 
51.319859 40.742222 28.734291 21.819757 37.013149 0.027976 
57.873512 36.519058 34.128441 25.422834 33.379025 0.000000 
72.671425 66.020798 49.887520 36.112103 31.810375 0.000000 
50.834484 40.359234 38.655312 24.608215 34.131588 0.000000 
45.283417 23.775394 21.241314 20.743565 35.950325 0.027976 
50.965797 39.350639 33.924393 29.537748 35.374058 0.039565 
54.813126 33.784561 28.966295 25.163696 24.264246 0.027976 
58.898304 31.403341 29.958008 24.664875 26.868618 0.019782 
66.327255 53.771431 42.200207 36.159073 32.078365 0.034264 
61.256165 41.660973 30.784567 24.019718 30.428818 0.034264 
50.870705 41.722569 30.747282 22.899248 31.999641 0.027976 
63.834362 57.668564 48.354340 33.247074 29.006472 0.019782 
56.984272 30.536190 31.881205 26.732624 24.250935 0.000000 
69.364677 64.747047 60.486706 52.326408 32.253151 0.000000 
47.227688 26.206408 22.074123 16.807196 20.703329 0.019782 
70.806602 67.818123 62.024727 54.575607 37.495247 0.000000 
60.061459 42.320930 45.974640 40.188118 25.391060 0.019782 
69.659203 41.394176 30.711050 27.672577 26.474592 0.000000 
52.168133 41.873569 33.437168 22.101133 23.219889 0.000000 
48.882519 34.417652 29.305799 23.303490 23.797588 0.000000 
49.642990 29.369795 27.834551 24.384417 26.223438 0.000000 
55.238422 26.003815 16.009983 15.218981 21.681480 0.000000 
54.052753 33.372253 28.347698 23.878227 31.806318 0.000000 
50.115879 28.059116 26.457527 20.498358 20.914366 0.000000 
61.194172 40.078552 30.244692 34.206352 23.007845 0.039565 
64.687042 53.918526 51.856556 38.745331 23.868895 0.000000 
76.886864 57.737770 41.736725 26.833006 26.501211 0.000000 
48.903336 30.110548 24.138620 16.658985 23.051527 0.000000 
59.250629 27.464834 26.320261 27.673063 23.891163 0.019782 
66.089767 23.999659 25.862574 25.546835 24.070755 0.000000 
61.465473 44.122269 38.551723 27.420685 23.252634 0.027976 
60.229031 33.522736 24.132496 23.211153 19.243362 0.000000 
54.297100 30.481050 28.160295 21.912275 22.440102 0.027976 
71.723984 67.847168 56.045094 42.118938 27.354998 0.000000 
74.661606 59.244999 40.620010 32.014900 21.074844 0.000000 
66.770546 47.389584 41.932716 30.457539 22.188488 0.000000 
73.575264 47.487812 35.371059 31.839174 24.592495 0.000000 
64.830360 42.576599 36.187416 32.232456 29.739130 0.000000 
72.974243 42.245605 40.187454 30.417103 21.960745 0.044235 
56.879658 37.336376 29.524557 19.178902 17.621826 0.034264 
59.735703 30.200533 25.215738 20.126219 15.612813 0.000000 
73.221451 47.027069 42.572910 25.056620 19.242275 0.000000 
75.561516 32.118126 31.956635 29.120218 21.921919 0.034264 
51.262039 25.529360 24.125614 15.970016 17.377821 0.039565 
84.126686 67.290985 54.857224 43.415401 35.027924 0.027976 
67.134712 41.187202 36.211731 30.233391 18.714687 0.027976 
68.858070 46.718163 35.665184 21.208666 15.661263 0.000000 
63.295265 30.552433 22.210815 23.313391 16.296930 0.000000 
58.561893 27.630566 28.887823 25.084871 25.670261 0.000000 
61.441292 31.111952 25.050291 22.318155 19.515329 0.000000 
63.079807 32.989578 29.727734 28.207756 27.216078 0.000000 
56.300938 35.996052 24.973648 21.021387 17.872766 0.027976 
48.249935 31.457865 25.657526 22.141302 18.618389 0.019782 
59.535995 32.974201 25.907513 23.521845 18.235910 0.000000 
68.082504 46.383541 34.747665 38.201553 27.462717 0.000000 
57.806664 33.472172 31.445257 21.315197 17.264664 0.000000 
63.184753 35.592541 34.131409 23.777851 15.942077 0.000000 
64.734962 56.401585 49.172028 40.292519 18.564047 0.027976 
79.722237 66.194740 55.190277 39.158890 26.492989 0.000000 
68.586311 40.954327 40.470581 27.804188 18.638136 0.039565 
40.840420 29.769836 23.083805 19.694374 16.850248 0.019782 
55.862518 27.040705 20.838993 18.627394 15.876444 0.000000 
66.200447 35.726620 32.696499 23.697834 16.017696 0.000000 
56.388050 30.112162 26.608942 22.267464 15.862230 0.000000 
50.825447 27.591242 15.472875 13.458643 12.191102 0.000000 
59.090225 32.319672 33.674831 22.837109 17.052244 0.000000 
56.715019 27.396130 21.421877 18.290962 15.367208 0.019782 
79.935158 65.075447 67.582184 47.887783 32.878059 0.027976 
60.261436 34.984741 30.003662 24.159466 18.626656 0.019782 
92.581009 39.308838 32.487576 17.913637 15.190437 0.000000 
64.488503 30.245657 23.182648 14.117964 12.741607 0.000000 
60.918461 28.513798 33.962959 22.716082 15.745813 0.000000 
78.911049 29.011223 21.793325 19.635372 14.084534 0.000000 
70.366905 36.758984 22.498407 18.405752 14.838251 0.027976 
79.908501 25.257839 33.459835 23.237734 17.310379 0.027976 
83.729919 32.649059 21.278091 16.010925 15.151081 0.039565 
86.939880 35.076881 30.063623 22.981295 22.223827 0.027976 
67.084641 45.559078 33.625275 19.174555 14.875360 0.000000 
70.860207 43.780891 38.267368 31.878340 18.877344 0.000000 
65.495094 31.253876 31.859993 26.131039 23.549700 0.000000 
48.126999 28.656052 23.278070 23.561544 18.390778 0.000000 
56.647160 32.869965 31.644449 16.345903 18.377274 0.019782 
87.038094 48.383709 32.122334 20.483936 22.345947 0.000000 
50.953060 32.249611 30.793570 21.118670 12.142149 0.000000 
65.102592 46.252693 48.611660 40.917110 31.669472 0.000000 
93.108757 33.777313 34.294636 36.009346 27.717232 0.000000 
75.886383 64.674179 61.807674 47.733551 21.286419 0.019782 
72.442513 31.590136 27.049311 16.181734 13.061494 0.000000 
71.881561 58.221630 41.167187 25.338421 18.807100 0.034264 
60.877842 53.309093 45.773361 37.927872 10.714138 0.000000 
63.889450 44.555515 30.789583 25.256372 11.793511 0.000000 
51.026730 29.087772 22.637447 13.746130 16.881218 0.000000 
59.534775 24.623236 19.335672 16.243185 10.948429 0.027976 
60.538490 55.705181 42.671688 33.328747 16.030403 0.027976 
44.149811 26.052370 20.118517 20.789276 12.097190 0.000000 
76.331886 30.692867 21.551828 14.548058 12.017851 0.000000 
58.056068 31.185499 35.159664 19.409336 10.751511 0.000000 
54.244072 33.535851 34.802013 23.956406 25.549171 0.000000 
99.625763 50.953773 40.421764 32.061016 23.188658 0.039565 
58.927647 34.408558 27.232941 21.957256 13.373419 0.000000 
48.268688 37.610023 26.189224 15.260206 11.644135 0.034264 
50.751831 34.563419 29.797075 18.587215 12.389686 0.000000 
67.743607 48.603184 45.103344 30.751562 18.481745 0.048457 
56.648273 58.065266 50.973774 37.828587 15.115813 0.027976 
50.097073 30.724621 19.396484 20.074287 14.325270 0.000000 
67.519562 38.217991 29.008598 17.856514 14.470716 0.000000 
50.858135 26.945478 17.884604 16.676237 12.441262 0.000000 
54.656254 36.048012 28.458757 23.187540 23.540876 0.000000 
60.525543 33.396847 25.615875 17.905077 13.149302 0.000000 
58.748455 36.672508 27.620468 22.464594 12.405816 0.000000 
66.962669 39.898674 31.683662 26.197001 13.331364 0.000000 
59.418442 44.865566 34.938141 19.384132 12.388510 0.019782 
51.842518 28.891911 33.130417 24.481304 16.401667 0.019782 
74.649055 38.620377 32.179455 23.973206 12.932025 0.000000 
49.528843 30.875246 21.940437 18.094940 11.652170 0.027976 
109.668053 24.485699 24.390659 16.703754 19.735779 0.000000 
73.434052 47.330879 29.862505 20.265196 12.053832 0.000000 
58.934448 48.695427 35.093376 29.075758 23.384539 0.000000 
87.203590 39.486980 36.606583 29.201414 27.898100 0.000000 
63.111069 27.236031 21.455420 20.223705 16.907024 0.000000 
40.833717 30.509087 22.500074 14.873830 12.958946 0.000000 
47.768711 30.007725 23.268227 16.815754 16.462524 0.027976 
54.538017 36.707077 29.040712 19.826969 14.789285 0.000000 
50.580177 27.304529 23.709005 16.879784 13.269282 0.000000 
81.088478 32.030125 25.825132 23.913197 21.932245 0.044235 
47.663208 34.175392 33.569572 22.340519 14.022637 0.034264 
61.716446 42.338238 32.753384 20.253361 12.926621 0.000000 
73.432205 39.388248 29.028429 21.041086 15.328139 0.000000 
56.151741 30.817223 22.647135 18.428236 12.993395 0.000000 
68.101997 37.240116 30.604582 23.674866 13.469145 0.000000 
59.736267 42.622623 38.028450 31.626917 26.196251 0.000000 
55.699104 31.434143 23.369623 19.968184 14.122010 0.000000 
58.990894 50.233978 30.690767 19.614607 14.168085 0.000000 
66.837669 39.956528 36.164806 34.035294 15.128170 0.000000 
105.558441 30.327326 20.812519 17.009546 12.858710 0.000000 
62.727432 46.663792 34.590332 25.325146 16.246531 0.027976 
54.827259 25.526333 21.627184 23.297550 17.315773 0.000000 
75.887489 38.850197 23.327599 19.636925 12.391342 0.000000 
54.621647 33.032578 29.790375 21.596622 15.308850 0.044235 
60.452965 37.179844 25.929085 22.730402 17.841986 0.000000 
93.100853 36.430935 30.174150 20.231487 17.860332 0.034264 
49.087341 27.580679 19.223927 17.460142 14.674557 0.000000 
67.336800 32.608433 22.606878 16.211132 16.595657 0.000000 
50.658302 43.887276 33.367722 30.046284 19.089258 0.000000 
64.212364 35.746105 34.915005 39.680050 21.381025 0.000000 
54.859806 29.462240 23.407253 16.077663 13.719948 0.000000 
68.720055 27.969429 19.459730 15.037168 11.075333 0.019782 
67.891830 41.414749 34.675068 24.449921 18.151009 0.019782 
64.611603 30.471043 25.662117 17.161667 15.568187 0.000000 
60.793053 33.456135 32.231400 22.855862 12.263824 0.019782 
84.295364 31.418694 25.167118 19.959312 17.211908 0.034264 
56.758820 31.165251 31.609644 18.977617 19.474907 0.019782 
55.149490 28.675209 22.906927 17.578875 15.326226 0.000000 
66.214897 34.695488 35.642879 21.182537 18.439035 0.019782 
64.152748 36.410736 38.669415 24.019056 15.785797 0.019782 
75.226395 38.078083 26.377768 18.774242 14.533122 0.027976 
66.464348 31.180882 24.171919 18.652182 15.349092 0.027976 
72.248947 39.422211 33.312801 26.833246 14.328058 0.000000 
57.468430 34.423424 25.574554 23.203026 16.227722 0.019782 
58.994221 34.918255 21.613541 18.357136 14.228526 0.000000 
63.794792 28.545948 24.037666 19.707258 14.191101 0.000000 
95.850563 47.037685 41.327225 32.720177 27.178030 0.034264 
67.824562 41.622009 34.884663 31.253675 13.039368 0.000000 
65.593895 30.185528 29.089727 25.233158 17.050917 0.027976 
80.141861 76.844872 64.350060 48.667736 25.801142 0.000000 
59.296947 37.490604 26.965618 21.464016 14.550816 0.000000 
70.887115 47.705391 41.010540 30.557335 19.723972 0.000000 
74.402824 28.210503 29.315273 27.420298 27.947275 0.000000 
68.597565 44.601067 34.719265 33.545826 17.507010 0.000000 
62.999779 34.852348 27.920521 24.538822 14.105105 0.000000 
76.327301 62.595310 47.592377 34.931671 12.739779 0.000000 
69.759697 68.810478 62.045177 43.532757 12.391977 0.027976 
83.518562 29.201561 24.073484 22.789892 21.290531 0.000000 
45.821606 25.054323 22.712881 21.397524 14.321308 0.000000 
63.210178 33.041950 19.958160 13.803616 16.351290 0.000000 
66.140488 40.746700 25.786404 19.685635 15.907747 0.000000 
78.609711 34.803989 25.188862 23.383091 16.830788 0.000000 
64.542450 29.125153 23.032917 23.840250 15.106368 0.000000 
81.034454 31.021904 21.764156 19.168087 15.442430 0.000000 
76.999222 46.777729 39.482864 22.952772 13.459552 0.000000 
76.768059 42.621506 41.502792 26.563496 13.451436 0.019782 
79.730927 44.349564 37.938293 33.112015 25.546139 0.019782 
87.354736 24.343660 28.222599 24.840000 22.686888 0.000000 
69.171295 38.115597 39.646603 29.289749 28.811441 0.000000 
84.167686 36.249683 27.708918 19.381159 14.289145 0.000000 
102.629501 33.927711 33.620998 21.806320 17.694712 0.019782 
93.108330 45.588913 31.786667 23.326443 16.490145 0.027976 
96.598022 49.741314 44.048161 41.255974 21.160639 0.019782 
58.474384 35.875278 24.235409 18.891230 17.913748 0.027976 
103.322502 42.861637 31.202135 24.151459 26.134233 0.000000 
121.248314 51.145046 54.296227 48.824688 29.439013 0.027976 
56.705402 36.172150 31.907448 25.034460 16.578814 0.034264 
71.443871 37.688538 28.763401 24.796724 14.381834 0.000000 
100.365089 56.087818 64.089828 48.725513 19.050060 0.039565 
77.978294 33.280815 24.688562 22.689278 17.703398 0.039565 
66.692123 32.521938 40.626301 32.151428 16.106012 0.000000 
60.558094 55.457485 50.296104 34.859467 15.821622 0.000000 
94.412308 41.393742 41.671341 34.879242 28.744867 0.000000 
88.047386 36.261242 28.520578 24.552420 18.938313 0.000000 
89.615723 62.078548 45.596684 29.686350 17.654850 0.000000 
119.541313 52.816032 37.543579 30.323532 17.625742 0.000000 
62.653000 34.830170 35.991280 29.854670 14.043229 0.019782 
69.128357 53.963871 36.967537 20.881756 13.151210 0.027976 
73.607666 44.178944 36.843483 28.108103 14.724811 0.027976 
80.728386 54.235687 45.033287 30.245644 14.890636 0.000000 
59.124340 40.318676 34.829853 27.256882 16.500021 0.000000 
73.666817 39.943275 24.606394 20.831102 13.714866 0.019782 
55.077969 46.846844 41.557613 34.500416 15.287754 0.000000 
59.991165 32.807503 25.556051 20.947023 12.237332 0.034264 
77.080009 25.487347 24.701815 19.693907 13.328386 0.000000 
55.600590 37.849918 30.648943 20.620596 13.639849 0.019782 
59.469650 49.213139 50.070538 37.830860 25.811993 0.027976 
62.086376 42.811451 31.851162 24.032553 10.914644 0.000000 
67.210457 42.131203 32.851837 32.750031 22.295439 0.000000 
111.671059 35.619526 29.564596 27.641699 15.522505 0.000000 
87.373505 36.267780 21.376854 23.463505 17.846643 0.019782 
115.648163 40.723724 33.530838 21.308065 12.507035 0.000000 
52.960674 31.739290 24.370813 30.259686 24.488541 0.000000 
69.314171 35.707321 28.896254 25.697130 14.166060 0.000000 
49.604149 24.433075 20.543707 11.344894 13.636748 0.000000 
63.096657 39.178444 29.770821 26.544632 9.916551 0.000000 
62.816837 34.879307 29.595480 23.211943 10.929893 0.034264 
72.997795 69.456398 55.309013 42.061825 12.194125 0.000000 
66.177193 37.847233 27.250757 22.403463 15.438916 0.000000 
42.743725 26.713917 20.728014 13.617687 10.264294 0.000000 
111.422455 23.274000 19.917318 20.098490 22.138063 0.027976 
83.005371 35.591175 25.511805 23.971607 17.642391 0.034264 
94.321526 65.487411 68.632660 37.715099 21.017313 0.000000 
46.445004 27.153728 28.866144 22.543699 12.039138 0.019782 
69.341827 45.428783 29.635843 21.983198 12.758010 0.000000 
111.242378 35.742165 29.118240 27.621700 23.036739 0.027976 
71.914772 53.261196 51.448101 31.241177 14.980265 0.000000 
39.566345 29.497929 20.508274 17.238894 10.240713 0.019782 
59.685867 20.534916 19.043037 16.004969 11.098048 0.000000 
74.321907 26.308935 22.522430 23.442678 9.606561 0.027976 
61.213451 36.571709 34.692135 23.868444 11.250937 0.000000 
84.429176 43.050598 27.879950 17.604084 14.441179 0.039565 
70.922272 34.653481 32.966595 24.524172 18.289505 0.048457 
49.870670 24.645512 18.360813 19.474293 14.454306 0.000000 
53.575584 32.656406 31.597656 31.613857 27.916359 0.000000 
82.477425 46.498104 35.194347 19.226963 10.993309 0.000000 
73.762100 47.994358 31.214478 26.918335 15.084022 0.000000 
84.899109 36.881981 35.242924 26.435843 19.826315 0.000000 
63.517780 49.140171 41.660652 33.288139 17.079685 0.000000 
60.786594 33.698811 24.968138 15.873758 10.109664 0.000000 
78.894623 44.010830 33.375927 20.905781 14.586280 0.000000 
75.126915 46.338806 31.449755 29.853237 13.628953 0.019782 
78.384956 32.527157 34.908207 34.791462 15.721671 0.000000 
61.850681 34.080986 24.013594 23.058157 10.999719 0.000000 
68.993698 48.198380 39.839699 37.631443 19.545698 0.000000 
67.862381 45.840199 31.572628 24.143454 17.864119 0.000000 
88.626518 31.755274 23.085346 23.343788 15.532148 0.000000 
51.897030 29.948771 34.565533 28.280115 21.022188 0.000000 
76.764732 38.183468 33.357880 36.116367 23.393280 0.000000 
66.914444 24.482838 19.106438 16.574661 15.811975 0.000000 
82.366547 61.714577 46.317123 37.625160 18.028795 0.000000 
75.545738 40.020641 36.106876 25.679373 14.944682 0.055953 
68.226608 34.669491 22.305185 26.027935 11.441637 0.000000 
81.093445 30.509153 26.369457 18.173798 15.441545 0.019782 
50.235561 25.143898 20.213081 17.437477 12.676051 0.000000 
77.051506 39.882603 31.955338 26.749048 15.635739 0.027976 
65.660873 48.967625 49.912540 33.105812 21.788761 0.019782 
61.580246 33.854210 37.790474 27.757315 12.796860 0.027976 
60.272076 33.656414 32.544334 30.785254 26.345142 0.000000 
65.435661 37.890553 26.298161 22.165211 11.632472 0.044235 
45.208096 28.209389 26.530170 23.297318 15.048431 0.000000 
68.180618 36.322315 26.665165 23.252203 10.472922 0.027976 
50.743793 27.466122 23.498695 16.843826 11.361635 0.019782 
49.734718 36.707016 27.978798 24.856922 10.453158 0.048457 
46.799026 34.367149 25.176327 16.929533 12.446335 0.019782 
71.414642 49.438469 34.548294 25.545784 15.280188 0.000000 
49.160213 29.258780 27.119743 22.271473 12.961139 0.027976 
65.726440 35.852432 27.723635 20.105297 11.536863 0.019782 
59.415462 29.962175 21.314314 19.854992 18.504311 0.000000 
68.682800 40.060238 30.470013 23.576601 12.295938 0.000000 
60.267624 27.524826 20.029585 21.791170 11.244511 0.000000 
83.529045 30.748819 21.498692 18.588842 10.684633 0.000000 
49.240894 38.919930 31.235519 24.834146 13.671845 0.019782 
75.274979 46.056694 35.359585 24.272985 12.498769 0.034264 
54.836643 41.943661 35.182034 25.264225 13.320368 0.044235 
60.419472 31.155228 24.495132 21.793648 17.144205 0.000000 
71.865097 36.268810 29.670080 22.163372 13.516465 0.000000 
77.539597 36.662277 29.230486 22.848696 19.487074 0.000000 
64.572281 29.000166 23.821301 21.623772 12.469811 0.000000 
92.986343 34.457458 25.743597 23.216866 22.543631 0.027976 
71.566803 29.649063 23.657608 20.004593 10.431660 0.000000 
60.688728 41.429996 42.812473 32.829967 21.614264 0.027976 
62.061237 37.384251 31.375786 21.520727 14.481618 0.000000 
52.477886 37.332157 30.572777 26.557888 12.760747 0.000000 
64.154045 27.522913 22.778965 21.563362 15.611507 0.000000 
55.125343 36.109455 32.403694 26.290760 12.891110 0.027976 
84.207657 58.813431 58.195431 41.338829 15.164350 0.000000 
54.956703 34.312328 32.721085 32.385353 29.315392 0.000000 
70.014099 46.203506 42.957771 27.952204 14.698303 0.019782 
95.524803 47.671787 37.511299 25.811968 21.098814 0.027976 
74.615723 36.707565 30.789345 22.424513 15.640896 0.000000 
62.084976 32.587719 30.300484 24.228128 13.417892 0.000000 
60.759987 39.114765 32.870201 23.461266 12.066532 0.000000 
67.629105 32.827370 30.273539 29.179743 19.470533 0.039565 
55.459503 34.109032 26.679598 18.587420 16.464102 0.000000 
93.127274 38.627495 30.829859 25.074251 26.984228 0.019782 
90.991287 53.862568 45.238384 27.283855 16.744862 0.027976 
73.334221 32.269989 22.418028 19.210228 10.703993 0.000000 
63.719387 47.572521 41.362167 32.533421 19.512466 0.000000 
94.300911 46.713402 42.246922 33.436436 24.661575 0.000000 
81.365746 33.235920 26.218113 20.583960 16.965782 0.000000 
96.235970 41.936176 26.325043 16.769098 10.673759 0.000000 
85.831108 33.025288 29.532436 19.453407 12.521834 0.039565 
76.580856 38.549114 25.578636 24.466021 18.904747 0.019782 
108.721748 50.291801 40.232613 21.755192 20.599699 0.019782 
117.734390 56.882950 27.169401 26.534361 12.055369 0.000000 
88.083717 40.087193 36.017879 22.947483 13.739848 0.034264 
93.913147 69.858315 75.890762 49.418552 24.374702 0.000000 
95.087685 38.619389 44.271957 23.771498 23.329254 0.027976 
89.264381 40.724781 34.661522 31.241085 14.640991 0.000000 
60.997631 33.817406 32.209641 27.562073 11.619982 0.000000 
62.067123 38.135456 26.022682 21.400482 12.047028 0.000000 
85.271736 74.042946 70.154366 69.697197 37.547234 0.027976 
50.830929 44.785835 38.554806 28.625051 16.382957 0.034264 
88.919586 32.081360 23.254883 16.634069 12.132111 0.000000 
71.150574 44.779373 39.830788 39.439133 12.131737 0.000000 
75.948921 39.686642 39.204773 30.939873 14.925879 0.000000 
73.392548 24.830935 18.233410 15.825644 18.393093 0.000000 
64.349358 32.103554 29.493303 26.724573 14.295591 0.000000 
74.773026 28.056406 22.970699 22.961439 10.381444 0.000000 
76.386772 28.447189 25.031565 22.704617 15.938768 0.000000 
75.373596 40.893974 37.816372 27.987801 16.794374 0.039565 
103.259331 49.542431 43.422657 36.283493 26.164934 0.052339 
44.805092 21.075102 19.901253 16.605829 12.148285 0.000000 
66.803940 28.381641 21.618723 20.515749 12.905323 0.000000 
74.776489 30.405144 21.780655 21.880224 18.360250 0.039565 
68.599503 41.058613 33.165894 23.641785 10.532949 0.000000 
71.662247 48.651703 46.694847 23.285604 19.880949 0.000000 
80.354347 50.778023 43.510719 38.611065 26.456486 0.019782 
100.923622 53.760216 49.998089 29.357231 21.177889 0.000000 
79.477646 50.174370 56.284298 30.082760 26.004789 0.000000 
63.980942 34.475967 26.240265 23.894453 10.128499 0.019782 
59.369160 25.296564 22.111433 16.580862 11.328234 0.000000 
92.039581 70.988503 60.331646 35.301964 12.711936 0.000000 
58.690414 27.256321 19.845448 16.119106 11.090451 0.019782 
60.801891 27.562410 23.385303 24.162836 16.092983 0.000000 
63.595051 36.350803 29.627316 24.180248 11.445786 0.000000 
67.016991 32.890255 28.948315 22.610004 13.833399 0.034264 
76.748405 36.132927 23.665081 17.165531 10.341990 0.000000 
76.798477 30.390585 20.063082 13.713382 11.214663 0.000000 
61.278572 40.579281 26.410408 26.538961 18.053850 0.000000 
96.227142 31.289900 27.983538 21.246300 14.974977 0.000000 
83.071602 35.684116 27.569302 29.930368 20.876785 0.000000 
42.132217 27.338295 25.652092 17.225002 13.239924 0.019782 
75.200676 32.125042 25.605658 18.072859 10.967868 0.019782 
105.974197 29.365595 21.593485 17.163857 24.238977 0.000000 
69.688225 33.379753 29.064507 25.411003 14.859920 0.027976 
64.699097 41.866253 31.412682 23.150345 13.481586 0.000000 
114.592072 30.413042 24.971956 15.772748 13.507008 0.000000 
89.475334 31.452497 28.712534 21.072235 11.883353 0.027976 
62.305065 34.407562 29.576788 26.564371 13.804088 0.019782 
84.727180 28.984777 16.607468 15.323901 15.625434 0.000000 
88.409798 35.572227 28.959723 25.283197 12.846874 0.019782 
70.390907 38.421734 24.745907 19.062151 10.911687 0.000000 
79.610634 45.770695 40.368393 29.126822 12.111148 0.000000 
90.746483 50.760559 35.545403 24.237406 12.239361 0.034264 
61.279343 37.528320 28.886192 23.484919 16.148945 0.000000 
70.010826 36.549095 23.921537 18.548918 14.006025 0.000000 
51.054157 29.939968 25.290995 19.565126 17.353792 0.000000 
85.370415 50.928440 45.945744 42.848103 20.413145 0.019782 
65.841911 30.824873 32.524452 27.326742 26.836765 0.000000 
83.838524 53.191658 38.834053 28.024805 21.686167 0.019782 
53.689075 33.395905 29.821724 28.459682 21.607475 0.000000 
60.640247 34.581333 22.476583 30.234526 13.942472 0.019782 
78.869858 35.084908 34.931190 25.094343 14.563519 0.055953 
54.803188 23.307539 26.604696 14.491966 10.719262 0.000000 
93.312157 37.150764 34.185791 22.195271 12.742318 0.000000 
60.870178 30.765657 24.440983 19.461136 11.311810 0.000000 
64.809082 30.351280 25.520714 19.849733 15.757540 0.027976 
64.053802 41.039967 31.261526 23.535660 11.025195 0.000000 
67.527962 59.326122 54.316231 44.240318 16.101656 0.000000 
64.314056 29.512062 21.156275 18.833872 14.160883 0.019782 
61.607208 46.864700 47.494320 38.675167 11.764754 0.019782 
69.082542 32.087223 27.127832 28.414270 12.385436 0.000000 
89.982185 56.193874 42.317837 38.146519 37.395813 0.019782 
98.479836 28.266159 19.389267 21.839235 10.345736 0.027976 
61.900303 35.374107 33.717144 25.443876 10.262396 0.000000 
62.795895 34.837097 31.268225 29.885677 23.719101 0.000000 
61.601536 28.367178 26.048063 23.693941 17.556154 0.000000 
63.856022 35.761894 35.299416 29.707798 14.690468 0.027976 
55.872261 25.066723 15.165786 15.725616 10.988383 0.027976 
68.606674 30.158401 23.803766 17.995962 13.840466 0.000000 
105.049873 28.225653 23.820469 23.039846 22.437918 0.000000 
85.066032 37.393745 31.841591 31.205589 22.607981 0.039565 
68.267845 34.903309 39.164547 27.293768 20.237700 0.000000 
98.077690 33.696392 28.768101 22.301949 28.615526 0.000000 
66.777557 34.135666 22.680964 20.753811 15.834144 0.039565 
72.225586 37.610981 21.475233 20.662882 14.299187 0.000000 
96.297562 35.832741 31.608461 23.940739 23.258898 0.034264 
63.394642 27.482107 18.653229 14.829862 11.791656 0.019782 
68.289001 30.181944 29.719072 26.719463 12.734405 0.000000 
64.474762 26.447655 28.222195 21.133757 14.706001 0.000000 
75.628387 25.821173 21.565844 17.502796 11.102571 0.000000 
88.172226 56.936363 44.920750 28.304195 12.730112 0.019782 
54.274822 36.821426 27.157560 21.017284 11.563369 0.019782 
61.379349 42.051338 35.999466 31.243286 16.048796 0.019782 
91.527061 38.023754 30.964048 31.481157 22.766912 0.034264 
60.143692 37.604637 29.824209 16.801973 9.034963 0.000000 
60.994541 36.643871 21.710949 17.489962 11.206179 0.000000 
61.625843 26.198610 22.109844 16.699690 14.762034 0.019782 
90.591866 72.917488 60.999191 42.319798 20.948198 0.000000 
80.838974 42.813808 27.592794 20.344124 25.257471 0.000000 
90.176643 42.883553 27.702702 19.406242 12.012832 0.000000 
88.759277 40.455746 32.709740 27.560335 15.762242 0.000000 
70.399292 24.763750 21.609434 18.731571 8.893730 0.019782 
66.011688 43.452148 32.660435 22.581671 12.924867 0.000000 
65.029968 26.345335 21.985889 17.921307 10.589647 0.027976 
97.072701 53.500088 41.972176 29.123629 20.736446 0.000000 
70.300179 51.372387 49.331207 38.643436 29.985756 0.000000 
73.128822 28.537285 23.940126 17.563490 10.941216 0.000000 
96.149292 39.980934 36.347080 37.669537 29.827753 0.019782 
80.934990 21.745930 18.591393 15.600336 15.565579 0.000000 
92.515129 33.813118 24.811100 17.508484 11.899281 0.019782 
59.191349 25.382010 22.312464 24.604286 10.842372 0.027976 
65.790413 31.442442 31.931280 27.150650 14.593966 0.000000 
80.907066 29.152601 21.911243 28.387203 23.719423 0.034264 
103.614410 42.706219 29.576977 20.715090 22.286560 0.039565 
44.618793 29.851549 32.006901 24.200136 12.297060 0.019782 
66.136101 29.019398 27.125183 21.891394 12.424384 0.000000 
79.232666 47.906437 38.511482 25.090727 17.399452 0.000000 
87.181244 35.543983 34.694340 32.322208 21.471537 0.000000 
83.500038 50.639656 34.922104 30.766552 34.830814 0.027976 
76.066063 36.648384 30.521313 31.830662 19.515646 0.019782 
57.964214 36.322552 24.027042 22.114729 12.848010 0.039565 
75.671906 54.578419 45.933598 35.121490 26.061832 0.039565 
67.183304 29.847614 29.015297 20.046888 11.318875 0.034264 
73.892998 39.934109 33.309296 37.571320 20.368961 0.000000 
74.644508 44.944611 45.636402 39.136562 19.522127 0.000000 
87.337051 33.371395 28.757469 22.846918 24.837675 0.000000 
56.365910 26.289186 25.349125 17.351114 12.034193 0.027976 
85.598412 34.251923 27.407112 24.442469 17.092493 0.034264 
76.192558 37.837421 35.681431 24.701340 17.885515 0.027976 
69.028725 31.297054 26.544586 20.573524 12.637616 0.000000 
83.841965 39.865795 29.611185 23.812159 15.340330 0.000000 
90.671494 42.903416 32.600815 22.310072 14.123269 0.000000 
56.260056 27.671717 22.615149 20.004204 15.505255 0.000000 
73.326492 40.612617 44.126698 30.178295 16.778694 0.000000 
94.518295 28.294292 25.525089 20.022175 9.617789 0.000000 
65.043419 28.010120 18.559929 14.490451 9.263444 0.000000 
71.543304 38.506790 31.051256 21.221933 23.151979 0.044235 
82.682625 28.361841 28.255526 19.595320 13.299526 0.000000 
72.327286 45.985714 36.494942 27.368053 12.563445 0.000000 
94.455910 33.910099 27.217300 29.163712 20.838879 0.000000 
64.290054 28.516733 24.099146 19.705994 13.451171 0.000000 
49.222382 31.885580 26.399359 21.643150 11.265001 0.027976 
100.879166 44.485031 50.314194 33.779427 27.241470 0.000000 
67.920296 35.388725 30.273458 22.467720 14.599711 0.019782 
56.056889 30.706709 27.259619 21.836214 14.797926 0.000000 
62.583839 30.864426 31.609795 22.118567 16.737431 0.027976 
58.602161 28.750916 18.317593 17.502115 14.873496 0.000000 
68.775085 37.885777 26.128572 21.125967 18.543484 0.000000 
68.218651 23.273163 19.628714 15.645569 13.051291 0.019782 
84.729355 20.415625 17.456226 16.921112 25.832798 0.000000 
50.697800 25.888449 24.194319 24.485582 14.250642 0.000000 
78.761215 46.775822 37.329082 31.828918 17.938669 0.000000 
77.569199 38.149948 35.621143 34.186211 26.287159 0.019782 
63.816147 19.760046 18.635923 15.128943 8.624570 0.027976 
87.467384 37.151169 25.729286 20.472185 14.235041 0.044235 
54.431816 31.933475 30.839031 24.386269 7.631598 0.052339 
57.989758 42.523987 31.669054 21.881325 12.152130 0.000000 
78.931877 31.603777 27.278036 19.690338 15.142454 0.048457 
74.097054 42.379616 38.346256 29.312449 29.323477 0.000000 
104.738014 53.483475 37.145466 24.074972 19.355764 0.000000 
