85.965836 29.861603 29.066845 31.574133 34.301353 0.000000 
83.082024 37.534615 33.499081 28.256090 25.331850 0.000000 
79.706314 29.665314 30.465063 32.317387 25.067553 0.000000 
80.886986 32.066551 32.105522 36.401176 29.211329 0.000000 
91.065086 41.846848 36.086693 40.358345 36.639153 0.000000 
85.880745 35.703297 33.047482 39.384007 25.084194 0.019782 
84.506432 36.220394 32.627277 34.270523 34.671661 0.000000 
87.960312 36.617527 32.948826 37.513752 37.516121 0.000000 
88.213783 35.652039 35.304390 32.436798 33.965908 0.027976 
89.861382 50.175674 43.458855 35.623653 39.978485 0.000000 
91.011124 32.037434 33.259953 33.782578 42.143196 0.027976 
80.759239 30.360176 30.313574 30.382385 24.826412 0.000000 
86.447029 41.366840 32.616898 33.109638 29.785761 0.000000 
73.051331 38.743317 37.781471 34.921677 27.208742 0.000000 
86.380417 35.234974 36.755505 40.304058 30.007280 0.019782 
85.777634 42.266258 27.505081 31.683245 32.003483 0.000000 
76.229263 30.759373 27.083902 22.764954 20.105028 0.000000 
72.354576 38.803768 40.703552 39.375408 29.009434 0.000000 
85.338615 28.941441 30.601616 30.813263 30.752193 0.019782 
86.069382 43.876240 35.191948 30.456118 41.095680 0.000000 
83.778130 28.360668 28.677368 25.607996 28.808390 0.000000 
79.700500 26.364082 24.051035 28.197737 24.341448 0.000000 
87.849640 33.260506 31.823465 32.338543 25.658621 0.000000 
85.754486 34.251122 33.024830 34.715466 23.492914 0.000000 
86.911835 32.706161 33.753159 31.175697 32.733906 0.000000 
85.412773 34.659748 35.071175 31.502068 28.014948 0.000000 
83.442268 28.965353 27.644949 29.605627 31.984484 0.027976 
84.671097 28.384243 25.173510 26.505157 30.305971 0.019782 
79.671913 38.620728 31.391436 27.776434 23.211702 0.027976 
88.993179 41.448437 34.950882 33.497677 33.657616 0.019782 
87.005745 39.229923 34.041843 40.243401 32.536423 0.000000 
84.662506 31.270010 26.273436 31.904949 31.764330 0.000000 
87.114517 33.173073 32.025307 34.982029 32.818375 0.000000 
80.862129 33.868195 33.330643 32.891281 25.954088 0.000000 
81.423500 38.761494 31.098919 29.239037 27.818623 0.000000 
84.019089 39.834484 37.442890 40.794312 31.787397 0.000000 
83.308525 32.209766 25.508621 35.369957 28.205841 0.019782 
85.699059 25.631289 32.833797 36.273453 28.890848 0.019782 
84.971962 31.513273 32.303085 31.091080 31.549606 0.000000 
83.070221 35.112747 31.705740 34.855465 27.832684 0.000000 
85.765724 31.747372 27.066900 30.185795 34.918926 0.000000 
84.005745 38.702171 34.532082 35.135426 26.424763 0.000000 
85.391327 31.155556 33.927349 34.257858 31.986755 0.027976 
86.071114 36.838997 32.120796 31.365286 29.277201 0.000000 
79.665863 27.491228 27.912001 27.238745 21.831387 0.027976 
84.808998 30.735668 34.730930 27.996552 30.080437 0.019782 
82.381485 37.547863 33.025974 33.307880 31.515400 0.000000 
83.330841 44.621979 41.122925 39.453266 26.899876 0.019782 
85.490990 36.699894 28.281708 31.633314 26.612701 0.027976 
85.558456 37.302597 30.191694 26.019125 30.635475 0.000000 
