90.715736 41.686935 46.561401 44.050098 54.513187 0.019782 
76.386627 32.384216 37.459377 36.956459 55.312344 0.019782 
81.762589 34.555229 49.775391 46.397125 64.798897 0.000000 
86.092331 50.721745 52.818909 41.895061 43.044056 0.019782 
80.571335 33.545727 43.421608 38.891697 60.472198 0.027976 
84.282913 42.361042 42.082954 46.519169 43.990379 0.000000 
72.726936 35.167873 39.341602 44.138718 50.703888 0.019782 
82.647430 31.428612 31.216619 33.525810 38.576057 0.000000 
77.974747 28.226744 32.171837 37.904934 38.915100 0.019782 
83.793724 30.009007 35.160030 38.833279 37.629414 0.000000 
79.975311 42.666248 48.775967 44.167995 53.197109 0.019782 
83.652168 36.399364 34.328320 32.731636 39.750961 0.000000 
87.772858 45.578171 44.419376 43.843964 56.287361 0.000000 
74.058067 39.417343 42.965111 40.609638 37.737934 0.000000 
80.777542 29.076210 37.399582 33.573090 42.071728 0.000000 
81.844719 33.772472 39.885811 37.419807 44.341892 0.000000 
74.875450 55.034531 55.290359 56.425667 55.473423 0.000000 
77.715996 52.213951 58.478642 62.790882 48.337154 0.000000 
81.896637 36.045433 25.357643 35.357193 36.699780 0.019782 
85.400681 49.636192 56.442810 47.389267 44.156849 0.000000 
84.867302 35.267845 34.494446 30.237991 36.165310 0.000000 
86.355415 45.017529 50.955139 53.293568 46.704697 0.000000 
84.964760 35.655739 45.181652 51.004982 45.391216 0.019782 
81.486122 27.511374 32.985119 30.183496 35.898083 0.000000 
89.795845 39.604797 38.187050 43.183712 46.122021 0.000000 
84.662659 33.882641 35.249058 39.447407 46.020771 0.000000 
86.010117 44.585857 40.606606 30.342819 44.211277 0.000000 
84.217247 40.907852 36.705437 41.900394 53.249172 0.000000 
78.586540 40.792725 35.489643 32.078335 47.250973 0.000000 
80.479858 32.996166 40.303879 37.129967 43.105667 0.019782 
80.155197 40.612129 44.618877 42.089153 53.856209 0.027976 
77.610878 34.004490 39.301785 34.928600 54.213009 0.000000 
84.828934 38.143105 41.578762 56.728165 38.565651 0.027976 
73.120712 35.452934 38.922169 38.215611 48.947701 0.000000 
81.246391 30.240595 31.012386 41.969208 57.960320 0.000000 
72.675461 32.713501 38.813370 37.040043 46.502956 0.000000 
80.906479 30.924707 31.481287 36.945667 31.034283 0.019782 
78.411865 35.771412 41.735554 37.196198 40.414158 0.000000 
76.229668 33.660374 35.120796 31.581738 37.234348 0.000000 
81.376663 43.299931 42.859238 40.087990 42.924511 0.000000 
78.348412 28.786509 39.656033 42.196892 46.372688 0.039565 
77.325554 37.453838 41.614334 36.471874 45.242378 0.000000 
75.988022 39.457630 44.010715 46.825642 40.001827 0.027976 
79.810730 33.078163 36.941048 44.417469 47.433182 0.019782 
84.999634 52.725800 46.439125 47.020653 36.353374 0.027976 
81.806007 42.403179 37.761280 31.489611 38.209995 0.019782 
86.688789 36.857578 40.668949 33.175102 43.257519 0.000000 
87.726196 28.249655 38.115036 43.289700 51.528355 0.000000 
85.293114 37.761688 36.145538 33.642384 52.905289 0.000000 
83.421997 36.357151 37.155342 34.292042 43.400402 0.019782 
