0.147968 
0.510350 
0.263163 
0.298545 
0.202805 
0.198705 
0.337259 
0.266864 
0.456399 
0.471288 
0.249846 
0.458549 
0.194187 
0.365280 
0.344386 
0.704827 
0.349227 
0.505330 
0.375867 
0.375802 
0.295027 
0.190838 
0.299679 
0.213747 
0.290402 
0.287509 
0.245594 
0.410371 
0.380038 
0.273897 
0.158140 
0.297421 
0.164551 
0.917791 
0.389580 
0.219690 
0.419267 
0.505604 
0.322580 
0.351168 
0.600300 
0.496695 
0.585425 
0.454669 
0.296412 
0.547635 
0.156584 
0.292054 
0.259570 
0.397527 
