0.836000 
0.764000 
0.892000 
0.852000 
0.708000 
0.876000 
0.868000 
0.904000 
0.736000 
0.812000 
0.716000 
0.816000 
0.888000 
0.660000 
0.808000 
0.872000 
0.836000 
0.764000 
0.844000 
0.696000 
0.760000 
0.700000 
0.788000 
0.888000 
0.696000 
0.816000 
0.836000 
0.764000 
0.824000 
0.876000 
0.860000 
0.920000 
0.876000 
0.704000 
0.848000 
0.748000 
0.800000 
0.736000 
0.828000 
0.836000 
0.624000 
0.756000 
0.700000 
0.752000 
0.676000 
0.904000 
0.716000 
0.912000 
0.884000 
0.724000 
