7255121.000000 143948016.000000 724885.937500 2508506.500000 160995.937500 733790.625000 1962387.125000 171087.531250 17765.591797 
34936508.000000 420838464.000000 9086184.000000 893761.562500 12773090.000000 15609355.000000 133689.625000 837576.875000 127.196938 
5842413.000000 8520282.000000 1560442.000000 787221.250000 783276.437500 703795.937500 98037.367188 17555.369141 156878.093750 
13542472.000000 147985376.000000 90383792.000000 9536855.000000 37184216.000000 129234424.000000 26899286.000000 358036.281250 12445.008789 
14165272.000000 8726250.000000 49564300.000000 3543267.250000 3014457.250000 138737.750000 31310.464844 459875.625000 20113.298828 
11400803.000000 50230321152.000000 1855164160.000000 2741538.750000 1497147.000000 1319709.000000 164806.437500 5793.891113 119.114906 
20848174.000000 41545684.000000 3583549.750000 143696.218750 6815143.500000 2255644.750000 13997.607422 199063.875000 19207.681641 
15044060.000000 41276928.000000 196018848.000000 120927072.000000 876018.312500 6143323.000000 50340388.000000 11897538.000000 461224.531250 
14359269.000000 142812800.000000 57636752.000000 510919.812500 91309.445312 414554.906250 11767716.000000 66897.765625 94099.945312 
15734865.000000 66416492.000000 1955116.375000 167949.843750 5121770.000000 3428.012695 933.192444 437861.937500 23585.339844 
3841770.250000 1982293.875000 10378089.000000 42524764.000000 18234246.000000 11980657.000000 40129200.000000 43036.203125 38.844650 
3729553.000000 165233904.000000 11255047.000000 10388854.000000 564525.312500 1153950.125000 367713.968750 40875.964844 44428.554688 
5197014.000000 17414064.000000 165277.281250 231518.000000 873776.187500 1624749.750000 15077.987305 85253.968750 3995.070557 
8869886.000000 29935698.000000 2717548.250000 13557487.000000 121383736.000000 4112914.750000 1140989.625000 5692195.500000 150361.593750 
17916528.000000 10291981.000000 7263614.500000 344992.031250 5291833.000000 39236392.000000 925159.250000 85832.335938 85180.117188 
11231634.000000 18173506.000000 224591.500000 2506417.000000 614055.125000 695387.125000 65031.429688 70811.992188 50796.464844 
7319928.500000 8481840.000000 11178114.000000 20074132.000000 490723.343750 5134303.500000 4611390.500000 60630.796875 383842.500000 
7954942.000000 5759012352.000000 2789949.250000 9041161.000000 85816264.000000 2198241.250000 1358372.625000 9088352.000000 55714.531250 
10112784.000000 18720208.000000 5837585.500000 33945492.000000 39946.312500 53878444.000000 44543.984375 88553.523438 39598.140625 
9003904.000000 5470593.000000 673857.937500 32034864.000000 2509816.000000 1145713.125000 4044678.750000 29108.490234 107080.695312 
