4167979.500000 6471568.500000 3215766.500000 194100.156250 14183.148438 
1053426.375000 184856.906250 91707.125000 77166.054688 19514.396484 
2582615.750000 2800202.250000 1430255.750000 1480038.875000 51704.996094 
1532618.625000 2569661.750000 1846850.125000 851568.062500 81464.078125 
1972477.625000 768034.000000 1412983.250000 616076.687500 50242.363281 
3163806.000000 819484.437500 407817.187500 92737.757812 63668.953125 
4016985.750000 10002524.000000 604602.875000 774874.312500 135316.953125 
2052790.750000 605325.437500 1778747.375000 1087526.625000 29714.349609 
1754420.875000 678606.375000 646725.000000 429844.125000 32395.753906 
2789398.750000 1771600.625000 1480441.625000 842482.437500 34424.031250 
1371773.375000 1861908.875000 140393.375000 120485.234375 28942.837891 
3842260.000000 1131713.375000 430005.500000 506784.437500 74832.835938 
2754784.750000 834736.875000 573507.250000 289566.218750 47972.234375 
2307677.250000 8450422.000000 9977524.000000 23953578.000000 51305.878906 
2783120.000000 552640.812500 403419.968750 166039.234375 33983.710938 
1788865.125000 201760.218750 200369.281250 121310.695312 14953.404297 
2409336.000000 1081040.000000 401213.000000 511649.968750 102884.203125 
4223531.500000 466912.312500 449789.312500 548975.000000 42141.828125 
944216.312500 502060.375000 446640.281250 104431.679688 117280.164062 
