92.769928 90.153053 87.481903 89.286354 85.225700 0.000000 
90.013016 90.390930 86.283859 83.878059 84.946793 0.034264 
86.400459 87.501244 73.870476 96.792076 79.166260 0.019782 
96.166969 87.819557 100.479195 89.711716 91.632706 0.000000 
88.300171 92.594627 92.890976 91.198296 87.580948 0.027976 
87.303749 88.718811 87.404739 96.566528 75.052788 0.019782 
86.752563 86.221397 81.430084 81.148697 96.590714 0.000000 
96.019577 92.043991 93.783836 89.146179 72.675568 0.000000 
91.075195 94.513229 91.092400 73.236748 89.538986 0.000000 
92.965500 89.097130 87.418259 102.331429 88.815315 0.000000 
86.511307 90.738007 98.293282 94.242958 94.491402 0.000000 
90.898254 87.808304 76.561302 92.982628 76.361565 0.000000 
93.054863 68.312111 87.153473 91.924866 94.637436 0.000000 
82.421059 87.363831 74.423927 76.027214 65.826042 0.019782 
89.750504 81.808044 63.405674 68.190651 72.932861 0.027976 
84.900711 73.349083 66.829865 44.352108 46.008183 0.019782 
92.086990 63.891869 75.608421 70.848953 69.464806 0.000000 
91.955246 76.463631 65.763245 59.328190 54.110195 0.027976 
83.467926 83.484665 80.473999 62.509438 84.182831 0.027976 
89.595848 81.687729 78.625000 88.691223 71.882256 0.034264 
91.454674 79.512482 86.588264 83.084679 71.297279 0.019782 
91.738159 71.128456 78.159439 81.250687 80.997559 0.000000 
93.522232 84.299667 87.892944 88.584160 76.751465 0.000000 
89.889183 82.306465 88.061714 69.127785 84.219963 0.000000 
87.808189 100.758209 93.185860 85.105492 95.194077 0.000000 
90.640640 83.799660 87.595268 100.485008 73.688545 0.000000 
89.055107 82.705910 88.603691 84.907501 98.182114 0.027976 
87.081528 91.771286 94.625496 86.010132 82.416382 0.000000 
86.349991 89.498131 100.873154 91.926392 66.164383 0.019782 
89.331749 94.571175 93.395531 91.387398 92.153641 0.000000 
90.492928 85.996605 105.413429 95.873810 84.413765 0.000000 
94.779900 89.933952 83.934158 89.298035 76.405548 0.000000 
90.204643 88.007248 93.418564 90.407318 72.868950 0.034264 
92.678596 101.692116 97.150169 101.037086 69.848213 0.000000 
87.564995 85.400459 74.792747 85.004387 94.799263 0.000000 
91.626938 88.574379 77.829773 86.766960 78.498032 0.027976 
88.071754 89.077797 83.071770 89.808952 95.646111 0.000000 
84.668816 95.220116 102.779137 89.889168 77.226860 0.027976 
90.636162 83.841377 94.961273 89.397804 86.557823 0.000000 
92.181900 94.898346 95.852821 90.764816 78.457260 0.000000 
89.314369 95.541260 99.983437 85.133537 90.751953 0.000000 
85.983086 89.885002 98.694778 86.556915 71.398285 0.000000 
85.095177 97.505226 91.211533 88.313660 96.817581 0.000000 
94.471420 85.410416 100.880112 81.317352 66.000191 0.000000 
89.749413 81.723839 86.618927 86.497467 65.459358 0.027976 
87.578499 91.927589 90.613029 98.056404 65.625603 0.027976 
90.963409 85.463615 87.199188 83.454788 80.313324 0.000000 
89.009460 95.702385 96.025284 90.106209 81.515205 0.027976 
88.645874 89.833946 79.205208 85.226471 63.409084 0.000000 
91.049698 96.265907 99.398346 88.412880 89.012001 0.027976 
93.392570 93.978851 83.028305 103.436363 72.083618 0.000000 
92.309883 87.745308 95.831367 92.371010 70.748787 0.027976 
88.200806 82.320213 79.021614 79.671799 73.887291 0.019782 
89.301605 85.900688 74.871109 83.853775 79.462486 0.019782 
92.863068 102.458557 103.383568 105.928902 91.015038 0.000000 
88.663490 87.194565 91.212875 98.929443 73.181412 0.019782 
92.223465 89.685066 86.383148 98.859245 75.946182 0.000000 
92.228142 93.160637 96.989647 87.476318 82.259865 0.019782 
84.420746 86.342766 92.201286 86.379951 76.792358 0.019782 
90.148674 86.541840 85.252724 90.931335 94.700562 0.000000 
97.464973 97.697922 97.752342 99.117706 73.318871 0.019782 
94.260399 83.105515 91.672623 83.356773 61.790390 0.000000 
91.571053 88.312874 85.659790 80.148148 56.474529 0.000000 
89.816353 89.067284 81.996811 79.410088 66.951118 0.019782 
86.114761 80.226570 86.444336 81.636719 75.497871 0.027976 
85.972359 88.499657 95.758820 88.525482 70.031891 0.027976 
89.597343 87.988441 87.303001 95.444923 84.719971 0.000000 
87.943771 87.474777 85.875763 85.020828 76.090637 0.000000 
89.680313 97.073761 90.452370 93.564430 65.916252 0.019782 
94.123619 88.501915 85.733231 80.622276 54.877499 0.000000 
91.300095 89.993355 91.471619 85.860405 81.953796 0.019782 
83.040382 84.732986 97.886307 94.744041 63.849072 0.000000 
86.056396 91.911720 93.676559 81.228996 83.176514 0.027976 
85.841759 86.022621 81.187042 85.205765 79.370811 0.000000 
93.817024 88.637421 85.009071 95.877747 76.614815 0.000000 
89.338440 97.476807 94.551140 75.696938 71.715141 0.000000 
94.122765 85.478981 80.550484 78.436996 57.335754 0.019782 
84.607651 86.708145 84.184113 80.291847 77.838730 0.000000 
85.963547 90.044159 88.223083 95.819138 83.191353 0.019782 
87.712830 91.942505 86.026459 90.044548 64.342018 0.019782 
90.424774 95.620987 81.648232 73.134659 71.335915 0.034264 
89.097755 94.456413 96.173683 79.512207 52.663841 0.034264 
90.441254 96.808296 94.474030 82.630920 58.328278 0.000000 
89.382088 88.580376 84.069687 98.338005 80.394188 0.019782 
87.098808 89.651573 87.742592 90.568535 67.789825 0.000000 
87.577812 98.846039 86.051071 88.225540 86.912659 0.000000 
88.549355 91.207535 95.361160 88.791107 62.620853 0.000000 
95.362679 83.881149 91.826645 91.869072 72.771408 0.000000 
90.336685 92.158501 88.056381 83.425522 59.980068 0.000000 
94.523178 86.282135 87.721207 85.942123 55.762047 0.000000 
95.601410 87.614143 83.439964 76.068970 57.259113 0.000000 
87.153259 82.424675 90.174736 77.123505 66.145615 0.000000 
92.562653 80.120346 91.393974 91.562637 55.913174 0.027976 
93.198929 83.472046 89.936821 78.878906 63.075066 0.027976 
87.939644 86.482376 85.790474 83.753777 70.735291 0.000000 
89.511765 86.912140 79.909019 78.406578 75.600754 0.000000 
82.488281 99.667786 95.183052 97.974045 73.065750 0.000000 
91.362679 92.140602 86.449654 82.784378 66.902199 0.019782 
91.148170 81.964821 78.029930 86.588173 59.098598 0.000000 
88.875549 80.373619 77.766991 76.485794 54.419277 0.000000 
92.701355 85.372444 82.141823 79.584984 58.144279 0.019782 
81.836044 89.370743 81.025848 66.384140 55.918816 0.000000 
88.034439 76.904900 65.026337 59.397194 46.896988 0.000000 
93.794228 93.582840 89.304169 89.703407 64.954056 0.000000 
93.884247 89.407356 94.672279 68.966095 48.383678 0.000000 
89.579514 84.416687 80.191093 67.815865 46.284550 0.000000 
93.660156 82.029121 82.132721 78.991226 54.715885 0.000000 
88.278030 75.720795 67.884155 63.912193 43.476173 0.027976 
90.023819 76.791481 78.432358 70.846977 53.548481 0.019782 
87.748108 89.910240 79.639778 80.896606 50.605362 0.027976 
86.589447 85.125648 76.751106 59.122868 47.925346 0.000000 
89.055252 74.593941 73.590271 68.668053 55.136192 0.000000 
86.154839 76.850899 74.710701 68.683762 51.454197 0.000000 
88.259346 89.303596 85.973869 73.621590 40.497887 0.019782 
89.045242 78.136818 84.949287 77.707497 41.779701 0.000000 
87.361176 86.191452 85.481773 78.726059 45.020237 0.000000 
90.182701 88.514084 91.524567 72.127335 41.747913 0.000000 
89.932854 64.578415 57.129696 42.962841 43.083351 0.000000 
91.959976 77.320160 78.603966 63.518173 37.147057 0.000000 
89.890495 80.798721 76.592262 81.135231 54.169235 0.000000 
91.854996 82.692986 70.452919 63.978313 43.679272 0.000000 
92.227608 71.219246 68.886230 69.025192 38.247940 0.027976 
82.420349 85.900902 84.809601 82.830170 46.723820 0.034264 
90.482521 89.576698 83.860458 71.356789 43.591816 0.000000 
86.177368 82.415764 73.401649 65.250961 41.427143 0.027976 
87.463516 85.136116 77.171989 72.800667 48.980965 0.000000 
92.241936 71.075600 86.895683 79.502533 46.937450 0.027976 
90.017303 70.646957 75.462090 66.076332 44.755066 0.000000 
91.737892 65.154739 60.216850 63.648602 43.202095 0.000000 
94.376694 71.448639 69.780037 70.579048 44.904781 0.000000 
89.118378 69.381241 61.922520 60.466885 33.744938 0.000000 
89.895317 85.541435 82.201340 75.734627 52.502926 0.019782 
87.737762 86.267456 72.627762 56.435417 41.663204 0.000000 
81.006912 74.425179 77.179161 66.131271 42.243298 0.000000 
89.117874 73.698036 62.642845 64.609688 49.115372 0.000000 
88.661354 94.736099 94.606926 72.808495 50.205887 0.000000 
86.533356 62.714733 64.964027 61.001362 45.129486 0.000000 
86.494308 79.135086 72.983017 64.924347 44.020714 0.019782 
90.872757 75.617645 70.458862 59.798893 33.415798 0.000000 
84.893570 67.809769 63.265602 63.290634 55.762951 0.000000 
87.106560 72.666504 67.728775 52.576897 37.625488 0.027976 
90.858078 59.715904 55.509113 44.113014 33.522057 0.000000 
91.670105 72.166611 67.656311 56.340595 43.220798 0.000000 
89.493469 78.338860 67.541290 56.171928 33.920189 0.000000 
85.974762 62.301392 55.574120 54.008270 32.729591 0.000000 
93.512772 65.685730 55.319447 57.441486 32.875698 0.027976 
89.040001 78.111130 73.667503 58.239845 34.842926 0.000000 
94.880699 74.187462 66.122467 46.449123 45.545132 0.019782 
86.949921 64.848480 67.773209 54.474834 40.768036 0.039565 
86.018425 66.845482 59.632267 43.912376 33.489445 0.000000 
91.757736 60.464794 55.678543 44.272316 34.192436 0.000000 
86.307350 83.375847 74.266869 49.448212 28.137455 0.000000 
87.249405 64.669197 61.869022 46.142643 24.220602 0.000000 
87.998680 65.726410 66.529831 48.810863 35.105911 0.000000 
93.527969 70.138443 53.453232 44.186653 30.617268 0.000000 
90.374329 75.035019 65.476524 60.416862 33.622074 0.000000 
88.408287 71.465393 61.151413 57.545776 33.016693 0.027976 
86.596954 58.914124 56.581619 43.699802 33.948025 0.000000 
83.931038 67.369980 56.241367 42.388115 28.936529 0.027976 
92.479431 72.781113 55.894016 40.006908 24.502871 0.034264 
89.463860 86.779770 86.917381 68.619141 33.331425 0.000000 
92.142769 62.557564 49.617367 38.929630 33.471405 0.000000 
82.690918 62.921261 53.293839 50.430801 34.223606 0.000000 
85.881523 51.829243 45.376472 37.272957 25.060419 0.019782 
94.428772 64.467720 53.197983 46.780735 30.227381 0.000000 
85.971703 70.182655 69.914673 60.120674 33.592541 0.019782 
95.346931 77.540611 56.797276 54.120663 37.587460 0.019782 
88.426071 67.544273 57.506393 55.433842 29.232744 0.027976 
85.512444 59.153820 63.295689 56.005806 38.712509 0.000000 
92.700836 68.339417 54.255829 46.487549 25.734280 0.000000 
88.119789 66.434387 61.356041 50.780777 37.294296 0.000000 
90.326683 72.288986 69.228317 51.124462 30.448593 0.000000 
87.069824 70.520851 74.558525 49.876003 24.337893 0.027976 
90.689735 74.690239 60.436352 38.683632 25.277273 0.000000 
89.702888 65.356293 55.587528 44.140381 28.689125 0.000000 
89.116760 71.175644 65.391769 56.060078 37.505592 0.000000 
90.392311 70.495399 79.486389 73.263390 29.366346 0.019782 
95.454056 67.127502 54.917152 52.084789 24.871767 0.000000 
89.664291 79.849823 65.662704 54.890545 30.708889 0.027976 
85.263908 76.062881 77.977524 52.942127 30.345232 0.027976 
84.778084 57.920341 58.338352 55.353561 37.719936 0.000000 
85.725342 76.672974 62.544025 57.293373 34.299389 0.019782 
84.626343 72.943817 62.428314 67.698730 29.335211 0.000000 
91.666977 85.977318 84.918495 67.772232 31.519197 0.019782 
83.266327 58.613163 48.632347 48.089123 33.844467 0.000000 
89.667877 75.033569 68.798470 64.238121 39.522144 0.000000 
88.140030 70.384285 68.206741 51.425686 33.923107 0.039565 
90.246315 55.314865 47.641544 44.507885 27.942438 0.000000 
91.669044 64.128990 52.748875 48.739799 32.820347 0.000000 
85.790634 52.300041 42.627136 47.793732 30.914814 0.027976 
88.553696 59.647411 49.681606 51.011303 35.933319 0.000000 
82.289200 52.117458 39.105373 37.525127 24.260870 0.000000 
91.998810 71.562172 52.099674 42.547047 23.092783 0.000000 
89.444420 67.568733 61.845303 46.556927 31.317127 0.000000 
94.055717 73.954933 61.785774 55.803665 27.232746 0.027976 
86.425026 63.827377 58.662582 40.432808 23.548590 0.019782 
83.721710 81.144890 77.107834 48.053524 27.387125 0.000000 
88.858978 59.869946 63.985031 49.345181 34.997822 0.000000 
90.871361 73.149483 60.130157 47.149780 31.961987 0.000000 
85.752464 58.598129 40.529659 40.498348 36.338638 0.000000 
89.200241 73.533691 65.889153 48.698025 30.267437 0.027976 
88.180946 66.521927 49.340794 44.521088 28.070684 0.027976 
85.043045 51.758415 36.187744 32.288151 24.676949 0.000000 
87.633354 56.618099 57.582554 47.001854 37.030014 0.000000 
90.905746 75.761948 77.582993 58.105309 32.640499 0.000000 
86.195641 79.600052 65.923676 46.592083 37.697033 0.000000 
88.397835 64.767494 59.131241 59.344162 29.183369 0.000000 
89.423431 64.138908 63.489346 41.683655 34.441452 0.027976 
85.777824 48.750557 51.602531 51.371655 39.444214 0.000000 
91.480896 71.682739 56.866413 47.962292 32.155926 0.000000 
84.142532 57.356457 49.244892 46.736904 33.744427 0.000000 
92.228500 69.174507 71.800690 69.664375 31.311399 0.000000 
83.280212 73.654030 71.764099 59.779305 31.959305 0.000000 
85.305687 62.409935 54.094933 47.043209 34.815220 0.019782 
88.569336 76.390968 65.477974 53.613224 37.459026 0.019782 
86.523003 59.465580 56.299244 50.652252 33.282379 0.027976 
78.402481 63.146667 57.688034 51.381264 33.652939 0.019782 
87.655281 59.015427 46.449341 51.016911 31.261990 0.019782 
88.338142 69.220772 64.188911 56.618690 37.174931 0.019782 
83.920914 72.003609 70.836800 53.803535 33.092083 0.000000 
88.107735 54.879250 46.790855 46.230927 33.507149 0.000000 
88.703796 69.613113 68.254166 69.416107 36.675690 0.000000 
90.641960 58.473740 52.814610 44.487148 29.216221 0.019782 
87.323799 55.266556 58.381012 53.771816 27.904186 0.027976 
91.448486 71.048454 63.428673 57.504181 28.858238 0.000000 
89.030083 54.502853 42.246460 32.585480 29.514950 0.000000 
83.043159 71.298080 51.753216 38.952522 26.492298 0.000000 
88.855789 73.593254 60.401718 51.250172 28.454823 0.000000 
92.420418 76.312820 56.691135 62.254707 26.007458 0.000000 
96.246803 70.677582 64.006310 46.971306 31.369759 0.000000 
87.019737 51.825420 60.402119 50.744640 26.556894 0.000000 
87.642593 56.712547 45.403137 33.386555 26.687651 0.019782 
84.602623 61.022343 52.735886 46.237499 24.349419 0.000000 
87.543121 64.780487 59.160732 44.758560 31.293682 0.000000 
86.361145 63.119305 63.860928 44.984676 30.773354 0.027976 
85.069061 61.582172 45.445129 46.662247 32.273426 0.000000 
86.352562 69.444298 65.600075 45.457390 27.152731 0.000000 
87.466782 57.039886 46.818062 42.894188 23.655983 0.034264 
85.032326 60.515720 67.294098 54.398560 29.564009 0.000000 
90.499565 62.577862 68.419258 56.254433 26.768730 0.019782 
86.726715 59.025646 54.688896 55.547215 33.560989 0.027976 
88.387115 50.761562 48.275665 43.980762 26.160269 0.000000 
96.283386 64.036880 53.892525 47.275303 34.283669 0.000000 
85.259056 62.486462 52.232224 52.396690 37.975494 0.019782 
77.405884 72.253281 54.911343 58.409756 37.028290 0.027976 
91.477470 52.679707 55.850739 47.045078 34.131630 0.000000 
88.686127 71.485336 61.281651 54.704563 31.890627 0.000000 
90.613930 77.893105 60.868362 63.898590 28.255800 0.019782 
90.885132 61.508522 59.767540 55.740932 31.485697 0.000000 
88.407623 57.919647 57.647850 57.043945 45.297901 0.000000 
85.744896 83.529442 69.894325 60.228333 34.572567 0.000000 
85.279388 60.267441 53.504433 45.192116 28.508846 0.000000 
82.531120 60.933781 52.220798 49.013557 29.045626 0.000000 
91.427605 67.208237 52.115814 41.411709 29.204309 0.000000 
88.098068 60.707439 53.513428 52.832920 32.945549 0.000000 
85.793625 60.427063 63.629768 51.094902 27.610699 0.000000 
90.505661 59.925949 54.212490 39.600246 29.033440 0.019782 
87.223938 64.763405 53.603401 47.255379 24.126097 0.000000 
86.691025 53.493042 41.072422 40.479378 26.602942 0.000000 
92.110550 66.303169 63.341805 50.955341 28.698715 0.000000 
83.146072 43.680027 41.958351 41.912724 29.158762 0.019782 
90.740891 80.294975 76.983589 56.180740 25.678293 0.000000 
91.640869 63.964474 52.164379 46.559555 40.064365 0.000000 
91.879631 61.871422 52.871239 48.099892 25.931343 0.000000 
83.980896 70.157242 67.980309 56.452621 31.951281 0.000000 
88.713531 65.522514 57.808918 51.088448 33.015289 0.027976 
86.377174 53.120934 50.054001 35.252392 30.412785 0.000000 
88.420464 55.640587 45.689766 38.015656 25.543064 0.019782 
88.235695 53.502407 47.698654 39.784702 25.317616 0.027976 
88.711479 67.666786 61.063221 57.492050 35.904446 0.019782 
87.984245 58.023438 60.832680 64.819191 36.053898 0.000000 
88.028313 71.324738 59.142117 53.397301 39.088074 0.000000 
88.766220 74.408806 65.701340 50.470711 26.519848 0.000000 
86.639839 66.987282 60.588776 48.597912 19.072062 0.000000 
86.211800 46.700848 43.971008 42.139435 28.450150 0.000000 
85.517944 56.276699 57.831646 37.628742 22.050728 0.019782 
84.512497 61.400131 52.474827 52.753803 29.916565 0.019782 
88.534782 56.022560 51.332439 41.279572 27.230494 0.019782 
91.590179 77.070030 64.670898 50.970825 34.615669 0.000000 
86.355171 64.227058 55.994488 47.935234 30.012445 0.034264 
88.641609 74.688560 63.500820 52.281567 30.765791 0.000000 
83.763153 52.279896 43.367912 39.931587 43.135761 0.000000 
89.217056 71.029404 74.146904 51.341789 30.073990 0.000000 
86.666306 56.126797 53.794434 58.089867 32.346756 0.019782 
84.048332 64.228134 49.702202 44.780163 35.936131 0.027976 
91.422485 62.676651 65.187164 61.149345 42.017616 0.000000 
90.523170 86.123634 70.261406 54.860504 33.132328 0.000000 
81.063087 64.299438 64.089539 55.302742 33.777184 0.027976 
87.120209 76.156311 60.385986 45.386826 31.391312 0.000000 
85.222542 76.699554 69.271317 55.037178 34.148289 0.000000 
92.316856 68.540817 78.541420 78.801849 54.626667 0.000000 
83.138298 58.842010 57.415524 44.495239 27.660006 0.027976 
96.992104 58.589401 45.197987 29.963192 28.074043 0.019782 
84.754257 78.755516 70.154625 52.281937 33.481796 0.000000 
89.677841 86.217789 71.816635 61.317352 36.822723 0.000000 
91.694595 55.286655 44.780010 46.999218 43.204197 0.000000 
87.032249 73.375732 75.699944 62.765743 39.003498 0.000000 
92.172722 73.059540 72.189636 62.825504 33.704685 0.000000 
85.337189 61.718136 65.023964 55.033073 30.314838 0.000000 
84.281708 57.135204 57.083797 47.241058 30.951733 0.000000 
92.545990 54.282490 51.804321 57.496067 42.410866 0.000000 
85.676872 69.439888 68.264542 57.546608 25.348959 0.000000 
89.027611 86.895271 68.417305 68.759399 31.377419 0.000000 
89.122101 70.634506 67.720703 57.128662 33.970993 0.000000 
85.456566 71.135956 57.834023 51.075405 34.794060 0.000000 
83.742317 79.435989 80.864365 60.877117 42.918705 0.034264 
91.043678 84.036339 76.401581 67.925095 47.366207 0.000000 
86.286552 70.676826 53.735714 52.515121 32.794277 0.019782 
91.849060 68.174675 64.158630 59.869869 31.771816 0.000000 
94.344208 89.060730 81.451210 65.694374 41.999256 0.000000 
89.969223 80.644661 64.540520 64.200974 35.940105 0.000000 
90.570312 63.997402 60.832245 49.279613 40.799477 0.000000 
88.685692 55.017918 63.357998 48.231239 28.805161 0.027976 
89.679825 58.563488 81.083076 59.957020 36.495083 0.019782 
84.359978 54.357807 46.912827 49.978500 35.348339 0.000000 
91.033493 55.114529 53.097893 45.129211 31.373968 0.000000 
89.420807 79.825645 66.697159 63.509392 36.522297 0.027976 
87.640480 67.437523 45.703995 38.241634 28.365803 0.019782 
86.127045 71.474533 56.654922 56.592850 24.920588 0.000000 
82.066109 64.542030 59.500755 52.423939 32.028439 0.000000 
80.532478 66.678711 61.906708 64.902817 37.492516 0.027976 
86.755699 74.529930 66.966805 63.580910 37.912476 0.000000 
87.614494 69.937988 65.096970 49.477753 33.512138 0.000000 
90.217651 58.196133 37.774174 47.853771 26.188620 0.000000 
87.133881 67.919334 69.537636 59.489277 34.675266 0.019782 
83.532318 70.330307 65.120796 69.609200 34.486485 0.000000 
84.706520 67.882172 60.766796 51.888981 29.994585 0.027976 
88.404091 54.822086 47.800545 35.053902 29.753372 0.000000 
87.555916 53.964355 48.146732 44.462055 34.436108 0.000000 
89.714104 76.757652 80.854240 55.314640 38.152058 0.000000 
90.814301 62.273449 51.435604 40.239639 28.019682 0.000000 
90.373619 63.469997 63.546700 54.853107 36.096149 0.027976 
91.555069 64.415512 57.882458 57.021667 32.968979 0.000000 
83.714127 71.050102 80.207031 60.030437 41.028931 0.000000 
85.941055 53.195934 57.473186 52.812141 44.309982 0.027976 
88.343605 58.779957 57.590389 38.788681 37.661831 0.019782 
88.703880 63.793091 56.086777 44.357819 41.357140 0.000000 
90.332970 77.956924 63.768246 61.473412 41.561771 0.000000 
87.844749 61.061722 61.910076 61.718735 29.050364 0.000000 
88.528915 77.145477 75.716454 64.422768 32.727524 0.034264 
87.762817 68.434036 65.037025 61.979549 36.992111 0.019782 
88.047546 56.498512 50.840351 46.874001 28.178637 0.000000 
91.467880 57.201931 61.032398 53.999542 42.974857 0.000000 
91.390121 67.906601 73.193039 63.566013 38.513783 0.000000 
86.453621 51.425983 55.996616 49.398495 36.759865 0.027976 
89.760765 62.141960 57.578602 43.202118 34.303932 0.000000 
88.627930 66.138641 59.597088 54.901295 34.742928 0.000000 
94.436325 81.554649 69.293053 66.650146 46.833050 0.000000 
83.560677 73.214348 75.383347 65.665298 45.990284 0.000000 
93.756905 70.237190 67.461029 57.776184 35.138451 0.027976 
88.168549 70.608871 79.690475 71.520836 41.164539 0.000000 
90.265900 64.005051 69.892357 57.598328 40.551449 0.000000 
87.964073 68.775993 67.459152 52.611053 38.765564 0.019782 
90.557938 73.059860 61.213108 54.556988 34.585213 0.034264 
91.273003 67.702614 67.004601 66.112221 42.093235 0.019782 
93.984314 78.375664 68.082420 60.734600 51.189060 0.000000 
89.272453 71.077766 76.495750 70.781387 46.121998 0.027976 
85.739761 75.837868 61.675674 57.949249 38.440151 0.000000 
88.333641 79.853439 80.227798 73.574104 41.101742 0.000000 
84.885796 70.860245 64.400490 52.842232 32.385704 0.019782 
82.447807 59.408028 60.788063 56.642914 36.485889 0.000000 
86.640816 60.581234 59.311756 45.967960 33.913631 0.000000 
90.267273 69.600693 70.243622 51.979542 29.435013 0.000000 
85.719887 79.885437 72.044151 72.315689 37.405243 0.000000 
84.991615 56.063663 55.587723 37.218029 35.321098 0.027976 
93.287773 57.627659 56.910179 52.988277 37.597252 0.000000 
80.288078 55.368393 49.951672 44.993240 28.843861 0.000000 
93.889191 64.120232 63.658379 60.465572 40.704918 0.000000 
86.693794 71.705124 64.722816 59.081596 34.410561 0.000000 
89.367653 73.356117 60.088917 65.155029 34.359627 0.000000 
88.074760 85.839043 78.787186 77.256386 41.769691 0.000000 
84.646950 60.779247 69.529854 59.467381 40.994083 0.000000 
82.251839 65.241257 58.061962 62.005096 32.333992 0.019782 
89.347107 72.292320 70.423309 65.468178 41.396313 0.000000 
89.741615 62.096088 57.606373 59.278225 38.429539 0.000000 
89.505157 65.281471 59.616020 61.994495 38.511826 0.019782 
91.496918 67.940407 63.511398 62.977688 37.534546 0.019782 
88.265701 71.688431 62.517818 56.599079 39.973232 0.000000 
90.659958 65.159996 72.261963 60.044781 46.712563 0.000000 
92.243324 79.807343 81.666328 61.118771 35.914528 0.000000 
84.313423 62.751923 60.584103 51.859291 38.723820 0.027976 
90.316231 70.737984 65.672905 55.877159 51.293358 0.000000 
88.219872 83.049812 84.801262 74.218063 39.370193 0.000000 
85.674316 80.952774 72.569893 71.644417 43.093948 0.000000 
93.558380 70.391014 69.640114 62.356812 37.708565 0.000000 
86.052170 52.941349 65.533165 59.993176 43.520844 0.000000 
88.436409 53.738216 57.447884 51.346649 38.594894 0.000000 
90.146217 69.074097 72.621346 55.448311 35.749100 0.000000 
91.080696 54.494907 57.389557 61.440479 43.918148 0.000000 
90.914268 60.784489 73.949181 64.938751 37.947304 0.000000 
85.347984 58.056606 55.669861 53.635616 40.522160 0.000000 
82.212585 54.479801 52.896149 46.988052 33.224136 0.000000 
88.420166 66.457817 74.735748 57.499126 43.686195 0.027976 
90.500488 68.250847 76.248444 60.018921 42.549770 0.019782 
90.594604 76.958801 76.804794 66.750740 40.010849 0.000000 
89.537338 75.259369 66.768280 67.395470 32.248428 0.000000 
86.959396 61.807785 51.430943 51.618183 31.893866 0.000000 
91.505539 68.432724 77.244011 70.665810 40.953659 0.000000 
86.242554 67.022736 70.360313 71.813942 61.021919 0.000000 
84.192802 61.376022 47.239014 48.522850 37.432858 0.000000 
92.577370 72.446007 70.265450 62.696651 37.637150 0.000000 
82.237823 60.232796 60.958527 58.423908 33.971157 0.019782 
93.470543 57.613762 56.016052 56.728939 34.611858 0.000000 
86.196548 62.116936 54.652378 47.571274 40.155903 0.027976 
82.705177 70.080025 60.648655 58.050907 34.614010 0.000000 
84.338898 67.572212 72.652107 66.832901 42.305672 0.000000 
88.595444 50.288765 44.319267 42.423046 33.734745 0.027976 
88.350670 75.128403 80.629639 67.131897 43.512352 0.000000 
88.666351 57.439579 56.347168 42.408867 32.570541 0.000000 
89.427841 56.402390 45.310852 41.728275 32.115105 0.000000 
84.755577 61.096558 51.996143 55.906601 32.581944 0.019782 
83.434761 57.760410 62.165443 57.682354 37.118031 0.027976 
88.954948 42.591496 42.094017 48.304630 31.762402 0.000000 
83.583733 63.043362 60.426914 51.733986 33.074516 0.027976 
87.234207 40.635700 35.658909 40.462608 37.672230 0.000000 
86.136131 52.913689 51.432594 38.147038 33.679375 0.000000 
88.389572 50.311863 40.076366 39.105515 30.423738 0.000000 
86.661682 66.639450 48.722992 56.079967 31.325468 0.000000 
95.708031 73.271385 72.840912 56.405830 36.473351 0.000000 
80.796165 68.837578 65.116005 54.630276 28.668062 0.000000 
91.438446 58.306358 44.386650 40.803055 29.038464 0.000000 
90.796852 83.540413 86.040604 69.863358 39.201210 0.000000 
88.154602 70.235092 62.443024 56.281281 35.930256 0.000000 
90.100983 74.001053 67.065201 48.392437 28.256783 0.000000 
89.527145 91.318771 80.859230 58.878933 40.552090 0.019782 
92.681534 78.426956 75.014709 64.199562 42.828545 0.027976 
85.939720 55.943310 64.499130 63.785706 36.913052 0.000000 
87.907639 81.456444 69.107040 62.055080 35.185551 0.000000 
88.381447 67.923676 73.457237 60.682980 41.292217 0.000000 
85.560242 53.240707 48.901905 48.259445 36.375004 0.000000 
86.890785 66.569771 68.436523 62.543159 43.706219 0.000000 
87.812767 60.033287 70.866394 64.104164 33.385765 0.019782 
88.000801 72.829102 66.466835 67.836845 44.917767 0.000000 
82.756409 66.106133 69.852364 50.621906 42.190266 0.000000 
87.773056 63.147514 63.089745 57.104504 27.543812 0.000000 
90.187683 52.257885 60.425003 47.798500 24.877743 0.000000 
85.403633 63.298782 73.699158 63.452145 46.171692 0.027976 
89.571716 81.807014 73.535202 69.138924 36.682579 0.027976 
93.762589 64.742966 69.089737 48.287773 32.749546 0.000000 
89.984596 67.718636 73.453590 71.966370 41.551178 0.000000 
89.501930 74.734993 78.760674 87.325272 48.061047 0.000000 
89.597549 79.137306 65.220421 51.929573 36.087650 0.000000 
86.196083 52.680637 49.852146 50.402287 34.775150 0.019782 
87.971870 79.721924 84.399841 55.849171 33.886223 0.000000 
91.001274 65.531700 46.961800 45.101543 33.359207 0.019782 
82.854218 58.801022 52.222034 58.660301 32.032646 0.000000 
88.159058 59.732132 60.089134 52.752945 33.585773 0.019782 
88.732483 69.768852 68.435043 61.853138 27.940088 0.000000 
88.910461 56.507584 54.238529 41.629818 29.400536 0.027976 
89.958023 59.047699 52.980507 39.679245 31.869324 0.000000 
86.020515 67.907883 63.766644 47.803303 30.584772 0.027976 
89.015945 54.969021 69.249115 58.564182 28.793226 0.000000 
83.380936 50.959770 46.856350 48.976795 38.266335 0.000000 
92.257385 65.186806 58.829781 71.981430 37.032627 0.000000 
82.947418 57.308018 65.988052 63.096203 36.659752 0.019782 
88.909737 78.160690 71.642387 61.366714 35.712852 0.027976 
91.123497 65.366394 65.275154 59.552895 31.651978 0.027976 
93.003517 49.875233 55.537903 60.403568 43.614868 0.019782 
84.743134 52.581173 58.361927 59.106213 30.967520 0.000000 
84.930771 74.097168 62.492752 57.517471 41.912235 0.000000 
85.540222 43.794075 53.851540 56.292374 42.663570 0.000000 
94.219147 60.385578 62.859005 51.955532 41.400337 0.000000 
86.689659 58.309330 51.431126 45.734615 38.945610 0.000000 
96.980370 57.656765 58.889454 54.414959 34.051178 0.000000 
88.703659 61.740784 65.682838 55.320591 33.923500 0.000000 
92.100060 66.703819 61.265251 58.987312 44.949944 0.000000 
87.218903 73.346283 64.619537 64.736557 31.007496 0.027976 
90.683304 69.714302 64.021980 59.262447 41.193157 0.000000 
89.811867 58.853107 48.527340 45.138615 31.034267 0.000000 
88.535370 66.798325 74.234222 47.199234 32.375500 0.000000 
84.960381 67.309708 67.918495 63.602135 37.269188 0.000000 
86.690369 61.504814 52.192204 60.786800 47.086975 0.000000 
95.105186 54.630764 50.098301 46.882324 27.000353 0.000000 
90.680252 55.187401 55.256794 54.695282 39.674686 0.000000 
84.715240 54.760944 53.966824 49.726368 36.111748 0.000000 
78.751732 53.816071 51.469662 48.477360 36.651409 0.000000 
86.837090 40.272884 44.525192 35.301273 24.914751 0.027976 
91.457794 57.451218 55.287792 55.033360 26.850437 0.000000 
85.464134 63.475193 58.683380 56.452549 33.333408 0.000000 
88.525146 51.361980 51.971207 51.302319 34.379051 0.000000 
89.244537 51.449287 53.611313 48.561546 30.608625 0.000000 
94.116142 65.135422 60.268280 52.935131 43.786846 0.027976 
85.417580 56.475723 61.315269 62.145824 49.016113 0.000000 
92.497070 78.599945 74.995277 63.362011 44.256752 0.000000 
92.022758 65.776962 66.221428 62.003239 36.576702 0.019782 
91.794640 47.933758 57.953423 49.123394 36.730103 0.000000 
86.989403 66.681557 70.093758 52.423832 37.168938 0.019782 
83.592339 58.700031 48.438095 41.458317 38.649422 0.019782 
89.889091 70.953461 71.418037 77.472710 36.115475 0.027976 
92.140450 73.793411 68.369797 66.307510 35.177635 0.000000 
87.417931 57.195072 49.735432 51.841640 38.428261 0.019782 
90.065849 63.985039 69.708359 60.714951 42.889545 0.000000 
92.004608 71.368248 69.795586 75.213615 42.726360 0.000000 
96.436874 63.586861 65.997795 58.973255 46.637371 0.000000 
91.510696 83.025032 87.452736 66.703712 33.513142 0.019782 
91.297302 77.998940 76.711090 62.171494 40.995975 0.000000 
89.449036 73.929710 66.140015 69.499352 36.116600 0.000000 
83.034760 61.089146 59.508991 61.248489 37.462929 0.000000 
91.325851 73.910446 82.716095 70.354767 29.806122 0.000000 
86.186333 64.990639 64.539696 58.362259 33.910690 0.000000 
