85.225296 43.734322 39.259319 39.864796 37.392849 0.000000 
85.180222 33.290440 27.849062 28.322399 39.131729 0.039565 
93.721954 37.961933 33.473434 33.610641 36.015057 0.000000 
89.325699 39.515423 44.168507 41.664299 40.668331 0.019782 
92.270844 75.427902 73.205078 54.057312 35.245701 0.000000 
91.788963 58.952812 54.312263 42.775032 38.307945 0.019782 
82.107582 39.051563 29.541328 37.547600 38.939266 0.000000 
82.093971 47.181892 39.659370 45.005844 41.030994 0.000000 
88.958946 40.196869 31.637192 30.038429 34.089249 0.000000 
90.828468 41.644718 33.793636 35.674107 30.136105 0.027976 
77.736420 34.961609 27.619968 27.288532 35.321632 0.019782 
84.353935 35.516525 29.869186 24.517542 27.216866 0.000000 
94.950226 40.403229 31.799738 35.173134 36.236595 0.034264 
86.658569 38.382710 37.469349 35.444603 30.795660 0.000000 
85.949638 49.930004 43.976295 41.606075 35.800949 0.000000 
85.917534 55.649193 50.332478 40.391266 44.630875 0.000000 
88.672005 49.313271 39.443100 32.864944 29.887486 0.000000 
83.572121 33.093060 27.950903 24.365341 33.044392 0.000000 
84.950211 35.757370 34.799698 28.800356 27.926222 0.019782 
90.113869 41.065357 31.047461 29.358070 38.030914 0.000000 
87.813263 64.485237 58.946323 46.237480 30.872204 0.000000 
83.900726 57.629868 60.197865 50.305656 49.259663 0.019782 
88.135002 60.496964 53.526958 56.930573 49.819881 0.000000 
88.285812 31.888910 29.504953 27.172991 31.134829 0.027976 
86.479202 37.117050 31.317488 30.443129 34.128048 0.019782 
86.949493 36.782059 27.861759 22.954514 30.941284 0.000000 
84.751312 37.689438 30.964075 27.269867 31.775251 0.000000 
90.196365 32.190739 24.410624 34.391335 33.326546 0.000000 
89.138901 45.725052 40.498417 38.496933 37.090809 0.000000 
87.943115 42.104271 40.962440 38.061470 37.958515 0.000000 
93.105698 49.125748 37.329739 33.246147 24.230650 0.000000 
90.248161 63.153778 50.957485 48.740513 35.500164 0.000000 
82.094513 28.700136 34.126457 34.808514 40.745708 0.019782 
87.940269 42.297581 37.234619 36.766949 35.108639 0.019782 
82.804054 48.287605 48.888168 47.444565 47.881123 0.000000 
90.443138 51.873047 49.754730 44.846420 39.354336 0.019782 
90.914810 45.304607 36.847099 30.595200 38.551739 0.039565 
91.559082 43.691673 33.445080 37.316833 33.157150 0.000000 
88.442757 36.654003 31.850395 30.733137 36.397854 0.000000 
94.993523 44.695648 37.247669 40.266197 35.542530 0.019782 
91.751160 45.514515 36.174416 32.330685 31.082632 0.027976 
88.663513 43.311375 39.501163 36.537254 35.199253 0.027976 
89.468201 51.162979 49.043880 46.442955 41.407955 0.000000 
90.048767 36.288189 30.371843 30.268993 35.555618 0.019782 
89.251816 45.689198 36.884289 28.864714 36.683224 0.000000 
93.162933 46.982155 45.243546 43.523842 43.596676 0.000000 
84.092560 51.763103 46.250076 48.109516 38.893013 0.000000 
87.516289 38.027836 26.707405 25.633894 34.250256 0.027976 
87.921280 46.982014 42.010239 33.393848 40.268600 0.000000 
88.035118 39.135891 25.725279 25.142460 27.670053 0.000000 
