3.838747 
3.848097 
3.842678 
3.848475 
3.849364 
3.851780 
3.812593 
3.829576 
3.543451 
3.209718 
3.359587 
3.139123 
2.484843 
2.261471 
2.194736 
2.012678 
2.002698 
1.762969 
1.848496 
1.756006 
1.991700 
1.639474 
1.867754 
1.710588 
1.531913 
1.973870 
1.839157 
1.379767 
1.648858 
1.780913 
1.340381 
1.092755 
1.830029 
1.619787 
1.201343 
1.502257 
1.538410 
1.870535 
1.467254 
1.721655 
1.735831 
1.571898 
1.561185 
1.397045 
1.550993 
1.140883 
1.433135 
1.112122 
1.048676 
1.467237 
1.599936 
1.426842 
1.787455 
1.378072 
1.775043 
1.623776 
1.243306 
1.081810 
1.756812 
1.699978 
1.535848 
0.997921 
1.607912 
1.291317 
1.435378 
1.531638 
1.669036 
1.218178 
1.707871 
1.318828 
1.028227 
1.480041 
1.356477 
1.227263 
1.600039 
1.294194 
0.757874 
1.268734 
1.209067 
1.185670 
0.754780 
1.920040 
0.932435 
0.934962 
0.914960 
1.528979 
0.820888 
1.352597 
1.645607 
0.861356 
1.800585 
0.970949 
0.985922 
1.219614 
1.470630 
1.244308 
1.081187 
1.333101 
1.050759 
0.985527 
0.860944 
0.959498 
1.046636 
1.305118 
1.424808 
0.502091 
1.091037 
0.989146 
0.979746 
1.208068 
1.051965 
0.990821 
0.835472 
0.962787 
0.680376 
1.057349 
0.625093 
0.393128 
0.835162 
1.043407 
0.639798 
0.695910 
0.741416 
0.794679 
0.809151 
0.813274 
0.947844 
1.037051 
0.724480 
0.616209 
0.845639 
1.325683 
0.349972 
1.553886 
0.671058 
0.873548 
0.441263 
1.090257 
0.749691 
0.548634 
0.658628 
1.001835 
0.484964 
1.028322 
1.116588 
0.703873 
0.573239 
0.458470 
0.628086 
0.700647 
1.255911 
1.132859 
0.992780 
0.625807 
0.231304 
1.013070 
1.371998 
0.950332 
0.696573 
1.251258 
0.598027 
1.008092 
0.756762 
0.544709 
1.489514 
0.829970 
0.665433 
0.625847 
0.674122 
0.958233 
1.169170 
1.067212 
1.276407 
1.426860 
0.993287 
1.176697 
0.511912 
0.277885 
0.692852 
0.819188 
1.340455 
1.144711 
0.694493 
0.841991 
0.837331 
0.645064 
1.047462 
0.976468 
1.310721 
0.752075 
0.739682 
0.999359 
0.703340 
1.715690 
0.664875 
1.076162 
0.785854 
1.139754 
0.956809 
0.722926 
0.680221 
0.826889 
0.751335 
1.060339 
0.296563 
0.951581 
1.116056 
1.172743 
1.083663 
0.960597 
0.961523 
0.816767 
0.751521 
0.974835 
1.068964 
0.749689 
0.833038 
0.457995 
0.999160 
0.934642 
0.608816 
0.384339 
1.155398 
0.837155 
0.953210 
0.805352 
1.264584 
0.430114 
1.131602 
0.652614 
0.913159 
0.686793 
0.715595 
0.955613 
0.872213 
0.586139 
0.777900 
0.744124 
0.786446 
1.408792 
0.874041 
0.974198 
0.887466 
0.683233 
0.825998 
1.273593 
1.113626 
1.024931 
1.173608 
0.724696 
0.560809 
0.563595 
0.752058 
0.546555 
0.854291 
0.822881 
0.724635 
0.525291 
0.992718 
0.637246 
0.544071 
0.921104 
0.581011 
0.730569 
1.358289 
1.075469 
1.965232 
0.905613 
0.690751 
0.670351 
0.926947 
0.410131 
1.029745 
0.895820 
0.846219 
0.935448 
0.990268 
1.069545 
0.511771 
0.773688 
1.119799 
0.575059 
0.856768 
1.282132 
0.454857 
0.929023 
0.459336 
1.268893 
0.916190 
0.415839 
0.224620 
0.695408 
0.594707 
0.329689 
0.609330 
0.684289 
1.308983 
1.093438 
1.035287 
0.704921 
0.978967 
1.056829 
0.691013 
1.313800 
0.460437 
0.827884 
0.856481 
0.918919 
0.838293 
0.816845 
0.815389 
0.857263 
1.025844 
0.174404 
0.964542 
0.894083 
1.360134 
1.101153 
0.734672 
0.725721 
0.578625 
0.538601 
0.582439 
0.725485 
0.450793 
0.524902 
0.704004 
0.754698 
0.456248 
0.596161 
0.666898 
1.311861 
0.355224 
0.286063 
0.562140 
0.593743 
0.877915 
0.799093 
0.699496 
0.686326 
0.760814 
0.500227 
0.418370 
0.791913 
0.806731 
1.338604 
0.908515 
1.520287 
1.278114 
0.763321 
1.219723 
0.406187 
0.906631 
0.659194 
0.689176 
0.347185 
1.215153 
0.893175 
0.678248 
0.372740 
0.988493 
0.949700 
0.720157 
0.555190 
1.040088 
0.495918 
0.752827 
0.778040 
1.071222 
0.485583 
0.871815 
1.244775 
0.550857 
0.564863 
0.884839 
0.725008 
1.376779 
0.977806 
0.874682 
0.311914 
0.588713 
0.621593 
0.486858 
0.978434 
0.478141 
0.475594 
0.501666 
1.013615 
1.474680 
0.949166 
1.273907 
1.127694 
0.995821 
1.634595 
0.889356 
0.670914 
0.589107 
0.531426 
1.110098 
1.505089 
1.012533 
1.004035 
0.342622 
0.834122 
0.856033 
1.022491 
1.201652 
0.180217 
1.558656 
0.827508 
0.724712 
0.236354 
0.581473 
0.594676 
0.430640 
0.800230 
0.998993 
1.061856 
0.581724 
0.484895 
0.857309 
0.957440 
0.583374 
0.944617 
0.781060 
0.779318 
1.038105 
0.678405 
0.992029 
0.508149 
0.905088 
0.879632 
0.953637 
0.827632 
0.498096 
0.639137 
0.683027 
0.844402 
0.695440 
0.634099 
1.308562 
0.414100 
0.511122 
0.793445 
1.103536 
1.202576 
0.729980 
0.615754 
0.340989 
1.031425 
0.897413 
0.827351 
0.867841 
0.574453 
1.036567 
0.977811 
0.631157 
1.031495 
0.611734 
0.979410 
0.582863 
1.343271 
0.721023 
0.259610 
0.856812 
0.784497 
0.802813 
0.690449 
0.782446 
0.413459 
0.592783 
0.673147 
1.102437 
0.863084 
0.816335 
0.724088 
0.678288 
0.673057 
0.792911 
0.364684 
0.880749 
0.934844 
0.726721 
0.604497 
0.530624 
0.718967 
0.199279 
0.957602 
0.872314 
1.033197 
1.069411 
0.826827 
0.753782 
0.884384 
1.002616 
0.948871 
0.993300 
0.862761 
0.689423 
0.503485 
