3133.904297 1762.069946 1478.016235 1032.423950 493147.687500 
3899.549072 1983.177612 1472.505371 1576.911865 531655.187500 
3537.903564 1945.979858 1176.648804 1077.239014 257017.187500 
4950.007812 1853.645630 1756.642212 1756.807861 461607.281250 
3461.726318 1534.225708 1132.051514 779.436829 285808.031250 
3605.492432 1681.004639 1259.671509 1098.024658 204909.921875 
3552.705078 1649.313721 1283.969727 1125.992065 379607.906250 
5647.557129 1869.661133 1290.746460 1208.911499 355393.625000 
3357.341309 1697.425903 1308.449829 1756.506958 343585.156250 
3555.586426 1369.198730 1333.135132 1162.182007 318986.281250 
4598.941895 2367.156738 2094.941895 2099.096191 369933.625000 
3197.327393 2995.189941 1695.208130 1560.976318 560970.437500 
4044.344482 1240.213379 913.874695 655.912598 184024.578125 
5429.866699 2110.364258 1634.526978 1268.805786 500209.812500 
3639.351074 1900.162231 1629.143921 1885.739868 507299.031250 
2920.540283 1877.691040 1375.627319 950.422424 426696.343750 
3392.375977 1667.663818 1238.098145 955.948059 402036.093750 
2994.431396 1928.712646 1358.960571 1091.082642 507293.468750 
3113.014648 1702.394409 1162.487061 808.412292 403178.656250 
3734.000977 2256.060059 1246.983643 964.478882 365757.625000 
