0.000830 0.000013 0.000011 0.000011 0.000008 
0.182064 0.000051 0.000046 0.177644 0.102454 
0.504756 0.000197 0.126237 0.559298 0.419326 
1.458267 0.016382 0.612428 1.201977 1.039000 
1.631014 0.124692 1.337446 1.990343 2.030131 
8.582041 0.967703 2.118195 2.737916 3.675138 
51.504478 5.503425 3.350141 3.507694 6.242890 
19.551380 0.472611 2.011289 2.835543 7.094461 
91.021240 0.083868 1.748490 2.621416 8.153314 
371.101929 0.003015 1.574604 2.458828 9.056770 
444.994019 0.001018 1.318172 2.223065 9.254651 
818.296204 0.005398 0.943294 1.915543 9.370667 
1102.690918 0.010672 0.520069 1.539435 9.207463 
1076.351318 0.038838 0.152006 1.110642 8.866807 
1479.066162 0.068561 0.001599 0.681583 8.283954 
1360.294556 0.123632 0.275018 0.308090 7.544285 
1517.335571 0.146551 1.058020 0.132061 6.971178 
2504.016113 0.146383 2.250436 0.152398 6.585618 
2122.123535 0.198263 3.738091 0.332862 6.262967 
2164.205811 0.263710 5.441135 0.621308 6.049683 
1957.794434 0.333820 7.216659 1.016164 5.889375 
2746.911133 0.359816 9.366159 1.354515 5.819577 
2338.365479 0.433049 12.584285 1.389930 6.017466 
2706.395264 0.421978 16.006744 1.442894 6.187904 
2621.625732 0.457241 19.264912 1.491372 6.353867 
2483.860596 0.548067 22.239983 1.599800 6.414806 
2430.675049 0.585636 25.573130 1.624796 6.541622 
2372.464355 0.593337 28.627045 1.676673 6.618914 
3092.651123 0.616711 31.581709 1.729874 6.662984 
4023.448730 0.636319 35.536369 1.638458 6.885046 
2361.996094 0.809630 40.469566 1.457015 7.225208 
4211.497070 0.703760 49.041527 1.084820 7.721755 
4147.736328 0.746204 58.511440 0.762442 8.285417 
4425.292480 0.795116 67.534889 0.544789 8.862179 
3333.720947 0.909230 76.849892 0.371641 9.495428 
4447.835449 0.886212 87.321167 0.238948 10.086393 
3450.646729 0.962639 96.570015 0.160432 10.620761 
5146.154297 0.946920 104.164780 0.123222 10.928837 
3925.588623 0.987915 109.678024 0.107862 11.211354 
4112.911133 0.972803 114.801048 0.096719 11.390648 
3525.179199 0.995074 118.435669 0.096079 11.488711 
4791.199219 0.972977 122.601341 0.088630 11.600566 
4201.422852 0.958591 124.402870 0.094493 11.453407 
3284.726074 0.969161 125.314590 0.107430 11.265987 
3369.248291 1.013035 125.777107 0.119964 11.172024 
4071.072266 0.922118 126.885300 0.131329 10.992558 
5468.133789 0.884135 128.356171 0.134157 10.896268 
5121.749512 0.855544 127.532951 0.157039 10.787546 
4520.795410 0.858007 128.664398 0.156625 10.588332 
3452.803711 0.869038 126.996254 0.181530 10.580180 
4081.887207 0.832610 127.979042 0.183837 10.363570 
4613.626953 0.800669 127.144539 0.201668 10.248283 
3903.038574 0.786564 126.744118 0.210840 10.173915 
4177.946777 0.773620 127.622940 0.207652 10.130458 
4346.161133 0.760886 128.586029 0.198973 10.082843 
4302.187500 0.737983 128.186234 0.207643 10.013788 
3817.018555 0.738905 126.734695 0.221445 9.871573 
4048.698486 0.714239 126.036217 0.230042 9.748257 
4171.038574 0.695670 122.886147 0.273887 9.447193 
4098.952637 0.675650 117.862320 0.334284 9.176932 
4343.123047 0.618066 113.750771 0.401152 8.665321 
2828.694580 0.633655 105.676727 0.561346 8.227531 
4514.231934 0.541859 99.339172 0.706544 7.760180 
3196.763428 0.530389 91.463844 0.930550 7.270137 
3120.505859 0.535112 84.193314 1.167668 6.831646 
3339.325439 0.464519 78.794746 1.383108 6.488729 
3550.676758 0.446639 74.442352 1.572083 6.190990 
3605.726562 0.404117 72.095238 1.709832 5.960398 
2377.479004 0.444855 70.526161 1.796013 5.820693 
3699.610107 0.380059 70.044289 1.821626 5.736522 
3252.387695 0.378254 69.550545 1.851846 5.644840 
4032.440430 0.360160 69.815117 1.841830 5.552802 
2546.387451 0.411055 69.003967 1.868271 5.468525 
2754.838623 0.355816 68.547134 1.888506 5.362953 
1580.434937 0.457635 65.672218 1.977359 5.280048 
2389.360107 0.335640 65.070572 2.009472 5.134913 
2872.266357 0.344842 63.590942 2.062201 5.010775 
3044.579102 0.279221 63.266685 2.044865 5.005562 
3494.603760 0.256605 63.896587 1.996914 4.955178 
2279.456787 0.268941 65.295738 1.894104 4.930637 
2325.905518 0.263513 65.639206 1.859215 4.900922 
2547.717285 0.244394 64.177200 1.864855 4.813342 
2691.154053 0.214231 64.116142 1.830598 4.802753 
3938.544922 0.193732 65.140671 1.771654 4.761601 
2922.191650 0.193196 66.166267 1.694748 4.760746 
2858.054199 0.200466 66.878151 1.613219 4.764293 
3141.673828 0.171253 68.071548 1.540279 4.761049 
2321.196533 0.184990 69.376381 1.439597 4.816890 
2579.225586 0.164963 73.026237 1.276342 4.865184 
3088.886963 0.163154 76.466934 1.146700 4.961016 
4214.067383 0.137944 80.103081 1.035019 5.039569 
2950.162598 0.142364 80.631058 0.983595 5.023856 
2818.680908 0.140741 79.881325 0.967195 4.984525 
2912.946289 0.145333 80.022675 0.937023 4.944576 
4084.279785 0.112508 80.219437 0.900040 4.890137 
3323.846436 0.105557 79.608803 0.887550 4.840057 
3158.482910 0.101884 78.857109 0.872875 4.754220 
2270.937744 0.121270 77.675758 0.852557 4.705524 
2199.395020 0.109496 78.207695 0.821035 4.718143 
3506.602295 0.096555 80.595833 0.729350 4.681400 
3028.265381 0.093033 81.085953 0.697852 4.729779 
2127.258301 0.100567 81.796883 0.659185 4.673738 
2477.717041 0.094203 81.812820 0.626563 4.694412 
3073.374756 0.095165 83.117058 0.580037 4.699132 
2768.235352 0.099715 84.377022 0.525021 4.677679 
2595.281494 0.083552 84.615852 0.497224 4.594479 
3012.367188 0.076999 83.063301 0.502945 4.548360 
2912.709473 0.072971 82.206467 0.480848 4.511083 
2661.038574 0.072346 82.690636 0.459227 4.503942 
2442.014893 0.074313 85.211761 0.393653 4.535282 
2523.396729 0.072215 86.325615 0.359891 4.491963 
2832.190674 0.071284 86.692871 0.330409 4.563258 
3265.092529 0.061980 89.315910 0.289079 4.608818 
3066.796143 0.059589 91.863045 0.245718 4.696959 
2684.754639 0.064495 94.112350 0.214879 4.756939 
2876.763672 0.061600 96.289459 0.180523 4.820599 
1890.209839 0.070941 98.539703 0.153456 4.961170 
2360.060791 0.069800 102.564163 0.121536 5.053866 
2973.331787 0.067535 106.491646 0.093335 5.223169 
3549.187012 0.056637 110.660881 0.073715 5.399274 
2741.512207 0.059993 113.684624 0.062224 5.521247 
4000.561035 0.059383 117.180122 0.056063 5.742714 
2163.806885 0.072742 120.620590 0.052928 5.927638 
3568.913330 0.060620 124.874214 0.050888 6.020557 
2966.595459 0.063985 127.300835 0.053457 6.190643 
3091.129883 0.067942 129.908508 0.055570 6.367496 
2712.734375 0.069349 132.135284 0.058396 6.400834 
3118.146484 0.061416 133.360809 0.060537 6.526081 
3692.559814 0.056718 135.021362 0.063204 6.615077 
3912.851807 0.058152 136.392914 0.065464 6.691790 
3544.744141 0.056711 137.685211 0.068201 6.916872 
4371.495605 0.061276 138.417191 0.071107 6.968630 
3335.417236 0.061020 138.916138 0.071780 7.244916 
3728.808838 0.062433 139.001801 0.071182 7.456249 
4027.715332 0.066742 138.819565 0.066989 7.711865 
3722.727783 0.071232 138.114304 0.057981 8.115826 
2850.867920 0.082029 136.314331 0.046250 8.447851 
3439.673340 0.078838 134.219833 0.031392 9.005817 
3441.439941 0.083784 130.185913 0.013692 9.537970 
4325.082520 0.087333 124.935562 0.001024 10.100025 
4814.715820 0.098954 117.655548 0.005148 11.097557 
4271.915527 0.112302 106.007584 0.055543 12.213728 
4048.278564 0.129434 90.555649 0.231578 13.589868 
3605.860840 0.153543 71.680267 0.769959 15.674335 
6460.422852 0.169058 54.517593 1.824187 17.991142 
4295.117676 0.194233 42.835754 3.423733 20.621069 
4638.831055 0.224028 27.551355 6.995224 23.970423 
5438.657227 0.250116 14.320189 13.500335 28.706057 
4174.265625 0.293522 4.759559 26.181826 36.412201 
5754.536133 0.342825 0.301643 67.102577 49.286392 
6732.743652 0.405797 0.734154 210.444366 74.645714 
9444.240234 0.493476 1.452821 729.839783 127.341835 
9382.666992 0.599774 0.304115 2627.166992 219.190094 
5889.812012 0.693571 39.144733 11000.015625 461.636566 
8232.350586 0.641650 297.918732 63802.800781 1200.464844 
11794.737305 0.356074 1218.665527 100964757405696.000000 2922303.500000 
7032.257812 2.957364 510.197296 219326.609375 1925.905762 
6035.666504 7.334629 203.051819 53158.011719 1025.464600 
5330.368164 12.651458 74.037384 23255.710938 688.542786 
4373.533691 18.682058 28.972786 12070.745117 487.456757 
4036.905029 24.667002 8.676971 7046.442871 376.960938 
4616.931641 30.662437 1.768714 4587.924805 339.164246 
5508.301758 37.558201 0.116665 3219.185303 283.452332 
3672.879150 44.234776 0.136555 2126.245117 247.357788 
5485.450684 50.482700 0.601012 1600.386719 212.553314 
6210.076660 56.246067 1.106290 1207.550293 198.219971 
6211.683105 62.427074 1.322585 939.719116 183.174072 
5327.920898 68.766151 1.520443 789.944519 177.646332 
3255.117676 75.768372 1.522800 596.442017 162.292236 
5354.708496 80.905617 1.510165 519.896606 156.922485 
6228.308105 85.403084 1.414983 463.375610 147.496399 
4555.005859 90.420807 1.242106 384.811066 145.155396 
4829.926758 94.120949 1.099843 359.693298 138.608643 
5273.432129 96.418999 0.973811 314.573761 138.249344 
6698.235840 98.716438 0.841784 287.773376 131.584244 
7654.940430 101.071655 0.715840 273.886108 133.681702 
6318.327637 103.223755 0.642315 242.519455 134.276489 
6834.160645 113.644745 0.486344 227.129608 123.729042 
7043.102539 106.756447 0.460777 212.591782 124.565926 
5869.756348 112.697884 0.378555 197.614273 121.231636 
10665.721680 122.953438 0.306215 192.349960 118.808456 
10662.401367 112.390236 0.251876 185.086227 121.171661 
8056.214355 114.339203 0.214129 181.564194 117.260025 
6794.666016 116.117348 0.180146 179.327896 117.450363 
9710.083984 117.633148 0.159738 164.985901 114.044830 
11716.212891 118.855087 0.133191 161.465271 116.100060 
9489.531250 120.731682 0.118712 162.440704 114.967361 
7216.508301 121.451149 0.120381 160.495361 112.410965 
7503.700195 122.606743 0.087748 148.713547 112.473984 
9870.973633 124.184441 0.082804 153.985535 114.851654 
8271.815430 129.886948 0.060537 146.568726 110.459641 
10658.286133 125.486549 0.063986 149.029419 112.334999 
9484.298828 126.269707 0.058060 152.198959 112.330956 
6916.931152 127.058891 0.062347 140.446762 110.705467 
7476.461914 128.088135 0.052212 136.195221 110.326637 
6723.823730 128.123062 0.046379 143.114090 112.217514 
11990.076172 163.978561 0.053492 150.568985 113.945488 
10236.300781 129.678802 0.060780 141.683044 110.681206 
13909.136719 171.863235 0.031970 136.100632 110.740128 
11569.256836 130.075043 0.073169 140.883408 116.784119 
