86.253029 95.228966 91.038063 94.447899 97.309181 0.019782 
86.378372 96.402855 88.556984 99.408142 95.176971 0.000000 
86.827141 89.225403 85.099876 85.970245 94.373825 0.000000 
90.761902 101.193314 88.954117 70.585335 101.644722 0.019782 
89.958473 90.752960 88.506416 91.271004 80.297470 0.000000 
83.740997 98.600426 94.199081 88.581718 96.209724 0.000000 
92.009430 95.551498 88.720253 95.489922 85.384521 0.000000 
94.164680 95.292351 92.911201 106.842896 76.643135 0.000000 
93.462639 93.406403 91.940994 92.297180 82.492271 0.000000 
89.711197 98.044960 82.726410 90.546455 95.134224 0.019782 
