91.810745 56.485901 58.895859 62.336334 69.660454 0.039565 
88.747917 124.526390 113.927193 104.698700 97.631599 0.019782 
91.647629 61.752670 75.788162 81.957886 83.002602 0.034264 
90.414627 122.327309 111.763283 98.799126 97.152237 0.039565 
91.202255 35.265053 42.661358 50.611706 57.019897 0.019782 
94.902885 32.594425 37.313980 50.084507 54.610600 0.000000 
92.183784 60.456966 71.278542 72.661194 80.925774 0.000000 
89.139717 83.125954 84.033989 85.590408 87.360741 0.019782 
91.126518 124.484932 112.482147 112.415634 104.311226 0.019782 
86.701462 121.248260 111.504372 98.029457 99.064087 0.000000 
89.672989 71.279419 77.111511 83.519196 82.478989 0.000000 
92.520630 56.928398 61.478695 68.967911 76.245819 0.000000 
86.120148 96.203819 94.196747 91.266731 91.433319 0.019782 
91.390976 45.656143 44.784077 56.880547 65.748558 0.027976 
88.225784 103.270775 96.103775 92.394615 91.358536 0.000000 
94.165726 85.999878 90.675407 90.503883 90.154579 0.000000 
91.703316 94.648499 92.791672 93.388359 91.734734 0.000000 
89.737305 97.769936 100.279877 97.192894 91.456764 0.019782 
87.445854 28.481207 26.812864 39.188789 49.464489 0.000000 
85.765465 124.003365 113.632591 103.742828 100.815651 0.000000 
