93.437576 99.279335 89.782013 91.059937 92.471466 0.000000 
88.931908 92.317566 88.398880 88.055298 86.735687 0.000000 
88.685211 89.818939 89.478462 82.114380 89.393776 0.000000 
88.932755 108.619576 109.132088 96.382446 91.222061 0.000000 
89.302094 78.257416 85.827225 85.411819 95.233887 0.027976 
89.919205 93.759705 97.090660 96.450516 93.603569 0.000000 
88.376617 96.792664 98.940422 90.501625 90.875946 0.000000 
94.259911 86.452789 94.588791 93.765144 91.441658 0.000000 
90.184235 92.079079 85.648331 88.962761 87.698792 0.000000 
92.126801 92.396049 90.439377 92.003044 95.594650 0.000000 
89.033669 80.296997 88.601952 89.912521 94.153519 0.000000 
84.332886 87.252052 82.506798 78.042702 98.008034 0.034264 
92.321808 97.778091 104.188812 94.561874 91.750221 0.000000 
89.461876 93.164894 98.518150 94.983498 89.142746 0.000000 
91.605652 84.462646 86.969078 89.369392 93.142151 0.000000 
95.206589 88.402527 86.074806 92.607018 96.684494 0.000000 
95.170959 99.282234 94.708748 98.410103 89.040680 0.000000 
86.419617 93.729927 92.057137 96.630478 89.055229 0.019782 
91.777000 90.536827 88.895424 92.657539 94.635300 0.000000 
84.141174 93.710289 87.530937 93.296608 85.450478 0.000000 
