87.912315 87.371788 84.290016 71.056297 48.054558 0.027976 
86.498482 85.914436 72.259689 64.721878 34.028015 0.019782 
90.549942 88.577179 85.354668 77.176804 38.685661 0.019782 
91.194168 84.595444 87.552338 66.631241 37.128227 0.000000 
86.876251 92.489113 87.058868 86.523468 57.132202 0.000000 
85.217392 91.695160 83.803749 76.919342 37.296867 0.019782 
94.203056 90.451515 95.948853 79.866875 47.926182 0.000000 
88.747467 77.344528 83.297188 77.796089 38.116505 0.000000 
89.346886 92.513657 79.424843 91.352295 48.452538 0.000000 
92.859543 88.640373 77.765213 69.856247 38.492996 0.027976 
86.954826 83.907867 82.072479 82.967133 53.433933 0.000000 
90.274826 83.590645 74.307266 71.877708 52.206566 0.000000 
90.020157 87.852310 76.367638 69.376808 41.180988 0.000000 
81.523315 94.488007 92.955643 77.261925 41.156696 0.000000 
92.979294 92.692818 84.460350 76.750381 37.405724 0.000000 
91.833458 89.717094 78.823456 82.104782 41.101078 0.000000 
83.315338 83.954338 79.873466 57.443039 35.724319 0.000000 
90.241531 86.617973 84.860489 72.393555 34.352177 0.000000 
90.752777 88.410034 81.505539 74.125298 53.821926 0.000000 
88.788445 86.768951 73.918198 68.542076 33.128426 0.027976 
87.309967 93.205612 77.895828 78.297874 40.487297 0.000000 
86.008621 91.640884 88.664848 72.266388 29.168295 0.000000 
92.549789 89.399002 97.923157 84.098534 36.885670 0.000000 
87.936455 78.775154 76.039497 73.103249 34.903374 0.000000 
86.040833 87.267761 85.487259 65.405876 34.599743 0.000000 
86.355553 79.385185 84.160797 77.250961 41.037804 0.000000 
99.085098 88.084183 96.729858 82.060356 42.514622 0.000000 
92.269028 95.403259 90.975990 70.678558 37.425022 0.000000 
87.916801 86.391075 81.206184 70.713181 32.559605 0.000000 
88.182045 87.688171 79.079788 80.821175 33.974083 0.019782 
93.253906 88.922005 86.797737 80.715004 44.153473 0.019782 
94.333290 94.637161 94.617279 79.006477 29.358398 0.000000 
87.573120 88.397095 80.727867 85.795380 40.663490 0.019782 
90.616287 85.356750 86.384491 79.249680 39.816956 0.000000 
88.459778 93.947350 84.120049 79.583633 50.701813 0.000000 
88.125908 83.782982 98.452728 69.751701 39.642029 0.000000 
90.523735 85.343987 72.676369 72.386345 42.939743 0.000000 
85.989052 96.372986 84.978661 86.378838 37.775410 0.019782 
90.520630 85.706757 83.920227 66.595474 31.460421 0.000000 
90.722519 88.657501 101.685989 85.206398 44.696423 0.000000 
86.596176 87.215500 81.242348 89.427277 40.341129 0.000000 
89.916504 89.172935 86.035355 57.826591 38.229027 0.000000 
88.007950 92.199333 81.946228 81.243706 32.169701 0.000000 
85.004471 94.097794 88.419067 76.183800 48.115391 0.019782 
90.576263 83.634300 79.634171 80.252365 37.636761 0.019782 
94.983322 86.528519 86.752502 67.261932 44.040596 0.000000 
86.069572 91.254509 94.009712 87.444557 35.392410 0.000000 
93.499763 94.661751 87.544220 77.902756 35.749249 0.000000 
87.910339 90.934326 91.074852 78.994034 36.920811 0.027976 
89.088219 93.923943 98.721718 78.554520 54.714439 0.027976 
