85.707283 81.027031 73.792412 62.983986 31.514879 0.000000 
97.422714 75.526642 69.100296 63.446075 40.415493 0.000000 
89.349030 76.043159 63.362152 61.397129 54.374992 0.019782 
86.278908 95.040672 82.229523 69.271164 46.973831 0.000000 
89.996262 80.243172 77.500717 61.675991 43.922955 0.000000 
84.444649 78.474510 69.536591 48.576653 35.726040 0.000000 
90.788094 68.913467 76.218666 67.991974 33.136208 0.000000 
89.764832 80.541527 70.247040 59.707970 34.644432 0.000000 
87.926529 76.227776 73.289200 49.919655 32.818001 0.019782 
96.450027 82.986259 77.540672 85.216522 74.654106 0.000000 
90.459435 77.307137 65.667114 38.438931 30.042204 0.000000 
87.274895 86.245003 79.925995 55.353264 33.027035 0.000000 
95.671371 74.945892 71.368484 64.337769 36.321926 0.000000 
86.963203 77.661469 61.891537 45.252556 33.410408 0.000000 
88.585724 85.710732 69.220726 61.911659 33.072205 0.000000 
83.938416 78.608047 75.610077 86.545723 81.041199 0.000000 
86.755394 68.648285 68.078323 60.681084 65.338821 0.000000 
90.454666 78.986198 67.072426 49.640621 31.436750 0.000000 
90.494637 83.574272 77.277725 52.063210 27.776501 0.000000 
93.148590 73.042259 80.794571 52.478233 40.461567 0.027976 
89.593864 85.556030 66.018318 64.482132 38.617176 0.000000 
90.065315 87.716316 75.055229 72.503014 50.433094 0.019782 
86.203049 79.069946 63.911690 52.120365 36.399422 0.000000 
83.793335 66.975563 54.259396 52.337822 32.156914 0.000000 
87.550285 85.117058 82.991936 67.585938 44.510960 0.000000 
87.638870 76.695076 64.982819 59.019840 36.955429 0.000000 
90.752411 77.580421 75.480438 72.377274 29.679510 0.000000 
84.855965 67.407150 76.060005 58.490009 34.886932 0.019782 
90.163193 70.520851 76.629250 71.991020 37.221378 0.027976 
94.377220 73.519730 65.332458 71.048645 44.561596 0.000000 
92.989838 82.302170 82.359726 64.806290 39.904636 0.000000 
94.880356 66.636238 70.376465 61.427807 43.703331 0.019782 
93.214600 77.110832 74.540009 58.117878 29.677191 0.000000 
85.324059 79.629280 85.672966 58.226444 33.025169 0.027976 
92.399124 83.100967 66.823364 71.952553 45.506741 0.000000 
90.337639 89.890945 69.227066 60.026394 32.331303 0.000000 
92.964767 75.155281 78.410492 57.715340 30.061357 0.000000 
90.259239 83.164886 75.565903 64.730522 40.485779 0.000000 
89.429359 79.071274 65.176514 72.262321 35.925682 0.000000 
91.300072 72.928070 71.612900 59.852985 36.987511 0.000000 
87.846420 76.822975 77.730194 64.411720 37.621719 0.019782 
92.918701 79.886009 74.622322 71.234726 39.393185 0.000000 
95.615959 75.230316 77.292435 74.331871 41.015278 0.027976 
96.181000 91.330383 78.267593 61.725727 32.433685 0.019782 
86.384560 76.184090 66.404243 70.142448 43.383812 0.000000 
91.530777 78.324150 82.419174 56.762539 43.432198 0.000000 
90.666481 81.192406 74.421631 75.821129 41.897644 0.019782 
93.337326 78.880852 73.227386 57.215088 70.605301 0.000000 
90.066689 78.666245 75.986855 55.955650 48.337658 0.000000 
87.205879 81.081894 71.239998 46.428532 30.924765 0.000000 
88.154137 80.768288 82.648758 60.577244 33.158611 0.027976 
91.868790 79.523994 66.977631 56.974339 37.577103 0.000000 
85.050903 68.896088 62.664948 44.145218 51.018513 0.000000 
90.424782 73.412834 77.762497 61.755730 38.495834 0.019782 
89.472382 67.057846 66.163971 48.309017 31.649275 0.000000 
90.756195 71.162918 59.385010 41.654095 28.418848 0.000000 
90.611320 71.146378 69.466263 51.976513 37.431629 0.034264 
89.005051 82.604004 84.865639 77.218239 43.206570 0.000000 
88.222397 74.844933 69.308517 61.620312 36.203278 0.000000 
92.631897 74.060432 67.210396 54.922668 29.784758 0.000000 
85.332100 77.421921 64.438591 56.273331 30.049604 0.034264 
92.104614 76.008591 74.245491 57.256382 39.232700 0.000000 
84.633400 72.899628 73.711563 50.156738 24.714428 0.000000 
87.188789 84.767632 64.356636 56.515442 25.545361 0.019782 
89.111015 75.893303 61.229809 51.317799 25.687489 0.000000 
90.812485 71.414558 70.508530 50.104061 39.337532 0.000000 
90.748894 77.950417 72.649414 59.258801 26.890120 0.019782 
84.853012 77.470284 71.310913 67.249672 35.869419 0.000000 
84.550964 65.859428 67.843399 52.825073 43.770329 0.000000 
87.310280 78.575676 74.761024 70.559143 43.369839 0.000000 
88.660072 75.755867 61.010311 55.152676 34.960415 0.019782 
89.622528 81.591217 78.866821 66.684128 50.468601 0.019782 
88.671623 73.049583 64.760231 53.253689 24.958353 0.000000 
85.910034 80.354210 73.953369 64.228851 55.247875 0.000000 
88.561943 76.426811 65.749321 59.366554 40.639317 0.019782 
90.967400 84.682510 73.070709 62.351055 41.374207 0.000000 
87.885735 83.808800 86.638107 86.829697 71.762520 0.000000 
86.463493 75.402306 82.383606 49.293598 40.726254 0.000000 
95.991272 78.495415 82.477257 66.414589 37.088825 0.000000 
89.814163 75.061104 68.631493 60.998333 42.993237 0.000000 
85.430511 77.143776 80.263031 85.675278 85.726807 0.000000 
95.241875 72.052704 78.652168 63.991482 42.764923 0.019782 
95.768402 79.885551 72.341843 69.846283 60.678207 0.000000 
91.031319 82.541069 65.280449 73.090317 36.506691 0.019782 
86.828773 84.199821 80.230423 50.710537 36.709690 0.000000 
93.340942 78.066933 54.644440 63.007912 43.712296 0.000000 
89.651672 92.363029 71.920418 50.250095 44.952457 0.000000 
91.724579 83.993217 75.926361 59.896027 31.770760 0.000000 
92.302200 78.400215 74.324226 50.193790 32.906536 0.000000 
87.204750 82.183220 84.234962 69.124550 34.467148 0.000000 
93.212540 73.656822 60.763916 52.024338 45.369591 0.000000 
89.210999 82.834946 65.655624 58.863266 33.399151 0.027976 
87.827995 88.163765 94.777992 55.150082 26.234062 0.000000 
88.234108 72.166763 71.794235 50.698978 35.320118 0.027976 
87.409241 68.744972 64.526299 37.895500 34.499935 0.019782 
88.164925 67.098381 67.856697 70.977257 53.750973 0.000000 
90.159660 90.870026 95.847282 66.946686 52.662415 0.000000 
87.394432 83.499710 73.464172 60.104298 26.426313 0.000000 
91.579803 68.014374 61.416061 56.276047 52.274067 0.000000 
87.689140 82.688774 65.956955 56.256233 46.694454 0.000000 
