0.243746 
0.743184 
0.516432 
1.009728 
0.502422 
0.953795 
0.620262 
0.562155 
0.435023 
0.337911 
0.688873 
0.515125 
0.413879 
0.593213 
0.357012 
0.451425 
0.113444 
0.692476 
0.568265 
0.343033 
0.585020 
0.723131 
1.555100 
0.659494 
0.493268 
0.640588 
0.771909 
0.319682 
0.736852 
0.687279 
1.340701 
0.445694 
0.470475 
0.557116 
0.399963 
0.698858 
0.504027 
0.676599 
0.640400 
0.393328 
0.559722 
0.481176 
0.605174 
0.536003 
0.397281 
0.567861 
0.911944 
0.340301 
0.626022 
0.416578 
0.453322 
0.485850 
0.851879 
0.310618 
0.957856 
0.373973 
0.259322 
1.079760 
0.428018 
0.563583 
0.813399 
0.472731 
0.941571 
0.914649 
1.089557 
0.839414 
0.774459 
0.673357 
0.513334 
0.400776 
0.368172 
0.848875 
1.127826 
0.430041 
0.607989 
0.526003 
0.524999 
0.739763 
0.923473 
0.957605 
0.419884 
0.582465 
0.278912 
0.693122 
0.480046 
0.670083 
0.834696 
0.744098 
1.124814 
0.732594 
1.102566 
1.068444 
0.995059 
0.779302 
0.460471 
0.278908 
0.429411 
0.867740 
0.866553 
0.299450 
