70.403557 51.710052 48.744911 49.001011 47.547405 0.019782 
80.165169 69.582001 69.490349 65.700310 56.160191 0.019782 
74.747810 55.246181 54.720493 60.523666 52.926521 0.019782 
72.892944 62.420967 60.135742 59.030087 55.497379 0.019782 
70.981102 64.301590 65.226845 66.553131 44.695732 0.000000 
70.308975 52.035450 53.512646 49.830463 59.695087 0.027976 
69.979874 58.506718 59.582745 57.047642 44.931240 0.000000 
64.687836 61.259392 61.905643 50.294632 49.432102 0.034264 
65.807365 50.971481 56.976608 51.988377 58.530613 0.027976 
71.814491 57.482891 65.688324 55.844917 56.217426 0.000000 
