2628.971680 1672.909058 1343.697754 846.174866 143821.000000 
4219.479492 2400.089111 1767.960571 1193.742310 212162.906250 
6041.940430 3634.464355 2454.819580 2090.297852 55034.691406 
3379.388916 1700.870850 1233.687622 1021.604431 164000.484375 
3504.255371 2749.439697 2298.918945 1794.646606 341376.593750 
3873.239990 2849.115723 2370.904785 2253.312988 268860.937500 
4351.996582 2697.699219 1990.636230 1623.511597 291563.812500 
4741.068359 3505.749512 2719.286377 2364.055176 433868.343750 
2841.558105 1835.010986 1308.182373 1085.280518 82722.789062 
4481.611328 2488.329590 2062.145264 1641.685303 301801.218750 
3315.278809 2278.585938 1565.979248 1393.373291 181316.953125 
3900.927490 2652.879150 2354.106445 1996.441895 362487.937500 
2831.009766 1797.265503 1255.391113 1001.229065 138351.437500 
3814.441162 2855.326660 1619.129395 1131.840210 238226.875000 
4146.553711 2347.816162 1617.726440 1283.275146 168700.140625 
2653.317383 1783.247803 1522.595215 1472.882446 241616.703125 
5915.669922 3759.196533 3232.427246 3323.381592 344131.812500 
3168.364990 2344.049316 2920.119629 1896.462524 285244.187500 
3897.524414 2593.303955 2212.851318 1795.093018 360910.093750 
3142.170410 1903.812622 1481.769531 1465.693359 208968.921875 
