0.598417 
0.601274 
0.282879 
0.649288 
0.642227 
0.724637 
0.340913 
0.268066 
0.730356 
0.474258 
0.605815 
0.389118 
0.619615 
0.623003 
0.542431 
0.303106 
0.325763 
0.585381 
0.677175 
0.478968 
0.478772 
0.947039 
0.393453 
0.677775 
0.812040 
0.516685 
0.834555 
0.514124 
0.451541 
0.214731 
0.447967 
0.283582 
0.609285 
0.515008 
0.385408 
0.682534 
0.626651 
0.853577 
0.575564 
0.476550 
0.612924 
0.436309 
0.619022 
1.122386 
0.697243 
0.292933 
0.516506 
0.439277 
0.244760 
0.684877 
