2379.382324 1538.525635 1223.303833 948.154053 380218.718750 
4812.724609 2304.591553 1973.870728 2332.913574 556624.750000 
4194.431152 2029.311646 1292.261353 1134.915283 348668.468750 
3909.852783 3399.914307 2719.448486 3664.071533 655382.875000 
3332.255127 1911.680298 1535.639771 1027.280396 481631.343750 
3532.683594 1645.363159 1191.727905 2070.218506 200058.875000 
3920.963867 2114.075195 1873.683350 1250.680908 436465.625000 
4071.790283 2640.499512 1915.417603 2341.876221 427218.781250 
3195.168945 1671.932495 1257.816284 1305.397949 98782.890625 
3500.763672 1422.116821 1370.510132 1012.134399 255990.546875 
3422.830322 1754.502319 1623.564819 1706.616455 288709.562500 
2722.992188 1363.192749 1094.345825 1181.943237 423966.000000 
4273.928711 2079.798340 1489.183105 1264.648560 349307.187500 
3292.666748 2047.409180 1481.868164 1360.413574 501541.218750 
5205.062500 3039.573242 3034.858154 2807.559082 408967.125000 
2500.966309 1613.898193 1030.692017 831.402832 257813.468750 
3924.228760 1400.066650 1038.523071 976.085510 325795.562500 
3437.128174 2191.451660 1891.011353 1497.351685 659693.125000 
2954.748047 1351.000244 1008.272888 718.712036 267594.343750 
4322.776367 2373.200928 1872.481445 1651.835938 595597.125000 
