233.044403 194.408249 28.845922 7.346415 4.976319 
4263.747559 261.952301 208.710098 68.100273 21.526356 
46602.574219 320.814697 517.864990 118.305725 257.294983 
200707.937500 3235.913086 564.938110 1250.159424 1143.686646 
289786.593750 4066.115234 258.200134 401.244324 1475.142944 
879787.437500 5753.950195 1091.342773 2630.322998 2533.632080 
1526363.750000 34956.839844 8940.447266 14212.762695 10178.997070 
929496.625000 8513.062500 3511.758789 5419.152344 4368.468262 
3094758.250000 29497.910156 7450.251953 3662.150146 8102.801758 
1135241.625000 28766.517578 24681.855469 26173.523438 13761.537109 
955820.000000 8440.671875 1338.480591 1511.669312 1726.243896 
613537.000000 4230.437988 555.389954 2023.447144 2016.306519 
533374.250000 1776.179199 325.774597 176.283752 297.382751 
559602.312500 3868.898438 514.115784 980.356567 1550.568481 
629944.000000 2315.657715 223.973557 228.306610 673.330505 
584468.187500 1660.336426 851.096436 3051.346436 2320.666992 
719391.000000 2556.820557 392.975311 470.734161 1101.170410 
478629.781250 1475.541382 185.369003 917.347229 863.398682 
2237287.500000 4576.729004 638.710083 6121.909180 5610.681152 
1534668.250000 3791.760254 1679.044922 5926.969727 3900.087891 
2170149.000000 4967.865234 984.025269 2736.433594 3558.531250 
2920570.750000 9908.620117 746.040039 2675.070557 3102.889160 
4166287.500000 15683.610352 2425.693359 9042.026367 7406.397949 
5889602.500000 72741.093750 13146.351562 17169.851562 16997.345703 
5579106.500000 46902.781250 19756.765625 35654.347656 22888.052734 
10919601.000000 73422.195312 2406.834717 15052.361328 12166.245117 
4192151.750000 9848.074219 3814.984375 6013.806641 7120.535156 
3876544.250000 36894.992188 3861.046631 34382.070312 16595.951172 
6400320.500000 21954.162109 7658.994141 18942.140625 12756.684570 
10056159.000000 88245.765625 2695.690186 10731.241211 11684.261719 
5788430.500000 19693.712891 5325.414062 16651.064453 14273.021484 
5975296.000000 18877.371094 3559.828125 18848.378906 10452.405273 
10944888.000000 38228.980469 8484.386719 5869.291016 9522.141602 
15323517.000000 70240.625000 31147.408203 61040.460938 32697.166016 
12877264.000000 136215.640625 140227.203125 85114.125000 59606.375000 
7569610.500000 21303.490234 5129.677246 28860.765625 17029.417969 
15637443.000000 81631.226562 41284.746094 24364.363281 26183.152344 
14087316.000000 71952.625000 17764.009766 103721.007812 49100.660156 
11325200.000000 31439.820312 50277.976562 179299.734375 62854.222656 
12218261.000000 40844.531250 18488.140625 60068.066406 35100.601562 
18191724.000000 61088.980469 46441.953125 199198.328125 78098.023438 
11929032.000000 38851.449219 33845.285156 63634.933594 33391.019531 
23846832.000000 79123.140625 120407.984375 392010.656250 107919.828125 
21413892.000000 492772.281250 194055.390625 245857.718750 118872.742188 
16466060.000000 172820.000000 148216.937500 171913.656250 96124.789062 
18823840.000000 73861.000000 105754.890625 746080.187500 112123.625000 
19753854.000000 144312.250000 60042.316406 62298.335938 52038.148438 
10794801.000000 21822.578125 105313.640625 183950.328125 72000.390625 
11630135.000000 24824.767578 16993.466797 421559.718750 94272.757812 
6431067.000000 29670.892578 10470.962891 64052.207031 25855.566406 
4983883.000000 11837.535156 10966.001953 118763.468750 42977.636719 
6623373.500000 26554.308594 24646.714844 90945.351562 44600.851562 
9276064.000000 22884.978516 12580.632812 40496.011719 33448.187500 
9215984.000000 13603.268555 7918.171387 41180.410156 26732.779297 
6139637.000000 10785.618164 3534.868652 37239.136719 23298.009766 
19964102.000000 60248.433594 13173.910156 83973.031250 73162.015625 
15598878.000000 47668.636719 30024.466797 110824.359375 46584.339844 
7143718.000000 29250.962891 19583.152344 135957.875000 74403.929688 
9145006.000000 32343.099609 5179.500977 111595.859375 38962.843750 
17988566.000000 24865.160156 35627.148438 169627.062500 77412.804688 
15902481.000000 82962.335938 108486.664062 627624.062500 102982.898438 
27397108.000000 76046.343750 55797.812500 471734.062500 116249.390625 
20056692.000000 47600.617188 17934.312500 169808.046875 107852.007812 
17985340.000000 60882.347656 26447.009766 118727.140625 65622.187500 
13454416.000000 46839.300781 121331.671875 410633.843750 146666.484375 
15203273.000000 46766.312500 4884.169434 128686.476562 52911.839844 
26310954.000000 173949.687500 156268.187500 477070.906250 171854.609375 
18400828.000000 132025.796875 98450.382812 674469.187500 172786.453125 
19355450.000000 67749.875000 52744.230469 355745.031250 109023.039062 
22828868.000000 218994.578125 779841.937500 1464842.500000 458581.750000 
23200898.000000 222853.750000 131059.468750 344548.593750 157823.375000 
29772736.000000 229356.140625 113703.335938 935912.375000 226006.109375 
33498192.000000 281949.187500 453707.500000 2279793.000000 372568.812500 
66626556.000000 491464.156250 577420.062500 1413575.875000 393548.531250 
32058924.000000 113129.398438 114004.406250 396156.531250 160746.796875 
57639500.000000 274082.656250 351861.625000 2595173.000000 433991.781250 
56000228.000000 156952.546875 165322.031250 1959254.625000 355229.031250 
39581332.000000 567202.125000 268261.843750 2233426.000000 391663.437500 
59834744.000000 1048629.500000 707588.062500 5331380.500000 876657.687500 
42566792.000000 708483.437500 652057.750000 1868150.375000 505358.375000 
34767220.000000 327061.187500 292141.906250 4562096.500000 519298.718750 
33033952.000000 402653.062500 185095.781250 1666564.750000 341482.218750 
51576388.000000 519536.000000 733201.500000 6771944.000000 782228.812500 
92134952.000000 1135941.750000 1021681.312500 3988180.250000 963575.312500 
41681032.000000 304752.031250 394028.843750 2492995.750000 530744.687500 
41627168.000000 744499.000000 1443255.000000 2517464.500000 704051.875000 
82047080.000000 889849.187500 840679.812500 9295558.000000 868905.625000 
78708032.000000 808875.187500 563638.750000 5493704.000000 744775.937500 
57243624.000000 1745442.875000 3040122.250000 10970835.000000 1648794.250000 
47609516.000000 623307.625000 879157.437500 6344055.000000 957674.625000 
60613324.000000 599072.812500 684699.250000 15666079.000000 1142431.375000 
101140024.000000 745631.187500 1089001.500000 8097602.500000 1019309.125000 
112264768.000000 2247413.500000 1367240.375000 13244469.000000 1742059.000000 
115392456.000000 1003985.437500 1200985.125000 13893485.000000 1892872.750000 
120356048.000000 2306619.000000 1644593.625000 23682998.000000 1930565.750000 
89489272.000000 1445342.500000 2098394.750000 20197532.000000 1910825.000000 
136439936.000000 2361309.500000 1414109.125000 10259103.000000 1532229.625000 
62925828.000000 668729.750000 1199099.875000 6820376.000000 1067095.500000 
54253416.000000 1083820.000000 604595.375000 17171878.000000 1476964.000000 
39571992.000000 791253.375000 178493.312500 12197091.000000 785089.437500 
83382832.000000 1631623.250000 938145.250000 32647542.000000 2395639.750000 
82314440.000000 653245.937500 958597.437500 19909744.000000 1476416.625000 
65647596.000000 743622.187500 1489408.125000 32010262.000000 1669717.250000 
69295872.000000 752950.562500 778391.312500 26599656.000000 1430054.000000 
75597472.000000 746672.062500 770487.250000 10617356.000000 989202.375000 
42790284.000000 580933.125000 189824.078125 15580875.000000 1049038.000000 
77168416.000000 680492.187500 692720.250000 11625489.000000 1220099.250000 
46922768.000000 462274.406250 494064.750000 34368424.000000 1440293.625000 
