3.786174 
3.744062 
3.649441 
3.361766 
3.241513 
3.286315 
4.052355 
3.248409 
4.331187 
4.630616 
3.487647 
3.769586 
3.727133 
3.786799 
3.726219 
2.780878 
3.477983 
3.693318 
3.121411 
3.319344 
3.416242 
3.423223 
3.683692 
3.687993 
4.515279 
3.020315 
3.670110 
3.121573 
2.765018 
3.114892 
2.083523 
2.737301 
2.964070 
3.445520 
2.584073 
3.406238 
3.043787 
3.698085 
2.875734 
2.634302 
2.356670 
3.533491 
2.591707 
3.241231 
2.100176 
4.722377 
2.807173 
3.245023 
2.004438 
2.820199 
2.885623 
2.875370 
3.032985 
2.804835 
2.937817 
3.246249 
2.845498 
3.182042 
2.495104 
2.994191 
2.680189 
3.793226 
2.468287 
2.186219 
2.797219 
2.428862 
2.244430 
2.237327 
2.555716 
2.328424 
2.298372 
2.326457 
1.789892 
2.021683 
2.369942 
1.747433 
2.413013 
1.716426 
2.365119 
2.095854 
3.510485 
1.787727 
1.833587 
1.911775 
2.147187 
1.845912 
3.722928 
2.004508 
1.993678 
1.875174 
1.763558 
2.774895 
1.956685 
2.179378 
2.131737 
4.290268 
2.136590 
1.831982 
1.720223 
2.325808 
2.123398 
1.950131 
2.263996 
1.843166 
1.994700 
1.918607 
2.508451 
1.832351 
