Episode: 1: [[1. 0. 0. 0. 0. 0. 0. 0. 0. 0.]
 [1. 0. 0. 0. 0. 0. 0. 0. 0. 0.]
 [1. 0. 0. 0. 0. 0. 0. 0. 0. 0.]] 
Episode: 2: [[ 1.003       0.00299998 -0.003      -0.003       0.003       0.
   0.          0.         -0.00299847  0.003     ]
 [ 1.0029992   0.00297944 -0.00298546 -0.00299984  0.00299818  0.
   0.          0.         -0.0027569   0.00299962]
 [ 1.003       0.00299821 -0.0029998  -0.00299994  0.00299987  0.
   0.          0.         -0.00289928  0.00299995]] 
Episode: 3: [[ 1.0059716   0.00594461 -0.00598087 -0.00584334  0.00595162  0.
   0.          0.         -0.00585537  0.00593729]
 [ 1.005634    0.00568927 -0.00554076 -0.00593643  0.00570454  0.
   0.          0.         -0.00541336  0.00598532]
 [ 1.0059725   0.00593861 -0.00597862 -0.00585293  0.00594825  0.
   0.          0.         -0.0056972   0.00593968]] 
Episode: 4: [[ 1.0088918   0.00842635 -0.00854046 -0.00865013  0.00844246  0.
   0.          0.         -0.00846883  0.00883169]
 [ 1.008344    0.0076637  -0.00814901 -0.00882081  0.00759116  0.
   0.          0.         -0.00764882  0.00891308]
 [ 1.0088925   0.0084147  -0.00853377 -0.00866618  0.00843348  0.
   0.          0.         -0.00823898  0.00883478]] 
Episode: 5: [[ 1.0118461   0.01082841 -0.01119584 -0.01152655  0.01084613  0.
   0.          0.         -0.0108069   0.01154817]
 [ 1.0108055   0.00982837 -0.01050755 -0.01174839  0.00974651  0.
   0.          0.         -0.00971753  0.01123834]
 [ 1.0118464   0.01081599 -0.01118461 -0.01154767  0.01083592  0.
   0.          0.         -0.0105468   0.01154134]] 
Episode: 6: [[ 1.0147693   0.01292507 -0.01374219 -0.01441708  0.01293457  0.
   0.          0.         -0.01290609  0.01420831]
 [ 1.0131853   0.01178784 -0.01265034 -0.01465708  0.01170771  0.
   0.          0.         -0.01154874  0.01337376]
 [ 1.0147681   0.01291416 -0.01372553 -0.01443927  0.01292541  0.
   0.          0.         -0.01261413  0.0141861 ]] 
Episode: 7: [[ 1.0176811   0.01463101 -0.01625048 -0.01732926  0.01461398  0.
   0.          0.         -0.01468148  0.01687239]
 [ 1.0155572   0.01345964 -0.01492749 -0.01756434  0.01333652  0.
   0.          0.         -0.01314518  0.0154537 ]
 [ 1.0176771   0.01462424 -0.01622578 -0.01734947  0.01460726  0.
   0.          0.         -0.01436563  0.01683176]] 
Episode: 8: [[ 1.0205847   0.01664279 -0.01867539 -0.02019988  0.01661406  0.
   0.          0.         -0.01665138  0.01961325]
 [ 1.0179566   0.01521743 -0.01713888 -0.02044838  0.01503934  0.
   0.          0.         -0.01483252  0.017752  ]
 [ 1.0205766   0.01663179 -0.01864372 -0.0202167   0.01660226  0.
   0.          0.         -0.01629377  0.01955676]] 
Episode: 9: [[ 1.0235279   0.01890609 -0.02120479 -0.02311     0.0188745   0.
   0.          0.         -0.01889003  0.02191201]
 [ 1.020412    0.01732236 -0.01944431 -0.02338151  0.01715208  0.
   0.          0.         -0.0167831   0.01964931]
 [ 1.0235164   0.01889508 -0.02116291 -0.02312201  0.01886323  0.
   0.          0.         -0.0185013   0.02183937]] 
Episode: 10: [[ 1.0264698   0.02117798 -0.02373583 -0.02600987  0.02114379  0.
   0.          0.         -0.02115376  0.02422551]
 [ 1.0228671   0.01947911 -0.0219097  -0.02630278  0.01933904  0.
   0.          0.         -0.01871991  0.0215386 ]
 [ 1.026453    0.02116504 -0.0236814  -0.02601414  0.02113137  0.
   0.          0.         -0.0207257   0.02413311]] 
Episode: 11: [[ 1.0294298   0.02349293 -0.02635932 -0.02895789  0.02344672  0.
   0.          0.         -0.02343431  0.02666076]
 [ 1.0253748   0.02176074 -0.02420777 -0.02924934  0.02163133  0.
   0.          0.         -0.02074644  0.02357146]
 [ 1.0294058   0.02347577 -0.0262873  -0.02895164  0.02343028  0.
   0.          0.         -0.02296368  0.02654655]] 
Episode: 12: [[ 1.0323782   0.02583162 -0.02881758 -0.03186487  0.02577812  0.
   0.          0.         -0.02569505  0.02912866]
 [ 1.0278404   0.02403841 -0.02651761 -0.03216361  0.02390134  0.
   0.          0.         -0.0227491   0.02565458]
 [ 1.0323445   0.02580526 -0.02872756 -0.03184513  0.02575293  0.
   0.          0.         -0.02517486  0.02899002]] 
Episode: 13: [[ 1.0353363   0.02830867 -0.03110241 -0.03480186  0.02824346  0.
   0.          0.         -0.02808452  0.03177473]
 [ 1.0304165   0.02644398 -0.02879338 -0.03509894  0.02622033  0.
   0.          0.         -0.02491481  0.02800276]
 [ 1.035291    0.02827045 -0.0309967  -0.03476518  0.02820625  0.
   0.          0.         -0.02751307  0.03161627]] 
Episode: 14: [[ 1.0382522   0.0307724  -0.03306508 -0.03774929  0.03072124  0.
   0.          0.         -0.03038848  0.03417745]
 [ 1.0327399   0.0284811  -0.03098739 -0.03798759  0.02818507  0.
   0.          0.         -0.02683782  0.03001382]
 [ 1.038192    0.03071475 -0.03295123 -0.03769021  0.0306664   0.
   0.          0.         -0.02975089  0.03399522]] 
Episode: 15: [[ 1.0399082   0.03224801 -0.03472381 -0.03946225  0.0322184   0.
   0.          0.         -0.03183986  0.03565353]
 [ 1.0342041   0.02993612 -0.03282493 -0.03957028  0.02965613  0.
   0.          0.         -0.0282889   0.03147972]
 [ 1.0398374   0.03218903 -0.0346144  -0.03940301  0.03216354  0.
   0.          0.         -0.03120224  0.03547129]] 
Episode: 16: [[ 1.0414479   0.03359254 -0.03629056 -0.04106138  0.03358928  0.
   0.          0.         -0.03315367  0.03700244]
 [ 1.0355345   0.03125456 -0.03454749 -0.04103049  0.03099296  0.
   0.          0.         -0.02960226  0.03281579]
 [ 1.0413648   0.03353173 -0.03618463 -0.041001    0.03353408  0.
   0.          0.         -0.032516    0.03681999]] 
Episode: 17: [[ 1.0431435   0.03503615 -0.03810018 -0.04292665  0.03514061  0.
   0.          0.         -0.03438689  0.03861428]
 [ 1.0369794   0.03257013 -0.03666307 -0.04269631  0.03243445  0.
   0.          0.         -0.03082804  0.03440416]
 [ 1.0430442   0.034966   -0.03799698 -0.04286166  0.03508309  0.
   0.          0.         -0.03374837  0.03843117]] 
Episode: 18: [[ 1.045173    0.03674409 -0.04030301 -0.04512306  0.03701843  0.
   0.          0.         -0.03566909  0.04059882]
 [ 1.0387604   0.03397178 -0.03907904 -0.04472079  0.03401559  0.
   0.          0.         -0.03208042  0.03638461]
 [ 1.0450579   0.036656   -0.04020191 -0.04505438  0.03695641  0.
   0.          0.         -0.03502711  0.04041591]] 
Episode: 19: [[ 1.0472244   0.03845811 -0.0425246  -0.04737774  0.03892798  0.
   0.          0.         -0.03687916  0.04263   ]
 [ 1.0405885   0.03540781 -0.04173157 -0.04678269  0.03571093  0.
   0.          0.         -0.03329993  0.03840008]
 [ 1.0470922   0.0383511  -0.04242718 -0.04730413  0.03886193  0.
   0.          0.         -0.03623467  0.04244652]] 
Episode: 20: [[ 1.0491487   0.04004755 -0.04461533 -0.04951563  0.04071127  0.
   0.          0.         -0.0379811   0.0445159 ]
 [ 1.0422752   0.03672688 -0.04422359 -0.04871307  0.03728613  0.
   0.          0.         -0.03441048  0.04026854]
 [ 1.0489984   0.0399219  -0.0445209  -0.04943594  0.04064114  0.
   0.          0.         -0.03733426  0.04433163]] 
Episode: 21: [[ 1.0510564   0.04162329 -0.04670759 -0.05167972  0.04251081  0.
   0.          0.         -0.03900492  0.0464075 ]
 [ 1.0439383   0.03800217 -0.04680889 -0.05065383  0.03886162  0.
   0.          0.         -0.03544419  0.04213274]
 [ 1.0508869   0.04147629 -0.04661595 -0.05159309  0.04243585  0.
   0.          0.         -0.03835563  0.04622228]] 
Episode: 22: [[ 1.0530355   0.0432744  -0.04883952 -0.0539478   0.04441861  0.
   0.          0.         -0.03999077  0.04841268]
 [ 1.04569     0.03932155 -0.04958041 -0.05270699  0.04054597  0.
   0.          0.         -0.03644286  0.04411515]
 [ 1.0528467   0.04310323 -0.04875147 -0.05385479  0.04433862  0.
   0.          0.         -0.03933861  0.04822671]] 
Episode: 23: [[ 1.0549551   0.04486281 -0.05088999 -0.05619448  0.04627259  0.
   0.          0.         -0.04090066  0.05037356]
 [ 1.0473776   0.0405745  -0.05232185 -0.05472267  0.04216271  0.
   0.          0.         -0.03736938  0.04605444]
 [ 1.0547464   0.04466707 -0.05080632 -0.05609401  0.0461875   0.
   0.          0.         -0.04024599  0.05018676]] 
Episode: 24: [[ 1.0568069   0.04639962 -0.05302834 -0.0583893   0.04807395  0.
   0.          0.         -0.04175606  0.0522304 ]
 [ 1.0485494   0.04180213 -0.05403653 -0.05672101  0.0437876   0.
   0.          0.         -0.03823433  0.04787131]
 [ 1.0565675   0.04617859 -0.05294164 -0.05828237  0.04798378  0.
   0.          0.         -0.0410949   0.05204336]] 
Episode: 25: [[ 1.0586654   0.04792802 -0.05516024 -0.06064745  0.04987501  0.
   0.          0.         -0.04255775  0.05413836]
 [ 1.0497762   0.04301752 -0.05592524 -0.05876608  0.04542302  0.
   0.          0.         -0.03904894  0.0497625 ]
 [ 1.0583957   0.04768093 -0.05507099 -0.06053314  0.04977967  0.
   0.          0.         -0.04189035  0.05395152]] 
Episode: 26: [[ 1.0608261   0.04978348 -0.05753901 -0.06322841  0.05199964  0.
   0.          0.         -0.04353581  0.05636009]
 [ 1.051436    0.04461917 -0.05827783 -0.06115844  0.04744262  0.
   0.          0.         -0.04016977  0.05196651]
 [ 1.0605304   0.04951151 -0.05745102 -0.06310779  0.05190074  0.
   0.          0.         -0.04286478  0.05617323]] 
Episode: 27: [[ 1.0633706   0.0521005  -0.06023245 -0.0660663   0.05451636  0.
   0.          0.         -0.04516044  0.05895394]
 [ 1.0536195   0.04676045 -0.06095989 -0.06386436  0.04988183  0.
   0.          0.         -0.04199292  0.05454906]
 [ 1.0630562   0.05181023 -0.06014666 -0.06594109  0.054415    0.
   0.          0.         -0.04448808  0.05876717]] 
Episode: 28: [[ 1.0658858   0.05441751 -0.06311566 -0.06887367  0.05700694  0.
   0.          0.         -0.0468047   0.06144539]
 [ 1.0554771   0.04872993 -0.06258523 -0.06652623  0.05224227  0.
   0.          0.         -0.04353806  0.05682135]
 [ 1.0655515   0.05410457 -0.06302562 -0.06874094  0.0569002   0.
   0.          0.         -0.04611558  0.06125552]] 
Episode: 29: [[ 1.0684959   0.05687052 -0.06613014 -0.07179678  0.05957515  0.
   0.          0.         -0.04865076  0.06403679]
 [ 1.0573885   0.05084199 -0.06371346 -0.06932171  0.05464974  0.
   0.          0.         -0.04521997  0.05918182]
 [ 1.0681441   0.05653782 -0.06603288 -0.07165672  0.05946202  0.
   0.          0.         -0.04794318  0.06384379]] 
Episode: 30: [[ 1.0711032   0.05933767 -0.06921662 -0.07474398  0.06212143  0.
   0.          0.         -0.05059264  0.0665911 ]
 [ 1.0592653   0.05285235 -0.06431365 -0.07212719  0.05699101  0.
   0.          0.         -0.04678946  0.06147918]
 [ 1.0707335   0.05898336 -0.06910823 -0.07459516  0.0620016   0.
   0.          0.         -0.04985543  0.06639378]] 
Episode: 31: [[ 1.0739292   0.06204793 -0.07248309 -0.07789169  0.06488166  0.
   0.          0.         -0.05273273  0.06935021]
 [ 1.0614096   0.0551187  -0.06475756 -0.07516493  0.05953783  0.
   0.          0.         -0.04851703  0.06404495]
 [ 1.0735443   0.06167271 -0.07236464 -0.07773608  0.06475538  0.
   0.          0.         -0.05195985  0.06915028]] 
Episode: 32: [[ 1.0766916   0.0647172  -0.07576202 -0.08098415  0.06757274  0.
   0.          0.         -0.05499205  0.07199803]
 [ 1.0633782   0.05718778 -0.06481585 -0.07813989  0.06201009  0.
   0.          0.         -0.04998408  0.06651153]
 [ 1.0762895   0.06431903 -0.07562977 -0.08082031  0.06743877  0.
   0.          0.         -0.05417243  0.07179386]] 
Episode: 33: [[ 1.0791401   0.06713039 -0.07888859 -0.0838356   0.07003491  0.
   0.          0.         -0.05690355  0.07440338]
 [ 1.0650325   0.0591637  -0.0645462  -0.0808521   0.06437758  0.
   0.          0.         -0.05132498  0.06885878]
 [ 1.078722    0.0667052  -0.07873228 -0.0836574   0.06989034  0.
   0.          0.         -0.05602732  0.07419767]] 
Episode: 34: [[ 1.0812751   0.06927554 -0.08192892 -0.08647897  0.0722768   0.
   0.          0.         -0.05849643  0.07657899]
 [ 1.066363    0.06083658 -0.06404951 -0.08329239  0.06652172  0.
   0.          0.         -0.05234845  0.07104257]
 [ 1.0808542   0.06881312 -0.08174003 -0.08627532  0.07211615  0.
   0.          0.         -0.05755034  0.07637344]] 
Episode: 35: [[ 1.0831198   0.07117612 -0.0847681  -0.08891617  0.07431532  0.
   0.          0.         -0.05969591  0.07859027]
 [ 1.0674555   0.06240827 -0.06343262 -0.08552618  0.06854829  0.
   0.          0.         -0.0532761   0.07311358]
 [ 1.0827115   0.07067484 -0.08453786 -0.08868187  0.07413588  0.
   0.          0.         -0.05868659  0.07838704]] 
Episode: 36: [[ 1.0847642   0.07289209 -0.0874803  -0.09118989  0.07617892  0.
   0.          0.         -0.06070928  0.08041026]
 [ 1.0683553   0.06375559 -0.06272493 -0.08754732  0.07038546  0.
   0.          0.         -0.05401346  0.07496219]
 [ 1.0843683   0.07234608 -0.08720433 -0.09091924  0.07597934  0.
   0.          0.         -0.05962854  0.08020883]] 
Episode: 37: [[ 1.0862517   0.07446982 -0.08996248 -0.09332196  0.0779015   0.
   0.          0.         -0.06171544  0.08204134]
 [ 1.0689946   0.06503835 -0.06157321 -0.08939878  0.07214525  0.
   0.          0.         -0.05480769  0.07667506]
 [ 1.0858645   0.07388312 -0.08964133 -0.09301136  0.07768185  0.
   0.          0.         -0.06057039  0.08184125]] 
Episode: 38: [[ 1.0875442   0.0758952  -0.09238172 -0.09529278  0.07949276  0.
   0.          0.         -0.06250444  0.08353314]
 [ 1.0694097   0.06613162 -0.06025358 -0.09108923  0.07378594  0.
   0.          0.         -0.055349    0.07830223]
 [ 1.0871694   0.07525829 -0.09200662 -0.09493895  0.07924888  0.
   0.          0.         -0.06126866  0.08333664]] 
Episode: 39: [[ 1.0887      0.07721011 -0.09481921 -0.09715267  0.080962    0.
   0.          0.         -0.06336379  0.08485796]
 [ 1.069868    0.06731389 -0.05902025 -0.09259158  0.07534068  0.
   0.          0.         -0.05601819  0.07977282]
 [ 1.0883375   0.07652184 -0.09438715 -0.09674922  0.0806921   0.
   0.          0.         -0.06201326  0.08466452]] 
Episode: 40: [[ 1.0896894   0.07840836 -0.0971925  -0.0989194   0.08232538  0.
   0.          0.         -0.06407563  0.08609709]
 [ 1.0701935   0.06831006 -0.05772179 -0.09399207  0.0767995   0.
   0.          0.         -0.05658149  0.08112915]
 [ 1.089357    0.07766228 -0.09669662 -0.09845855  0.08202603  0.
   0.          0.         -0.06260223  0.08590885]] 
Episode: 41: [[ 1.0904831   0.07948184 -0.09944128 -0.10055422  0.08360777  0.
   0.          0.         -0.06460003  0.08726721]
 [ 1.0704777   0.06923544 -0.05645335 -0.09528133  0.07820625  0.
   0.          0.         -0.05717434  0.0824135 ]
 [ 1.090203    0.07866915 -0.09887693 -0.10003294  0.08327508  0.
   0.          0.         -0.06298484  0.08708522]] 
