100.707314 91.876419 78.938705 96.102303 92.205826 0.000000 
88.643936 74.800117 79.690910 89.009636 87.257492 0.019782 
90.641518 78.030159 83.555008 92.258224 93.307785 0.019782 
100.815224 58.167652 81.029778 79.824074 93.473763 0.034264 
90.875870 88.314163 81.352287 87.353180 94.992943 0.027976 
95.924896 80.478806 83.024399 97.186874 97.300949 0.019782 
107.968666 75.876396 80.161751 99.144913 101.531166 0.027976 
107.516502 75.335396 80.322884 92.351112 98.965027 0.000000 
99.490173 77.069382 90.300568 102.294456 95.474007 0.000000 
98.772163 63.552902 84.250343 79.485619 95.302704 0.027976 
101.711906 71.310150 84.824936 89.830040 93.842255 0.000000 
87.790581 87.987083 84.586548 93.757462 91.642860 0.019782 
96.706764 58.463757 74.680046 77.566750 101.504379 0.034264 
76.833939 97.891350 88.801208 103.844955 104.521103 0.000000 
86.347458 81.087486 88.559273 94.025200 98.110741 0.019782 
94.454666 86.049973 79.722687 90.106903 94.399567 0.019782 
95.467529 70.331070 81.794769 83.107086 98.894028 0.000000 
89.446999 81.582863 68.852295 101.607956 77.863091 0.027976 
102.247383 65.646378 65.316460 67.480217 87.321663 0.027976 
98.240685 76.845108 80.545975 83.684418 89.303619 0.039565 
