5.591737 6.088757 5.517326 6.288183 0.666172 0.000000 
5.523290 4.631935 4.593844 2.673129 0.802838 0.000000 
5.140832 6.582370 6.489663 7.993133 0.838368 0.019782 
5.690028 6.725491 6.325736 11.763264 1.337790 0.000000 
3.769203 3.789719 3.305057 3.386222 0.457140 0.000000 
5.871092 5.437254 4.406734 3.637765 0.715732 0.019782 
8.704231 10.205732 8.065625 11.076737 0.697455 0.000000 
6.975386 8.797365 7.462139 3.790959 0.555319 0.000000 
5.427550 6.933982 6.293107 6.349342 0.609736 0.027976 
8.333265 10.760148 7.791251 6.819809 0.489789 0.000000 
3.752437 4.937370 3.837063 2.677153 0.415430 0.000000 
5.792951 8.588559 5.758132 6.539960 0.788327 0.000000 
3.965263 4.136070 3.499502 3.047482 0.495746 0.000000 
5.736648 5.788178 6.178696 4.195353 0.712993 0.019782 
5.948375 5.133967 5.839189 3.693107 0.498893 0.000000 
12.061663 19.561821 22.781672 21.329088 2.109421 0.034264 
5.345404 7.087397 6.674648 5.029521 0.234902 0.019782 
6.874207 7.960526 7.175179 9.928185 1.168686 0.000000 
4.318379 4.312206 4.493093 4.342125 0.732753 0.000000 
4.020974 4.756087 3.691357 3.762182 0.288036 0.000000 
4.141890 4.533887 4.083414 3.045940 0.370623 0.019782 
5.028586 7.306671 6.210536 6.422297 0.645284 0.000000 
4.993084 4.788065 5.932933 4.507282 0.626826 0.044235 
4.457115 5.273400 5.723889 5.357525 0.559182 0.000000 
4.144820 4.513883 4.968698 5.973959 0.669396 0.000000 
6.663561 7.223114 8.317415 7.773041 0.434312 0.000000 
5.450932 6.511804 6.497001 6.097411 0.503578 0.027976 
5.812138 6.797830 5.577418 6.878314 0.693798 0.027976 
3.885494 3.884133 4.817271 3.664045 0.760018 0.000000 
4.516920 2.828747 2.007888 1.717258 0.356632 0.000000 
3.909060 4.134744 4.145434 5.336195 0.387149 0.000000 
5.068442 4.537643 2.824384 1.870116 0.316518 0.000000 
4.390079 3.959036 3.833642 2.832827 0.584838 0.000000 
3.527755 4.476672 3.395114 3.626606 0.427043 0.000000 
8.166473 8.951880 9.120290 7.861823 0.576752 0.019782 
5.111861 5.892288 5.146317 5.170551 0.902656 0.000000 
4.532806 5.897209 4.478902 4.580564 0.593473 0.034264 
4.262826 4.192645 3.559085 1.920506 0.415430 0.000000 
4.635909 3.484532 3.912164 2.867579 0.743358 0.019782 
5.937590 5.112973 5.749002 7.072518 0.561626 0.034264 
4.872184 6.398316 6.175967 6.564082 0.923021 0.000000 
5.191464 5.375381 8.338541 3.946005 0.363156 0.000000 
5.166039 4.957645 4.550791 4.334857 0.643766 0.000000 
5.521019 4.655725 6.541429 5.861770 0.651020 0.000000 
7.016519 6.016921 5.720122 5.339352 0.480920 0.039565 
6.507948 4.553114 4.575173 3.544918 0.656110 0.027976 
4.165323 4.246900 6.646853 4.764441 0.916212 0.019782 
5.411242 4.949220 4.393692 4.663713 0.542846 0.048457 
5.036256 5.816285 6.434619 7.348308 0.647403 0.000000 
4.850503 5.398589 5.076206 4.651727 0.422899 0.000000 
