500.758667 233.576614 185.758286 142.731613 157074.968750 
485.336884 271.094421 235.675476 258.674255 113222.906250 
462.751404 241.594131 137.850845 101.463310 184407.265625 
399.039642 189.314850 158.129395 143.992538 150714.906250 
393.483032 218.670258 191.403671 157.742706 111824.070312 
528.072144 287.429474 255.977417 253.619171 190858.703125 
455.759064 234.895905 184.625793 193.070541 128554.046875 
385.614960 171.130737 125.206017 113.795204 133051.328125 
465.746857 193.140610 132.176178 97.001991 171783.328125 
401.673889 185.093674 121.673790 107.234131 136308.328125 
433.138550 227.663498 183.342010 180.502716 131495.281250 
501.138275 213.953339 135.972229 189.809677 153668.421875 
591.282959 236.582535 210.943146 164.265823 130454.976562 
452.299408 238.526749 164.322418 83.067871 166673.875000 
513.222900 310.934052 281.828552 220.761353 193526.093750 
375.478729 167.892792 135.597260 116.125175 192768.968750 
550.776062 252.840805 169.599487 118.819038 200938.656250 
404.964508 227.597717 223.271378 150.296143 136498.671875 
518.788513 235.976532 141.913208 169.795059 131823.390625 
463.703308 211.972305 123.739975 112.753952 217813.093750 
564.449707 267.292755 196.564072 184.948212 183977.437500 
532.232971 208.031555 170.764450 102.828506 131885.015625 
515.739990 271.621002 150.857056 152.413345 228020.156250 
459.741760 308.587555 374.799438 272.326172 158517.343750 
441.683899 211.190536 140.019638 172.791214 159944.140625 
466.587860 249.310944 197.781799 167.991852 187229.359375 
415.493500 271.423126 166.484772 172.916214 129641.203125 
455.937286 248.608124 172.435730 112.540184 98879.117188 
486.396210 267.103455 232.993912 166.641373 157427.703125 
384.049896 162.940094 121.136795 91.002304 123985.718750 
554.144409 272.508301 184.668304 201.027481 221418.203125 
491.481842 223.483643 171.004181 276.907593 196617.921875 
427.986938 222.255768 185.852020 195.073486 182144.546875 
424.852783 210.168747 159.210632 229.105881 157652.812500 
394.123230 189.060791 119.980392 98.664459 158279.593750 
475.685638 319.554688 351.476044 197.467148 150373.296875 
419.545074 270.227539 224.193802 172.379166 224706.140625 
427.907867 190.657608 149.481949 136.055847 152996.031250 
462.449890 255.617874 190.997711 145.502945 113111.148438 
436.248260 188.258194 177.433395 107.253174 118959.539062 
454.998444 189.052063 142.923981 78.634575 165949.671875 
487.597900 208.684189 228.459412 297.876862 158025.906250 
491.385010 252.769531 189.427170 154.519913 192103.156250 
505.355347 251.043152 178.426147 338.877258 148111.093750 
495.121918 177.187851 114.210648 86.603226 151418.937500 
491.236694 267.157379 221.473587 206.120880 227019.593750 
430.551727 214.559067 287.153900 324.958862 171711.625000 
420.600494 245.402237 171.693329 119.396645 146182.000000 
432.355072 286.520111 269.749573 229.653122 250453.968750 
387.941925 299.080292 392.963806 377.325623 120848.531250 
542.568237 251.629929 173.940598 161.276642 181620.078125 
453.759186 315.171051 342.684509 302.470917 153158.093750 
442.702515 192.630096 204.222244 152.311859 167959.937500 
462.835358 210.646362 144.912247 97.649849 166705.812500 
399.697540 240.460831 186.857483 146.021484 139227.203125 
650.817993 252.156113 203.786621 159.098755 156851.187500 
425.923431 217.648880 128.426544 108.767540 173644.921875 
410.240417 358.482910 445.157043 390.847565 185931.234375 
596.287476 219.149658 151.388245 124.898170 127938.539062 
501.440704 217.848480 124.031303 125.942490 189473.453125 
461.073334 202.377014 210.612152 196.319717 135169.562500 
508.885773 304.667419 223.784592 367.570374 310547.968750 
446.827087 188.410324 205.695374 167.609787 163756.984375 
533.112671 235.077026 148.196930 111.623711 172992.218750 
524.400269 238.624741 159.035278 177.394089 220820.546875 
418.135590 170.311249 116.260689 98.467598 140243.875000 
427.739960 221.215210 132.827316 95.360779 181436.531250 
458.954590 234.482788 195.709076 198.450150 117719.625000 
436.081116 255.216690 175.396118 222.591949 173375.281250 
447.639130 186.692551 146.624878 114.614525 149176.421875 
467.436462 200.922089 167.377975 119.068550 143381.093750 
453.627716 229.145721 240.486572 293.817047 144596.078125 
484.402985 259.468567 223.706161 325.268585 156372.343750 
402.336548 237.389572 179.628311 143.383942 221401.718750 
526.704834 215.129242 169.856323 160.703110 170685.500000 
459.459198 271.353058 242.757858 196.871185 139235.796875 
420.652130 250.486847 177.964462 132.629303 217672.171875 
370.664368 208.099472 191.797516 148.716736 117025.859375 
440.636139 217.232117 166.935349 140.142807 164492.890625 
909.062012 393.323547 365.353973 881.409485 218602.765625 
493.842712 220.667068 128.712433 109.492020 185347.125000 
446.941193 248.467468 197.692535 212.780197 102321.812500 
405.554047 161.987915 102.357330 61.851307 162188.906250 
499.036163 218.859131 150.137238 122.734680 144533.109375 
452.471497 214.485336 192.945694 93.899292 152583.843750 
404.198120 203.114014 129.806107 88.526146 143071.718750 
441.926208 249.011581 261.213715 456.642059 247679.750000 
472.692017 261.055359 185.837738 178.769806 179418.125000 
464.537872 484.498810 708.031311 666.727966 165082.312500 
468.718445 277.032928 272.882690 429.601227 198203.406250 
420.351440 203.180344 149.846024 125.643578 133151.031250 
469.823456 264.038513 327.371643 192.591248 214337.296875 
464.882751 201.559998 167.340714 110.957649 185832.406250 
408.037018 215.184586 161.892700 157.336761 221209.093750 
432.169891 228.361084 179.168823 111.344223 140472.875000 
470.732269 213.075119 155.808350 120.774498 321282.781250 
485.195221 246.814224 211.679337 162.801804 189876.812500 
432.637817 208.335312 148.946243 99.304062 167159.171875 
448.810577 351.532532 421.523529 403.339996 191963.625000 
347.267212 138.474228 103.418251 77.719521 123011.539062 
