0.700000 
0.660000 
0.820000 
0.800000 
0.670000 
0.820000 
0.790000 
0.860000 
0.490000 
0.510000 
0.650000 
0.750000 
0.750000 
0.600000 
0.740000 
0.740000 
0.810000 
0.570000 
0.780000 
0.630000 
0.560000 
0.520000 
0.660000 
0.750000 
0.550000 
0.660000 
0.610000 
0.630000 
0.690000 
0.730000 
0.690000 
0.880000 
0.590000 
0.710000 
0.740000 
0.630000 
0.740000 
0.440000 
0.570000 
0.790000 
0.650000 
0.640000 
0.570000 
0.730000 
0.720000 
0.770000 
0.770000 
0.810000 
0.820000 
0.630000 
