3.842514 
3.848993 
3.839551 
3.846303 
3.843497 
3.843821 
3.845442 
3.852418 
3.846234 
3.838065 
3.846441 
3.847371 
3.832625 
3.851905 
3.831391 
3.843210 
3.846648 
3.843434 
3.835342 
3.840630 
3.841306 
3.839450 
3.831742 
3.828013 
3.846511 
3.827261 
3.717200 
3.805526 
3.829120 
3.832438 
3.843674 
3.814891 
3.712559 
3.621112 
3.606449 
3.725022 
3.174912 
3.308938 
3.153045 
2.519095 
2.573131 
2.455659 
2.590063 
2.320366 
2.264686 
2.362981 
2.168072 
2.057042 
2.048863 
2.074891 
1.929529 
1.781899 
2.140348 
1.654761 
2.028992 
1.789724 
1.615290 
1.761160 
1.977943 
1.253062 
1.866110 
1.703188 
1.750120 
1.778988 
1.646938 
1.467990 
1.647338 
1.740275 
1.901932 
1.504729 
1.736371 
1.182001 
1.646110 
1.847334 
1.273068 
1.656889 
1.819144 
1.684261 
1.597474 
1.145174 
1.492136 
1.612455 
1.784462 
1.733906 
1.656566 
1.521881 
1.729305 
1.744306 
1.256144 
1.783752 
1.715502 
1.425722 
1.668023 
1.372618 
1.237692 
1.080095 
1.179981 
1.715385 
1.675054 
1.759076 
1.425519 
1.439057 
1.617347 
1.358151 
1.459678 
1.234088 
1.176926 
1.041702 
1.299684 
1.209404 
1.665728 
0.819357 
0.963373 
1.304805 
0.605731 
1.409064 
1.282341 
1.379282 
1.769438 
1.625712 
0.897686 
1.054932 
1.270048 
1.342713 
0.775229 
0.654909 
0.645801 
0.443810 
0.788945 
0.953645 
0.665814 
1.129117 
0.596261 
1.069239 
1.163411 
0.679860 
1.311754 
0.605406 
0.924898 
0.781543 
0.802867 
0.657316 
1.197624 
0.448709 
0.963750 
0.870047 
0.800296 
1.233824 
1.292893 
0.949513 
0.840494 
1.113349 
0.959859 
0.753852 
0.568276 
0.728419 
0.630210 
1.115251 
0.906869 
0.633604 
0.827752 
1.052027 
0.404817 
0.578338 
0.792229 
1.274564 
0.821826 
0.258289 
0.583731 
0.926406 
1.086396 
0.821918 
0.493551 
0.810214 
0.852000 
0.994503 
0.928301 
0.313586 
0.773107 
0.611322 
0.664813 
0.712219 
0.548633 
1.109393 
1.026715 
1.222492 
0.236034 
0.531202 
1.003893 
0.878998 
0.743209 
0.950303 
0.821663 
0.758973 
0.567386 
0.580970 
1.034114 
0.569965 
0.351391 
0.714350 
