90.317947 76.293724 87.258316 85.601402 92.664978 0.000000 
90.037720 78.638870 81.248581 81.159393 86.953453 0.019782 
84.001297 75.753433 82.277756 85.791214 88.592140 0.000000 
95.286781 77.663170 78.051788 76.153046 74.459755 0.000000 
94.495323 76.337036 81.483681 88.665512 86.375328 0.019782 
86.611702 91.577805 79.141602 79.479088 82.531792 0.000000 
87.754128 82.500305 80.811455 90.916969 81.105301 0.019782 
82.392479 75.164711 77.028656 75.897148 66.461891 0.000000 
93.780144 97.988510 87.235199 94.383354 90.447914 0.000000 
85.129929 85.292847 89.791496 92.309563 90.264900 0.000000 
90.309204 84.842178 87.034622 98.801994 94.658173 0.019782 
87.764839 92.090576 88.382126 82.373459 91.810966 0.000000 
94.895943 77.763023 86.104591 82.646240 75.385429 0.000000 
76.035194 52.330944 62.102852 54.656273 60.618637 0.000000 
87.023346 78.253677 78.103416 86.587250 84.167381 0.000000 
87.620651 97.264015 86.278870 93.987343 79.911217 0.000000 
97.497665 103.819397 96.746979 100.620415 94.557564 0.000000 
91.156311 88.425072 95.242081 75.203270 82.635323 0.000000 
85.895248 91.015282 85.744194 99.315575 81.328178 0.000000 
86.380302 80.152519 81.064445 85.325302 85.655907 0.034264 
86.298187 58.196804 68.154610 64.066391 70.236588 0.027976 
79.345062 81.001442 74.938461 80.085289 76.616425 0.019782 
79.175179 52.626453 58.800003 78.534348 60.000698 0.000000 
78.810875 61.274223 78.723083 69.563293 80.969917 0.000000 
82.291649 71.115013 74.568382 65.101128 63.982925 0.019782 
87.404175 58.486050 66.528999 63.015446 62.943184 0.000000 
83.415962 51.628674 61.736496 61.071808 71.451996 0.034264 
80.105148 74.804626 77.979408 73.844833 62.136322 0.039565 
82.329147 70.670570 67.550316 72.351852 56.091759 0.000000 
79.114861 65.172638 70.603523 73.231850 72.447060 0.000000 
66.844109 74.471535 58.895290 57.014133 58.743122 0.000000 
86.334702 89.704247 82.043846 90.912788 86.390282 0.000000 
92.942902 89.498413 83.282959 87.519264 85.126152 0.000000 
63.707279 57.698826 61.727722 74.508385 61.120789 0.019782 
84.222755 61.157253 67.898598 79.326698 55.539719 0.039565 
87.677574 80.896797 89.039795 97.420265 83.850685 0.000000 
68.816330 59.602222 58.938396 68.493050 60.921856 0.000000 
91.001389 92.370422 91.480316 93.968628 91.330276 0.027976 
86.482384 55.659966 72.517555 70.509354 64.869049 0.000000 
93.740341 88.566902 82.982857 94.116394 90.085686 0.000000 
84.271065 83.660416 86.418816 96.928787 95.383614 0.000000 
67.123596 51.005047 60.739048 71.045563 70.391853 0.000000 
97.731819 90.858101 81.451035 72.357506 89.801483 0.027976 
88.759911 88.780594 87.684258 92.177231 87.350937 0.019782 
93.153969 88.736816 84.149155 86.816589 76.937599 0.027976 
69.066437 51.386971 72.203697 73.238739 79.145081 0.000000 
76.889404 44.436501 56.126438 66.734131 57.507530 0.000000 
79.179283 66.180206 85.244438 75.244957 58.895546 0.019782 
88.612137 83.875351 77.148468 84.463829 96.058464 0.000000 
89.793495 84.574692 85.016586 76.503387 83.621170 0.027976 
78.641220 52.999889 64.957451 67.330849 54.206467 0.019782 
77.538696 62.773041 72.389145 72.435013 62.107044 0.019782 
79.092659 44.068932 51.542595 54.132233 54.876305 0.000000 
78.447350 81.369301 90.994598 80.337387 86.141327 0.019782 
76.551025 49.878021 59.353191 57.846210 67.311478 0.027976 
86.807846 88.148438 85.705505 86.734177 84.426651 0.000000 
89.594971 87.233932 91.549042 101.113503 87.488014 0.000000 
83.229637 59.964100 66.802933 84.562317 73.908752 0.000000 
83.645927 64.698944 68.497864 82.355835 62.747349 0.000000 
86.046623 35.485725 46.664577 53.982700 50.543819 0.000000 
82.264977 71.331009 80.766014 80.030113 71.190170 0.034264 
86.454681 81.661133 82.676071 84.869461 82.496918 0.000000 
91.526428 89.216499 93.194839 82.305885 90.150978 0.000000 
87.188950 84.523163 83.755608 86.667015 70.807732 0.000000 
77.574074 51.040085 58.139103 62.873795 49.498440 0.000000 
87.085320 92.676666 96.766937 83.348892 87.209457 0.019782 
90.298737 38.659779 41.944908 53.303329 57.123005 0.000000 
85.051613 43.627365 52.967140 62.172356 61.373871 0.000000 
87.921883 91.522560 84.279831 82.562096 85.885323 0.019782 
93.566849 89.022949 96.298050 92.855713 78.219650 0.000000 
80.003944 38.382343 42.334805 47.184723 52.762203 0.027976 
87.203560 76.634140 83.893280 84.900177 89.240845 0.034264 
85.950279 41.289040 46.996555 44.528755 52.868999 0.034264 
74.782928 43.321224 48.525349 56.499149 51.764690 0.019782 
83.049339 70.608536 66.062378 70.344727 62.722622 0.019782 
78.638206 52.775558 65.399002 64.305092 70.189293 0.000000 
83.380653 60.437309 75.003815 70.520401 60.659439 0.000000 
79.302315 54.705391 65.662285 65.850357 74.438766 0.000000 
81.330551 41.459118 49.215210 49.051582 64.612709 0.027976 
81.163841 75.007324 72.694107 67.939217 66.211403 0.000000 
83.203346 67.595436 73.876511 66.443207 58.220310 0.000000 
80.123970 47.901402 50.786823 50.428967 53.267197 0.000000 
75.935051 67.657501 69.493561 73.936668 70.560776 0.000000 
70.133110 36.992104 35.092339 42.043598 53.378838 0.019782 
85.077278 59.964851 74.795776 77.347702 60.797829 0.034264 
81.986198 31.754276 40.487438 55.785503 47.977821 0.000000 
88.335548 89.004089 90.719505 90.124229 102.849136 0.000000 
76.487053 38.205242 49.668968 51.589310 49.349300 0.000000 
79.993958 56.733810 59.303925 55.105038 50.578659 0.000000 
85.215294 69.645012 74.330063 70.278030 72.717941 0.000000 
87.590141 65.831207 72.703239 72.430237 66.046326 0.034264 
84.781876 76.941467 80.194260 80.231018 77.166969 0.019782 
82.989441 73.809700 74.078690 79.086426 73.966347 0.000000 
76.326836 33.833679 47.542137 41.235126 60.943291 0.000000 
81.863533 38.308994 38.512451 47.029221 44.436543 0.000000 
78.927574 35.138226 42.684097 44.239510 52.832935 0.000000 
85.039116 76.573494 82.874252 81.602341 65.250961 0.000000 
89.471817 85.719086 87.113205 91.583939 95.297363 0.027976 
91.259697 73.898895 74.350586 78.140251 74.155701 0.027976 
90.259956 35.063766 56.622875 54.710514 53.105366 0.000000 
85.853439 83.298874 84.441284 84.120186 82.309273 0.000000 
87.854126 74.800659 80.545509 89.158737 77.542137 0.000000 
78.191566 54.429283 56.545975 65.160217 61.484192 0.027976 
78.334930 49.786068 56.508846 55.646828 67.734436 0.027976 
81.251129 77.524742 82.447205 79.045845 67.202408 0.000000 
83.135529 40.646790 47.260288 58.597961 55.895985 0.000000 
79.002731 76.526398 84.527145 75.615364 71.192726 0.019782 
77.696815 58.872349 63.510014 67.810959 51.473560 0.000000 
77.864029 53.727783 59.754898 63.690636 59.262901 0.000000 
66.457085 41.739704 44.456882 60.256310 39.930771 0.034264 
81.581726 52.994053 64.020439 54.775162 51.415726 0.027976 
80.655006 47.537682 55.741425 53.907772 50.557503 0.000000 
69.090546 32.741493 42.104630 42.282547 55.315376 0.000000 
77.516212 48.520077 55.959782 43.103653 60.427994 0.027976 
63.274986 49.941429 52.532532 47.228916 53.317341 0.000000 
80.090591 56.893826 71.074081 65.495758 68.000404 0.019782 
74.789894 58.181843 60.410915 76.130096 62.859306 0.000000 
75.478050 41.779690 45.800785 54.736980 48.258167 0.019782 
81.090218 47.306278 57.544559 58.891590 58.116711 0.034264 
76.266617 40.305595 53.034496 53.065666 63.218300 0.000000 
79.157372 44.281704 46.110844 46.216736 50.339481 0.027976 
80.201218 50.970528 52.148140 58.208359 61.786301 0.000000 
79.815636 74.958244 86.979675 93.298698 74.250809 0.000000 
78.360748 44.432247 45.563862 56.558342 68.507896 0.000000 
74.988266 47.424408 55.882050 50.873081 62.364010 0.000000 
89.215286 91.184090 93.428543 91.018875 86.037193 0.000000 
73.946564 40.102863 43.223576 51.620384 50.079819 0.019782 
77.731209 36.408897 40.706638 43.256721 52.698818 0.000000 
91.350639 77.642326 86.819641 84.006416 76.157875 0.000000 
68.767029 32.916969 46.304630 37.823750 49.229851 0.000000 
79.032677 49.732994 61.276459 62.934441 69.459976 0.000000 
84.733978 77.853020 82.854965 82.251572 89.553833 0.027976 
70.959801 41.453236 48.660984 43.011269 50.727261 0.000000 
75.028534 46.394085 58.052704 54.636189 52.414143 0.019782 
81.126556 41.261364 46.868748 53.501659 53.874168 0.000000 
70.345833 41.437771 49.600742 40.127090 48.381939 0.000000 
73.607864 43.171238 64.026726 62.359543 58.029419 0.039565 
91.170570 90.279327 83.792374 87.229118 81.492775 0.000000 
97.412048 94.612511 94.206734 92.605743 98.425003 0.000000 
83.964088 57.882370 65.080765 66.406914 70.863464 0.000000 
80.259232 33.832218 35.433437 38.106098 46.850914 0.019782 
80.414566 36.922020 44.045975 42.382267 46.475880 0.000000 
78.347870 59.116184 62.593216 61.910999 55.889389 0.000000 
81.298248 37.192875 50.340229 45.890350 49.027187 0.000000 
83.821411 45.778721 46.832432 55.169353 36.516327 0.000000 
77.827873 53.996822 67.693680 49.695633 68.054039 0.000000 
66.999695 35.369938 50.176735 40.864876 57.447147 0.034264 
84.418320 82.608238 86.518532 92.906258 69.432327 0.000000 
83.160683 50.037239 53.126713 52.426727 51.519257 0.000000 
73.986328 38.815281 54.620777 44.351425 54.993290 0.000000 
63.100964 30.748493 50.465038 38.279774 47.321053 0.019782 
90.215469 88.212486 82.836266 85.669212 78.611076 0.000000 
83.888512 69.449615 82.571793 74.886169 73.907356 0.019782 
74.947609 38.594463 40.731632 41.502567 57.204567 0.000000 
84.240814 45.326702 53.023956 52.151962 54.347801 0.027976 
75.915558 56.214962 62.614937 68.684433 60.879910 0.000000 
84.885887 81.476341 92.251404 84.102127 79.275108 0.000000 
75.529991 45.744736 58.799183 49.693512 49.410831 0.000000 
88.742447 81.009003 76.985573 85.894600 82.524155 0.019782 
84.892944 60.352192 59.693165 66.828743 73.771904 0.000000 
66.922585 62.114185 66.749153 74.952827 69.538254 0.000000 
82.579254 60.644306 64.809082 69.903763 58.793362 0.019782 
74.213547 41.603493 63.581558 49.574280 58.241020 0.027976 
76.704506 38.768661 42.638542 34.790039 54.573227 0.019782 
68.718483 32.511845 41.708065 42.292198 44.992039 0.034264 
78.924858 58.942921 66.845665 66.830544 60.907719 0.019782 
77.842651 37.071484 42.408733 45.649845 43.793388 0.019782 
85.979988 84.573769 80.257545 83.220810 68.692444 0.019782 
81.931412 38.498425 45.613003 48.035065 57.669407 0.027976 
80.341713 78.348129 88.862175 83.669716 77.127014 0.000000 
82.488785 48.308090 60.637821 61.734146 56.802101 0.019782 
78.662140 34.767361 45.907982 46.955006 44.265739 0.019782 
81.720360 33.819920 42.428608 40.507233 45.503906 0.027976 
77.711815 40.247829 50.090145 52.870075 53.279087 0.000000 
96.270073 81.756706 87.917610 91.828377 81.121498 0.019782 
83.910904 69.332466 80.560928 85.293663 65.220505 0.000000 
77.453453 44.390167 51.240730 50.143116 56.171661 0.000000 
80.255165 76.451530 70.548576 71.742981 61.738171 0.000000 
71.134872 57.853161 68.427460 65.340210 63.316620 0.000000 
89.944267 93.973663 90.841370 93.263680 88.230820 0.000000 
83.666267 71.148361 76.208755 85.913643 49.706387 0.000000 
76.633308 66.771523 59.209915 64.121704 64.641327 0.000000 
89.887451 94.861206 78.310799 80.722015 85.498840 0.000000 
81.715950 49.222515 55.921162 50.808155 38.851284 0.000000 
88.654518 41.730484 65.539734 51.969753 58.323544 0.019782 
86.527016 70.971443 77.679993 78.880318 81.877571 0.000000 
92.183296 82.217033 85.349998 98.275978 70.854462 0.000000 
81.731133 73.364891 68.263741 74.074036 74.211426 0.019782 
85.360771 85.552834 87.272865 86.274757 83.503059 0.000000 
89.660500 66.606758 76.672546 72.063782 60.273136 0.034264 
74.539055 71.648453 80.886642 76.916367 62.012383 0.034264 
81.068451 77.046150 71.974274 70.580933 61.324032 0.000000 
71.147163 58.368755 66.501862 77.296036 72.641075 0.000000 
74.359650 58.036972 67.570030 75.433044 62.202606 0.000000 
89.636711 43.568043 55.493549 44.176453 55.725399 0.000000 
73.123589 63.940235 66.932709 68.903435 55.779617 0.000000 
76.489342 65.900887 70.570816 71.322281 63.918915 0.019782 
83.174477 52.396538 54.729496 55.782959 54.256115 0.000000 
78.841141 47.941349 55.058590 56.552486 50.074303 0.019782 
90.702415 43.216633 42.373005 44.678585 50.647053 0.000000 
86.888390 84.734810 82.569656 84.421173 84.932091 0.000000 
86.443375 89.977997 90.487663 92.970787 95.232994 0.039565 
75.069778 53.980991 63.953655 62.774887 55.720009 0.027976 
92.554741 95.677818 83.329491 93.204994 85.016190 0.000000 
94.662048 66.589890 68.649727 69.143356 62.318169 0.019782 
73.556244 39.171009 40.660500 46.979065 55.506477 0.027976 
86.359016 85.596252 93.239647 81.621964 81.625099 0.000000 
77.022842 42.627583 49.711853 58.474491 51.310390 0.000000 
82.563789 58.933109 60.231255 70.378571 46.325897 0.000000 
81.321274 42.799160 53.662586 48.593357 55.072571 0.027976 
67.983963 64.415634 68.508942 74.122536 53.413654 0.027976 
100.927177 53.405262 67.351906 55.987656 63.539398 0.000000 
77.764557 53.835236 56.580425 38.875023 44.279789 0.000000 
101.121437 85.449448 86.897606 80.960594 57.818604 0.027976 
92.093666 80.966949 91.428505 83.998688 69.860809 0.000000 
72.561005 50.767235 53.063862 64.386391 55.151882 0.019782 
78.945312 67.308167 75.799858 68.555389 51.858135 0.000000 
88.979927 76.815292 91.456757 80.853493 79.427505 0.027976 
71.917236 58.972179 55.805782 57.832397 54.348454 0.027976 
81.220200 37.837372 55.064087 48.983807 52.996170 0.000000 
74.869095 51.875595 58.781097 49.512520 59.118401 0.000000 
78.209816 42.898769 42.535015 41.629353 62.928692 0.000000 
81.994400 39.933060 54.796757 49.750397 46.865936 0.027976 
72.773277 43.469746 49.492508 53.802433 50.634537 0.000000 
83.910759 82.709198 67.598793 75.071083 62.028603 0.000000 
88.342674 86.025223 86.893028 89.272583 98.771385 0.000000 
85.316452 51.475410 60.086391 65.904037 70.113518 0.000000 
69.023003 71.928360 69.973129 70.536171 61.232410 0.000000 
90.888977 88.923332 89.054085 77.150208 92.235611 0.039565 
74.422813 40.987762 41.128574 40.458004 55.403889 0.000000 
67.872124 39.145840 46.134892 47.584915 50.571495 0.000000 
81.172241 36.995274 42.877491 35.937252 35.056835 0.000000 
66.529350 44.106365 56.603912 53.158943 49.439110 0.000000 
73.768265 36.673779 38.735451 43.998035 38.653885 0.019782 
80.033035 55.707550 67.576164 82.631767 75.354729 0.000000 
74.855423 42.286526 48.441105 50.096344 42.224697 0.000000 
78.447266 37.011631 46.825764 38.847633 47.680164 0.000000 
77.494858 80.182365 75.559875 77.505775 77.292686 0.027976 
79.540169 41.685406 55.294373 41.316326 48.430122 0.034264 
72.903679 32.946571 39.416164 41.075413 47.061077 0.000000 
73.007896 47.114826 55.968639 46.824123 53.852322 0.027976 
83.057762 79.822189 81.316673 77.304733 73.891281 0.000000 
76.053833 59.057232 61.567787 56.874630 55.489357 0.000000 
70.842964 39.410099 42.084587 50.212543 48.518951 0.000000 
90.729881 44.460995 48.788551 39.959282 47.707333 0.044235 
64.393707 42.015282 44.562401 53.463367 47.384190 0.000000 
69.283653 56.422165 58.446896 65.725380 47.260323 0.000000 
72.553604 50.644676 53.398998 53.849693 57.002338 0.000000 
74.177917 34.193680 40.762577 40.076496 41.343895 0.052339 
79.939941 38.864777 49.482426 45.036057 55.208511 0.000000 
75.281113 55.716629 57.087833 62.411263 54.031059 0.000000 
87.526970 69.703178 77.633087 79.776588 83.576256 0.000000 
77.836761 50.445282 65.436577 60.766937 59.684868 0.000000 
75.884010 58.446896 73.455894 64.703773 59.285892 0.000000 
78.786140 50.779865 66.960083 66.259941 65.146217 0.000000 
82.837891 54.370197 72.558914 55.882465 50.030811 0.000000 
75.501472 46.441410 60.941143 72.477608 59.735630 0.027976 
77.167595 46.843987 50.053402 47.178036 53.674347 0.000000 
81.418625 72.651337 77.513992 81.114265 71.234039 0.027976 
82.036430 35.902092 50.562653 46.940063 57.696220 0.000000 
86.605675 90.579887 86.919891 86.604912 83.267952 0.034264 
76.434769 62.510559 51.270241 49.631641 46.337734 0.000000 
74.724388 48.594563 47.102764 63.444561 54.464180 0.000000 
83.721176 52.973545 60.134293 60.332748 53.849148 0.000000 
73.949028 75.397514 79.678955 81.022697 60.073494 0.019782 
85.183502 80.062775 80.748520 66.938499 64.808693 0.027976 
73.122948 28.111437 36.154961 35.145596 45.376797 0.027976 
95.213089 94.988159 89.359413 92.989655 84.427284 0.000000 
75.246590 44.740635 36.484943 45.882851 49.442055 0.000000 
74.190941 38.363644 39.295704 40.445766 47.014420 0.000000 
71.627945 40.449837 45.924946 48.740643 46.101242 0.000000 
88.883125 87.717842 92.091171 81.122131 70.613289 0.027976 
92.595360 52.252163 60.483829 58.371861 66.988708 0.000000 
58.557709 33.932655 45.842274 55.878090 50.199425 0.000000 
76.752388 36.489010 44.002903 49.395042 41.972057 0.000000 
80.511574 35.421047 46.333500 33.768940 58.401081 0.000000 
84.351700 55.488255 54.497311 43.941635 49.805836 0.039565 
75.416969 47.169933 57.235809 50.131866 50.309341 0.000000 
69.421921 34.064705 40.239235 40.215115 48.345833 0.027976 
68.686981 50.797302 54.677650 51.307087 45.279381 0.019782 
74.969414 58.839386 67.261322 63.233982 59.698544 0.019782 
73.645798 58.542122 61.970741 68.583717 65.347160 0.034264 
75.616554 42.367298 46.156822 33.543415 47.657238 0.027976 
68.838501 54.556240 58.637756 60.108955 47.366074 0.000000 
73.306351 44.446430 46.256760 55.112247 49.860786 0.000000 
71.747299 38.908798 47.229771 52.197838 49.320549 0.000000 
87.353867 73.180183 84.237892 83.253799 83.296387 0.000000 
70.620087 43.851372 47.813221 48.017654 50.098320 0.000000 
68.721451 42.657242 44.244431 54.319309 53.168819 0.000000 
88.895309 89.787506 89.800995 92.243553 82.185448 0.019782 
73.368904 33.525383 42.950764 35.453587 43.978325 0.019782 
76.143356 33.987381 44.837921 37.107624 45.239613 0.019782 
76.536873 38.569668 45.251068 41.078579 56.317421 0.000000 
82.855156 40.396454 47.661770 53.371555 58.030357 0.000000 
78.004036 40.947193 36.571369 43.796181 42.267323 0.000000 
68.769646 47.228554 47.960018 41.480217 47.351028 0.034264 
85.747086 69.963402 74.357780 77.571548 70.660843 0.027976 
71.907082 34.088200 46.594559 44.307690 53.811058 0.000000 
77.873268 46.274891 51.641342 57.337925 49.795033 0.000000 
84.930717 82.409294 86.148094 88.686737 75.320198 0.000000 
85.224915 69.767342 78.799583 76.490555 69.425865 0.000000 
79.672737 51.471516 50.561180 62.168133 60.234669 0.000000 
72.828407 60.354496 70.789131 61.050957 58.534050 0.019782 
76.180420 44.044704 53.665039 47.645359 63.545570 0.000000 
75.291656 56.097744 49.473202 50.211857 42.206261 0.000000 
75.952087 31.553261 38.346252 34.370438 44.336830 0.000000 
73.331131 72.128456 78.371330 74.179955 60.838543 0.019782 
87.719414 88.644073 96.577377 92.006493 86.727417 0.000000 
87.389420 92.704956 89.659752 88.933846 75.778427 0.000000 
83.507423 48.690411 50.808689 51.743145 58.825207 0.034264 
78.806343 36.035519 43.178436 40.049103 40.549122 0.000000 
72.907883 62.131546 54.009861 63.944805 47.647484 0.000000 
87.833031 92.468239 91.766304 95.557213 88.763550 0.019782 
97.986900 59.757011 61.355167 61.320168 57.121712 0.000000 
77.515373 67.451462 67.448708 62.987797 61.234158 0.019782 
75.559624 38.326885 42.596668 41.466816 49.355446 0.039565 
76.902863 76.738464 85.955078 79.469368 65.546745 0.019782 
77.885887 40.140621 46.585812 39.704472 38.795471 0.019782 
81.183403 45.877975 47.426853 41.535374 56.148746 0.000000 
78.498802 54.299587 58.910816 55.430515 60.696426 0.000000 
96.853821 87.372795 86.047661 94.884056 68.743584 0.000000 
70.378433 38.130589 42.523342 45.069649 42.740601 0.027976 
85.598457 86.181343 82.487823 86.695251 91.074661 0.027976 
92.256180 85.506012 85.744728 86.442917 90.900810 0.000000 
70.869698 52.031807 48.667198 48.038029 56.354939 0.000000 
69.002823 44.043793 46.156540 42.176773 47.784317 0.027976 
80.015030 31.538517 43.058044 38.043148 48.766888 0.000000 
74.566666 33.904865 47.089714 38.777786 42.131805 0.019782 
90.159241 80.301964 89.874939 76.284462 69.054947 0.000000 
72.910530 46.104080 44.447990 49.457291 38.635860 0.000000 
75.778122 61.721863 69.837059 69.106613 55.663193 0.019782 
81.901062 71.474022 72.388100 65.071281 77.068283 0.000000 
88.993584 57.897572 84.608063 70.107750 62.312553 0.019782 
80.110359 68.133362 65.298508 62.623665 48.554035 0.019782 
73.537613 52.309914 66.682045 53.089931 62.253742 0.000000 
75.745186 35.262707 49.666908 35.815784 52.508530 0.034264 
91.836281 94.410110 88.846008 83.891411 88.419876 0.019782 
73.799835 31.749767 45.485577 47.536915 47.504967 0.039565 
73.258308 52.003288 59.059635 61.573616 52.989349 0.027976 
75.784676 54.504436 50.397377 54.956100 42.283981 0.027976 
77.262466 47.060059 57.606243 56.516491 51.505688 0.000000 
66.767151 37.552345 42.467213 39.361351 57.704239 0.019782 
76.315529 40.104118 45.932983 40.567902 45.859474 0.000000 
76.148338 60.081810 55.643936 56.716209 59.587715 0.019782 
92.406013 90.172974 93.047676 83.453911 76.648239 0.000000 
81.638573 62.981300 76.310600 67.099220 50.042583 0.000000 
73.568810 42.130417 48.552010 45.903259 38.421143 0.027976 
85.611282 31.729458 45.711185 31.097603 39.909908 0.027976 
75.068832 52.839748 54.562035 60.290691 56.697590 0.027976 
80.845245 33.250916 49.476299 35.939110 42.379532 0.000000 
91.241341 88.547020 94.087769 89.242020 93.818184 0.000000 
78.616966 52.395596 53.127117 59.398838 53.842506 0.027976 
81.760483 38.037983 47.946426 33.038925 49.479218 0.000000 
94.397003 90.431587 90.098732 88.056244 79.910774 0.000000 
77.081131 56.546722 47.766972 61.956970 61.950932 0.019782 
90.580940 87.932976 93.822128 80.014160 77.921692 0.027976 
65.684814 44.369057 48.233505 57.539574 56.146385 0.000000 
71.075150 40.667526 45.753315 48.177727 53.644890 0.019782 
82.416489 41.475952 41.413933 44.376034 54.200512 0.000000 
72.609970 38.326599 40.473736 41.148109 50.890568 0.000000 
74.523354 45.377686 54.013882 45.753578 57.407883 0.000000 
71.551643 38.077484 46.984890 47.877636 50.778564 0.034264 
65.361313 43.838509 44.888702 46.351776 56.321102 0.000000 
79.047928 40.144260 48.694977 55.157036 52.997551 0.000000 
88.777351 86.850357 84.030006 91.227020 86.341911 0.000000 
75.716690 61.948658 69.793724 77.767952 71.552895 0.000000 
86.457901 45.893566 66.998466 49.594719 55.467129 0.000000 
76.492172 70.999031 79.782951 85.335693 74.618935 0.019782 
84.337799 47.915188 66.745590 61.031330 61.856449 0.000000 
78.962570 68.105782 67.286179 72.345360 61.772106 0.000000 
77.642807 49.302799 54.761280 65.676903 51.860325 0.027976 
76.320915 49.287312 52.465446 42.618095 68.833252 0.000000 
76.069626 45.840389 53.799610 54.517521 55.970119 0.019782 
92.543037 90.659203 95.329865 93.397591 91.663040 0.000000 
75.692467 40.482601 46.013218 48.303974 50.513309 0.019782 
71.730766 34.988392 43.279171 44.504776 43.778206 0.000000 
85.156311 72.577332 84.995087 89.284256 72.420570 0.027976 
75.187469 34.102913 40.721291 38.846027 50.194946 0.000000 
86.049011 75.802635 76.734810 77.094582 67.314720 0.000000 
73.807404 58.640614 62.649464 64.482765 64.599510 0.000000 
81.903221 65.355484 65.940468 64.199188 62.185051 0.027976 
86.410736 83.414520 82.916069 81.118439 72.367867 0.000000 
81.754318 57.787640 64.583641 60.095005 52.135963 0.019782 
84.791603 44.571342 56.232288 47.291550 47.302128 0.027976 
78.723404 70.819649 75.099945 74.710617 70.058304 0.000000 
76.993576 79.192146 77.052650 81.814934 65.777046 0.000000 
84.388275 39.874691 47.861057 40.903675 52.779057 0.019782 
69.450401 55.124454 68.351608 60.923454 57.295654 0.034264 
90.381927 89.293480 84.152664 89.850700 90.219948 0.019782 
79.337830 64.526245 71.184860 72.883659 56.678341 0.027976 
93.785088 86.594727 90.037300 91.121201 89.809662 0.000000 
75.456322 30.055618 44.771820 40.952724 50.467712 0.000000 
85.018944 89.261482 91.241348 81.383629 71.519600 0.000000 
71.026566 49.717941 51.736649 54.740742 51.932152 0.000000 
79.431473 40.888027 48.710388 42.238953 49.418442 0.000000 
71.173164 40.376347 41.288162 49.987324 52.611408 0.000000 
76.874702 59.329689 64.340111 61.620392 45.183887 0.019782 
79.837936 68.108574 72.197350 70.801140 62.137424 0.000000 
76.802002 42.953377 45.646435 45.723881 52.419525 0.000000 
70.257378 45.141338 58.363388 56.487968 49.834034 0.027976 
84.334129 46.101105 58.035992 58.580036 55.465469 0.000000 
82.369225 45.879852 58.891254 54.123470 61.953964 0.000000 
72.841995 51.196098 52.373688 61.218990 57.580296 0.019782 
76.882645 39.398388 47.296566 43.701294 53.725174 0.000000 
92.827202 83.417259 88.391548 91.233643 91.358170 0.000000 
89.052406 92.862854 86.850899 85.926521 75.683121 0.000000 
89.986160 97.523788 97.287186 102.869431 87.471825 0.000000 
76.095108 50.835491 56.268200 34.979084 49.545620 0.039565 
76.296913 46.376511 58.114731 56.795799 63.650162 0.019782 
91.432945 88.517807 79.549751 79.232681 82.741829 0.000000 
76.424774 50.449814 55.421165 57.317768 54.474220 0.000000 
86.817757 91.871086 91.947533 84.650124 97.024452 0.027976 
72.151932 62.022457 60.802261 64.079834 54.683582 0.019782 
81.510483 43.317070 54.731750 54.955746 57.710991 0.000000 
66.933372 43.431450 48.847946 50.286278 52.022202 0.019782 
71.483459 34.584587 39.337635 36.624390 46.946568 0.000000 
80.975220 46.019188 51.208569 41.026348 46.809109 0.019782 
79.724754 52.536827 59.720562 61.276630 51.157932 0.000000 
70.170784 41.833790 42.877544 42.607693 51.002659 0.000000 
73.597755 37.185207 37.142967 40.761932 53.294182 0.000000 
81.878189 86.348564 84.913727 75.581055 68.302032 0.000000 
88.719902 53.365337 50.356289 45.729843 53.066681 0.000000 
90.381493 75.986473 81.637421 66.347740 79.296837 0.000000 
72.727066 67.396095 68.761497 64.926544 49.973667 0.000000 
84.614616 84.798485 85.260651 74.035599 78.929092 0.027976 
69.733192 41.124847 46.880829 44.568180 42.029778 0.000000 
74.536217 37.320248 47.412922 36.285030 49.951630 0.000000 
86.718353 71.343002 57.213211 59.374672 53.795101 0.000000 
78.014389 35.476624 50.732487 45.464371 46.761360 0.000000 
81.916756 81.402054 85.897507 86.164017 71.532852 0.027976 
76.886414 43.378178 48.914211 43.341171 47.221924 0.039565 
76.169327 39.638611 51.224998 50.985561 58.301201 0.000000 
77.417305 45.994389 46.531109 48.080177 61.529499 0.000000 
80.408188 44.560890 46.163914 47.935680 44.374756 0.000000 
77.172066 60.694057 69.442993 58.894505 59.858181 0.019782 
89.396851 74.141159 78.678009 88.624016 77.297646 0.027976 
74.449821 53.338356 55.602711 55.395878 50.868774 0.000000 
81.600319 74.262871 74.623627 70.871384 56.875008 0.019782 
75.969856 43.819889 50.444805 46.108791 64.198189 0.027976 
80.371178 70.726608 84.401154 79.150139 69.973221 0.000000 
79.856911 39.672867 37.967739 43.493797 46.160877 0.000000 
78.475739 34.848988 48.909035 38.320316 53.117813 0.000000 
81.915657 37.692444 49.532398 45.407764 44.988594 0.000000 
82.796463 34.231964 42.362556 30.565584 52.299747 0.000000 
73.144653 43.560471 51.088814 36.986195 47.967270 0.000000 
85.074081 92.113113 90.422630 88.227272 88.718140 0.000000 
75.785507 45.349567 49.006092 53.341175 53.933689 0.019782 
81.905838 46.950027 51.018337 44.757492 53.001099 0.000000 
69.494217 44.194393 42.073372 46.673317 51.146240 0.027976 
77.614296 37.521984 53.057838 49.476616 63.215862 0.000000 
93.780800 92.142365 101.319931 92.936752 88.082375 0.000000 
78.579361 36.265083 48.523022 50.630131 52.272488 0.000000 
86.162910 59.036724 72.986092 61.486748 51.857475 0.019782 
89.326485 79.360916 95.983887 83.491005 89.033173 0.019782 
79.567726 51.956455 65.057449 50.328518 61.395756 0.019782 
79.959160 37.866360 40.772652 40.613708 49.124947 0.027976 
75.025253 44.147552 42.886063 42.910255 56.138073 0.000000 
84.399170 89.660843 90.615585 80.496735 74.876740 0.000000 
75.220474 36.420715 39.738895 39.341240 53.575336 0.027976 
97.295837 83.586067 85.142273 80.576706 64.635994 0.000000 
79.681648 42.161846 52.531208 50.205299 49.432610 0.027976 
88.977753 88.490341 84.915207 86.210007 72.104683 0.000000 
81.673470 70.926277 69.587906 72.594795 71.131866 0.000000 
92.722130 87.861031 88.911392 84.159859 74.953911 0.000000 
91.340118 77.619164 82.750191 71.059029 58.303051 0.000000 
74.962570 42.901764 43.560883 50.775097 53.035736 0.000000 
85.257103 51.404930 56.140495 48.016460 53.912804 0.000000 
93.885910 79.229660 93.906487 94.111763 90.258560 0.027976 
69.739449 40.243774 44.497822 53.289978 52.053757 0.000000 
85.234901 64.025780 69.003448 64.995369 62.289860 0.000000 
76.305779 34.940437 41.329437 42.886803 42.039066 0.000000 
73.016319 31.351805 37.969559 41.135761 53.343880 0.000000 
79.718430 43.364403 52.167187 39.239620 49.296730 0.019782 
87.003159 46.479443 55.582264 44.837322 43.484741 0.034264 
80.515167 53.937599 54.558407 62.607777 49.769611 0.000000 
71.066597 38.915558 49.765705 48.158436 49.765274 0.000000 
72.451065 38.372261 44.393337 46.435074 53.980709 0.000000 
87.767624 87.301971 86.138519 84.678032 81.748810 0.000000 
69.993225 38.899654 41.082115 37.281258 48.460411 0.000000 
82.588135 65.165886 72.495872 72.919060 68.905739 0.000000 
76.974655 46.019096 49.956051 45.716930 49.292690 0.000000 
69.759773 30.658285 31.027748 45.517303 47.041187 0.000000 
92.072014 94.364197 91.246399 96.426430 84.484726 0.027976 
73.185287 56.741650 55.506184 62.080311 41.394421 0.027976 
81.552063 35.560787 38.446507 36.115158 48.861847 0.000000 
91.114616 84.482140 83.351974 82.214966 67.288864 0.000000 
80.286003 49.549110 64.412407 56.626797 42.813133 0.000000 
75.585434 47.270222 52.934155 54.369434 62.186626 0.019782 
83.355469 52.509678 55.089611 56.120316 55.544674 0.000000 
80.939911 45.066780 51.543499 65.842293 61.656475 0.000000 
71.695602 52.605564 56.147762 51.629669 57.173286 0.027976 
67.513031 54.146244 54.244118 52.318329 64.711502 0.000000 
86.819038 81.427826 81.339661 79.067329 58.610977 0.019782 
76.870590 64.905296 73.913979 77.530502 54.225151 0.000000 
73.065475 47.860657 57.645721 60.430164 54.617744 0.000000 
90.297142 85.521408 96.063301 87.328430 75.912682 0.000000 
78.807121 36.611561 45.179970 38.986885 56.212952 0.000000 
76.886223 56.380722 68.751442 66.968079 58.450272 0.019782 
73.012703 57.089596 59.466862 53.334667 47.205421 0.000000 
88.154305 73.712090 77.992805 76.370056 70.801010 0.000000 
80.062325 60.033974 71.958298 67.157242 64.271835 0.027976 
79.691544 66.516472 79.245789 83.112869 72.857841 0.027976 
77.959381 31.898899 42.282631 44.221394 51.971989 0.000000 
77.898567 44.555325 49.651249 37.923271 41.898342 0.000000 
74.771416 49.573441 50.449566 32.900219 44.870522 0.000000 
84.960060 86.471245 83.333038 81.143692 74.119499 0.000000 
73.526634 33.656036 37.585281 38.164612 51.297321 0.000000 
75.613396 39.286800 50.962154 59.122513 47.120071 0.000000 
81.662819 42.748569 46.320705 39.341827 45.977501 0.034264 
76.852837 38.923958 44.691422 42.929340 46.236053 0.000000 
85.088997 58.020157 64.659805 62.349331 63.528412 0.000000 
76.522278 75.700623 78.709572 82.918976 65.333580 0.000000 
74.227646 56.020100 61.517094 60.497303 63.626339 0.019782 
80.080978 73.636620 72.975700 78.379128 60.677322 0.034264 
78.732445 44.480923 43.111351 37.563053 47.936550 0.027976 
82.123177 59.069435 68.214226 63.687725 55.045044 0.000000 
88.900047 80.029457 81.562515 77.143364 64.435555 0.027976 
79.044785 54.021057 66.915504 51.808231 69.093056 0.027976 
88.122612 84.025406 86.948662 81.919670 60.854801 0.000000 
76.336212 40.205078 49.380390 48.731224 48.380508 0.027976 
79.878899 32.116371 47.745140 47.158333 69.163216 0.000000 
78.339157 43.466915 56.581684 48.643509 38.730324 0.000000 
79.406563 40.264591 53.536388 59.918201 61.090656 0.000000 
87.299919 71.329163 78.504181 68.656570 72.086395 0.000000 
79.723717 43.711617 50.378536 49.658447 53.181873 0.000000 
79.891289 53.641441 55.973618 50.208099 49.956699 0.000000 
82.005623 42.139576 42.758610 49.349163 48.273109 0.000000 
72.160583 67.236946 71.544113 70.877998 59.686035 0.019782 
79.046669 38.001457 42.467125 43.181080 53.415627 0.027976 
84.273041 47.078243 48.829674 54.777935 58.211815 0.000000 
81.977417 45.954544 46.317211 48.694054 52.920639 0.027976 
84.869141 72.020821 68.111954 70.552948 57.273212 0.027976 
80.472099 35.532875 42.828960 39.593643 50.926949 0.000000 
78.222176 44.811119 45.885273 44.207417 49.665073 0.039565 
70.475380 49.307503 49.316296 57.761005 61.556587 0.000000 
87.565063 84.867455 88.956985 103.120888 80.298653 0.000000 
73.097565 42.444412 46.243542 41.409775 45.301250 0.027976 
79.711327 47.715839 49.285534 53.993801 53.347031 0.000000 
70.252609 34.355427 40.128010 36.671886 51.462086 0.027976 
75.390533 55.087219 62.069424 58.649834 56.231342 0.000000 
83.275337 46.457111 51.261913 41.925468 43.877483 0.000000 
78.784790 35.016365 45.369854 44.349266 52.195675 0.034264 
78.699417 46.916260 42.953083 42.007820 49.224277 0.019782 
79.315521 57.540249 53.165325 47.748428 58.134090 0.019782 
79.189102 55.819054 68.086838 59.468189 54.440983 0.000000 
78.789413 85.209869 95.084267 89.767433 82.840904 0.000000 
79.416695 43.582924 55.948372 55.803150 53.414604 0.000000 
76.811104 43.638027 49.296917 51.350048 48.010162 0.019782 
80.679771 30.160660 33.883118 47.094189 55.107883 0.000000 
74.353325 42.093815 46.376789 50.905659 55.700428 0.019782 
83.740463 69.648041 84.798393 70.442688 74.598419 0.000000 
91.568207 90.306801 86.694115 90.361069 80.369675 0.000000 
88.173630 81.373268 77.271606 81.395370 77.370308 0.000000 
72.033768 36.100983 43.446480 45.366074 51.694111 0.019782 
85.789200 47.303783 60.398006 51.417065 54.362190 0.000000 
87.002533 91.570320 93.839294 88.567528 78.783791 0.000000 
83.334854 90.576538 97.431572 87.964104 75.545822 0.000000 
71.063324 44.383263 52.544590 58.057930 52.819740 0.000000 
72.094444 40.773685 41.130680 42.826492 49.720055 0.000000 
93.279411 85.864891 87.881615 99.268425 96.981804 0.000000 
74.292679 38.029148 40.519886 34.956352 44.020245 0.019782 
81.678741 57.836594 67.360016 60.436573 68.102730 0.019782 
80.294350 77.664200 77.849319 70.836334 72.624229 0.000000 
76.867188 72.865234 79.800728 82.048073 64.723572 0.000000 
71.121490 48.030018 51.047359 46.822418 52.018440 0.000000 
78.528877 42.322235 46.507999 49.616108 60.083149 0.000000 
84.893547 88.518318 80.294540 92.366341 79.874825 0.000000 
71.049103 36.493969 49.765953 54.405125 60.385365 0.000000 
74.457954 56.123924 64.151505 66.357780 55.993542 0.000000 
95.845818 96.010475 93.682022 87.896393 75.590950 0.000000 
80.423889 61.784210 66.679787 61.448261 59.527351 0.027976 
71.689850 43.899147 38.392269 44.503273 51.440063 0.034264 
74.154030 41.547680 46.318317 43.731758 45.041580 0.000000 
77.507782 59.796280 61.406792 57.323128 55.064156 0.000000 
93.942482 92.503769 88.140701 99.740829 72.289558 0.000000 
78.272911 37.606476 41.620098 40.277393 48.045086 0.000000 
78.933327 52.175922 58.304825 44.743362 52.139683 0.000000 
75.652534 40.314491 44.643959 47.767109 55.647579 0.000000 
72.660309 34.512974 36.600250 32.945469 49.424976 0.000000 
84.215439 49.316978 59.019978 53.331867 53.671497 0.000000 
78.931190 61.036934 66.912254 67.861549 63.393482 0.039565 
77.709160 67.323250 65.850464 66.225769 58.955158 0.019782 
73.606102 48.326969 43.589157 44.992729 54.860325 0.019782 
75.730896 34.592060 42.667522 39.497093 48.448467 0.034264 
79.516884 40.957787 47.715973 40.895660 53.859943 0.000000 
81.162788 42.793293 52.948444 48.560471 53.303825 0.000000 
85.395447 42.900562 59.511478 47.047565 57.493584 0.027976 
64.153900 51.337845 50.180683 57.166031 54.250813 0.000000 
71.368340 35.386890 40.983669 39.737293 38.378548 0.000000 
85.874298 44.760387 49.865898 56.552681 53.182648 0.019782 
78.889359 53.651600 53.865631 64.890007 55.235340 0.019782 
73.737625 40.635841 41.765369 70.722893 50.205486 0.000000 
79.244827 55.571438 64.005531 54.448261 59.711994 0.019782 
90.369431 80.851242 88.391098 85.353722 70.862885 0.019782 
88.602303 40.306965 39.106510 42.260143 46.564880 0.027976 
77.281914 38.703053 47.296604 35.710030 46.741203 0.000000 
78.365784 49.650066 54.904587 52.538425 49.510498 0.000000 
78.031258 36.682621 43.765823 48.774204 52.821789 0.000000 
75.026360 45.750046 52.864902 56.448406 59.101841 0.000000 
69.282852 54.454082 53.858418 61.398533 59.217896 0.027976 
73.541687 44.710518 47.488121 49.148987 53.863125 0.027976 
85.914948 80.564423 91.744553 91.435364 69.548790 0.000000 
70.830727 37.033562 40.770641 41.439987 49.042671 0.019782 
75.824532 50.793167 48.396328 41.163158 47.066547 0.000000 
77.029213 49.662106 49.066597 52.568027 54.270195 0.000000 
75.487785 33.452110 36.720612 35.674038 42.549126 0.000000 
83.538994 43.006042 38.078171 38.104221 41.392029 0.000000 
76.597702 43.630585 45.867741 46.242966 57.368576 0.027976 
79.149475 36.522335 38.508080 31.704140 52.089569 0.000000 
81.535393 37.339134 48.090523 40.782497 47.055031 0.000000 
85.960793 39.621025 48.407196 43.547588 59.958366 0.000000 
84.367165 71.808731 74.978157 76.431923 61.383060 0.019782 
80.171417 51.464825 52.683037 58.792927 46.765602 0.027976 
77.654060 70.664368 74.983917 70.092331 76.565727 0.027976 
89.879776 90.583054 90.721176 90.497444 65.591705 0.000000 
84.609871 34.302917 48.820065 28.438025 51.248089 0.000000 
74.204239 68.617813 73.478020 75.971924 55.318226 0.000000 
83.616951 87.761055 87.407516 83.643669 71.889870 0.000000 
91.726631 88.627396 79.789772 84.843773 74.319725 0.019782 
81.024513 35.883156 40.601990 32.321201 43.538269 0.027976 
91.259491 84.362579 87.650543 84.279182 81.300331 0.000000 
79.100365 36.727596 47.422890 50.917992 53.461319 0.000000 
85.168640 62.556129 63.141106 55.726837 45.456593 0.027976 
83.650070 55.839352 63.034447 56.589035 48.240398 0.027976 
82.923653 73.590080 82.133583 71.631599 62.150116 0.000000 
79.008110 62.345348 65.602203 63.904392 52.202660 0.019782 
86.645882 44.784046 46.703808 38.637295 55.214787 0.027976 
77.704399 41.314377 40.491707 40.126049 52.970745 0.000000 
73.167198 66.667664 70.512184 76.332001 61.233532 0.000000 
95.063210 90.617348 83.271652 94.345032 79.896416 0.019782 
68.697357 47.881378 42.019173 42.016628 41.220402 0.000000 
82.584236 79.578751 80.924316 85.683525 66.368744 0.000000 
82.997482 51.747353 52.898670 48.549671 55.798183 0.019782 
81.253571 54.118050 55.035027 48.140591 51.182411 0.000000 
81.161514 43.779404 45.420609 45.078102 47.198429 0.000000 
80.836746 74.810753 82.402016 71.337944 61.736397 0.000000 
76.954376 60.578667 66.009132 64.241692 55.098816 0.000000 
78.658707 63.019463 64.008682 58.069229 46.281490 0.019782 
58.895493 44.220734 44.494370 42.834621 44.082176 0.000000 
83.858986 46.677460 46.532768 52.015415 52.748131 0.000000 
77.247566 52.454754 52.121197 52.626228 56.242172 0.000000 
82.246780 68.617615 73.453255 82.019287 58.465733 0.000000 
84.143967 87.082474 83.214233 85.156166 67.811638 0.019782 
80.808533 52.687565 55.530102 49.068474 58.597420 0.000000 
92.716232 82.588112 77.875923 71.303642 62.421272 0.000000 
83.897682 61.084755 58.818810 65.421089 67.550789 0.000000 
79.388870 70.677177 72.998833 76.757774 67.336685 0.019782 
91.106781 84.267128 85.238312 83.465553 72.578842 0.000000 
81.584999 52.114601 51.525047 45.972172 51.977802 0.027976 
82.017014 38.008385 41.321228 40.165874 49.724876 0.000000 
74.776306 45.945107 55.476395 39.771042 46.478580 0.019782 
86.176376 30.861208 45.628803 29.494917 46.607925 0.000000 
77.210571 47.564888 51.135799 46.975380 50.534859 0.000000 
72.549431 39.433895 43.160465 48.204796 54.822247 0.000000 
88.564392 89.176460 92.113152 88.013916 76.433502 0.000000 
80.245552 33.056355 38.245937 26.943937 50.812443 0.000000 
86.492722 38.289955 49.967033 38.011471 53.032719 0.000000 
76.066788 65.543602 75.027802 75.147270 72.225723 0.027976 
81.951416 66.537842 66.403809 69.237907 53.312668 0.019782 
74.130913 68.737358 69.304253 65.131203 55.574680 0.000000 
76.505295 34.986641 49.268238 40.718433 55.968704 0.019782 
76.041847 46.611607 57.007072 55.965885 56.415615 0.000000 
73.173744 72.087151 74.140648 76.146202 54.004143 0.000000 
72.000923 66.138771 66.091309 61.320835 64.218117 0.027976 
87.202774 91.036064 87.282608 83.700935 74.515747 0.019782 
76.332474 40.553391 47.696037 41.716908 52.315544 0.000000 
76.224068 46.089935 44.964005 40.776814 51.512062 0.000000 
79.103928 51.175049 53.056461 52.724861 48.179276 0.019782 
75.246254 42.308144 43.408081 29.078991 42.291584 0.000000 
79.768265 40.279007 44.580284 58.669460 49.290802 0.000000 
77.458107 52.891945 57.401535 51.758770 62.535732 0.019782 
82.223228 39.753708 46.862286 48.992809 59.460743 0.019782 
81.901886 56.332592 65.420891 64.052483 65.786919 0.000000 
79.486488 30.483513 42.039921 33.508842 54.453655 0.019782 
71.472046 43.568596 50.844818 51.284061 59.563904 0.000000 
69.362770 45.647072 51.664749 52.168556 45.611149 0.027976 
68.908958 41.521725 48.149639 51.870537 54.391933 0.000000 
79.323433 49.841415 51.257320 50.659370 55.475437 0.027976 
90.975204 90.644913 89.575249 85.489288 76.420807 0.000000 
77.383186 45.526787 49.427109 37.142567 59.359039 0.027976 
82.509567 67.168953 73.009834 68.712868 64.358551 0.027976 
74.794106 37.850273 42.635925 45.990269 62.999191 0.019782 
75.266663 41.736435 51.146130 48.559963 57.254871 0.000000 
72.423576 51.062935 57.460442 57.469715 56.966251 0.000000 
72.674217 49.942848 50.402962 57.237881 57.035000 0.027976 
72.746132 36.418495 41.492912 41.549328 51.363823 0.000000 
72.469933 42.314064 51.920876 48.301979 58.386284 0.000000 
73.898895 35.482433 48.122002 36.896858 44.601643 0.019782 
80.097511 84.133369 78.876534 86.356834 67.909813 0.027976 
82.168205 47.739479 46.145237 51.583385 54.442333 0.000000 
69.285408 54.451733 50.642288 48.007656 53.837036 0.000000 
75.843948 55.221386 64.147919 59.351627 56.494804 0.027976 
74.990036 45.416420 52.773689 60.083164 54.079525 0.019782 
89.650475 97.478348 90.484581 84.738289 81.617577 0.000000 
76.543594 40.021343 49.663544 49.864166 55.978401 0.000000 
90.518799 92.363327 89.996628 89.314720 79.323128 0.000000 
88.486130 89.182747 96.709190 100.591667 87.773697 0.027976 
91.934746 97.341377 92.574341 83.967880 65.821190 0.000000 
77.991356 48.684395 54.106873 43.327755 50.744984 0.000000 
71.787704 41.917107 50.427830 42.780308 54.746990 0.027976 
74.918785 37.404350 44.939301 40.915810 51.807720 0.027976 
75.569649 48.444965 48.328682 48.480934 56.709293 0.000000 
79.098511 36.964176 42.042274 32.286175 42.989162 0.019782 
74.879082 56.199795 55.719955 59.272133 54.908730 0.000000 
72.115227 53.387466 52.955654 58.522049 52.179276 0.000000 
79.256378 60.647358 61.212543 60.489231 60.540710 0.000000 
71.625061 51.153412 57.349297 58.561775 62.901108 0.019782 
79.290092 37.884331 45.089775 46.032963 41.171955 0.019782 
75.670525 38.741470 58.790413 39.052017 58.288231 0.000000 
72.710869 46.801136 53.870415 57.731426 63.150604 0.000000 
65.894707 37.838135 44.762611 43.170120 46.898666 0.000000 
76.798302 38.485485 36.664848 43.001392 52.407932 0.027976 
94.143311 85.468102 85.490570 81.991882 78.953888 0.034264 
73.877663 60.641041 65.393112 64.999016 54.112206 0.027976 
76.898148 67.944031 79.122086 73.926971 65.851723 0.000000 
80.536697 50.549881 53.030918 58.808434 57.026199 0.019782 
84.871422 27.992691 60.227993 41.040752 49.701759 0.027976 
76.434464 31.107006 43.655537 30.889503 52.653484 0.000000 
82.901314 69.006165 54.192841 81.528893 45.258270 0.019782 
80.099281 51.737705 67.678062 64.922020 64.285942 0.034264 
78.657532 46.537689 52.447803 48.075611 53.148113 0.000000 
77.385574 57.156975 67.722534 65.615128 54.659122 0.000000 
87.660324 88.671509 90.725105 85.486046 78.434746 0.000000 
89.771843 81.521683 81.820023 62.176743 64.196602 0.000000 
90.822014 95.292427 94.361725 79.189102 60.672459 0.000000 
78.633659 60.302780 56.879711 60.926010 58.704067 0.019782 
89.773743 98.273407 83.771782 82.203201 62.699413 0.000000 
89.391472 84.005219 80.141235 90.732605 81.451614 0.027976 
99.493713 114.279518 109.826050 90.296600 61.121738 0.019782 
78.671806 83.463173 70.865570 87.035416 96.382896 0.019782 
103.457924 93.466942 98.655525 97.774315 65.091003 0.000000 
90.905029 95.921127 84.150627 88.096771 88.477524 0.000000 
100.214035 102.738541 77.234558 105.904602 77.929893 0.000000 
86.433403 94.518433 81.466560 90.644524 82.788246 0.000000 
105.470596 110.278473 107.204529 94.846443 87.111443 0.000000 
88.750206 92.962135 78.982262 61.665749 76.776703 0.000000 
83.098564 79.983086 77.314682 85.454575 77.810860 0.000000 
80.925827 78.261612 68.626617 88.304420 85.713074 0.000000 
90.624138 83.385193 86.051460 96.268921 0.248660 0.000000 
78.784950 85.724617 77.864876 88.055817 72.459236 0.000000 
85.504791 77.148438 83.241287 71.521233 68.766586 0.000000 
81.433655 73.310799 75.631592 66.649857 84.847229 0.000000 
97.532104 102.823250 97.171471 93.288185 68.634460 0.019782 
83.002815 79.917419 81.064552 96.874710 82.746994 0.000000 
86.661293 72.523041 77.942047 67.846802 74.351425 0.000000 
93.357574 92.360710 96.413086 85.905785 49.301701 0.000000 
89.426353 83.664078 89.451553 53.345249 95.409325 0.000000 
89.542542 85.197609 75.794868 98.032051 57.317581 0.000000 
104.703415 100.875458 75.746819 86.785629 84.474663 0.000000 
92.918167 96.879211 99.640800 77.908035 67.675850 0.034264 
99.768806 86.790665 95.626335 86.334335 82.529129 0.019782 
88.652283 88.144958 86.916420 93.393837 81.756920 0.000000 
91.014702 98.998955 100.873749 87.440620 91.265915 0.000000 
0.000000 0.000000 0.000000 0.000000 0.000000 0.019782 
92.404488 87.112518 92.788170 93.628052 80.100777 0.000000 
99.316078 110.994873 94.044708 138.943100 66.082504 0.027976 
92.813370 101.125046 82.406227 68.857704 64.638489 0.000000 
81.587540 79.117821 85.938286 70.704659 79.712288 0.044235 
92.678757 100.774483 102.764519 0.000000 100.667564 0.000000 
90.715965 91.910187 92.590034 87.431473 76.581726 0.019782 
91.483765 103.171898 112.403709 100.569176 70.372208 0.000000 
108.380920 143.776672 110.649117 89.058113 66.233704 0.000000 
91.508530 81.152451 112.228333 99.728172 85.145271 0.034264 
88.472069 105.461769 70.468697 82.525917 71.723503 0.027976 
81.529495 78.760788 81.993584 80.858757 65.687508 0.000000 
89.665642 98.144714 91.117500 95.046021 85.516914 0.000000 
91.638893 83.914284 72.652290 99.298546 69.829750 0.019782 
88.369965 95.887032 93.246948 74.604065 95.554115 0.000000 
94.626060 103.262589 104.458336 68.973656 78.991379 0.000000 
101.667503 113.403214 97.505829 95.516434 61.022945 0.019782 
90.006767 78.759361 86.417519 85.420273 76.447495 0.000000 
83.205711 93.797104 78.564232 86.928162 79.248024 0.034264 
94.419029 107.799118 96.684509 107.627762 67.642387 0.000000 
84.707787 81.430550 107.651199 85.389519 86.165955 0.000000 
91.467392 91.713982 103.637657 91.821930 114.799629 0.000000 
63.122475 57.569416 69.621796 95.439827 81.144966 0.019782 
79.774826 85.065361 87.391678 90.811996 87.390259 0.034264 
93.186943 92.748268 96.505547 79.603081 77.627861 0.019782 
109.398483 120.461266 118.293060 87.139099 89.897835 0.027976 
94.296387 88.893105 87.060730 50.502926 83.716461 0.000000 
97.984138 111.934662 120.836891 57.005249 49.178967 0.000000 
88.363335 81.919235 77.654968 96.831123 87.441498 0.034264 
84.832932 85.840996 90.606216 67.187317 75.351776 0.000000 
90.524422 89.956421 96.426941 107.381905 84.567780 0.027976 
93.426277 97.523758 97.187576 88.094795 101.034630 0.000000 
100.053772 93.739357 110.372910 91.046188 84.307610 0.019782 
87.997276 91.007187 89.362648 94.025772 86.614456 0.000000 
98.807411 102.204666 93.730827 91.600349 77.888260 0.000000 
93.958786 90.131721 119.706009 76.185310 41.410843 0.000000 
100.691696 117.457497 98.738953 94.676445 73.477081 0.019782 
88.233192 85.514709 87.371216 82.959297 72.706795 0.019782 
85.000595 84.571754 84.134033 76.401283 70.183891 0.000000 
81.746819 73.463120 82.360252 100.617760 69.056648 0.000000 
86.903412 92.546654 74.110184 70.751930 52.562138 0.000000 
86.948555 90.194046 86.602173 89.513367 74.799316 0.019782 
98.387360 111.647964 118.079567 91.691254 71.544434 0.027976 
93.753334 116.664841 126.327385 71.142830 66.387497 0.000000 
103.867790 115.251213 60.497757 87.882629 52.502285 0.000000 
104.347511 119.404922 93.015259 90.143501 79.486519 0.000000 
91.362183 105.234055 88.103737 107.223404 62.641472 0.039565 
89.445068 85.846291 53.985332 90.108177 78.439125 0.019782 
83.758186 79.793404 68.758202 56.615837 53.778538 0.027976 
92.484024 89.019295 87.049591 85.826843 93.106461 0.000000 
78.269119 75.577660 72.639069 74.152580 68.730286 0.019782 
87.536041 84.978470 83.683159 108.361237 68.014549 0.027976 
87.322624 88.385796 90.629967 93.043320 108.278091 0.000000 
87.807976 71.290550 128.569260 88.434593 82.584274 0.019782 
86.128265 84.527573 87.528870 86.944748 64.949066 0.000000 
92.056129 96.370453 94.005684 73.722572 91.865135 0.000000 
90.884491 81.632843 98.678024 89.257980 64.654556 0.000000 
88.223106 81.511818 93.272728 83.060608 60.527020 0.000000 
82.609718 88.751709 77.078842 75.736275 77.361099 0.000000 
0.000000 0.000000 0.000000 0.000000 0.000000 0.034264 
94.478706 106.945778 87.551376 116.442070 77.331543 0.027976 
88.938942 89.738884 86.256264 87.948090 94.194504 0.000000 
0.000000 0.000000 0.000000 0.000000 0.000000 0.039565 
82.228622 86.269135 78.811569 87.454834 48.204620 0.000000 
79.645683 76.877937 80.142609 101.841278 49.449657 0.000000 
88.209747 96.634209 103.506004 127.927086 64.735001 0.000000 
96.656601 81.306595 98.432961 99.979179 82.994919 0.000000 
89.913536 86.125504 82.232841 64.400459 87.442291 0.000000 
94.305229 111.185982 114.003906 113.534988 68.419212 0.019782 
99.973495 109.617653 96.977509 113.429413 101.435600 0.000000 
88.857056 97.210495 76.196152 89.919510 84.261070 0.019782 
89.294907 84.422234 83.430367 93.337013 70.843964 0.000000 
87.361412 89.652443 90.849991 88.739220 82.038170 0.000000 
90.067337 82.828712 81.602409 70.210327 63.673588 0.000000 
88.836227 93.784012 64.196251 127.336876 74.846809 0.000000 
96.899361 105.714668 104.246277 105.904114 95.030457 0.000000 
93.358910 91.632240 95.383018 67.404579 65.936852 0.027976 
99.006050 93.951714 71.443436 83.765778 43.456211 0.000000 
94.354378 91.206451 103.283745 77.789230 70.754761 0.027976 
93.728767 96.300926 85.135902 118.501709 30.586916 0.000000 
85.493187 90.145554 94.426842 101.479645 78.894966 0.019782 
97.596664 85.303207 93.177971 112.772675 178.787109 0.019782 
93.002815 81.089462 90.208046 92.653938 160.265106 0.000000 
92.646439 91.007462 79.609596 65.032127 85.342346 0.027976 
80.227409 68.900543 64.718582 54.529110 99.280731 0.000000 
92.152405 81.773094 81.704872 77.005005 72.548996 0.000000 
92.133347 81.883133 86.821716 78.698753 84.485870 0.044235 
103.708122 106.872475 102.636612 120.365028 72.336090 0.000000 
83.571701 84.388725 73.728645 72.280693 136.895157 0.034264 
0.000000 0.000000 0.000000 0.000000 0.000000 0.000000 
96.388977 111.427040 111.480400 64.311394 85.989487 0.019782 
86.146591 93.579483 85.035065 103.341980 165.240967 0.039565 
88.881851 86.635750 90.040535 97.293404 82.414627 0.019782 
93.824440 79.666801 92.041855 91.784851 64.637070 0.027976 
91.965591 89.621513 82.949638 76.031845 111.007500 0.000000 
83.895142 83.936790 85.386101 84.327034 78.872299 0.000000 
87.735382 93.406013 88.240646 85.612366 66.802856 0.019782 
79.313698 75.270645 68.375969 102.342850 113.706161 0.000000 
90.766747 102.360191 98.748528 118.105553 70.489479 0.027976 
67.975403 56.451694 43.386505 84.847763 74.529274 0.000000 
97.473083 103.960403 111.538635 124.175293 78.797318 0.027976 
87.788872 97.949898 88.958420 95.647781 77.211922 0.000000 
96.428329 90.066772 97.901978 85.249161 99.942513 0.027976 
108.867622 108.098015 71.129761 96.414688 84.228020 0.027976 
88.413483 82.870956 100.130730 92.424454 127.270378 0.019782 
100.765350 114.851791 124.409775 79.652847 104.145004 0.034264 
93.828148 111.959503 107.936852 97.684570 33.169548 0.019782 
78.886909 96.247269 91.354446 111.247002 50.822536 0.019782 
91.638596 107.745811 114.502068 106.343666 93.999718 0.000000 
109.784454 101.541405 110.753525 60.559254 95.264977 0.027976 
100.436638 110.426262 104.907990 105.932503 85.449310 0.000000 
87.215073 92.780518 80.461006 84.313171 67.479111 0.000000 
93.424957 96.738403 91.083534 84.875580 100.691933 0.000000 
92.450127 80.546257 81.210335 94.688202 60.382183 0.000000 
87.507896 82.495674 74.412598 102.799301 76.978294 0.000000 
93.122086 88.439545 83.870049 108.717743 72.579758 0.000000 
101.338470 122.663467 118.515862 69.040833 74.170113 0.027976 
87.041306 93.373962 84.121803 87.661766 86.272552 0.019782 
93.086472 90.306786 95.791496 87.656845 95.008232 0.000000 
92.914185 93.912941 83.164078 109.587700 80.252190 0.027976 
93.306328 97.586044 76.495674 114.296684 68.155487 0.000000 
99.032890 105.642044 107.322922 68.986626 105.828911 0.000000 
96.669754 96.840630 84.394684 83.245262 99.841911 0.000000 
93.124901 90.659737 92.806999 79.637886 89.166115 0.000000 
84.797173 87.133247 92.337517 81.410820 40.197163 0.000000 
94.658646 92.852364 101.215004 104.295464 74.365181 0.019782 
88.604515 86.479172 104.255974 42.867970 85.416214 0.000000 
97.798782 84.650963 95.833130 82.152596 84.848244 0.027976 
90.703255 96.897377 95.000977 98.796104 80.848579 0.000000 
94.106117 95.546089 87.314247 84.092926 170.972870 0.019782 
94.077171 100.875237 110.921562 58.803078 104.832832 0.000000 
87.651314 71.798645 93.219490 88.445389 3.145538 0.019782 
83.065041 85.818382 82.886765 85.639900 61.558922 0.000000 
84.566635 92.081741 89.539909 86.637085 19.419600 0.019782 
93.676163 104.091339 82.824837 130.681442 53.604843 0.019782 
86.293747 83.610382 82.903404 68.508034 82.618217 0.019782 
0.000000 0.000000 0.000000 0.000000 0.000000 0.034264 
87.964272 104.844101 113.421738 123.246712 76.521751 0.000000 
93.645912 88.605400 82.428444 71.564507 64.511902 0.000000 
96.088776 96.395332 100.371407 83.994690 63.007935 0.027976 
87.587311 91.348190 105.789757 77.031265 78.476189 0.000000 
89.665794 81.562119 104.196838 107.138344 67.385513 0.000000 
92.809914 92.559021 92.958496 83.338783 96.033745 0.000000 
88.485947 89.064613 87.042030 88.700859 78.518028 0.019782 
83.899002 77.493179 85.456810 59.502686 116.480026 0.019782 
82.578728 77.128143 88.366638 94.641228 63.399998 0.034264 
95.916176 92.411949 107.018730 64.171936 93.031982 0.034264 
101.379822 129.111832 98.225151 99.074226 56.134464 0.000000 
91.411926 98.538528 93.216614 78.178650 54.105537 0.000000 
95.584373 97.573349 100.216545 179.947662 92.468262 0.027976 
79.276360 72.359161 66.249771 120.774788 81.067528 0.000000 
94.388786 99.230492 102.499237 86.686577 0.000000 0.034264 
83.173355 81.648811 103.339767 93.079887 87.156578 0.000000 
93.085236 93.921814 101.308807 100.208344 56.070705 0.027976 
88.908623 76.036491 71.494194 75.442543 55.989670 0.000000 
77.732361 64.780861 104.900703 108.100685 103.292625 0.019782 
87.399673 86.770927 88.838707 68.453323 83.129173 0.019782 
91.366768 95.259216 103.835014 75.946426 82.214897 0.019782 
93.760818 94.147362 80.592583 106.153397 79.282089 0.019782 
93.652267 97.035347 118.740746 79.566765 75.639824 0.000000 
84.761299 89.229614 88.808113 85.630119 68.539146 0.027976 
0.000000 0.000000 0.000000 0.000000 0.000000 0.034264 
86.341339 89.958740 79.765968 84.970901 63.920311 0.000000 
94.457802 109.144928 88.374763 101.484505 118.993973 0.027976 
101.870834 101.322601 102.493767 122.136017 98.642845 0.000000 
83.940689 66.311493 101.472008 51.759785 53.561653 0.000000 
76.522247 77.939026 85.464813 79.823799 60.135155 0.019782 
91.202629 86.982506 92.394981 89.245575 78.527924 0.027976 
92.385002 90.380310 65.144432 115.103355 72.326614 0.000000 
106.279747 112.495728 98.671448 89.811905 91.933357 0.000000 
91.215622 93.084122 82.567871 86.139328 72.048309 0.027976 
89.476112 107.990196 84.675499 111.245201 51.661327 0.000000 
90.517487 98.441681 102.912544 81.725464 93.241692 0.000000 
90.875435 98.964073 89.139618 87.451180 77.358490 0.000000 
90.423065 86.002579 92.214478 94.868492 76.645111 0.000000 
81.887711 71.333755 95.073997 77.695290 81.990562 0.000000 
107.438042 117.748116 62.724182 80.922127 87.207092 0.027976 
103.888077 114.187958 96.961098 101.009163 56.682709 0.000000 
105.302406 90.316078 92.792664 42.151054 72.243843 0.000000 
104.686813 111.136620 82.101128 73.615585 75.411285 0.000000 
85.192520 94.718483 88.522247 84.412758 16.889120 0.000000 
103.020088 105.788513 89.732231 85.656525 92.398216 0.034264 
88.547508 90.735703 107.109749 89.494453 63.650856 0.034264 
75.326698 81.846359 128.961777 72.911407 85.938316 0.000000 
88.312210 87.767921 72.265213 87.419731 55.592381 0.000000 
90.686325 85.808113 91.866676 91.080566 76.961906 0.000000 
79.026604 72.647804 95.691315 104.272491 84.608604 0.019782 
97.951263 99.533440 98.919319 75.861732 69.441780 0.000000 
92.582710 98.897453 95.673859 80.310715 90.586533 0.000000 
88.304161 79.762703 89.103546 79.339745 88.634544 0.027976 
92.515808 107.808029 80.592064 78.442276 62.817265 0.019782 
90.932968 88.304665 94.832718 93.270203 86.777580 0.000000 
92.256020 86.783768 88.879524 84.068260 75.333862 0.027976 
82.041115 80.749992 98.221657 79.379189 78.983543 0.000000 
101.372787 91.658691 87.952179 76.778671 96.840805 0.000000 
91.321899 77.179855 78.465446 105.889343 75.785995 0.000000 
78.467033 71.968628 80.268791 61.687706 91.152267 0.027976 
0.000000 0.000000 0.000000 0.000000 0.000000 0.027976 
96.854744 128.872299 80.995621 129.727997 68.755066 0.000000 
86.920151 76.852394 84.208931 89.952873 62.104431 0.000000 
85.813591 94.261597 105.364326 92.253014 87.430672 0.000000 
98.452484 109.443413 114.972305 80.909462 79.949471 0.019782 
95.243111 98.297852 102.855431 112.339050 57.995995 0.000000 
93.220474 95.914436 100.434860 110.574440 57.181187 0.000000 
93.551010 88.940895 95.884613 113.401993 80.470894 0.027976 
78.933640 91.419830 81.188080 162.857086 92.409279 0.019782 
88.239365 95.291359 95.132378 179.198883 83.616150 0.000000 
89.611877 85.071686 95.513634 81.349434 81.407394 0.000000 
106.116730 117.691887 72.407631 75.456825 103.772141 0.000000 
90.257988 84.809334 91.801743 116.328865 41.618946 0.019782 
81.274635 96.719147 103.564705 66.657036 123.962013 0.027976 
94.920685 94.005402 78.767830 64.099884 58.698414 0.000000 
88.691925 92.544235 90.517708 84.264175 76.615013 0.019782 
91.658379 101.696800 87.525383 75.954239 72.483345 0.000000 
95.634117 104.622650 78.660164 80.932129 85.737610 0.000000 
86.518921 80.677513 85.414299 81.985817 72.094246 0.000000 
93.332237 92.957085 92.623795 51.866611 107.648918 0.027976 
83.318077 80.149849 92.212585 62.632271 80.244423 0.000000 
97.622719 101.764664 99.117119 111.960197 105.566788 0.000000 
84.278336 85.754311 50.431496 86.566872 45.966179 0.000000 
0.000000 0.000000 0.000000 0.000000 0.000000 0.039565 
0.000000 0.000000 0.000000 0.000000 0.000000 0.034264 
88.592285 83.599968 96.524864 75.794456 56.411346 0.027976 
85.984947 89.848808 98.809929 103.041641 62.909409 0.019782 
92.002464 88.201744 89.165527 86.274673 93.141907 0.027976 
83.126778 93.328224 93.132866 59.232002 86.753311 0.000000 
89.160217 94.866341 105.206642 94.175591 110.951912 0.019782 
110.608932 129.394775 125.009453 109.030396 86.834282 0.019782 
91.599274 94.344772 90.704536 90.904526 71.833794 0.000000 
85.697601 94.306145 99.284065 94.407104 87.363731 0.000000 
84.997169 99.052032 110.359978 91.854828 82.914619 0.000000 
88.479897 76.360626 83.193306 69.103088 48.661541 0.000000 
85.879715 84.138641 103.929901 93.029953 89.160950 0.000000 
87.295639 90.611305 86.640533 80.811539 64.513779 0.027976 
71.595016 73.753662 96.063721 21.445307 83.128059 0.000000 
82.492973 82.354279 79.308777 68.910812 77.636116 0.000000 
97.499123 110.424889 78.005058 81.722504 72.502388 0.019782 
92.571266 91.387009 100.766556 80.402954 96.523766 0.027976 
80.641800 87.141853 86.559341 92.893616 67.138947 0.019782 
93.931023 97.926224 108.266624 73.799934 87.503204 0.019782 
90.259804 84.075729 73.466705 100.596375 66.492874 0.000000 
92.007690 93.544983 88.005829 141.524307 92.073463 0.000000 
81.895218 88.777328 63.872128 70.044312 86.746834 0.019782 
88.200188 89.952682 83.152222 84.206024 70.476280 0.019782 
96.689880 104.206413 112.757591 151.363754 86.729904 0.000000 
71.235870 65.354172 66.717583 117.713852 62.635822 0.000000 
87.134430 84.573578 89.765732 82.478157 88.535065 0.000000 
93.270561 95.149033 105.702232 79.929207 92.530907 0.019782 
69.994560 61.403309 77.931335 85.635666 57.256012 0.000000 
100.610542 98.955780 85.547722 75.813637 49.546513 0.000000 
96.328224 90.217476 77.573074 0.000000 91.719315 0.000000 
96.007431 99.156219 105.812248 91.914528 87.332596 0.000000 
104.396179 100.848503 69.165543 48.406380 95.526962 0.000000 
111.143089 126.719040 111.577904 101.069359 65.860489 0.019782 
0.000000 0.000000 0.000000 0.000000 0.000000 0.000000 
87.513695 79.234329 80.109024 61.785633 70.255615 0.000000 
98.495407 93.147240 87.101669 97.096176 119.484314 0.034264 
102.865936 121.276016 88.912659 94.790726 66.416481 0.027976 
94.147064 87.591942 89.591881 92.880562 59.041397 0.000000 
99.228798 109.971329 101.651199 110.296608 89.977394 0.000000 
89.159760 78.331329 84.004356 84.619904 122.871040 0.000000 
88.441208 87.243645 84.296677 79.810196 70.562180 0.000000 
86.256844 99.987534 89.119499 109.053566 82.179558 0.000000 
87.628784 88.974846 94.357140 59.966248 103.742538 0.000000 
91.588364 96.928261 81.429405 92.842491 75.088898 0.000000 
100.271736 107.821251 104.453522 107.509285 85.166328 0.000000 
0.000000 0.000000 0.000000 0.000000 0.000000 0.019782 
97.171715 101.851990 90.927719 98.603241 57.125477 0.000000 
93.469780 94.334831 79.845291 170.789261 86.696594 0.019782 
75.547478 67.526489 111.543007 81.523155 90.057846 0.019782 
88.906258 94.026924 79.389290 7.651117 81.795509 0.027976 
90.669655 69.816910 93.652100 87.817818 75.711617 0.019782 
97.429253 102.981277 98.929558 90.638580 61.463398 0.019782 
94.876236 91.197617 100.608757 111.111824 66.730606 0.000000 
85.739029 84.673615 87.677544 88.945015 85.349091 0.000000 
78.856110 69.153488 65.076622 53.867725 58.065128 0.027976 
106.974831 108.352242 92.689987 80.935043 81.474823 0.000000 
85.464806 77.834160 92.160957 107.250366 77.078323 0.019782 
76.612190 72.628708 78.400887 97.152069 37.876980 0.000000 
104.776482 132.841629 109.417694 140.183929 81.314552 0.000000 
93.729118 115.769081 115.233437 120.219406 56.514233 0.000000 
89.836647 101.079102 83.994591 88.381386 78.227135 0.034264 
89.176811 90.259781 91.323845 83.664566 78.235802 0.000000 
88.854675 80.901093 78.644806 87.184006 71.055435 0.039565 
85.481789 88.787766 87.646957 86.586540 92.271950 0.027976 
93.302650 86.387917 91.336830 88.031052 95.993515 0.000000 
98.805649 101.091110 88.696159 80.141228 59.399734 0.027976 
94.575089 85.032761 82.760162 105.510391 83.265602 0.000000 
93.717293 104.527863 110.925423 93.284172 82.412270 0.027976 
72.652763 44.773293 99.326866 55.879368 86.113480 0.000000 
91.276535 92.965073 87.649216 92.329216 84.530167 0.000000 
94.530258 97.027969 106.144379 78.002098 94.120804 0.019782 
93.133743 94.643410 70.250092 67.590775 88.265198 0.000000 
93.772461 99.939499 93.709282 93.345467 79.629494 0.027976 
84.934631 81.292229 83.281960 88.600914 62.131916 0.000000 
91.315788 96.778511 103.540886 119.403030 69.601868 0.000000 
97.837090 110.755669 100.551735 91.474663 92.009857 0.000000 
99.070488 99.795990 107.867935 116.756531 50.785496 0.019782 
84.008591 80.007797 77.033417 93.094353 81.395508 0.027976 
94.580307 97.324272 89.838806 96.619995 82.754341 0.019782 
81.582291 85.507919 88.073578 85.881119 82.847961 0.000000 
88.410141 94.470695 91.354553 126.268936 73.496857 0.019782 
84.196014 79.561539 86.503761 166.519226 88.287781 0.000000 
100.193611 117.823669 105.113342 114.980843 62.135700 0.000000 
79.582298 76.607292 99.106277 75.241074 57.784813 0.000000 
87.005547 91.657692 84.340965 70.371109 78.311584 0.027976 
92.123573 96.056198 86.293106 105.864433 84.512115 0.000000 
96.533432 104.321701 108.090622 74.544418 135.947754 0.000000 
89.756660 80.730377 83.485107 86.282738 69.281181 0.000000 
107.442505 129.849075 138.676224 74.955849 78.196098 0.000000 
80.070557 71.724037 105.043510 58.408028 77.243698 0.019782 
82.398872 59.047211 82.863129 92.554581 81.668747 0.027976 
91.767838 88.865494 72.340881 74.706711 76.444672 0.027976 
69.669472 55.283615 81.376488 113.660393 77.427765 0.000000 
89.462349 93.883881 90.596107 92.514862 96.581993 0.000000 
96.969597 99.495529 114.152817 117.877007 84.586533 0.034264 
91.550934 95.816284 85.057747 98.276657 51.680347 0.000000 
109.807014 123.505783 125.091225 95.634224 62.730675 0.019782 
89.354256 88.246964 83.730339 89.587151 90.902824 0.000000 
91.654251 112.252357 96.724541 58.420319 96.777214 0.000000 
86.106392 82.761559 86.881714 59.423061 72.884254 0.000000 
104.633080 113.699142 96.902870 108.389778 70.980789 0.019782 
96.948242 110.700233 112.785110 84.655746 95.667931 0.027976 
94.021461 96.896004 100.006546 90.355774 92.242867 0.027976 
82.917076 80.649109 96.316483 47.521214 103.515999 0.000000 
94.492859 95.523453 95.832756 110.220596 94.932449 0.000000 
96.179871 81.193878 83.021271 96.864258 15.989578 0.000000 
98.892769 105.189018 100.050026 82.991959 67.426468 0.000000 
93.901268 72.896645 81.661308 108.037758 88.071938 0.000000 
87.319008 66.932640 92.380928 89.013245 90.069260 0.027976 
87.743919 85.957123 86.527313 79.376961 61.032051 0.027976 
84.066940 85.710999 85.424728 114.757607 0.000000 0.000000 
87.182266 97.765457 94.137573 62.684483 86.107231 0.027976 
87.678749 96.159821 99.220108 104.070808 94.484909 0.000000 
93.522430 80.452065 79.138062 105.206451 85.166801 0.000000 
92.121132 99.156204 86.807381 96.219017 74.466896 0.000000 
86.572350 83.951935 78.040909 69.560196 68.703262 0.000000 
102.711983 103.049225 95.061996 108.194672 75.282822 0.019782 
92.040039 91.064339 100.988228 95.745087 85.351707 0.000000 
79.901154 80.891548 109.525154 115.158516 77.531586 0.000000 
105.303131 94.146225 97.453033 105.218445 70.303680 0.019782 
84.324249 84.317162 68.349373 98.658607 77.025116 0.000000 
100.645012 103.499229 101.115288 100.389816 68.473106 0.019782 
94.402382 92.575905 92.214455 97.975250 83.196075 0.000000 
95.779678 88.480904 88.268875 83.442337 78.359863 0.000000 
68.850517 57.483143 100.815483 137.720123 96.854446 0.027976 
89.275078 79.291786 92.391869 92.562309 79.885651 0.027976 
98.702133 95.169189 93.366974 102.353737 81.431572 0.000000 
91.738869 92.416779 88.018196 118.235825 65.916992 0.027976 
103.556496 115.532227 122.524567 55.699287 73.871872 0.000000 
95.548409 90.424072 68.244629 83.205177 85.613396 0.019782 
97.162506 106.846077 112.953865 91.741463 78.705856 0.000000 
81.622215 91.360390 78.711418 85.077301 2.635593 0.000000 
96.565239 97.628937 102.201218 101.796181 69.564491 0.019782 
81.464188 83.340134 92.653145 94.682808 104.083595 0.000000 
97.196922 100.590584 102.267586 80.680565 134.089157 0.000000 
98.483948 102.645576 100.538406 83.457443 75.127846 0.000000 
86.880249 75.201088 102.212761 72.215942 83.419365 0.000000 
85.369072 92.621948 91.877037 97.871750 82.051270 0.000000 
88.675865 87.958008 89.622612 83.576546 84.938225 0.000000 
99.389908 90.905632 87.754532 88.721123 80.818512 0.000000 
88.750870 85.519958 81.157013 73.431046 70.956085 0.000000 
90.914207 89.587135 92.350525 91.343750 91.954613 0.000000 
89.325073 76.942719 91.535316 77.134872 94.968658 0.000000 
90.300369 82.103531 106.769173 50.810154 91.570267 0.000000 
88.669838 84.733788 84.140991 119.455025 79.940582 0.019782 
91.163818 97.212494 86.859352 66.474785 72.784866 0.019782 
90.668381 89.156075 87.712402 83.189110 79.794060 0.000000 
101.440376 108.160057 102.449928 99.837929 86.911804 0.019782 
107.858315 115.844101 132.062439 108.140602 91.634377 0.000000 
86.001289 82.394592 83.265205 81.568199 91.666122 0.000000 
68.516724 56.685013 69.866570 105.436317 55.586769 0.039565 
94.070671 106.736832 101.069687 100.519318 96.196541 0.000000 
80.969604 84.138741 89.745430 79.489799 77.395119 0.000000 
73.544579 69.069839 88.470535 85.233177 89.300278 0.027976 
110.502251 112.836449 113.038231 99.070236 58.824467 0.000000 
78.509918 71.428513 75.829033 73.779510 101.157318 0.000000 
80.904495 75.058807 90.165817 141.453247 100.133583 0.000000 
90.162476 87.323082 82.811302 82.150650 75.943245 0.027976 
93.147118 87.272171 89.627876 87.684891 104.979485 0.000000 
85.021645 61.237267 75.024940 98.680740 72.856560 0.000000 
90.465118 88.187630 95.725060 92.112045 98.057823 0.000000 
91.484566 96.629738 97.132324 77.327217 80.565010 0.000000 
87.843315 79.292732 80.063278 72.501839 76.054291 0.000000 
97.298431 101.809891 88.063461 77.823944 90.628090 0.027976 
94.289177 90.432198 134.949966 49.520489 112.515617 0.034264 
89.160461 98.863853 108.331467 85.278221 120.548065 0.000000 
82.275330 81.152550 77.529778 80.575829 62.524464 0.000000 
99.740509 104.554718 112.360725 96.992218 70.112198 0.000000 
93.529785 99.680832 81.111145 74.230904 87.689270 0.000000 
91.415840 94.134857 91.481033 117.549767 102.425461 0.000000 
88.605171 86.974747 76.319427 98.403671 64.196259 0.000000 
89.800316 101.885452 100.907791 91.607094 77.904968 0.027976 
84.821671 87.083076 85.143921 93.850853 98.437805 0.000000 
87.723473 89.931572 89.079697 95.198318 50.612732 0.000000 
79.862892 86.293983 97.155212 75.224449 96.311295 0.000000 
79.969589 74.279488 81.429672 96.777023 83.081146 0.000000 
99.772949 119.561958 101.624710 115.150444 20.040930 0.039565 
86.385109 84.456612 108.132561 85.358826 80.651161 0.000000 
85.730309 84.407089 80.387718 87.660851 66.231735 0.000000 
79.948196 70.258041 88.331886 94.219505 72.095184 0.000000 
96.569695 94.744812 101.564545 55.145359 77.569809 0.019782 
89.254814 109.274086 94.441444 94.323555 29.504543 0.000000 
106.174706 123.595406 99.115120 122.581787 59.522198 0.027976 
95.815048 92.118965 103.483025 86.586327 85.038605 0.027976 
85.413200 84.677994 76.430618 47.259377 92.696266 0.019782 
95.249763 86.974998 88.191086 89.988853 79.520546 0.019782 
73.590355 82.133476 64.943253 93.450729 84.631981 0.000000 
81.970016 78.138657 74.633583 83.644371 68.723053 0.000000 
90.966255 94.132172 94.254356 95.765846 148.279572 0.019782 
92.514694 81.655983 93.090233 94.021576 75.463982 0.000000 
97.099266 110.029175 104.595978 92.583710 50.547115 0.019782 
97.959793 93.196350 92.227303 79.059944 97.813797 0.039565 
91.697929 88.254173 100.127304 81.879181 112.898094 0.000000 
86.742371 88.686340 88.555824 91.797775 85.908173 0.000000 
87.789230 91.024849 94.463348 83.339020 64.951225 0.034264 
89.828705 94.997993 80.566200 100.570274 63.850040 0.027976 
100.627609 117.095390 87.289429 90.294083 73.203239 0.000000 
94.454735 108.667854 109.082619 69.499229 23.806683 0.027976 
90.530479 82.281754 90.457573 101.416313 18.802639 0.000000 
99.067314 129.890060 127.514725 96.563438 60.429909 0.019782 
96.278633 89.062798 95.333847 84.165337 74.964470 0.027976 
99.340630 97.539482 89.665756 92.104156 74.835213 0.000000 
96.981491 103.447250 98.721748 92.569771 26.428694 0.019782 
97.022827 88.774933 99.680298 72.741280 86.343124 0.000000 
85.843826 100.274849 87.733345 91.207352 73.957474 0.000000 
110.469177 119.687996 114.379738 99.983536 80.564026 0.000000 
0.000000 0.000000 0.000000 0.000000 0.000000 0.019782 
93.315559 88.715599 92.818451 90.005264 70.845001 0.000000 
100.438736 102.627220 93.524048 104.593826 95.873581 0.000000 
98.782906 112.315964 116.396881 89.302498 94.269478 0.000000 
0.000000 0.000000 0.000000 0.000000 0.000000 0.027976 
88.964790 102.500771 90.565224 93.013863 68.500717 0.019782 
93.734726 81.820770 65.739716 122.810570 96.576004 0.000000 
88.162003 83.293373 91.900696 86.126717 85.221977 0.000000 
106.102409 128.361115 103.745995 94.504288 92.090675 0.034264 
105.844299 109.735146 91.150742 76.770393 75.109360 0.027976 
90.147675 82.193062 68.816666 85.683525 63.136051 0.000000 
81.301384 72.178917 67.182358 47.080166 76.607994 0.000000 
92.750122 84.014740 90.680824 60.272961 81.803375 0.019782 
0.000000 0.000000 0.000000 0.000000 0.000000 0.019782 
82.503456 77.258751 79.736572 85.076775 68.434906 0.000000 
87.827003 89.487556 91.376099 101.153687 107.860855 0.027976 
89.179558 96.600822 91.517982 89.496201 57.750938 0.019782 
74.777046 63.207920 72.571594 110.374359 91.909836 0.019782 
85.971649 88.083382 106.170975 91.760643 73.720909 0.000000 
96.261986 93.014168 99.615273 114.213242 64.906563 0.000000 
