92.769455 82.913033 79.024284 80.783966 94.510941 0.019782 
86.548744 83.120102 85.159065 88.826866 87.495811 0.000000 
86.933662 95.263275 94.920456 98.755424 98.445465 0.000000 
91.271744 95.694138 90.380966 89.230751 92.334282 0.027976 
87.512245 114.117966 106.139168 109.401581 91.524834 0.019782 
83.555885 85.737984 92.589531 94.321854 92.977684 0.019782 
89.736992 87.411514 91.026527 89.280098 93.519592 0.000000 
91.022568 90.149643 100.210358 97.521439 98.089020 0.019782 
87.648491 83.261711 93.955109 91.232422 90.240891 0.027976 
90.816963 80.488594 78.930069 85.083565 89.920059 0.000000 
91.168945 87.864265 92.813110 95.689926 89.025963 0.019782 
90.285614 74.977577 81.108696 78.148033 91.582108 0.000000 
86.869270 79.845551 85.013023 91.646782 94.359291 0.034264 
94.098038 87.902008 90.904182 92.563293 93.914200 0.019782 
97.304749 77.552521 84.635574 84.453590 85.203468 0.000000 
88.428444 83.573456 83.692543 91.145866 87.231934 0.000000 
86.861732 78.213371 83.948898 84.248604 91.214798 0.000000 
88.099525 81.802338 88.503418 95.354973 91.637009 0.027976 
87.584312 91.518799 93.096024 96.940414 91.921120 0.000000 
87.002350 84.859131 89.072975 98.171524 92.958031 0.027976 
