0.316671 
0.460109 
0.279243 
0.352782 
0.276473 
0.339561 
0.539402 
0.344322 
0.309832 
0.383645 
0.265129 
0.357607 
0.087023 
0.609507 
0.293781 
0.643460 
0.367844 
0.593078 
0.243354 
0.498922 
0.357267 
0.269394 
0.222747 
0.366248 
0.285291 
0.315788 
0.217220 
0.336404 
0.398413 
0.347501 
0.243561 
0.580555 
0.214199 
0.443856 
0.669763 
0.503912 
0.426374 
0.216046 
0.686365 
0.292397 
0.277270 
0.257504 
0.436014 
0.475631 
0.497545 
0.357759 
0.154335 
0.273808 
0.357157 
0.600142 
