5352.118164 2653.833984 853.388428 540.353394 96986.320312 
13716.618164 2463.544922 966.139038 546.773743 139197.937500 
8252.045898 2384.216064 953.192749 537.782654 90049.351562 
7958.155762 3275.637451 978.714478 574.976135 149248.093750 
8731.706055 2023.610840 819.411682 533.533447 95414.320312 
7450.213867 2066.743652 757.104980 473.697021 138665.046875 
5966.417969 1793.735962 737.395081 431.502655 133909.296875 
5950.068848 2235.771973 1047.591064 577.887878 116603.429688 
15263.076172 2888.122559 965.585266 693.423767 142676.046875 
8492.863281 2124.961670 907.397705 706.190002 184814.140625 
5045.005859 2075.724854 747.447998 519.162109 101734.445312 
15791.149414 2117.041504 899.687927 597.535889 181377.656250 
11606.031250 2493.919678 1023.829468 694.545410 136469.687500 
8411.579102 5015.744629 1163.201782 713.924438 123871.218750 
12492.032227 2855.836670 1031.912231 598.312439 127946.070312 
14108.780273 1502.525879 613.878601 381.226715 161334.515625 
12587.522461 1601.517944 752.462769 451.691467 130858.117188 
9255.694336 2657.133789 980.406494 637.081177 202056.375000 
8017.633301 3271.951904 1073.478394 843.235474 131731.187500 
12921.187500 3464.477783 1322.460571 683.268433 124130.976562 
