34114.476562 3290.484863 2399.124023 3027.713867 570771.875000 
39469.187500 3154.393311 2216.460938 2501.080322 492640.781250 
37798.644531 2895.693604 2609.782715 2967.835205 640671.000000 
33566.800781 3412.413086 3175.999512 3268.569092 498235.718750 
31468.126953 2760.038330 2507.044678 2651.828369 663818.687500 
27828.400391 2798.365723 2375.698242 2304.142822 464484.843750 
36059.671875 3377.128662 3237.605469 3789.263184 692545.812500 
31923.617188 2747.882568 2609.831543 2595.539795 476398.562500 
31387.878906 2991.766357 2434.467529 3298.041992 632295.875000 
31421.089844 2903.383301 2662.593750 2496.132568 479897.062500 
