Episode: 1: [ 0.5747355  -0.731188   -0.56208014  0.6385875   0.39379537] 
Episode: 2: [ 0.57523555 -0.73168796 -0.5615802   0.63908744  0.39429536] 
Episode: 3: [ 0.5749355  -0.7313847  -0.561751    0.63878775  0.3940054 ] 
Episode: 4: [ 0.57485294 -0.7312922  -0.56162345  0.63870865  0.39394274] 
Episode: 5: [ 0.5750029  -0.73143196 -0.5613497   0.6388608   0.3941072 ] 
Episode: 6: [ 0.57521254 -0.7316321  -0.5610133   0.63907266  0.39433113] 
Episode: 7: [ 0.57548946 -0.73190016 -0.5606255   0.6393514   0.39462292] 
Episode: 8: [ 0.5758302  -0.73223436 -0.5602027   0.6396937   0.39497554] 
Episode: 9: [ 0.5762072  -0.73260605 -0.55975586  0.6400723   0.39536232] 
Episode: 10: [ 0.57661146 -0.73300517 -0.55928993  0.64047825  0.39577585] 
Episode: 11: [ 0.57703716 -0.7334277  -0.5588463   0.6409045   0.39620477] 
Episode: 12: [ 0.5774866  -0.73387456 -0.5583819   0.64135444  0.3966575 ] 
Episode: 13: [ 0.5779441  -0.734329   -0.55790085  0.64181346  0.39712295] 
Episode: 14: [ 0.5783377  -0.7347137  -0.55740535  0.64221305  0.39755052] 
Episode: 15: [ 0.57876295 -0.73513144 -0.5569032   0.64264387  0.3980055 ] 
Episode: 16: [ 0.57921743 -0.73558015 -0.55639136  0.6431029   0.39848357] 
Episode: 17: [ 0.5796804  -0.736032   -0.5558926   0.6435724   0.39898098] 
Episode: 18: [ 0.5801609 -0.7365035 -0.5553985  0.6440561  0.3994829] 
Episode: 19: [ 0.5806629  -0.7369984  -0.5548868   0.6445607   0.40000197] 
Episode: 20: [ 0.5811799  -0.73750955 -0.55435914  0.645081    0.40053573] 
Episode: 21: [ 0.58171284 -0.7380373  -0.5538327   0.6456157   0.40107828] 
Episode: 22: [ 0.5822394  -0.73855895 -0.553293    0.6461498   0.40163067] 
Episode: 23: [ 0.5827838  -0.7390992  -0.55276847  0.64669883  0.4021852 ] 
Episode: 24: [ 0.58332306 -0.7396301  -0.55226034  0.6472371   0.40271947] 
Episode: 25: [ 0.5838725  -0.74017394 -0.5517297   0.6477901   0.40327328] 
Episode: 26: [ 0.58442134 -0.740718   -0.55117744  0.6483485   0.40383875] 
Episode: 27: [ 0.5848672  -0.74117243 -0.550817    0.6487656   0.40422592] 
Episode: 28: [ 0.5851434  -0.74137336 -0.5503906   0.6491714   0.4046699 ] 
Episode: 29: [ 0.5848902  -0.7411229  -0.55060863  0.6489319   0.40443674] 
Episode: 30: [ 0.58466816 -0.74091554 -0.5507751   0.6487366   0.40423763] 
Episode: 31: [ 0.5844985  -0.7407608  -0.5508843   0.64860785  0.40409327] 
Episode: 32: [ 0.5844086  -0.7407089  -0.5509403   0.64855385  0.40401036] 
Episode: 33: [ 0.5841152  -0.7404412  -0.55118877  0.6482773   0.4037324 ] 
Episode: 34: [ 0.58385456 -0.7402075  -0.5514079   0.6480322   0.4034858 ] 
Episode: 35: [ 0.583639   -0.74002886 -0.5515919   0.64783     0.40327805] 
Episode: 36: [ 0.58344316 -0.7398667  -0.5517583   0.6476465   0.40308958] 
Episode: 37: [ 0.5832686  -0.7397252  -0.55190724  0.6474829   0.40292084] 
Episode: 38: [ 0.5831106  -0.7395978  -0.5520416   0.64733493  0.40276828] 
Episode: 39: [ 0.5829688  -0.7394852  -0.5521622   0.6472022   0.40263113] 
Episode: 40: [ 0.5828409  -0.73938465 -0.55227065  0.64708257  0.40250748] 
Episode: 41: [ 0.5827255  -0.7392946  -0.5523681   0.64697474  0.40239605] 
Episode: 42: [ 0.5826213  -0.7392138  -0.552456    0.6468774   0.40229538] 
Episode: 43: [ 0.5825279  -0.7391428  -0.5525346   0.64679027  0.40220517] 
Episode: 44: [ 0.5824439  -0.73907965 -0.5526049   0.646712    0.4021241 ] 
Episode: 45: [ 0.5823708  -0.73902756 -0.55266654  0.6466439   0.40205297] 
Episode: 46: [ 0.58230525 -0.73898154 -0.55272174  0.64658284  0.4019891 ] 
Episode: 47: [ 0.5822467  -0.7389412  -0.55277044  0.64652854  0.4019323 ] 
Episode: 48: [ 0.58219486 -0.73890656 -0.5528137   0.64648044  0.40188178] 
Episode: 49: [ 0.5821507  -0.73887974 -0.55285126  0.64643943  0.401838  ] 
Episode: 50: [ 0.58211267 -0.7388586  -0.55288345  0.64640427  0.40180016] 
Episode: 51: [ 0.58207977 -0.7388419  -0.5529117   0.64637387  0.401767  ] 
Episode: 52: [ 0.582051   -0.7388283  -0.5529366   0.6463472   0.40173766] 
Episode: 53: [ 0.5820258  -0.7388174  -0.55295867  0.6463239   0.40171173] 
Episode: 54: [ 0.5820047  -0.7388102  -0.5529776   0.64630437  0.40168947] 
Episode: 55: [ 0.5819865  -0.738805   -0.55299425  0.6462875   0.40166995] 
Episode: 56: [ 0.5819713  -0.73880225 -0.55300856  0.64627343  0.4016532 ] 
Episode: 57: [ 0.58196026 -0.7388041  -0.55301964  0.64626324  0.40164015] 
Episode: 58: [ 0.5819518  -0.7388082  -0.5530283   0.6462555   0.40162972] 
Episode: 59: [ 0.5819453  -0.7388137  -0.55303514  0.6462496   0.40162125] 
Episode: 60: [ 0.5819402 -0.7388198 -0.5530405  0.646245   0.4016144] 
Episode: 61: [ 0.5819368  -0.73882735 -0.5530443   0.6462421   0.4016093 ] 
Episode: 62: [ 0.581936   -0.7388378  -0.5530462   0.64624155  0.4016064 ] 
Episode: 63: [ 0.5819376  -0.7388511  -0.55304545  0.6462434   0.4016061 ] 
Episode: 64: [ 0.5819416  -0.7388672  -0.55304277  0.6462475   0.40160793] 
Episode: 65: [ 0.58194596 -0.73888296 -0.55303955  0.646252    0.40161034] 
Episode: 66: [ 0.581951   -0.7388988  -0.55303603  0.64625704  0.4016133 ] 
Episode: 67: [ 0.5819577  -0.7389164  -0.55303156  0.64626354  0.40161747] 
Episode: 68: [ 0.5819655  -0.7389349  -0.5530263   0.64627105  0.4016226 ] 
Episode: 69: [ 0.5819734  -0.7389529  -0.55302066  0.6462787   0.40162808] 
Episode: 70: [ 0.5819818  -0.73897105 -0.5530146   0.6462868   0.4016341 ] 
Episode: 71: [ 0.5819901  -0.73898864 -0.55300796  0.646295    0.40164044] 
Episode: 72: [ 0.58199877 -0.7390061  -0.5530011   0.6463035   0.4016471 ] 
Episode: 73: [ 0.5820084  -0.7390247  -0.55299383  0.64631283  0.40165442] 
Episode: 74: [ 0.582018   -0.73904264 -0.55298615  0.6463222   0.40166202] 
Episode: 75: [ 0.58202916 -0.73906296 -0.5529765   0.64633316  0.40167132] 
Episode: 76: [ 0.58204013 -0.7390825  -0.55296683  0.64634395  0.40168056] 
Episode: 77: [ 0.5820516  -0.7391024  -0.5529571   0.64635515  0.40169007] 
Episode: 78: [ 0.58206385 -0.73912334 -0.55294627  0.64636725  0.4017006 ] 
Episode: 79: [ 0.5820786  -0.7391481  -0.55293447  0.6463815   0.40171254] 
Episode: 80: [ 0.5820942  -0.7391741  -0.5529218   0.64639664  0.40172538] 
Episode: 81: [ 0.58211    -0.73920035 -0.55290806  0.6464121   0.40173888] 
Episode: 82: [ 0.58212554 -0.7392258  -0.55289364  0.64642745  0.4017527 ] 
Episode: 83: [ 0.5821414 -0.7392516 -0.5528788  0.6464432  0.4017669] 
Episode: 84: [ 0.5821589  -0.73928016 -0.5528622   0.64646053  0.4017826 ] 
Episode: 85: [ 0.58217686 -0.73930943 -0.5528452   0.64647835  0.4017988 ] 
Episode: 86: [ 0.58219546 -0.73933977 -0.55282813  0.64649665  0.4018153 ] 
Episode: 87: [ 0.5822137  -0.73936933 -0.55281085  0.6465147   0.40183175] 
Episode: 88: [ 0.5822323  -0.73939943 -0.552792    0.6465334   0.4018493 ] 
Episode: 89: [ 0.5822511  -0.7394297  -0.55277306  0.64655226  0.4018669 ] 
Episode: 90: [ 0.5822695  -0.7394593  -0.55275434  0.6465708   0.40188423] 
Episode: 91: [ 0.5822884  -0.73948973 -0.55273384  0.64659005  0.4019027 ] 
Episode: 92: [ 0.5823076  -0.7395203  -0.5527138   0.6466095   0.40192094] 
Episode: 93: [ 0.5823257  -0.7395489  -0.55269444  0.64662796  0.40193844] 
Episode: 94: [ 0.58234245 -0.7395749  -0.55267644  0.6466451   0.40195465] 
Episode: 95: [ 0.5823583  -0.7395992  -0.5526586   0.6466615   0.40197042] 
Episode: 96: [ 0.5823748  -0.73962444 -0.5526404   0.6466785   0.40198666] 
Episode: 97: [ 0.5823902  -0.73964834 -0.5526206   0.64669496  0.40200338] 
Episode: 98: [ 0.5824049  -0.73967093 -0.55260146  0.64671075  0.40201944] 
Episode: 99: [ 0.5824238  -0.7397008  -0.5525788   0.6467305   0.40203905] 
Episode: 100: [ 0.58244294 -0.7397311  -0.55255574  0.6467505   0.40205908] 
Episode: 101: [ 0.5824629  -0.7397626  -0.5525318   0.64677143  0.40207994] 
Episode: 102: [ 0.5824831  -0.7397945  -0.552507    0.64679265  0.40210128] 
Episode: 103: [ 0.5825035  -0.7398267  -0.5524824   0.646814    0.40212262] 
Episode: 104: [ 0.5825238  -0.7398587  -0.5524582   0.6468352   0.40214363] 
Episode: 105: [ 0.5825452  -0.7398924  -0.55243325  0.64685744  0.4021655 ] 
Episode: 106: [ 0.58256537 -0.7399242  -0.5524082   0.64687866  0.40218687] 
Episode: 107: [ 0.5825865  -0.73995733 -0.55238354  0.6469006   0.40220836] 
Episode: 108: [ 0.58260745 -0.73999    -0.55235875  0.6469224   0.4022299 ] 
Episode: 109: [ 0.58262897 -0.74002355 -0.5523327   0.646945    0.40225232] 
Episode: 110: [ 0.5826491  -0.7400551  -0.5523064   0.6469666   0.40227434] 
Episode: 111: [ 0.58266956 -0.74008703 -0.5522808   0.6469883   0.40229613] 
Episode: 112: [ 0.5826896  -0.74011856 -0.5522541   0.64700985  0.40231845] 
Episode: 113: [ 0.5827114  -0.7401532  -0.5522246   0.64703333  0.40234298] 
Episode: 114: [ 0.5827323  -0.7401862  -0.5521966   0.6470558   0.40236625] 
Episode: 115: [ 0.58275485 -0.7402215  -0.55216944  0.6470794   0.40238956] 
Episode: 116: [ 0.58277667 -0.740256   -0.5521387   0.64710325  0.40241453] 
Episode: 117: [ 0.58279794 -0.7402893  -0.552109    0.64712644  0.40243864] 
Episode: 118: [ 0.5828183  -0.74032056 -0.55207986  0.6471489   0.40246198] 
Episode: 119: [ 0.58283764 -0.7403507  -0.55204874  0.6471709   0.40248606] 
Episode: 120: [ 0.58286256 -0.74039006 -0.5520134   0.64719814  0.40251458] 
Episode: 121: [ 0.5828857  -0.74042636 -0.5519793   0.6472238   0.40254185] 
Episode: 122: [ 0.5829096  -0.7404637  -0.55194664  0.6472497   0.40256858] 
Episode: 123: [ 0.5829364  -0.7405059  -0.5519129   0.6472782   0.40259692] 
Episode: 124: [ 0.58296245 -0.7405467  -0.55188066  0.6473057   0.40262422] 
Episode: 125: [ 0.58298814 -0.74058664 -0.551849    0.6473329   0.40265095] 
Episode: 126: [ 0.58301353 -0.74062586 -0.55181867  0.6473596   0.40267682] 
Episode: 127: [ 0.5830375  -0.74066246 -0.5517891   0.647385    0.40270165] 
Episode: 128: [ 0.5830629  -0.7407015  -0.55175954  0.6474115   0.40272707] 
Episode: 129: [ 0.5830877 -0.7407394 -0.5517308  0.6474374  0.4027517] 
Episode: 130: [ 0.5831128  -0.7407777  -0.5517023   0.6474635   0.40277642] 
Episode: 131: [ 0.58313984 -0.7408199  -0.55166924  0.64749205  0.40280446] 
Episode: 132: [ 0.5831663  -0.7408613  -0.5516342   0.64752054  0.4028334 ] 
Episode: 133: [ 0.58319277 -0.74090314 -0.5515978   0.64754933  0.40286326] 
Episode: 134: [ 0.58322024 -0.74094605 -0.55156267  0.64757866  0.4028927 ] 
Episode: 135: [ 0.58324695 -0.7409871  -0.5515294   0.6476071   0.4029208 ] 
Episode: 136: [ 0.58327454 -0.74102944 -0.55149376  0.6476367   0.4029505 ] 
Episode: 137: [ 0.58330166 -0.741071   -0.55145884  0.64766586  0.40297952] 
Episode: 138: [ 0.5833303  -0.74111485 -0.55142367  0.64769626  0.40300918] 
Episode: 139: [ 0.58335716 -0.7411559  -0.5513889   0.6477252   0.4030379 ] 
Episode: 140: [ 0.5833831  -0.74119544 -0.5513546   0.6477534   0.40306595] 
Episode: 141: [ 0.58340913 -0.74123514 -0.5513181   0.64778227  0.40309536] 
Episode: 142: [ 0.5834343 -0.7412739 -0.5512823  0.6478102  0.4031241] 
Episode: 143: [ 0.5834597  -0.7413133  -0.55124617  0.64783835  0.40315306] 
Episode: 144: [ 0.58348525 -0.74135333 -0.5512097   0.6478667   0.40318233] 
Episode: 145: [ 0.5835167  -0.741403   -0.5511704   0.64790034  0.40321532] 
Episode: 146: [ 0.58354557 -0.74144816 -0.5511335   0.6479315   0.4032461 ] 
Episode: 147: [ 0.58357275 -0.74149024 -0.5510985   0.64796096  0.40327525] 
Episode: 148: [ 0.58359975 -0.74153185 -0.55106485  0.64799005  0.40330362] 
Episode: 149: [ 0.58362484 -0.74157065 -0.55102944  0.648018    0.40333235] 
Episode: 150: [ 0.58365    -0.7416096  -0.55099434  0.648046    0.40336102] 
Episode: 151: [ 0.583675   -0.74164885 -0.5509575   0.6480743   0.40339068] 
Episode: 152: [ 0.58370465 -0.7416954  -0.55091834  0.6481067   0.40342334] 
Episode: 153: [ 0.5837353  -0.74174356 -0.5508792   0.64813995  0.40345648] 
Episode: 154: [ 0.58376706 -0.74179333 -0.5508397   0.6481742   0.40349022] 
Episode: 155: [ 0.5837986 -0.7418428 -0.5508     0.6482083  0.4035241] 
Episode: 156: [ 0.58382875 -0.74189    -0.55076206  0.6482409   0.40355653] 
Episode: 157: [ 0.58385867 -0.74193686 -0.55072546  0.648273    0.40358824] 
Episode: 158: [ 0.5838866  -0.7419802  -0.55069065  0.64830315  0.40361825] 
Episode: 159: [ 0.5839158  -0.7420256  -0.55065566  0.6483344   0.4036489 ] 
Episode: 160: [ 0.58394235 -0.74206626 -0.55062246  0.6483631   0.4036776 ] 
Episode: 161: [ 0.58396816 -0.7421054  -0.5505896   0.64839125  0.403706  ] 
Episode: 162: [ 0.58399427 -0.74214554 -0.55055386  0.6484203   0.40373635] 
Episode: 163: [ 0.5840213  -0.74218714 -0.5505171   0.6484503   0.40376776] 
Episode: 164: [ 0.5840493  -0.7422305  -0.55047935  0.64848137  0.40380016] 
Episode: 165: [ 0.5840745 -0.7422691 -0.5504436  0.6485098  0.4038305] 
Episode: 166: [ 0.58409965 -0.74230725 -0.5504075   0.64853835  0.40386114] 
Episode: 167: [ 0.58412623 -0.7423476  -0.5503708   0.64856815  0.40389276] 
Episode: 168: [ 0.5841532  -0.74238825 -0.5503352   0.648598    0.40392393] 
Episode: 169: [ 0.58418137 -0.74243104 -0.5502998   0.6486288   0.40395552] 
Episode: 170: [ 0.58420855 -0.74247205 -0.5502654   0.6486586   0.40398633] 
Episode: 171: [ 0.58423746 -0.7425159  -0.5502296   0.6486901   0.40401864] 
Episode: 172: [ 0.58426815 -0.7425626  -0.5501933   0.64872324  0.4040521 ] 
Episode: 173: [ 0.5842997  -0.74261063 -0.550157    0.6487571   0.404086  ] 
Episode: 174: [ 0.5843333  -0.7426622  -0.55011916  0.6487929   0.40412167] 
Episode: 175: [ 0.58436584 -0.74271184 -0.550082    0.64882773  0.40415663] 
Episode: 176: [ 0.58440006 -0.7427639  -0.5500443   0.6488641   0.40419272] 
Episode: 177: [ 0.5844358  -0.7428183  -0.55000645  0.6489017   0.40422955] 
Episode: 178: [ 0.5844744  -0.7428772  -0.5499683   0.64894164  0.4042676 ] 
Episode: 179: [ 0.58451533 -0.74293923 -0.5499306   0.64898336  0.40430644] 
Episode: 180: [ 0.5845634 -0.7430126 -0.5498906  0.6490313  0.4043493] 
Episode: 181: [ 0.58461034 -0.74308354 -0.54985154  0.6490782   0.40439138] 
Episode: 182: [ 0.5846593 -0.7431574 -0.5498128  0.6491266  0.404434 ] 
Episode: 183: [ 0.5847099  -0.74323344 -0.5497738   0.6491765   0.4044775 ] 
Episode: 184: [ 0.5847606  -0.74330926 -0.5497355   0.6492263   0.40452084] 
Episode: 185: [ 0.58481103 -0.7433843  -0.54969704  0.64927596  0.40456435] 
Episode: 186: [ 0.5848625  -0.74346125 -0.54965854  0.64932644  0.40460828] 
Episode: 187: [ 0.5849153  -0.74354035 -0.54961926  0.6493782   0.40465328] 
Episode: 188: [ 0.5849695 -0.7436216 -0.5495793  0.6494312  0.4046993] 
Episode: 189: [ 0.58502525 -0.74370456 -0.5495393   0.6494856   0.40474615] 
Episode: 190: [ 0.585087   -0.7437969  -0.5494956   0.64954567  0.40479764] 
Episode: 191: [ 0.58515054 -0.7438921  -0.5494513   0.64960724  0.40485004] 
Episode: 192: [ 0.58521634 -0.74399096 -0.54940367  0.64967144  0.40490532] 
Episode: 193: [ 0.5852792  -0.7440851  -0.54935616  0.6497333   0.40495965] 
Episode: 194: [ 0.5853421  -0.744179   -0.54930794  0.64979535  0.40501457] 
Episode: 195: [ 0.58540916 -0.7442814  -0.549251    0.6498627   0.40507567] 
Episode: 196: [ 0.58547914 -0.74438703 -0.5491936   0.6499327   0.4051385 ] 
Episode: 197: [ 0.58555084 -0.7444944  -0.54913586  0.65000427  0.40520245] 
Episode: 198: [ 0.5856215  -0.7445976  -0.54907805  0.6500752   0.40526688] 
Episode: 199: [ 0.58569574 -0.7447056  -0.54901963  0.6501493   0.4053333 ] 
Episode: 200: [ 0.58577543 -0.74482095 -0.5489597   0.6502281   0.4054031 ] 
