92.091927 77.062088 92.626305 84.632050 94.558060 0.000000 
88.300354 96.645157 89.536346 87.176872 81.378670 0.027976 
90.161407 90.090874 87.732170 97.968109 100.631378 0.019782 
86.928078 86.658516 87.059448 92.021751 73.369576 0.000000 
89.760643 86.765388 88.729614 84.061211 97.157471 0.000000 
87.356247 85.324364 95.167961 90.294724 78.423149 0.019782 
90.740639 86.349937 88.414009 103.120010 101.815804 0.000000 
79.619026 85.582588 90.868248 93.584190 82.220604 0.027976 
88.866188 85.478012 92.221817 99.427246 78.562256 0.000000 
94.347221 95.951126 87.953865 106.810310 96.607574 0.000000 
89.041245 91.314896 97.982506 97.511841 88.553139 0.027976 
92.545486 99.362183 100.667191 98.592026 89.415421 0.019782 
89.890152 97.129486 84.870338 95.954926 97.388390 0.000000 
91.333939 95.166321 86.834412 104.096710 80.282875 0.000000 
87.020111 94.365211 98.359955 108.382492 82.443687 0.000000 
87.801674 105.030960 95.249107 131.351837 87.104591 0.027976 
89.227158 90.694817 99.878220 111.427361 72.713104 0.000000 
89.091774 88.788208 90.418098 96.942230 84.847549 0.019782 
90.481407 95.948318 108.472534 105.932602 91.691849 0.000000 
85.872200 84.664459 94.458313 92.215897 68.033966 0.019782 
88.865234 84.647789 85.293968 92.176003 83.025436 0.027976 
89.019279 82.547577 91.571030 96.246941 72.875793 0.019782 
85.630119 75.604538 88.111732 91.618134 81.998940 0.019782 
90.528343 89.786850 88.195694 85.489662 65.981522 0.000000 
89.196732 84.050591 91.057022 93.754280 86.785591 0.027976 
89.759537 72.926224 88.619827 61.484898 79.161980 0.000000 
87.733986 76.941887 80.951561 71.839828 72.912552 0.000000 
84.629196 86.893341 84.423691 91.091560 102.680115 0.000000 
94.590111 77.799438 97.004059 77.924515 95.078102 0.000000 
88.623520 88.740570 102.363098 90.882401 102.182259 0.000000 
88.091972 93.236984 80.357368 75.675598 79.045326 0.019782 
87.549622 87.466553 95.831329 106.387642 97.748894 0.027976 
87.428452 82.040253 77.606918 88.571632 86.809372 0.027976 
87.357498 63.513950 77.154579 76.643158 41.606075 0.000000 
93.532356 96.968582 91.777847 99.327202 63.422119 0.019782 
88.788307 62.602749 96.862144 77.211922 78.553223 0.000000 
92.646248 88.896996 96.083878 94.071053 79.531937 0.019782 
87.869949 84.868546 94.381287 94.715332 72.711235 0.027976 
89.255013 86.070778 87.994934 94.810211 76.262970 0.000000 
87.432388 98.402260 89.666542 107.713921 78.570473 0.027976 
87.121376 94.789558 88.592354 91.844872 93.128052 0.019782 
89.819977 87.782089 95.803162 107.591698 78.502396 0.000000 
96.700958 79.746429 88.466232 103.199387 79.723091 0.000000 
87.537224 83.112068 91.691643 82.164894 68.589127 0.000000 
90.165146 80.585846 91.642914 95.909645 62.695351 0.027976 
87.794006 79.846779 81.887222 94.080910 71.576866 0.027976 
87.849915 83.671539 90.935928 80.635704 94.532707 0.000000 
90.176147 104.075043 90.581436 97.242645 73.966141 0.000000 
91.840492 73.342545 91.598686 97.512833 50.112324 0.000000 
86.877022 87.581085 82.340355 97.475159 83.012222 0.019782 
86.058357 102.292763 90.028587 105.630928 80.061852 0.000000 
87.260651 80.061798 85.140648 103.128212 75.975800 0.027976 
93.007629 80.584877 89.377556 91.069153 77.201988 0.000000 
91.779175 95.988426 78.750946 108.144615 68.872169 0.019782 
87.622757 70.936798 80.240623 96.579185 89.034317 0.000000 
88.851875 83.999664 93.131256 101.168404 52.676735 0.019782 
90.949005 80.937302 81.106239 108.722748 69.296211 0.000000 
88.943733 93.210838 90.118813 106.562805 65.480286 0.000000 
94.866066 92.754700 94.354919 88.267258 90.738754 0.000000 
85.385391 90.573303 86.781425 109.406296 77.907410 0.000000 
92.552589 97.635330 97.939232 111.299477 82.206215 0.000000 
84.518982 97.390709 91.303818 108.250656 70.482811 0.034264 
96.938972 84.681267 89.004646 94.298248 67.359200 0.019782 
90.927086 80.593681 94.488800 109.168068 84.059761 0.019782 
90.284958 84.304459 79.810356 105.222588 94.549232 0.019782 
87.219482 82.962807 88.681602 97.737587 79.126038 0.019782 
86.965347 85.506317 90.134483 122.354065 79.626877 0.000000 
90.902893 96.978676 91.375168 107.068489 83.797363 0.000000 
90.328140 93.792061 83.968056 111.266472 67.189690 0.019782 
90.638069 82.592445 92.065529 104.786430 89.894173 0.000000 
89.217865 78.732384 86.493309 109.754807 81.538902 0.027976 
87.306389 91.369026 86.496178 95.459991 71.924202 0.000000 
91.140457 91.344582 91.928299 109.092644 65.294258 0.000000 
83.648598 88.378929 92.608955 99.577576 63.706047 0.000000 
87.757408 84.733276 91.324013 93.497520 83.205833 0.000000 
89.032120 85.311440 81.708649 80.343079 82.883896 0.000000 
85.375420 104.161194 93.055405 106.970497 90.897415 0.000000 
88.692352 99.537163 95.690491 90.164955 69.564926 0.027976 
88.737419 107.484924 92.423103 107.231201 73.156204 0.027976 
91.973557 86.857079 86.762093 103.954597 72.128258 0.019782 
85.533615 81.695724 91.272141 99.385101 69.971916 0.019782 
89.702499 89.640617 86.435768 97.423454 73.523651 0.019782 
93.973770 72.847519 85.691986 92.593063 79.120789 0.019782 
84.672546 93.173111 87.454063 94.389229 80.620522 0.000000 
92.984718 87.254181 87.262833 97.388016 87.199348 0.019782 
88.371246 76.781570 96.857750 96.076263 77.680260 0.000000 
88.170128 77.887489 90.174751 91.480644 73.260605 0.000000 
87.219482 89.586723 92.625038 110.220680 83.827843 0.000000 
85.258858 95.439194 89.930855 108.819328 70.572830 0.019782 
87.184746 75.960403 96.397369 92.060112 56.174301 0.027976 
90.480186 88.207169 82.384575 97.916313 74.947708 0.000000 
91.040520 103.037567 87.258911 97.756546 71.545830 0.000000 
89.735817 83.338051 84.959038 96.231346 76.410759 0.000000 
91.723503 86.528931 75.629471 100.376816 72.211327 0.019782 
87.188965 87.244164 91.722786 96.885002 72.780090 0.000000 
86.896759 91.103416 93.980408 113.847885 77.876678 0.000000 
90.454857 73.931152 92.104645 117.815132 82.512413 0.027976 
88.536812 83.298836 99.420471 103.327713 64.683823 0.000000 
96.745514 88.383011 90.046623 109.257225 61.849060 0.000000 
90.306351 66.005821 87.015640 92.507408 68.603661 0.000000 
94.194138 77.962914 95.136963 101.649979 62.164486 0.000000 
86.588730 82.639610 84.929596 118.648201 78.785530 0.000000 
94.147049 85.568275 85.376945 106.183311 62.751225 0.000000 
91.173782 79.680794 85.036873 105.157127 56.474319 0.000000 
85.211433 82.026932 89.546021 94.458267 88.619858 0.000000 
88.282257 77.846771 96.712097 84.192566 79.384941 0.000000 
94.262413 100.577721 92.969254 98.759644 68.738403 0.019782 
85.627296 83.761375 84.903671 81.342636 69.069305 0.019782 
92.994469 83.303009 89.437897 115.424095 64.151749 0.000000 
88.264442 106.128967 93.971230 103.724808 79.645683 0.019782 
87.316017 94.144226 89.867790 93.428665 70.894188 0.000000 
94.913284 80.854698 90.365730 106.848030 63.618538 0.000000 
89.437225 79.647964 80.110374 88.648163 88.162674 0.000000 
90.544960 89.708794 81.618828 101.146103 75.287544 0.000000 
90.642456 77.832512 96.903130 101.694702 67.857727 0.019782 
93.315498 95.841484 87.499817 78.325394 82.887985 0.000000 
85.845428 93.886261 90.419868 109.583275 75.957237 0.000000 
87.539467 99.627151 91.294914 107.980667 61.900970 0.039565 
88.593689 88.467300 86.721313 81.839226 59.339111 0.000000 
96.541283 86.192017 95.813469 96.748802 82.647240 0.000000 
92.404404 85.513351 89.003716 107.901596 77.934937 0.000000 
88.755920 87.807594 86.404129 101.180824 53.255547 0.000000 
94.163635 72.201187 92.426254 104.208939 77.743340 0.027976 
91.657257 84.236862 85.278412 102.274490 65.226089 0.000000 
87.439102 91.425827 91.895012 87.099434 92.588509 0.000000 
88.144257 87.270447 105.001816 99.586250 78.615921 0.027976 
91.128731 85.780579 88.673256 104.589668 60.623951 0.000000 
89.107155 101.288490 96.119667 99.551765 75.907600 0.000000 
92.437843 99.943382 87.491913 86.385963 68.383141 0.000000 
89.138710 72.955696 93.144135 89.675797 54.639961 0.000000 
86.838669 100.677910 92.835823 104.579773 62.496502 0.027976 
94.077141 63.377514 91.048866 90.066277 75.864052 0.000000 
92.778831 95.054771 96.099937 89.155907 78.962265 0.000000 
91.761551 86.518372 87.205299 105.121964 75.506920 0.019782 
92.956947 98.157852 91.977798 105.172653 52.220440 0.019782 
92.321152 77.485619 85.694244 101.686897 78.943611 0.019782 
89.903419 90.351921 84.720482 94.611046 67.626221 0.000000 
96.119934 101.382378 82.025864 87.007431 77.862038 0.000000 
89.783325 88.609581 90.348801 86.048935 72.880966 0.000000 
89.882217 84.186958 91.383163 113.837326 56.390419 0.019782 
93.199875 92.583214 79.034416 103.483902 75.023865 0.000000 
91.589188 86.922249 95.047989 101.412712 60.065517 0.000000 
88.574142 100.115128 84.003632 117.480370 73.098640 0.000000 
87.768440 121.324089 91.830299 78.675117 49.551956 0.019782 
85.602928 81.003708 87.702606 120.381729 76.171768 0.000000 
86.947319 74.783905 94.668823 89.559456 91.088844 0.000000 
87.052544 81.075378 94.918350 98.621468 81.251457 0.019782 
88.584351 69.824081 84.302437 107.911842 54.314911 0.000000 
91.004654 102.176918 90.881203 102.154274 74.086639 0.000000 
86.782433 90.424759 88.647247 89.741325 56.474094 0.000000 
92.879105 74.336647 88.461235 96.390984 68.537788 0.000000 
89.521225 100.982895 92.911156 107.180496 70.756973 0.000000 
89.365593 92.452576 85.304436 103.375252 63.394615 0.027976 
85.596916 84.504089 92.020920 100.032722 55.700180 0.000000 
90.381783 103.255730 80.033501 111.285156 77.679497 0.027976 
84.772194 82.603668 79.169189 101.953766 71.307297 0.000000 
86.713028 99.264771 96.858688 115.518906 76.068947 0.000000 
89.182388 99.463882 85.492393 101.994797 67.486053 0.000000 
88.185486 78.063385 82.647766 111.989006 76.669914 0.000000 
88.425835 98.586319 88.499817 104.204399 57.338139 0.000000 
88.289581 66.705627 88.898369 113.623993 52.638702 0.019782 
94.622063 91.648193 85.363853 94.235748 63.034729 0.000000 
94.558449 126.558655 84.690285 102.172684 63.553066 0.000000 
92.536316 94.410095 83.003487 119.907410 81.625969 0.019782 
87.529419 90.896584 92.460304 96.607948 60.725395 0.000000 
93.350975 79.629013 94.755371 106.699738 43.932411 0.000000 
88.322914 105.741455 83.608727 119.331215 62.923531 0.000000 
87.289307 97.292152 85.230598 100.850540 73.485001 0.000000 
89.004318 81.401550 94.432945 115.690147 75.829422 0.000000 
88.294174 76.582863 101.483910 107.972626 51.160545 0.000000 
91.961548 68.143364 95.941956 107.882584 63.606853 0.034264 
87.831497 74.736427 86.560997 119.878586 59.451466 0.000000 
93.475548 73.575836 97.529411 116.431648 46.729858 0.000000 
90.319534 47.932564 94.182259 122.309151 51.469482 0.000000 
93.532471 75.130981 97.242737 109.703415 54.566597 0.000000 
90.114487 87.151352 90.227951 124.525986 50.826401 0.027976 
94.366653 68.467415 96.838432 110.624588 51.581638 0.000000 
90.667847 109.426704 87.631760 93.089417 52.006725 0.000000 
89.401459 91.111618 92.833199 97.249138 40.902847 0.000000 
87.351357 125.030716 91.438652 110.719536 58.090065 0.000000 
87.084145 74.452118 93.901924 104.723129 58.438740 0.000000 
91.338394 88.610504 89.810402 106.617867 57.336334 0.000000 
87.760551 68.278587 89.708664 109.853767 66.847420 0.019782 
87.192986 114.601601 95.081367 116.904343 52.236015 0.000000 
89.786224 83.105675 95.517006 104.315887 64.523064 0.000000 
93.707207 78.410347 90.437050 103.682854 49.109997 0.000000 
93.508224 81.526581 91.371788 106.975731 53.847733 0.000000 
94.376381 87.237282 90.915939 104.525497 47.536686 0.000000 
88.616409 59.414688 98.503197 97.268883 39.955620 0.000000 
91.109749 102.358376 84.962372 100.722633 62.370113 0.019782 
91.684364 65.278755 99.328232 103.868759 28.999443 0.019782 
88.911873 146.780502 89.885597 109.988274 51.620243 0.019782 
83.293694 68.495575 84.038246 96.773445 45.339958 0.027976 
87.946831 127.289970 97.619835 101.346329 36.852291 0.034264 
87.654457 78.842644 98.826622 91.007919 36.207401 0.000000 
92.240974 92.005135 100.766068 88.744743 45.995564 0.019782 
85.787170 86.054840 93.228165 115.811096 35.958244 0.027976 
87.262001 98.995659 94.837990 89.195183 39.471542 0.000000 
93.181000 115.334755 97.200081 85.840271 39.402279 0.000000 
89.597923 28.950083 103.532280 103.475937 30.381292 0.027976 
