3376.351807 1588.094727 887.042480 888.119324 144960.265625 
4844.752441 2486.670898 1090.575195 674.999207 115508.335938 
4687.700195 2122.820557 1087.168945 1272.485962 132489.203125 
7122.806641 2182.493652 1271.894043 781.097229 133330.031250 
3459.220703 1970.709106 1481.191895 749.800232 163820.343750 
4993.737305 2090.924561 1137.748901 810.616638 124450.515625 
4265.448730 2873.619141 1446.188232 1022.674622 118063.796875 
4724.722656 2739.720459 1614.437622 1060.945068 164996.484375 
3774.793213 1951.024780 962.489319 715.900696 152775.015625 
3074.840820 2106.351074 1104.467163 720.473572 138830.031250 
4990.507324 2272.736328 1029.319824 769.054626 156549.296875 
4023.214844 1938.157471 1048.693970 1015.055237 150033.000000 
3754.443848 2580.637695 1818.237183 1079.866089 137575.109375 
5098.968262 2337.871826 995.926880 614.302185 140659.156250 
3648.200684 2005.775513 954.715942 659.903137 130076.078125 
4182.693359 2167.374023 1142.443359 839.679993 150555.375000 
6050.683594 2235.499268 1567.989746 1049.699585 123916.781250 
3573.500000 1910.059204 974.287903 810.846741 150589.312500 
3219.249512 1904.684570 1317.610962 799.221375 122811.554688 
4087.272705 2934.760986 1799.270508 1057.298096 122342.265625 
