88.618652 87.815590 90.320442 100.842850 97.123291 0.000000 
91.348541 59.343426 71.202629 25.827578 82.536835 0.000000 
88.077301 62.311687 66.436417 53.581844 82.614204 0.034264 
91.006638 79.966728 85.750015 84.890228 86.423645 0.000000 
90.594025 66.991791 58.237465 67.985909 79.412239 0.000000 
92.766022 77.180962 76.666367 82.364189 76.595993 0.019782 
89.323860 46.308861 54.770023 38.314209 30.477150 0.019782 
90.119141 55.591801 68.632309 52.431576 31.629902 0.000000 
88.889236 39.609863 39.560699 26.526239 33.346428 0.019782 
90.097099 59.009212 52.116337 61.274487 57.076122 0.019782 
85.010193 44.419521 49.741512 41.054600 41.271706 0.000000 
92.306694 67.700935 61.710426 52.034256 48.949642 0.000000 
86.665848 65.542831 60.141491 56.721851 42.517578 0.027976 
86.233543 81.497498 67.250404 73.817726 57.448677 0.019782 
88.428558 44.178776 40.330696 50.030914 36.907913 0.000000 
90.060051 39.879341 47.642952 38.740696 40.382656 0.019782 
85.941444 62.856461 56.035347 50.780777 54.496174 0.027976 
91.039886 82.457268 72.345406 75.270882 67.931046 0.000000 
91.594582 71.575516 79.865837 82.143738 56.896492 0.027976 
91.160759 65.155815 75.099243 70.443604 68.304832 0.019782 
93.207420 86.523941 77.262993 83.177856 72.684059 0.000000 
90.273743 74.698990 78.911079 73.010902 60.413216 0.034264 
95.022591 87.963158 83.742493 66.989670 70.577286 0.019782 
92.004311 72.438866 76.739548 93.150810 75.582245 0.027976 
86.749268 88.352417 80.278870 77.189659 70.590614 0.019782 
88.250389 78.280289 80.586731 78.977333 75.775642 0.000000 
92.491547 82.160423 84.866692 89.000336 86.963486 0.000000 
82.352936 80.862518 85.667221 78.271324 62.366642 0.000000 
94.886292 72.637817 72.913429 77.887466 77.307030 0.000000 
92.624550 74.898544 76.167198 74.265518 55.741692 0.000000 
85.176003 93.217369 91.484695 85.562370 56.835117 0.000000 
88.127235 85.151138 86.617416 73.472054 71.031013 0.000000 
92.243904 83.333725 81.629616 73.748528 61.571751 0.027976 
90.993668 79.612465 87.581200 76.657249 57.729195 0.000000 
88.625366 96.408607 95.544495 102.502792 108.499847 0.000000 
86.971695 63.387714 57.607601 54.899700 60.677937 0.027976 
94.177437 56.579231 54.490364 53.974876 48.901768 0.000000 
91.006081 64.261009 58.853046 62.891533 46.969246 0.000000 
85.992805 73.757553 74.433594 66.902161 58.911411 0.019782 
87.467331 65.859947 68.519089 62.666279 50.553375 0.027976 
88.315895 56.822243 68.421005 52.102604 41.222599 0.027976 
90.738998 61.155430 56.341969 52.207512 47.707714 0.000000 
87.318741 95.253433 84.053703 72.172218 61.824539 0.000000 
90.679794 64.814537 57.430004 67.078835 54.142670 0.019782 
89.864952 68.559425 72.144173 69.376007 59.655102 0.000000 
94.285751 80.086731 79.821304 78.465294 62.370911 0.000000 
92.236267 50.890266 48.170773 61.364315 49.833096 0.019782 
86.613312 74.913582 78.868980 63.175259 43.166969 0.000000 
85.334229 58.565258 61.165813 52.012291 43.263935 0.000000 
86.313995 98.994293 81.206024 86.741409 63.069893 0.019782 
90.164536 55.259762 65.469124 64.575729 49.650993 0.000000 
87.184624 64.413330 72.511543 56.778336 42.976475 0.019782 
88.233444 88.888107 88.444420 75.083084 52.259586 0.000000 
88.225281 74.138733 76.295532 68.777855 51.085625 0.000000 
88.757172 90.440987 86.916519 93.833641 68.738487 0.000000 
89.833702 76.920319 85.953430 91.959000 68.514702 0.034264 
92.628174 95.090828 99.366844 90.623253 55.503784 0.000000 
89.431580 72.613907 65.019463 58.327545 53.097866 0.000000 
90.356911 74.770859 75.879150 69.837921 55.971306 0.000000 
85.980736 62.708462 48.111626 52.638340 41.872173 0.000000 
89.785805 70.455101 70.981255 64.415230 52.160931 0.000000 
86.357750 66.497871 71.224625 52.098911 51.699413 0.019782 
85.122925 55.889587 53.890110 48.065990 55.198563 0.000000 
90.046043 56.168613 60.494614 64.215599 44.709152 0.000000 
92.583191 65.145828 59.628971 55.117897 44.284374 0.000000 
93.502678 65.209312 58.103107 58.332615 45.411850 0.027976 
87.229881 63.563663 76.787277 60.750992 40.642941 0.000000 
89.453659 60.650955 54.762890 57.721069 41.668484 0.019782 
94.632248 85.709801 67.873253 65.808739 45.196678 0.000000 
88.700989 68.732300 67.014450 63.375164 53.718288 0.019782 
90.701363 73.582932 80.082581 60.960663 40.073799 0.000000 
85.724350 78.577011 70.892632 66.056694 40.245369 0.019782 
86.023468 65.904480 69.404037 82.562767 79.565819 0.000000 
87.109253 66.376999 68.041054 56.522907 51.338139 0.000000 
88.902420 60.477921 78.268883 88.145065 89.533134 0.000000 
92.648186 56.795471 58.225174 63.161968 49.975201 0.000000 
91.435547 85.515869 85.884888 78.603645 58.914444 0.019782 
92.422592 73.839249 69.744911 59.854122 41.431477 0.000000 
91.030594 60.995701 64.488541 62.407696 42.984261 0.019782 
91.904564 91.795815 101.316002 94.131752 71.724518 0.000000 
95.713264 73.295456 59.345222 57.684334 40.487370 0.027976 
87.498047 63.897362 65.626945 55.590157 43.775654 0.027976 
85.686577 68.306442 67.165596 51.886124 36.333145 0.000000 
89.129539 86.087433 80.985695 76.164749 52.871101 0.019782 
89.488983 58.063328 70.449570 60.916092 36.526058 0.000000 
87.106750 67.839386 59.670334 54.137367 49.447594 0.000000 
87.044716 61.014008 43.759529 35.348141 34.803680 0.019782 
92.494125 85.521034 75.567078 69.579475 48.941341 0.000000 
83.451973 56.598255 39.959766 37.878540 33.686237 0.000000 
90.526436 48.368546 43.397095 42.070827 38.303589 0.000000 
84.835037 59.954716 60.591286 58.577477 37.464176 0.000000 
86.959824 48.459728 32.982986 36.411633 24.959578 0.000000 
92.850113 75.205612 82.022514 70.807198 68.270157 0.000000 
86.840584 84.743790 76.453827 74.814064 57.954685 0.000000 
89.014687 62.800095 59.797619 62.461025 46.537849 0.000000 
87.582283 60.185535 63.216930 64.476578 63.114597 0.000000 
87.846855 55.439861 59.241123 63.272652 42.965961 0.019782 
85.355949 59.730850 52.188072 37.421112 26.500935 0.019782 
88.996803 47.911301 41.790428 30.724979 33.657345 0.019782 
86.250046 57.012184 53.046848 44.470638 30.791443 0.000000 
90.965935 73.582245 62.792110 53.765072 43.864372 0.000000 
91.628830 73.219238 66.902138 58.595253 46.421894 0.000000 
84.471146 70.296638 55.425640 46.884975 29.745462 0.000000 
83.652206 52.840034 56.537174 53.110100 49.498966 0.000000 
94.231514 59.619270 61.293652 49.276192 29.152025 0.000000 
88.029320 71.194023 74.002594 71.448647 48.956177 0.027976 
94.512863 56.644760 67.272789 66.995483 55.071732 0.000000 
86.821167 95.298012 91.774513 86.642860 58.491550 0.000000 
85.935196 76.757629 88.009789 82.467972 62.787083 0.027976 
88.027184 77.662552 77.094261 66.766228 58.490108 0.019782 
90.876869 88.539017 73.552185 76.370316 45.369987 0.000000 
97.010567 65.551857 66.620094 59.463284 54.645081 0.019782 
85.457062 79.847763 69.483391 54.341827 48.665390 0.000000 
82.286034 68.131569 60.456707 55.950600 46.603996 0.019782 
90.293625 73.052017 79.249573 72.499916 59.077309 0.019782 
83.743301 79.255920 77.772697 57.792877 43.627804 0.019782 
91.489426 62.461201 71.654190 58.568707 52.865360 0.000000 
81.584167 57.616516 50.966431 42.993183 35.480484 0.027976 
87.151825 55.291344 50.677376 44.697689 33.944752 0.000000 
86.282082 42.094894 38.989475 32.336643 26.140083 0.039565 
91.326530 77.160973 80.786819 91.747307 73.867714 0.000000 
88.527672 46.830505 46.606853 49.312202 48.390274 0.000000 
88.965683 82.588081 74.742142 73.980583 51.178715 0.000000 
79.889763 67.921265 62.126072 53.687660 44.448540 0.000000 
85.103928 56.000214 59.337147 67.594574 76.600563 0.000000 
95.327477 99.659813 105.526360 98.811050 71.180252 0.019782 
87.245811 52.401623 50.527874 47.122574 34.589817 0.027976 
99.461159 85.843323 90.143913 84.040382 69.544731 0.000000 
90.064667 63.028061 43.660332 35.693905 25.194086 0.019782 
83.901741 63.304173 55.425835 54.528690 49.363758 0.000000 
98.017227 48.427551 39.124832 41.690731 27.070826 0.027976 
89.888985 68.238174 63.819920 60.044239 42.009777 0.000000 
90.994293 56.287231 54.843773 60.412830 62.857517 0.000000 
84.559006 50.044888 40.878525 30.197010 22.046064 0.000000 
88.309280 82.895096 84.005455 73.562065 46.272526 0.000000 
92.936981 80.889763 94.215866 89.192833 93.748039 0.000000 
90.679993 49.633682 34.103180 32.518074 28.820374 0.000000 
86.590805 60.307724 49.050407 50.540966 35.332859 0.000000 
88.879852 75.603592 77.198051 71.921524 59.438694 0.027976 
89.770050 46.604210 37.750336 38.397823 27.543489 0.019782 
91.792656 83.893120 76.785339 75.417862 51.195415 0.000000 
91.564011 71.386894 69.801147 68.858429 48.554283 0.000000 
92.271530 87.156387 83.732574 72.659386 48.287560 0.019782 
88.534019 85.118553 94.246826 58.697510 99.209534 0.000000 
78.855392 59.573517 56.505638 41.423672 36.657330 0.000000 
93.008469 86.131294 84.234741 78.810997 58.030617 0.034264 
93.707649 127.301567 128.918808 114.658745 75.954292 0.027976 
87.884956 52.835670 50.625454 38.804142 30.355947 0.027976 
88.718132 58.207211 56.464939 49.829254 37.384628 0.000000 
88.687485 49.188293 37.144363 38.424908 27.450926 0.000000 
86.350151 44.046299 45.779411 43.932240 32.091167 0.034264 
86.129448 96.382576 95.588684 88.510109 57.816372 0.019782 
93.083328 74.587151 68.542130 52.510925 35.804531 0.019782 
87.332939 50.065220 33.779686 30.238396 31.976192 0.000000 
91.058716 87.175209 66.592735 61.310505 52.253590 0.019782 
84.630928 40.400673 37.191082 34.369736 28.683075 0.019782 
82.713188 75.486473 68.878296 51.790123 41.230297 0.000000 
86.006630 62.984653 64.679245 65.966927 62.487198 0.000000 
93.169449 56.013985 49.954670 41.554504 24.980957 0.000000 
95.778160 56.885338 73.354736 77.146217 89.105423 0.019782 
92.350403 79.464729 91.993973 79.973740 51.680557 0.000000 
92.167976 81.632423 75.162514 57.532261 40.390289 0.000000 
82.785194 45.761810 47.027599 36.376266 25.176167 0.019782 
84.272720 78.375595 65.754868 61.451553 46.447441 0.034264 
84.735352 35.270470 28.731298 29.471136 20.053850 0.000000 
94.722008 48.425220 45.059414 37.979416 39.684555 0.000000 
87.663857 40.888210 37.545612 28.674816 24.891954 0.027976 
82.473701 60.074913 57.123047 46.156807 34.869019 0.019782 
89.038979 43.664867 44.258476 36.007038 27.881586 0.019782 
82.746597 52.853664 46.127625 40.840939 32.726013 0.000000 
87.154716 65.279900 57.371853 49.246872 31.429941 0.000000 
86.200508 71.645271 69.001732 52.823322 45.756996 0.000000 
88.356911 50.693077 53.086697 45.562012 21.844549 0.000000 
85.669205 59.496685 58.803310 45.482792 39.703423 0.000000 
84.458115 71.537033 66.636040 60.014835 39.366840 0.027976 
88.074944 76.456955 77.828865 67.249199 50.354626 0.000000 
91.788406 77.774246 65.821892 60.321335 29.107893 0.027976 
95.826210 89.430710 82.452835 78.556213 47.709511 0.000000 
86.318687 45.623070 40.370426 34.226837 36.830311 0.000000 
90.695419 67.420059 62.501900 50.306694 39.604820 0.000000 
90.549988 62.850788 59.663761 46.846642 33.191143 0.027976 
97.597870 58.330742 48.977161 50.784485 46.626942 0.019782 
87.780922 69.596977 68.366821 54.662003 45.538601 0.000000 
90.880257 62.497391 56.864574 47.131729 40.176048 0.000000 
92.299370 61.399281 53.424347 56.636841 34.930031 0.000000 
86.732269 54.390205 58.846939 57.752045 40.490322 0.000000 
88.917282 87.594627 83.719208 89.684639 64.994209 0.019782 
90.652946 67.869629 60.707729 52.359421 39.630524 0.000000 
82.514626 65.814072 68.815231 66.977524 45.240467 0.027976 
84.551582 106.199852 102.757622 104.708191 82.798157 0.019782 
92.144653 75.306763 57.183861 68.750641 40.487309 0.000000 
86.827438 66.235359 62.228580 47.564716 33.372658 0.027976 
88.073250 68.771240 67.148582 50.810387 28.225962 0.027976 
89.279984 54.291027 55.355289 50.055565 40.615833 0.000000 
89.632446 66.507744 59.026787 53.675789 35.401413 0.027976 
85.986313 56.140926 58.241020 61.563950 51.872181 0.000000 
85.707291 63.655293 66.039986 60.242516 32.741295 0.000000 
88.104362 65.908836 61.853252 54.058178 44.394165 0.034264 
86.852608 77.976044 79.812401 84.458076 49.593987 0.027976 
95.254776 69.205391 58.934616 56.064632 51.120720 0.000000 
85.144569 57.003162 46.632030 48.227940 38.907490 0.019782 
88.807724 65.360603 72.063484 68.640129 45.642860 0.027976 
83.328568 89.218697 96.684471 84.882553 71.018448 0.000000 
88.606468 74.897247 74.502838 84.922974 55.273106 0.027976 
87.726990 69.663048 68.631912 62.743366 43.840488 0.027976 
90.238777 76.455711 74.632706 74.709236 50.412636 0.000000 
90.562431 72.113106 48.623592 56.964664 36.114105 0.019782 
91.057564 68.492180 75.173927 68.505211 47.252132 0.000000 
89.039818 70.101601 78.694366 67.888496 37.779015 0.000000 
93.348473 80.375488 95.702759 79.086815 61.421581 0.000000 
80.715271 68.729591 75.664200 59.936996 37.370213 0.000000 
89.665253 51.213867 76.777222 62.644360 54.799858 0.027976 
91.753822 67.753319 58.768448 66.024803 48.147831 0.000000 
88.596855 67.551704 71.675385 77.058334 62.749203 0.027976 
90.998215 77.982346 66.306633 73.972153 44.959278 0.019782 
90.726982 78.663422 63.482891 67.795845 63.858707 0.000000 
90.015610 64.214752 62.616249 53.988148 40.212040 0.000000 
89.001625 67.573608 47.554173 49.566448 37.986366 0.000000 
87.678329 67.102821 64.947037 74.970520 58.285542 0.019782 
88.721497 81.613998 75.535431 74.800758 51.438858 0.000000 
82.579712 68.288475 77.103539 74.111877 56.213512 0.000000 
88.759293 61.964867 64.354347 57.291946 42.651203 0.019782 
87.994789 67.606430 67.254211 53.451256 44.137276 0.000000 
90.085640 74.084702 71.197975 61.460751 47.524708 0.000000 
84.302261 74.859612 67.010414 59.978245 57.557728 0.000000 
87.090332 64.113319 74.643303 59.463829 47.207550 0.000000 
91.902458 71.537209 69.422722 60.619770 51.263489 0.019782 
89.262733 61.770367 58.602520 65.114922 44.656307 0.000000 
85.137527 63.219704 51.801014 55.597446 37.116848 0.027976 
86.311287 59.375168 64.613632 59.014008 42.023926 0.000000 
89.316978 75.330330 72.625534 74.367462 54.764179 0.000000 
91.905746 77.373116 71.376541 63.705276 45.382835 0.000000 
94.947975 65.370941 64.155029 53.324772 39.650276 0.000000 
89.300980 63.682831 52.253269 52.101654 48.425507 0.019782 
91.951317 64.608261 66.626175 61.050289 50.291870 0.019782 
92.092278 59.937901 63.068783 49.513958 43.354679 0.000000 
89.379601 81.395027 84.840675 71.613632 55.725361 0.000000 
88.777748 75.557327 76.079491 64.011658 40.509510 0.000000 
89.100487 69.922791 59.453861 60.783272 51.174053 0.000000 
88.117599 64.785583 62.654068 51.876244 35.765995 0.000000 
91.223892 68.057297 64.064713 70.961693 57.321388 0.027976 
90.940483 70.330353 71.973358 55.432327 35.450420 0.000000 
89.143379 70.042061 69.571503 57.913990 45.569584 0.027976 
87.658089 59.642826 57.425251 47.084793 38.153435 0.000000 
87.941360 82.347343 72.828026 65.383141 46.238949 0.000000 
88.309937 65.926903 56.181526 53.770367 44.023037 0.000000 
86.370483 67.370827 57.996048 70.235809 71.023224 0.000000 
85.502159 65.127182 62.051300 51.937519 36.445190 0.000000 
90.076622 70.835373 71.204872 75.554802 59.504036 0.000000 
93.329544 70.552132 59.668018 64.678436 42.943249 0.000000 
92.123360 75.537544 74.736626 66.685539 47.205753 0.019782 
92.082047 63.057587 69.283531 54.806496 54.086189 0.000000 
93.976402 61.332035 54.059177 50.440338 48.507839 0.019782 
88.836266 61.732422 67.393639 56.015797 33.727715 0.000000 
84.874657 70.048874 77.499245 64.297745 43.455856 0.000000 
89.725838 86.201973 83.674240 79.434265 81.081894 0.000000 
87.981453 65.395493 77.539093 88.217667 64.719292 0.027976 
92.573036 89.294640 83.260109 65.792534 50.971214 0.000000 
90.919479 76.131042 65.219452 61.344017 55.829296 0.019782 
90.667236 77.637077 69.715324 63.807747 74.147057 0.019782 
87.842613 63.506016 56.550068 50.581905 39.338276 0.000000 
89.686050 66.418030 62.963039 62.199375 48.215508 0.000000 
92.424431 61.313293 70.168900 66.459869 55.132469 0.019782 
91.843948 69.078644 72.048935 67.523575 40.970860 0.000000 
84.234238 80.669518 74.220146 60.358780 59.681911 0.000000 
96.478493 74.553886 76.537201 61.485554 53.819363 0.000000 
84.747864 78.165489 83.106743 74.165367 43.835533 0.019782 
89.009659 69.669922 67.224030 59.302010 45.577194 0.000000 
90.277557 84.918785 94.772308 90.788345 72.482101 0.019782 
91.042938 81.380417 92.364609 87.451599 45.644314 0.019782 
87.997147 69.945824 66.791466 57.273914 39.715820 0.027976 
83.066193 75.874771 61.781559 55.694374 37.770603 0.000000 
90.629608 68.215622 74.277100 64.153206 45.250935 0.034264 
91.913994 70.006447 72.029549 62.506256 45.249252 0.019782 
91.936180 75.473694 64.492317 63.805683 50.425694 0.000000 
89.533539 78.739220 75.453575 81.322861 58.233173 0.019782 
87.370590 84.669876 64.150185 55.712776 41.784237 0.000000 
89.851730 74.703117 61.471359 62.883854 48.348770 0.019782 
86.937111 74.573372 65.766167 54.772552 43.329632 0.000000 
92.983398 67.411110 62.321491 57.419575 47.019447 0.000000 
90.321884 78.672340 82.054504 64.509232 41.640324 0.000000 
86.762009 70.790016 79.396179 63.328815 60.812943 0.000000 
83.087639 66.243019 58.594345 58.117558 47.555885 0.027976 
89.873650 62.145691 51.215103 47.534031 38.700134 0.019782 
90.495850 64.865623 55.791962 64.332962 33.122406 0.000000 
90.625359 70.657082 66.111603 73.104256 60.698849 0.000000 
89.002388 82.484543 66.456573 69.700310 49.679756 0.000000 
84.982819 61.067497 66.477234 55.939014 46.293716 0.027976 
90.194229 74.391891 65.680405 77.942940 51.539555 0.000000 
88.402969 62.316204 67.501091 66.381386 52.288113 0.000000 
87.389175 55.955055 52.330948 39.349323 36.241024 0.000000 
98.205162 58.520962 68.520088 58.715294 42.050697 0.019782 
86.096451 74.608604 78.445190 66.094467 41.356556 0.000000 
90.556099 70.742569 67.670952 68.490562 60.733501 0.000000 
88.967781 73.175842 74.291107 80.556534 66.698341 0.000000 
86.466667 65.903412 54.543308 58.413780 54.017113 0.027976 
88.686050 64.651718 63.281425 56.979080 36.025543 0.027976 
88.668991 69.264732 59.617416 66.863106 50.769146 0.000000 
87.561470 69.981789 80.136887 79.381470 60.123547 0.019782 
93.183739 64.956932 55.232616 51.358482 56.324135 0.000000 
90.081795 63.094051 59.457920 59.225384 37.798180 0.000000 
87.195099 66.452858 73.040115 63.732697 35.824814 0.000000 
89.799980 74.003876 70.206146 55.447735 43.157089 0.019782 
86.869621 78.328964 63.707699 54.319912 47.798523 0.000000 
87.141312 68.771706 64.562622 68.429573 37.284939 0.000000 
88.506813 68.132950 71.091858 64.497894 42.790398 0.034264 
87.649231 75.629387 71.351990 57.886784 51.067181 0.000000 
90.589813 69.280785 72.446518 62.308971 45.645168 0.000000 
92.084335 88.062866 90.315353 62.165535 51.754017 0.000000 
84.473854 66.980522 58.852840 53.434238 51.910610 0.027976 
89.645401 67.937645 63.874233 62.406940 60.047611 0.000000 
91.362045 68.804543 68.316002 66.435730 39.449406 0.000000 
86.068703 56.928776 60.603020 58.338516 42.393040 0.019782 
90.447243 75.327110 61.948067 55.890690 51.864971 0.000000 
88.497032 67.479424 53.064301 51.331470 52.237808 0.000000 
89.720024 97.478973 88.231117 90.935669 51.166317 0.000000 
91.291206 88.905525 80.920853 59.116379 27.619045 0.034264 
90.156044 75.601250 71.732651 61.174381 41.336681 0.000000 
81.105377 60.519596 53.595009 48.010490 53.969105 0.000000 
87.055702 73.225288 58.664330 62.117481 42.877266 0.019782 
90.291183 63.193054 66.841454 71.267982 44.666668 0.000000 
82.455475 68.743759 69.463570 66.581490 44.210636 0.000000 
95.181046 73.362228 70.598801 59.035465 35.748543 0.000000 
83.513748 76.564018 68.972969 75.660934 58.283920 0.000000 
89.255447 61.216705 71.121391 62.395443 46.649059 0.000000 
90.316208 83.162483 81.042389 83.408165 53.881332 0.027976 
87.858780 64.707291 64.725861 61.014187 41.158508 0.000000 
90.127869 67.039429 67.357498 60.056515 47.588070 0.027976 
89.373314 61.751099 52.885448 48.584629 49.629490 0.000000 
89.813843 81.733543 88.290482 72.402054 57.112083 0.000000 
82.893173 73.187012 66.136185 66.381447 54.323891 0.019782 
91.542160 55.216068 56.253315 42.088303 42.368931 0.000000 
87.106262 61.021667 54.351242 55.774311 36.054779 0.000000 
88.551353 75.084213 72.894943 61.961605 43.481709 0.000000 
93.485031 60.623486 61.155842 56.978401 58.801590 0.019782 
91.140274 58.632309 72.333679 62.674431 60.760239 0.019782 
88.900070 73.997101 72.922913 63.663345 48.646790 0.019782 
87.379051 83.628342 91.308083 77.599365 59.867424 0.034264 
90.557854 64.130173 65.433510 61.102814 43.595100 0.000000 
87.596687 69.578194 68.171722 54.356609 37.722145 0.000000 
93.006737 63.767548 63.623112 66.477547 39.571407 0.000000 
90.069763 77.192390 69.238564 65.237663 58.358868 0.000000 
92.971916 86.039078 90.453545 77.243492 63.298805 0.000000 
96.905365 76.594612 65.219803 67.184052 52.797352 0.000000 
89.634392 86.999466 83.826027 81.866470 57.463161 0.000000 
86.297356 96.151901 93.217667 86.795197 70.401985 0.000000 
88.257568 75.810188 71.815666 60.229469 52.307381 0.000000 
89.939415 84.849884 77.442230 87.188004 58.931660 0.000000 
87.649704 68.131149 64.116081 58.244503 44.860729 0.000000 
89.160561 75.070786 71.602875 74.300789 41.075699 0.000000 
93.010536 71.341202 74.498856 76.115585 74.637436 0.027976 
91.228882 66.226807 60.669029 63.433475 47.794899 0.000000 
89.974197 76.290375 72.128380 66.829262 43.928070 0.000000 
86.700699 77.263184 77.281357 60.200840 41.573811 0.000000 
93.124016 69.383636 66.079407 68.410500 39.223995 0.027976 
90.308441 97.413216 83.159012 101.269539 67.078697 0.000000 
88.500267 73.978241 62.068264 68.925446 46.324802 0.039565 
89.551277 74.590324 70.713158 79.442673 47.969097 0.027976 
83.826187 74.377403 64.722984 60.808346 40.181564 0.027976 
90.658104 67.768890 71.107086 60.148323 44.067661 0.000000 
92.399979 76.677391 74.621422 69.044456 40.491394 0.000000 
91.313530 65.569328 58.803917 46.365746 42.225780 0.000000 
86.414124 71.610146 60.515053 68.438728 45.313545 0.000000 
89.384247 66.202957 64.305450 50.846672 27.785843 0.000000 
84.181137 79.403160 79.238007 76.591415 56.476562 0.000000 
90.065063 63.743107 65.887680 51.714184 49.569748 0.000000 
92.058701 59.304199 56.759972 54.336884 26.751354 0.000000 
93.004715 92.202515 80.910728 82.056816 54.646622 0.000000 
94.592972 71.337875 73.061996 71.441902 71.652779 0.027976 
92.384659 62.623646 70.217438 64.306183 46.658539 0.000000 
88.215256 65.284981 70.180122 68.809082 31.985308 0.000000 
92.416336 63.292458 48.100304 43.331295 29.330454 0.019782 
84.597153 85.664215 91.327461 84.618652 52.171928 0.019782 
87.146896 67.810753 51.662937 49.429043 43.707153 0.027976 
87.579659 64.707283 54.543404 52.270210 55.315346 0.019782 
87.473839 84.536827 74.708595 69.984650 48.713219 0.019782 
91.661613 57.080761 52.573750 45.474434 34.353653 0.000000 
90.435646 71.279282 73.386169 76.262550 56.034748 0.000000 
93.613708 52.034622 48.271904 45.230488 39.887260 0.000000 
91.798759 69.239723 69.675194 64.783478 62.854790 0.019782 
95.080086 68.660202 73.191444 70.567543 44.756428 0.019782 
86.938065 58.771278 59.394279 53.150661 41.608894 0.000000 
90.179955 60.593758 52.093159 45.225716 38.441429 0.027976 
89.816803 105.848457 87.699936 86.124542 53.843540 0.000000 
93.945618 63.195686 61.585743 54.697662 43.359589 0.027976 
91.588234 61.503170 55.457092 52.177025 30.211071 0.019782 
90.868782 74.513351 71.938484 69.825783 47.263634 0.000000 
93.974480 69.903625 60.977085 54.033066 41.402981 0.000000 
88.293251 63.679844 67.702980 60.134731 42.023354 0.000000 
89.785904 58.187496 52.376114 58.050808 35.097874 0.000000 
87.925186 67.661118 60.496609 60.696846 42.170658 0.000000 
81.875908 65.066605 72.220703 63.547909 59.485302 0.019782 
89.096718 81.353683 79.153618 79.301369 57.204720 0.000000 
90.523575 68.843399 74.370674 61.091423 41.605133 0.000000 
88.245972 56.588444 48.811481 50.490314 34.694221 0.027976 
88.436958 101.042198 86.422867 84.495293 54.751675 0.000000 
85.832382 57.210346 67.718567 58.213280 40.459274 0.000000 
89.241447 55.179661 60.442459 59.434582 42.972416 0.027976 
93.081268 59.871044 63.198643 53.909126 39.159218 0.019782 
88.083755 70.433601 68.356621 68.700684 34.832809 0.000000 
90.119385 57.001785 60.099323 50.717381 32.690022 0.000000 
92.773766 76.869980 78.607315 64.024254 32.693993 0.000000 
88.290230 55.913773 56.296383 67.880928 76.066521 0.027976 
93.597557 56.655594 67.771431 55.428074 41.486916 0.019782 
86.277695 60.302376 61.797516 50.762730 34.912800 0.000000 
84.894562 78.027374 71.794708 71.702950 40.003990 0.000000 
91.773056 62.618435 56.719147 49.389122 43.120369 0.000000 
89.113876 66.129082 69.986595 60.754547 34.074509 0.000000 
84.612541 72.232597 69.864540 74.245308 51.484108 0.000000 
91.444107 68.411713 54.284111 56.871719 37.395012 0.019782 
91.584518 66.981018 74.719704 55.652157 41.219452 0.000000 
83.497047 76.686790 88.082077 77.135223 55.020023 0.000000 
87.629898 70.360016 57.936176 62.045971 51.823811 0.000000 
87.305893 60.701134 53.988255 63.686966 49.244934 0.019782 
90.812111 54.450287 49.341400 39.094006 33.609615 0.027976 
88.178467 53.140862 53.024036 43.826546 31.735151 0.019782 
86.978210 61.075207 71.363823 56.549713 46.554462 0.000000 
93.909531 56.287174 55.166637 53.750713 40.056274 0.019782 
80.032394 63.547268 50.704098 58.153759 51.073910 0.000000 
85.377571 70.040543 68.944962 53.275639 38.822121 0.000000 
89.782455 72.699905 75.669312 69.398132 47.069473 0.034264 
91.736572 64.743057 56.279839 65.010132 53.677795 0.000000 
90.767921 50.733234 54.695107 61.503288 37.485580 0.000000 
94.770386 74.867264 69.543152 69.163528 48.318550 0.000000 
90.932434 69.045357 65.947716 65.834579 33.907204 0.000000 
86.082451 70.571297 76.767197 81.783722 48.779850 0.000000 
91.671890 68.210167 72.186287 54.733837 48.748524 0.019782 
94.045647 55.520935 52.189316 42.603058 34.663994 0.000000 
84.300430 72.729561 58.763672 53.284386 55.162571 0.000000 
86.837738 72.982788 78.406738 111.522476 58.656773 0.000000 
83.411766 73.088692 73.096268 68.410110 48.504814 0.000000 
85.333206 62.537430 64.560677 57.346825 63.951336 0.000000 
90.948868 77.010101 76.054581 60.502106 40.402637 0.000000 
86.899101 62.495872 61.143265 55.351059 37.429214 0.000000 
93.620872 66.774620 59.070370 62.708939 42.130245 0.000000 
92.932381 64.205620 62.714451 52.805794 36.941319 0.000000 
92.150551 70.498573 56.098087 61.822403 48.757210 0.000000 
89.049477 78.099091 77.607559 78.168633 48.331074 0.027976 
86.015015 81.749176 74.168457 81.192436 51.181534 0.000000 
85.370712 92.908218 86.056847 94.085670 78.589684 0.000000 
90.138763 64.148666 53.620380 49.147430 42.106728 0.027976 
91.895187 57.997108 65.135727 48.531319 47.289104 0.000000 
85.431618 71.484154 61.687111 65.940186 41.617718 0.000000 
94.052963 60.372208 52.180527 58.879341 58.062534 0.019782 
86.985062 67.967819 63.855984 56.329475 33.096321 0.000000 
91.999176 65.067970 68.958687 52.981449 30.086597 0.027976 
89.640831 50.497780 53.447998 48.109409 35.893654 0.000000 
94.444771 78.365982 74.617172 58.901310 40.834557 0.019782 
83.566849 66.204338 59.709995 66.867943 38.500214 0.000000 
87.557770 80.519257 70.400429 83.434196 55.048359 0.000000 
91.161316 73.654335 65.621635 59.425468 35.768188 0.000000 
89.921288 55.134953 61.774803 50.112877 37.283844 0.027976 
85.813408 88.408157 82.729103 83.347725 54.263649 0.019782 
84.631462 86.499573 77.380104 62.815292 42.331917 0.019782 
93.058601 102.888786 84.362045 85.612190 57.747330 0.027976 
85.582329 67.687622 71.591805 60.467937 44.374832 0.000000 
85.790710 80.589317 67.355583 56.874077 37.936684 0.000000 
90.995056 63.511745 66.918396 59.307293 35.790150 0.000000 
95.104256 57.302349 55.495670 48.974064 40.163765 0.000000 
87.184189 67.547348 63.489666 72.996147 54.931210 0.019782 
88.419060 78.274879 76.428497 71.328346 64.811119 0.000000 
82.906868 52.694599 53.919746 49.806267 53.817535 0.027976 
89.948067 89.598061 88.620583 83.696419 65.056152 0.027976 
88.100807 57.403080 59.403442 57.830730 44.776058 0.019782 
90.030083 53.994560 49.137085 55.606125 42.314293 0.000000 
87.507851 61.701233 58.783123 51.166801 39.506889 0.000000 
88.483276 75.585106 72.537849 66.891724 40.085468 0.000000 
90.243362 78.996246 69.225693 61.844879 38.445137 0.027976 
92.051651 53.877510 52.692921 45.291847 37.888546 0.000000 
88.055672 74.037392 82.557259 91.359604 50.753380 0.019782 
86.688362 53.611885 47.411777 44.275394 33.588757 0.027976 
94.589005 50.469231 47.139397 36.803890 28.468887 0.000000 
82.307495 57.650307 56.989502 48.741898 34.798977 0.000000 
88.238136 89.616798 82.807220 68.732094 50.623154 0.000000 
85.187057 49.566540 48.002304 41.260941 30.918060 0.019782 
89.546913 63.131428 63.215538 52.735432 30.589748 0.034264 
83.611443 45.851067 45.142799 47.293453 44.975033 0.019782 
84.675720 58.441975 60.377682 54.174274 45.298916 0.000000 
91.376556 65.536522 63.946598 66.669685 29.072378 0.019782 
87.667572 103.710899 82.631622 65.543816 50.102486 0.019782 
89.396103 57.496830 55.725502 45.652943 30.350319 0.000000 
85.766151 42.044277 32.557419 30.240808 36.721912 0.019782 
88.342087 67.084541 64.240852 51.872875 31.373135 0.000000 
85.841118 42.431164 38.188091 33.312962 25.849838 0.027976 
82.969353 38.593094 34.615292 31.490223 24.065401 0.000000 
95.089401 79.735382 76.483925 69.193184 55.647766 0.000000 
83.430862 87.981575 78.081902 70.850975 49.011433 0.000000 
89.558128 52.402374 38.277035 31.922598 22.365753 0.000000 
78.588280 37.699970 30.163214 19.312595 20.298023 0.000000 
87.033844 46.186417 41.484749 34.530937 34.116627 0.034264 
89.861206 65.713524 64.518372 69.482216 49.214993 0.019782 
91.407738 85.843842 83.842331 76.350777 36.684330 0.019782 
93.750557 44.539516 39.685112 33.677464 29.110603 0.000000 
86.023331 52.437748 53.895920 44.818588 39.547440 0.027976 
81.513206 40.759525 35.853634 28.195448 17.979153 0.000000 
94.698036 70.036530 50.131611 47.595638 44.180672 0.000000 
86.114159 62.112724 60.178036 58.420052 49.616051 0.027976 
83.255310 43.680355 35.562756 30.080193 25.584234 0.000000 
88.851120 57.500774 55.882786 54.711945 51.883636 0.019782 
81.666725 79.827385 76.466461 66.438080 39.693436 0.000000 
