18793.437500 1647.459839 1238.098145 684.533508 49511.296875 
27264.572266 2292.903320 1326.048950 800.627869 85321.273438 
26260.835938 2556.968506 2272.831055 1455.601685 65461.550781 
31554.652344 2759.491699 1400.062988 1285.949707 64543.410156 
21134.148438 1201.343628 833.043884 524.804993 30812.591797 
27773.689453 2349.461670 1363.392700 865.279846 66647.765625 
27791.285156 2509.423828 1338.492310 1846.109619 62727.609375 
26795.351562 1954.251831 1005.715027 1206.389038 89477.296875 
38114.144531 5372.466797 6301.045898 2918.156250 100726.562500 
25324.650391 1907.408569 876.750244 909.861023 63661.773438 
39856.980469 1909.099609 1084.228394 1775.718140 50686.492188 
22127.902344 2055.095703 1916.673584 1209.480591 53077.750000 
21027.664062 4335.055664 1293.323486 531.198608 35054.035156 
21353.353516 1943.573242 1427.818970 1228.409424 47725.281250 
40806.214844 5392.507324 3088.604492 5751.945801 102756.875000 
19549.314453 1622.523804 931.081360 1235.328491 48227.445312 
27121.726562 3987.309326 4607.239258 1817.157349 64666.410156 
20672.113281 1156.148682 622.953491 533.322937 58283.035156 
27279.605469 4053.782227 2229.110107 2527.769043 57675.308594 
25358.054688 2155.000000 1013.262085 901.113770 64795.781250 
