0.000000 0.000000 0.000000 90.000000 95.271896 0.000000 
0.000000 0.000000 0.000000 90.000000 86.430038 0.000000 
0.000000 0.000000 0.000000 90.000000 108.566856 0.000000 
0.000000 0.000000 0.000000 90.000000 98.388062 0.000000 
0.000000 0.000000 0.000000 90.000000 84.708183 0.019782 
0.000000 0.000000 0.000000 90.000000 90.000000 0.000000 
0.000000 0.000000 0.000000 90.000000 88.681618 0.000000 
0.000000 0.000000 0.000000 90.000000 74.581581 0.000000 
0.000000 0.000000 90.000000 90.000000 74.749336 0.034264 
0.000000 0.000000 0.000000 90.000000 86.498398 0.019782 
0.000000 0.000000 0.000000 90.000000 91.513527 0.027976 
0.000000 0.000000 90.000000 90.000000 76.375084 0.027976 
0.000000 0.000000 0.000000 90.000000 102.416191 0.000000 
0.000000 0.000000 0.000000 90.000000 90.295364 0.000000 
0.000000 0.000000 90.000000 90.000000 103.347328 0.019782 
0.000000 0.000000 90.000000 90.000000 113.350800 0.000000 
0.000000 0.000000 0.000000 90.000000 92.760208 0.034264 
0.000000 0.000000 0.000000 90.000000 80.260971 0.000000 
0.000000 0.000000 0.000000 90.000000 84.466354 0.019782 
0.000000 0.000000 0.000000 90.000000 72.621933 0.000000 
0.000000 0.000000 0.000000 90.000000 83.762619 0.019782 
0.000000 0.000000 0.000000 90.000000 73.595543 0.000000 
0.000000 0.000000 0.000000 90.000000 89.379997 0.000000 
0.000000 0.000000 0.000000 90.000000 89.647758 0.000000 
0.000000 0.000000 0.000000 90.000000 90.000000 0.027976 
0.000000 0.000000 0.000000 90.000000 89.142693 0.000000 
0.000000 0.000000 0.000000 90.000000 87.938591 0.000000 
0.000000 0.000000 0.000000 90.000000 77.876259 0.000000 
0.000000 0.000000 90.000000 90.000000 78.387215 0.019782 
0.000000 0.000000 0.000000 90.000000 87.901154 0.027976 
0.000000 0.000000 90.000000 90.000000 78.091156 0.019782 
0.000000 0.000000 0.000000 90.000000 82.056358 0.027976 
0.000000 0.000000 0.000000 90.000000 104.059387 0.027976 
0.000000 0.000000 0.000000 90.000000 90.000000 0.034264 
0.000000 0.000000 0.000000 90.000000 77.565376 0.019782 
0.000000 0.000000 0.000000 90.000000 95.560783 0.000000 
0.000000 0.000000 0.000000 90.000000 84.279877 0.000000 
0.000000 0.000000 0.000000 90.000000 88.897224 0.000000 
0.000000 0.000000 0.000000 90.000000 79.876427 0.000000 
0.000000 0.000000 0.000000 90.000000 64.556686 0.000000 
0.000000 0.000000 90.000000 90.000000 100.590797 0.000000 
0.000000 0.000000 90.000000 90.000000 108.919617 0.034264 
0.000000 0.000000 0.000000 90.000000 93.919258 0.000000 
0.000000 0.000000 90.000000 90.000000 84.707932 0.000000 
0.000000 0.000000 0.000000 90.000000 84.329300 0.034264 
0.000000 0.000000 0.000000 90.000000 79.329529 0.000000 
0.000000 0.000000 0.000000 90.000000 95.994614 0.027976 
0.000000 0.000000 0.000000 0.000000 90.000000 0.000000 
0.000000 0.000000 0.000000 90.000000 87.435638 0.000000 
0.000000 0.000000 0.000000 90.000000 90.000000 0.000000 
