9954.822266 1810.234985 1620.147583 981.026733 653787.312500 
9743.401367 2224.703125 1183.980347 999.815918 632000.375000 
14072.618164 1292.016724 991.651794 688.781128 340943.375000 
8603.887695 1512.561401 1275.058594 752.288147 494421.750000 
8203.316406 1464.168091 817.991089 815.781738 356266.031250 
23170.101562 1728.159424 1170.941895 722.952698 358072.593750 
18728.359375 2423.725098 1316.822998 1043.924561 555563.437500 
34792.773438 2370.206299 1096.425171 575.190430 307151.468750 
25613.068359 2003.209839 1752.183960 2496.376709 466314.187500 
38066.750000 2196.887207 1461.466675 1213.289551 566975.187500 
14747.781250 1583.551758 1057.966309 998.109131 465004.875000 
6621.586426 1363.187622 905.537109 684.094421 423779.218750 
20229.441406 1884.312866 1208.802490 872.219116 372885.093750 
7441.896484 1379.627808 791.143921 498.526428 336651.812500 
16913.962891 1724.005127 1322.840088 1309.398804 385230.687500 
17410.177734 1364.938354 1500.848633 625.029358 408303.125000 
7683.095215 1940.846436 1053.677246 745.271545 418788.218750 
5673.184082 1494.812378 1003.629700 567.460144 450689.406250 
14866.959961 2149.881348 1520.570679 878.369446 488836.625000 
13834.098633 2234.617676 1419.182495 697.740967 421512.093750 
