106.748955 69.407585 92.089012 76.853600 103.947769 0.019782 
90.131676 58.010090 78.324974 76.529358 84.879288 0.000000 
100.740044 47.359222 85.930374 66.506210 86.490341 0.000000 
97.403076 55.955082 84.479790 63.699894 86.121735 0.000000 
109.153969 61.526634 75.309387 72.020653 80.669159 0.000000 
98.010307 50.922726 73.077484 64.099037 89.946083 0.000000 
85.852898 83.959846 69.389374 94.120026 97.104485 0.019782 
97.597801 71.044426 82.503799 90.514259 99.011040 0.000000 
109.791016 100.475288 99.322716 104.213135 108.545486 0.000000 
93.421051 67.061134 100.947243 92.137367 90.167122 0.000000 
85.610909 77.672989 97.761292 96.151894 94.472427 0.000000 
79.551277 72.361351 82.611191 76.157936 95.812508 0.000000 
97.058235 55.263020 62.785583 74.255981 79.174873 0.000000 
93.589844 56.667000 70.092026 62.473846 72.668869 0.000000 
104.077232 69.126030 82.556030 77.824631 87.863281 0.000000 
73.073174 69.931778 56.919041 87.209290 70.818703 0.000000 
87.255646 58.463055 53.989067 81.118034 96.319695 0.034264 
94.128014 61.566593 69.413040 81.144707 82.275314 0.039565 
76.085030 54.539989 70.796707 68.383682 96.817223 0.019782 
97.952988 52.307182 69.943016 65.941704 88.346687 0.019782 
