6365.600586 288.172333 114.011505 18794.533203 13397.485352 
6095.701660 222.970261 153.209793 34693.312500 14229.363281 
5053.464355 182.775848 289.397095 39281.507812 19749.748047 
3978.016846 109.609741 92.212769 36001.421875 12411.421875 
3879.927246 116.209877 116.610283 26477.248047 9377.171875 
4454.245605 130.537521 129.521805 42007.476562 15374.300781 
3837.481689 289.740021 52.537037 20193.408203 15661.260742 
4616.096680 112.532471 147.049789 43898.304688 8159.015625 
6362.272461 117.736748 88.274078 19607.544922 14319.767578 
4373.313965 114.238068 125.640434 19123.578125 15615.401367 
4529.588379 149.006531 66.602966 14943.549805 11163.528320 
4484.051270 122.481071 64.731636 40177.636719 10982.186523 
5869.225586 177.524490 96.709442 27382.679688 16873.529297 
4283.985840 101.078194 76.081306 27460.863281 11296.528320 
6352.447266 146.037872 139.906815 32296.943359 13097.758789 
1451.806641 83.205467 36.428368 7922.811523 11160.991211 
3336.678711 154.238358 73.080193 25196.964844 17174.527344 
3851.940430 165.086609 102.670143 33501.421875 13897.625977 
4453.857422 153.091751 104.490845 26292.050781 10858.052734 
3306.050049 204.676773 70.142433 15224.444336 14198.469727 
4426.191895 192.543579 116.068886 17134.212891 13192.511719 
3824.251221 117.834801 75.726822 22589.453125 13389.010742 
4439.220215 73.239944 126.455574 22360.791016 9936.323242 
5058.020020 126.081985 61.565681 24278.300781 14659.949219 
4464.755371 209.550018 232.154755 38175.265625 14135.394531 
4984.741211 177.687836 89.115555 31923.541016 17407.242188 
3207.869629 80.945183 54.278717 19791.363281 9275.342773 
5672.677246 88.538696 125.936905 35746.136719 9851.558594 
4334.420898 130.991821 74.018349 25739.570312 12621.829102 
4572.122070 64.057037 173.009064 26261.439453 10411.694336 
4064.083008 103.950851 84.261497 26013.796875 13486.064453 
4223.205078 95.128250 66.544342 24325.570312 13955.873047 
5779.930664 105.904633 97.038612 29372.916016 14934.771484 
4494.128418 154.186554 72.809013 19021.201172 11825.076172 
3715.074707 137.177963 79.550781 13067.229492 11053.532227 
6671.399414 97.415993 69.281326 33042.574219 11301.314453 
4984.918945 196.738663 89.899811 34791.585938 15268.396484 
6146.770996 113.176025 182.270630 49413.843750 13199.072266 
3844.083252 120.346077 66.217026 18452.541016 10334.291016 
5408.589355 103.405571 78.832436 25088.212891 11546.791016 
3804.077881 130.687668 119.570335 41574.945312 12127.788086 
3608.936035 182.582031 92.036728 24603.457031 11983.858398 
4809.956543 339.285431 90.664764 29683.294922 16430.888672 
3848.243164 140.079193 93.794373 23778.880859 12272.083008 
6346.247559 216.362045 107.080719 36213.023438 11918.304688 
3071.935547 106.205925 78.238838 30072.125000 14705.239258 
5405.268555 263.907867 75.625854 17410.818359 14249.971680 
4843.855957 79.553673 61.483601 20884.677734 13965.379883 
3456.375000 115.327110 95.872337 28376.089844 13658.615234 
3947.033447 246.351273 82.874016 20335.644531 12480.189453 
5587.305664 326.879150 159.596527 19496.291016 17427.835938 
4164.642578 162.892181 123.936417 29806.560547 8546.005859 
2802.794189 90.537315 106.986755 24344.802734 14270.266602 
4003.029785 87.710976 80.377060 21033.712891 13804.525391 
4191.645508 227.415375 54.803955 24344.712891 13378.307617 
6281.889160 292.215210 241.791443 40898.953125 16040.012695 
3025.076904 148.826080 160.481705 18827.791016 14346.473633 
4165.502441 83.761993 71.045662 18396.929688 13694.983398 
2750.399902 87.884171 50.300625 10147.652344 9574.022461 
4476.873047 291.373688 95.643135 25307.597656 18755.828125 
4088.413086 139.720291 66.041412 13095.930664 11163.449219 
3648.115479 128.135483 148.988663 24239.861328 14793.555664 
4110.291504 144.444046 83.698914 21080.894531 14012.755859 
3386.137695 106.997704 125.779541 23730.679688 12811.389648 
5759.910156 124.559685 108.933380 23899.708984 15944.823242 
4883.528809 106.943588 94.799706 23101.615234 9768.261719 
6706.451660 966.730286 184.151566 26672.533203 19865.683594 
4633.462402 295.310059 169.200241 25046.226562 11682.187500 
4344.422363 138.502960 78.156128 18988.470703 13793.790039 
7574.317871 182.727646 219.967285 26544.685547 14533.526367 
8515.335938 191.043182 148.579865 45774.320312 15971.521484 
4293.057129 90.025528 83.578316 16017.612305 11123.399414 
5297.704590 121.494942 125.749191 57466.148438 12825.843750 
5879.411621 319.686462 73.614975 38518.375000 13584.241211 
3892.132080 96.269920 76.783592 28195.363281 14666.202148 
4628.256348 88.438469 77.396439 25178.017578 13471.552734 
5182.896973 110.777222 98.931549 32311.291016 13243.577148 
3459.196777 94.225716 93.732506 27932.943359 10234.458008 
6161.269043 93.550697 246.919662 35654.210938 13889.269531 
4560.646973 249.128525 103.630424 20524.767578 18406.642578 
3713.329102 95.378311 91.958374 22185.310547 13367.515625 
5369.187988 79.462753 108.812202 28484.019531 10317.281250 
3200.707520 93.871361 98.568169 22060.662109 12145.634766 
6683.607422 136.929413 202.068893 56860.949219 16308.304688 
6744.447754 94.251381 181.058868 54514.191406 15282.414062 
4407.075684 157.432953 91.568398 18097.011719 11422.464844 
3342.468750 110.168266 64.778305 45808.820312 16791.083984 
4357.399902 96.311752 117.679489 33688.289062 14168.907227 
5638.861816 196.281876 89.128143 37039.667969 9371.540039 
3577.979736 118.726433 93.929810 26649.775391 14551.035156 
4088.510742 116.647789 87.254181 43269.816406 14368.821289 
3720.396484 479.582581 84.423233 24162.832031 18119.183594 
5909.980469 125.335258 107.061081 36693.167969 9689.414062 
5247.433594 467.875183 97.163048 19969.416016 21706.193359 
5378.390137 133.589645 144.383087 36269.492188 13628.681641 
3764.111572 253.504944 57.117355 7895.989746 15757.012695 
5161.305176 130.909698 106.840393 29186.685547 13640.042969 
3887.447998 69.171356 63.069069 17868.896484 12213.503906 
3909.192627 222.719620 131.596924 26384.246094 16622.017578 
3630.631104 119.647285 55.789906 19014.060547 14310.848633 
