3630.928467 1263.808960 601.612183 507.233398 168.654556 
3196.340820 1375.094849 513.680054 376.252319 121.722099 
3783.711182 1422.864136 741.322693 533.789062 182.649094 
3200.251709 1737.684204 703.321655 481.496887 175.802948 
3721.203369 1071.853027 531.699951 198.938660 98.034203 
3329.083984 1484.643433 618.251038 361.134094 222.521942 
4511.761719 1465.880493 997.713501 355.413483 220.107819 
4601.119141 2448.702881 711.367554 472.213684 105.648590 
4340.563965 1909.151367 586.495483 415.779449 118.083992 
4280.172363 2059.207275 920.166260 476.522430 304.624878 
3844.498535 1332.478027 679.359497 373.057617 78.386177 
2691.118164 1300.853882 557.717651 388.679504 139.573105 
3985.486572 1442.113525 549.626953 215.532089 99.242447 
3167.855713 991.133972 432.398804 266.416412 129.198929 
3888.385254 1596.518921 504.910645 288.030609 71.911377 
4755.008789 2433.501709 813.901184 381.852722 161.214432 
4106.048340 1510.052856 579.405212 268.806610 172.614624 
3329.129883 1410.387817 735.247192 428.886200 210.934723 
4226.721191 1083.403809 700.203003 304.528290 126.346275 
3693.798828 1389.373657 526.448608 271.743927 123.501373 
