2385.145996 137.093231 68.621613 614.403809 5518.631348 
2897.652344 159.825745 100.231224 1770.145142 7276.080078 
2411.060547 112.395027 94.489067 2042.163940 7975.042480 
2116.643066 156.072021 51.744770 2174.366211 5598.178711 
1610.205688 216.550430 21.263248 2034.368408 5049.441895 
1626.370239 311.591980 17.592630 3872.521484 9166.368164 
1694.974121 104.373238 26.878582 705.707031 5327.068848 
2569.953125 215.211472 109.896706 3784.156250 4626.567383 
1957.559204 109.425545 96.754875 3975.905762 7517.974121 
1728.380127 119.968231 67.219933 2918.124268 6373.387207 
2008.056885 101.558624 41.445011 1348.664429 5846.993652 
1236.758667 162.431381 24.541388 2227.564697 5947.830078 
1509.469727 164.419052 38.373863 1518.858398 7297.680176 
2780.607422 144.910675 109.121208 4628.413086 5925.884277 
2601.049316 482.313934 65.725616 2095.359863 8440.356445 
1582.829834 77.529037 35.526806 2063.242676 8180.851562 
1486.823120 117.364265 56.209587 2179.598633 7053.198242 
1579.658569 110.358818 32.421535 1447.382690 6487.800293 
2054.167480 108.386642 47.653641 2657.812256 6154.451172 
2130.499023 135.691879 76.730339 2564.210449 9304.595703 
2642.695557 150.308685 93.494759 1680.072998 6627.733887 
2660.840088 138.583038 137.710526 2347.219482 4200.752930 
2930.966797 284.210175 121.603951 3260.166260 7887.722656 
2214.505859 340.304199 43.049881 1681.870361 5519.886230 
2317.676270 311.605591 78.730568 2041.627075 7718.320801 
3357.068115 115.844254 131.361588 3602.749756 5995.908203 
2220.804932 176.070633 76.407234 1219.413940 4412.933594 
1988.957397 132.275330 37.453197 1670.469116 4125.266113 
3169.421143 318.978394 83.833633 1874.694336 6960.478516 
3178.738037 106.431015 109.473640 1938.484985 6019.520996 
2725.468262 121.545296 32.501686 3068.002686 7969.144531 
3791.931152 237.788055 482.805664 9870.056641 6535.901855 
2261.127686 156.884888 80.209274 2256.789551 7870.503418 
2100.222168 606.121887 144.893723 1306.362305 8505.415039 
1065.339233 213.476868 16.170742 468.400024 7040.085938 
2228.048340 192.112549 54.907135 4637.960938 8246.000000 
2118.235352 176.033798 57.856075 4094.731934 8337.859375 
3552.032471 1018.459534 94.941101 4411.162109 11478.168945 
1666.347412 109.545670 17.017809 641.577759 6503.898438 
1844.883179 95.217773 56.376541 1127.984253 4078.289795 
2436.277588 234.186234 51.087112 5007.963867 8248.878906 
2562.644531 168.219986 62.889259 1451.979614 7609.353027 
1830.005859 532.684448 24.447670 1468.001465 9617.296875 
1779.158813 157.505203 53.291515 585.767639 6089.622559 
3507.205566 188.067245 146.234314 3942.561279 7168.531738 
3124.850342 150.588409 56.174324 5129.246582 7344.430664 
1348.517578 107.569397 14.473702 1207.914307 6080.219238 
2490.566406 59.630730 101.440453 2301.220215 6002.828125 
2159.104980 748.842468 88.900856 2957.073242 9491.675781 
2107.565918 161.083359 54.238945 2064.283203 6051.479004 
1237.292358 306.317749 16.270651 1099.220093 6658.417969 
1343.895996 284.026337 24.470026 1130.420044 6369.658691 
1784.909058 157.836121 64.504074 4099.321777 8863.264648 
4420.284668 120.446449 138.975525 3648.880127 7239.532227 
2194.745361 312.404510 74.377304 4856.455078 5307.111328 
2644.823975 210.209396 82.979012 4220.763184 9248.317383 
2849.285645 142.997803 77.257812 4276.395996 7873.462891 
1296.746094 63.481121 59.452026 2853.110107 5917.756348 
2599.030273 162.427338 64.588058 1347.597656 6148.810547 
2265.875977 115.084435 48.559715 1354.651001 8018.402344 
1014.104126 136.750137 5.702529 1631.563110 4730.908691 
2556.251221 91.528625 65.632393 5572.059082 8364.486328 
2701.754639 393.286469 58.718788 1732.413208 10557.681641 
2089.521484 139.596375 74.984596 2228.577637 6299.643555 
2034.893555 734.313660 83.901855 2622.618408 7836.788086 
2566.945801 134.546204 86.704453 2421.774902 5954.354980 
1997.833984 100.218399 59.722584 4147.751465 6053.450684 
1801.451660 144.401581 73.784134 1002.101624 5211.203613 
2009.790283 96.597343 49.751850 1297.360962 5556.444824 
2411.642334 108.264259 42.732983 359.388184 6047.858887 
4390.478027 262.332123 107.137848 2496.427979 8960.117188 
1631.586548 106.449669 31.318260 703.347778 4761.718262 
1937.965698 184.818619 43.537441 6920.033203 7113.340332 
5137.228516 109.491020 113.930916 4505.966309 6351.756348 
2123.236816 161.943939 42.262447 2740.810303 7399.306152 
2274.419189 107.850807 106.115898 4075.298096 6544.552246 
2030.610352 206.035080 69.372284 2381.829102 6722.398438 
1814.817383 73.424400 139.742859 1907.655884 5499.418945 
2223.584473 145.793671 62.772308 1716.740845 6217.709473 
2524.425049 413.314087 152.445404 2329.015625 10116.309570 
2508.630615 294.573425 102.444511 3380.648438 6626.110352 
2316.026367 249.703812 30.833008 1616.150757 5648.681152 
2168.292969 159.733902 55.068745 4914.788574 7603.102539 
3110.726562 279.662720 120.810593 1524.388916 8564.084961 
2600.212891 151.125961 71.986969 2612.446533 7531.865723 
2677.000244 201.182129 72.092598 1788.645142 5205.891113 
1549.430420 110.123444 45.536079 1348.720215 8344.591797 
3064.502441 271.210052 49.713173 1517.951660 8259.965820 
2347.617676 159.991074 95.495682 2731.637695 4863.068359 
1887.499512 192.345810 50.609802 1188.170166 7848.893066 
1577.375122 132.653259 36.707119 1460.311646 6161.040039 
2150.620361 100.676743 107.702080 2178.719727 6503.827148 
1390.424927 135.307114 21.679447 893.606384 8304.404297 
2541.620361 136.963425 120.307808 2586.760498 9611.503906 
2274.454102 206.028305 46.406487 4135.812012 6732.536133 
1274.182007 216.906845 13.428751 1993.355591 7877.089355 
1915.947510 210.488434 66.790001 4653.860352 7106.321777 
3475.236572 183.438812 118.986771 5452.895020 6319.355957 
2326.483643 211.558533 78.304443 2630.162598 7744.182617 
1474.587646 155.527161 50.435799 2592.614990 4695.721680 
