83.687988 29.572412 37.981750 32.487488 48.213409 0.000000 
70.383728 28.820328 34.643166 36.183937 44.402386 0.000000 
77.688438 27.526464 41.512859 37.303432 46.134193 0.000000 
80.912148 37.242584 38.471210 33.805855 40.747463 0.027976 
86.735252 44.105499 41.972279 47.680672 59.843250 0.000000 
83.344971 44.188858 43.964230 45.364136 49.793091 0.000000 
82.254494 35.450161 40.948383 40.817215 42.516518 0.027976 
80.016739 42.979107 36.219360 46.638126 37.218140 0.000000 
84.124176 32.497963 39.711720 46.040379 43.341248 0.000000 
80.645119 32.470230 35.458145 29.762323 47.257149 0.000000 
75.586174 35.992382 33.747574 41.085243 34.280830 0.000000 
83.793465 37.637806 38.058292 36.816277 45.063980 0.000000 
81.491547 33.621521 39.415726 37.162086 52.694431 0.027976 
75.268356 36.626125 43.548668 47.672344 54.894363 0.000000 
89.653526 34.108852 37.172646 42.556393 47.169827 0.000000 
83.870682 44.197582 46.771988 49.513454 47.475101 0.027976 
83.798347 53.127312 60.417736 55.626091 61.928692 0.019782 
77.954117 38.027184 42.187584 44.557098 47.448727 0.000000 
78.861115 38.235039 37.115715 39.210056 36.555244 0.019782 
72.855797 44.059898 57.448090 57.395649 50.652458 0.019782 
87.625587 30.776537 38.277679 38.576000 49.609505 0.019782 
71.039886 36.483498 32.889156 42.987331 50.138046 0.000000 
82.497139 36.565968 39.285164 41.096302 41.009518 0.027976 
84.412132 38.044678 36.961990 39.436966 38.120396 0.019782 
78.631355 36.110020 38.195889 31.430052 35.429588 0.000000 
77.153259 40.858349 39.382317 43.953053 40.533401 0.000000 
79.684601 30.771698 40.038773 44.462700 40.551132 0.000000 
81.765434 37.662460 38.022602 40.582245 32.753651 0.019782 
80.502678 49.985035 44.238422 45.312744 49.531281 0.000000 
85.200302 48.201248 42.984489 41.848213 42.793949 0.000000 
80.885490 34.883884 47.295570 49.625072 65.858353 0.027976 
83.295074 32.295250 41.814205 39.277782 50.490307 0.000000 
80.464516 32.522587 39.600471 38.303017 51.983135 0.000000 
72.806129 41.389931 50.051628 50.976978 48.447807 0.027976 
73.646042 32.834934 35.413063 33.870964 46.429104 0.019782 
77.183594 37.446762 39.076794 41.164330 47.433739 0.000000 
80.863174 33.513889 38.263432 42.119545 31.509029 0.000000 
78.219940 40.194389 42.143867 45.388542 50.741966 0.000000 
72.679146 41.635365 45.095619 50.857162 37.167400 0.000000 
77.924141 32.962437 41.898392 42.166771 45.752682 0.000000 
74.836609 32.815617 44.806232 44.322319 48.941055 0.019782 
84.266098 42.566906 48.983337 38.730785 57.016926 0.000000 
79.411270 42.907005 43.185959 42.757023 45.937984 0.000000 
76.372360 35.533859 42.111481 41.518700 47.127811 0.027976 
79.617393 43.088814 41.534908 43.686623 43.689289 0.019782 
68.836533 40.460323 46.508068 42.036655 52.755997 0.000000 
85.341812 34.402981 46.675144 43.584465 40.288361 0.027976 
81.791443 40.367489 36.732876 48.934277 45.575527 0.000000 
81.405457 42.944405 40.814903 43.614552 40.888840 0.000000 
83.067192 32.319904 38.696777 35.242447 38.289120 0.000000 
