Episode: 1: [[0. 0. 0.]
 [0. 0. 0.]
 [0. 0. 0.]] 
Episode: 2: [[0.00039995 0.00039999 0.0004    ]
 [0.00039999 0.0004     0.0004    ]
 [0.0004     0.0004     0.0004    ]] 
Episode: 3: [[0.0007817  0.00078118 0.0007374 ]
 [0.00078035 0.00078308 0.00062677]
 [0.0007935  0.00054662 0.00024164]] 
Episode: 4: [[0.00117199 0.0011711  0.00108429]
 [0.00116944 0.00117418 0.00093385]
 [0.00116896 0.00082557 0.00033037]] 
Episode: 5: [[0.00156448 0.00156539 0.00144596]
 [0.00156366 0.00156908 0.00127452]
 [0.0015477  0.00115103 0.00054014]] 
Episode: 6: [[0.00195733 0.00196085 0.00181711]
 [0.00195879 0.00196519 0.00163288]
 [0.00193219 0.0015012  0.00081521]] 
Episode: 7: [[0.00234908 0.00235283 0.00219117]
 [0.00234959 0.00235597 0.00199864]
 [0.00231606 0.00186334 0.00113101]] 
Episode: 8: [[0.00274164 0.00274409 0.00256949]
 [0.00273858 0.00274602 0.00237103]
 [0.0026995  0.00223264 0.00147153]] 
Episode: 9: [[0.00294315 0.00294558 0.002771  ]
 [0.00293946 0.00294695 0.00257191]
 [0.00290069 0.00243375 0.0016726 ]] 
Episode: 10: [[0.00320787 0.00320975 0.00303514]
 [0.00320305 0.00321028 0.00283567]
 [0.00316456 0.0026976  0.00193599]] 
Episode: 11: [[0.00350667 0.00351113 0.00333626]
 [0.00350424 0.00351288 0.00313735]
 [0.00346564 0.0029988  0.0022353 ]] 
Episode: 12: [[0.00383019 0.00383617 0.00365564]
 [0.00382542 0.00383458 0.00345217]
 [0.00378274 0.00331445 0.00254098]] 
Episode: 13: [[0.00417436 0.00418613 0.00400135]
 [0.0041723  0.00418197 0.00379438]
 [0.00412667 0.00365734 0.0028764 ]] 
Episode: 14: [[0.00453561 0.00455291 0.00436371]
 [0.00453553 0.0045462  0.00415216]
 [0.00448692 0.00401624 0.00322533]] 
Episode: 15: [[0.00491056 0.00493101 0.00473958]
 [0.00490871 0.004921   0.00452318]
 [0.00486015 0.004389   0.00359038]] 
Episode: 16: [[0.00527271 0.00531172 0.00512382]
 [0.00528616 0.00530179 0.00490276]
 [0.00524148 0.00477074 0.00396656]] 
Episode: 17: [[0.00562926 0.00569592 0.00551343]
 [0.00566497 0.00568451 0.00528587]
 [0.00562679 0.0051568  0.0043492 ]] 
Episode: 18: [[0.00600791 0.00609463 0.00591634]
 [0.0060577  0.00607941 0.00568199]
 [0.00602567 0.00555614 0.00474584]] 
Episode: 19: [[0.00636712 0.00646489 0.00629414]
 [0.00642038 0.00644513 0.00605374]
 [0.00639997 0.0059319  0.00512011]] 
Episode: 20: [[0.00673721 0.00684442 0.00668346]
 [0.00679076 0.00682003 0.00643616]
 [0.00678556 0.00631892 0.00550678]] 
Episode: 21: [[0.00712307 0.00723962 0.00708319]
 [0.0071765  0.00720947 0.00682715]
 [0.00718245 0.0067155  0.00589679]] 
Episode: 22: [[0.00750742 0.00763838 0.00749035]
 [0.00756276 0.00760373 0.00722581]
 [0.00758512 0.00711982 0.00629646]] 
Episode: 23: [[0.00790324 0.00804585 0.0079057 ]
 [0.0079559  0.00800477 0.0076317 ]
 [0.00799494 0.00753162 0.00670374]] 
Episode: 24: [[0.0083192  0.00847173 0.00833732]
 [0.0083705  0.00842555 0.00805626]
 [0.00842236 0.0079605  0.0071293 ]] 
Episode: 25: [[0.00872079 0.00889613 0.00877207]
 [0.00878144 0.00884738 0.00848434]
 [0.00885206 0.00839293 0.00756008]] 
Episode: 26: [[0.00913479 0.00932501 0.00920422]
 [0.00919649 0.00927061 0.00890764]
 [0.00927874 0.00882074 0.00798011]] 
Episode: 27: [[0.00955488 0.00975631 0.00963889]
 [0.00961412 0.00969569 0.0093329 ]
 [0.00970796 0.00925068 0.00840273]] 
Episode: 28: [[0.00996501 0.01018473 0.01008311]
 [0.01001358 0.01013273 0.0097779 ]
 [0.01015291 0.0096988  0.00884571]] 
Episode: 29: [[0.0103915  0.01062496 0.01053927]
 [0.01042705 0.01057886 0.01023199]
 [0.01060773 0.0101563  0.00929874]] 
Episode: 30: [[0.01083233 0.01108005 0.01100902]
 [0.01085796 0.0110384  0.01069828]
 [0.0110764  0.01062653 0.00976493]] 
Episode: 31: [[0.01128704 0.01154077 0.01147613]
 [0.0112972  0.01149811 0.01115834]
 [0.01154163 0.01109109 0.01022148]] 
Episode: 32: [[0.01175886 0.01201584 0.01195675]
 [0.01175445 0.01197094 0.01163064]
 [0.01202039 0.01156777 0.0106911 ]] 
Episode: 33: [[0.01224755 0.01250662 0.01244603]
 [0.01223089 0.01245808 0.01210877]
 [0.01250943 0.01205118 0.01115923]] 
Episode: 34: [[0.01271708 0.01298475 0.01292106]
 [0.0126991  0.01293143 0.01257054]
 [0.01298792 0.01251917 0.01161098]] 
Episode: 35: [[0.01317591 0.01345625 0.01338441]
 [0.01315708 0.0133968  0.01301962]
 [0.01345324 0.01297742 0.01205036]] 
Episode: 36: [[0.01364409 0.01393099 0.0138475 ]
 [0.01362492 0.01386798 0.01346859]
 [0.01393086 0.01344318 0.01249048]] 
Episode: 37: [[0.01412182 0.01440357 0.01429591]
 [0.01408881 0.01433088 0.01389988]
 [0.01439093 0.01389186 0.01290639]] 
Episode: 38: [[0.01423775 0.01455491 0.01442191]
 [0.01426069 0.01451222 0.01404883]
 [0.01458989 0.0140852  0.01306481]] 
Episode: 39: [[0.0139894  0.0143068  0.01417389]
 [0.01401268 0.01426441 0.0138011 ]
 [0.01434221 0.0138376  0.01281723]] 
Episode: 40: [[0.01376333 0.01408073 0.01394784]
 [0.01378683 0.0140386  0.01357533]
 [0.01411663 0.01361199 0.01259163]] 
Episode: 41: [[0.01355168 0.0138651  0.01372713]
 [0.01357152 0.01382184 0.01335381]
 [0.01389878 0.01339407 0.01236938]] 
Episode: 42: [[0.01335921 0.01366914 0.01352658]
 [0.01337577 0.01362489 0.01315254]
 [0.01370074 0.01319606 0.01216742]] 
Episode: 43: [[0.0131827  0.01348932 0.01334204]
 [0.01319609 0.01344403 0.01296723]
 [0.0135187  0.01301405 0.01198135]] 
Episode: 44: [[0.01302187 0.01332551 0.01317378]
 [0.0130323  0.01327925 0.01279823]
 [0.01335269 0.01284816 0.01181159]] 
Episode: 45: [[0.01287569 0.01317669 0.01302095]
 [0.01288344 0.01312956 0.01264475]
 [0.01320182 0.01269749 0.01165743]] 
Episode: 46: [[0.01274284 0.01304136 0.01288191]
 [0.01274815 0.01299346 0.01250515]
 [0.01306462 0.01256044 0.01151717]] 
Episode: 47: [[0.01262219 0.01291848 0.01275571]
 [0.01262531 0.01286989 0.01237844]
 [0.01294006 0.01243604 0.0113899 ]] 
Episode: 48: [[0.01251306 0.01280739 0.0126418 ]
 [0.01251428 0.01275827 0.01226417]
 [0.01282763 0.01232379 0.0112752 ]] 
Episode: 49: [[0.01241393 0.01270647 0.01253827]
 [0.01241342 0.01265689 0.01216033]
 [0.01272547 0.01222181 0.01117097]] 
Episode: 50: [[0.01232395 0.0126149  0.01244431]
 [0.0123219  0.01256494 0.01206612]
 [0.01263276 0.01212929 0.01107635]] 
Episode: 51: [[0.01224215 0.01253172 0.01235897]
 [0.01223874 0.01248144 0.01198058]
 [0.01254856 0.01204531 0.01099045]] 
Episode: 52: [[0.01216801 0.01245634 0.01228161]
 [0.01216337 0.01240581 0.01190308]
 [0.01247223 0.01196922 0.01091259]] 
Episode: 53: [[0.0121011  0.01238828 0.01221176]
 [0.01209538 0.0123376  0.01183318]
 [0.01240339 0.01190057 0.0108423 ]] 
Episode: 54: [[0.01204068 0.01232685 0.01214883]
 [0.01203405 0.01227611 0.01177026]
 [0.01234135 0.01183873 0.01077907]] 
Episode: 55: [[0.0119859  0.01227114 0.01209166]
 [0.01197862 0.01222048 0.0117132 ]
 [0.01228513 0.01178265 0.01072163]] 
Episode: 56: [[0.01193665 0.01222115 0.01204055]
 [0.01192889 0.01217065 0.01166228]
 [0.01223487 0.01173257 0.01067051]] 
Episode: 57: [[0.01189247 0.0121762  0.01199458]
 [0.0118843  0.01212597 0.01161665]
 [0.01218983 0.01168767 0.01062465]] 
Episode: 58: [[0.01185261 0.01213575 0.01195334]
 [0.01184421 0.01208589 0.0115758 ]
 [0.01214942 0.01164743 0.01058363]] 
Episode: 59: [[0.0118169  0.01209957 0.0119166 ]
 [0.01180838 0.01205014 0.01153954]
 [0.01211343 0.01161166 0.01054733]] 
Episode: 60: [[0.01178465 0.01206705 0.01188376]
 [0.01177613 0.01201809 0.01150718]
 [0.0120812  0.01157972 0.01051507]] 
Episode: 61: [[0.01175552 0.01203766 0.0118541 ]
 [0.01174702 0.01198913 0.01147797]
 [0.01205211 0.01155088 0.01048594]] 
Episode: 62: [[0.01172986 0.01201178 0.01182853]
 [0.0117215  0.01196393 0.01145311]
 [0.01202701 0.01152614 0.01046142]] 
Episode: 63: [[0.01170686 0.01198864 0.01180571]
 [0.01169872 0.0119415  0.01143101]
 [0.01200467 0.01150416 0.01043963]] 
Episode: 64: [[0.01168637 0.01196816 0.01178566]
 [0.01167859 0.01192181 0.01141176]
 [0.01198508 0.01148498 0.01042069]] 
Episode: 65: [[0.01166792 0.01194975 0.0117677 ]
 [0.01166061 0.01190429 0.0113947 ]
 [0.01196756 0.01146788 0.01040384]] 
Episode: 66: [[0.01165146 0.01193347 0.01175195]
 [0.01164472 0.01188895 0.01137988]
 [0.01195226 0.01145306 0.01038932]] 
Episode: 67: [[0.01163639 0.01191883 0.01173782]
 [0.01163057 0.01187529 0.0113667 ]
 [0.0119386  0.0114398  0.01037634]] 
Episode: 68: [[0.01162285 0.01190569 0.01172511]
 [0.0116179  0.01186307 0.01135488]
 [0.01192635 0.01142791 0.01036468]] 
Episode: 69: [[0.01161075 0.01189403 0.01171396]
 [0.01160667 0.01185231 0.01134459]
 [0.0119156  0.01141751 0.01035461]] 
Episode: 70: [[0.01160009 0.01188385 0.0117044 ]
 [0.01159685 0.01184301 0.01133589]
 [0.01190634 0.01140866 0.0103462 ]] 
Episode: 71: [[0.01159085 0.01187514 0.01169643]
 [0.01158846 0.01183521 0.01132881]
 [0.01189863 0.0114014  0.0103395 ]] 
Episode: 72: [[0.01158279 0.01186757 0.01168963]
 [0.01158122 0.01182858 0.01132295]
 [0.01189208 0.01139532 0.01033398]] 
Episode: 73: [[0.01157566 0.01186089 0.01168372]
 [0.01157484 0.0118228  0.01131793]
 [0.01188639 0.01139009 0.0103293 ]] 
Episode: 74: [[0.01156944 0.01185527 0.01167899]
 [0.01156943 0.01181808 0.01131408]
 [0.01188178 0.01138602 0.01032589]] 
Episode: 75: [[0.01156399 0.01185044 0.01167508]
 [0.0115647  0.0118141  0.011311  ]
 [0.01187786 0.0113827  0.01032329]] 
Episode: 76: [[0.01155912 0.01184616 0.01167166]
 [0.0115605  0.01181062 0.01130835]
 [0.01187443 0.01137984 0.01032107]] 
Episode: 77: [[0.01155497 0.0118426  0.01166902]
 [0.01155701 0.01180786 0.01130647]
 [0.01187176 0.01137775 0.01031967]] 
Episode: 78: [[0.01155157 0.01183979 0.01166714]
 [0.0115543  0.01180586 0.01130538]
 [0.01186988 0.01137644 0.01031908]] 
Episode: 79: [[0.01154891 0.01183785 0.01166627]
 [0.01155238 0.01180475 0.01130531]
 [0.0118689  0.01137612 0.01031964]] 
Episode: 80: [[0.01154673 0.01183638 0.01166582]
 [0.01155095 0.01180411 0.01130566]
 [0.01186835 0.01137622 0.01032054]] 
Episode: 81: [[0.01154488 0.01183525 0.01166569]
 [0.01154984 0.01180377 0.01130628]
 [0.0118681  0.0113766  0.01032171]] 
Episode: 82: [[0.01154359 0.01183472 0.01166619]
 [0.01154932 0.01180403 0.01130753]
 [0.01186846 0.01137759 0.01032351]] 
Episode: 83: [[0.0115426  0.01183448 0.01166699]
 [0.01154909 0.01180458 0.01130908]
 [0.01186912 0.0113789  0.01032566]] 
Episode: 84: [[0.01154205 0.01183468 0.01166828]
 [0.0115493  0.01180556 0.01131113]
 [0.01187027 0.01138069 0.01032836]] 
Episode: 85: [[0.01154198 0.01183537 0.01167005]
 [0.01155005 0.01180705 0.01131364]
 [0.01187194 0.01138295 0.01033152]] 
Episode: 86: [[0.01154224 0.01183636 0.01167216]
 [0.01155112 0.01180884 0.01131651]
 [0.01187396 0.01138555 0.01033506]] 
Episode: 87: [[0.01154284 0.01183778 0.01167478]
 [0.01155258 0.01181107 0.01131991]
 [0.01187644 0.01138867 0.01033922]] 
Episode: 88: [[0.01154385 0.01183964 0.01167796]
 [0.01155451 0.01181383 0.01132394]
 [0.01187949 0.01139239 0.0103441 ]] 
Episode: 89: [[0.01154495 0.0118416  0.01168124]
 [0.01155652 0.01181668 0.01132809]
 [0.01188261 0.01139622 0.01034909]] 
Episode: 90: [[0.01154641 0.01184395 0.01168494]
 [0.01155889 0.01181994 0.01133268]
 [0.01188614 0.01140049 0.01035455]] 
Episode: 91: [[0.01154797 0.0118464  0.01168872]
 [0.01156139 0.01182331 0.01133733]
 [0.01188977 0.01140484 0.01036002]] 
Episode: 92: [[0.01154959 0.01184885 0.01169244]
 [0.01156389 0.01182663 0.01134189]
 [0.01189336 0.0114091  0.01036539]] 
Episode: 93: [[0.01155147 0.01185156 0.01169655]
 [0.0115667  0.01183021 0.01134686]
 [0.01189734 0.01141369 0.01037123]] 
Episode: 94: [[0.01155358 0.01185455 0.01170108]
 [0.0115698  0.01183415 0.01135231]
 [0.01190172 0.01141876 0.01037762]] 
Episode: 95: [[0.01155596 0.01185783 0.01170592]
 [0.01157317 0.0118384  0.01135813]
 [0.01190642 0.0114242  0.01038441]] 
Episode: 96: [[0.01155812 0.01186088 0.01171041]
 [0.0115763  0.01184235 0.01136351]
 [0.0119108  0.01142925 0.01039067]] 
Episode: 97: [[0.01156017 0.01186373 0.01171455]
 [0.01157927 0.0118461  0.01136853]
 [0.01191489 0.01143393 0.01039642]] 
Episode: 98: [[0.01156211 0.01186646 0.01171849]
 [0.0115821  0.01184966 0.01137328]
 [0.01191872 0.01143836 0.01040184]] 
Episode: 99: [[0.01156431 0.01186944 0.01172271]
 [0.01158518 0.0118535  0.01137834]
 [0.01192287 0.01144311 0.01040761]] 
Episode: 100: [[0.01156697 0.01187297 0.01172756]
 [0.01158881 0.01185795 0.01138408]
 [0.01192763 0.01144853 0.01041411]] 
Episode: 101: [[0.01156941 0.01187625 0.01173212]
 [0.01159221 0.01186213 0.01138949]
 [0.01193212 0.01145363 0.01042024]] 
Episode: 102: [[0.01157195 0.01187963 0.01173676]
 [0.01159571 0.01186639 0.01139496]
 [0.01193671 0.01145881 0.01042643]] 
Episode: 103: [[0.01157457 0.01188306 0.01174142]
 [0.01159927 0.01187067 0.01140043]
 [0.01194132 0.01146399 0.01043262]] 
Episode: 104: [[0.01157734 0.01188657 0.0117462 ]
 [0.0116029  0.01187509 0.01140608]
 [0.01194605 0.01146934 0.01043904]] 
Episode: 105: [[0.0115801  0.01189002 0.01175085]
 [0.01160651 0.01187942 0.01141155]
 [0.01195069 0.01147455 0.01044522]] 
Episode: 106: [[0.01158284 0.0118935  0.01175546]
 [0.01161013 0.0118838  0.01141703]
 [0.0119553  0.01147978 0.01045136]] 
Episode: 107: [[0.01158562 0.011897   0.01176002]
 [0.01161378 0.01188817 0.01142239]
 [0.01195988 0.01148491 0.01045732]] 
Episode: 108: [[0.01158826 0.01190029 0.01176423]
 [0.01161726 0.01189229 0.01142738]
 [0.01196417 0.0114897  0.01046282]] 
Episode: 109: [[0.01159103 0.01190374 0.01176855]
 [0.01162086 0.01189656 0.01143244]
 [0.01196853 0.01149457 0.01046832]] 
Episode: 110: [[0.01159404 0.01190751 0.01177335]
 [0.01162479 0.01190121 0.01143807]
 [0.01197334 0.01149995 0.01047452]] 
Episode: 111: [[0.01159745 0.01191174 0.01177879]
 [0.0116292  0.01190642 0.01144445]
 [0.01197878 0.011506   0.01048161]] 
Episode: 112: [[0.01160048 0.01191549 0.01178367]
 [0.0116331  0.01191102 0.01145017]
 [0.01198366 0.01151144 0.01048802]] 
Episode: 113: [[0.01160357 0.01191929 0.01178867]
 [0.0116371  0.01191572 0.011456  ]
 [0.01198865 0.01151699 0.01049454]] 
Episode: 114: [[0.01160704 0.01192352 0.01179426]
 [0.01164158 0.01192096 0.01146254]
 [0.01199422 0.01152317 0.01050188]] 
Episode: 115: [[0.0116107  0.01192795 0.01180012]
 [0.01164626 0.01192642 0.0114694 ]
 [0.01200006 0.01152964 0.01050959]] 
Episode: 116: [[0.01161452 0.01193232 0.01180588]
 [0.01165105 0.01193191 0.01147633]
 [0.01200597 0.01153609 0.01051722]] 
Episode: 117: [[0.01161836 0.01193678 0.01181188]
 [0.01165588 0.01193751 0.0114835 ]
 [0.01201204 0.01154276 0.01052522]] 
Episode: 118: [[0.01162193 0.01194101 0.01181746]
 [0.01166044 0.01194279 0.01149016]
 [0.01201771 0.01154898 0.01053259]] 
Episode: 119: [[0.01162562 0.01194538 0.01182321]
 [0.01166515 0.01194831 0.01149712]
 [0.01202348 0.01155542 0.01054028]] 
Episode: 120: [[0.01162939 0.01194978 0.01182902]
 [0.01166986 0.0119538  0.01150409]
 [0.01202926 0.01156186 0.010548  ]] 
Episode: 121: [[0.01163338 0.01195445 0.01183505]
 [0.01167483 0.01195955 0.01151122]
 [0.01203527 0.0115685  0.01055584]] 
Episode: 122: [[0.01163747 0.01195922 0.01184129]
 [0.0116799  0.01196541 0.01151857]
 [0.01204149 0.01157535 0.010564  ]] 
Episode: 123: [[0.01164167 0.01196417 0.0118478 ]
 [0.01168515 0.0119715  0.01152625]
 [0.01204797 0.01158247 0.01057255]] 
Episode: 124: [[0.01164574 0.01196909 0.01185435]
 [0.01169019 0.01197748 0.01153387]
 [0.01205434 0.0115896  0.01058115]] 
Episode: 125: [[0.0116497  0.01197389 0.01186072]
 [0.0116951  0.0119833  0.01154128]
 [0.01206054 0.01159654 0.01058952]] 
Episode: 126: [[0.01165372 0.01197875 0.01186713]
 [0.01170008 0.01198916 0.01154865]
 [0.01206678 0.01160347 0.01059782]] 
Episode: 127: [[0.01165779 0.01198367 0.01187366]
 [0.01170509 0.01199506 0.01155613]
 [0.01207311 0.01161052 0.0106063 ]] 
Episode: 128: [[0.01166216 0.01198922 0.01188098]
 [0.01171082 0.01200182 0.01156456]
 [0.01208032 0.01161847 0.01061575]] 
Episode: 129: [[0.01166655 0.01199477 0.01188825]
 [0.01171652 0.01200856 0.01157291]
 [0.01208748 0.01162637 0.01062508]] 
Episode: 130: [[0.01167072 0.01200002 0.01189508]
 [0.01172191 0.0120149  0.01158073]
 [0.0120942  0.01163379 0.01063379]] 
Episode: 131: [[0.01167484 0.01200526 0.01190191]
 [0.01172725 0.01202124 0.01158855]
 [0.01210092 0.01164123 0.01064254]] 
Episode: 132: [[0.01167873 0.0120102  0.01190836]
 [0.01173229 0.01202723 0.01159593]
 [0.01210728 0.01164826 0.01065077]] 
Episode: 133: [[0.01168285 0.01201539 0.01191527]
 [0.01173759 0.01203349 0.0116038 ]
 [0.01211402 0.01165568 0.01065965]] 
Episode: 134: [[0.01168736 0.01202097 0.01192253]
 [0.01174328 0.01204013 0.011612  ]
 [0.0121212  0.01166349 0.01066884]] 
Episode: 135: [[0.01169215 0.01202612 0.01192913]
 [0.01174867 0.01204634 0.01161969]
 [0.01212789 0.01167069 0.01067728]] 
Episode: 136: [[0.01169705 0.01203148 0.01193601]
 [0.01175424 0.01205275 0.01162765]
 [0.01213478 0.01167814 0.01068603]] 
Episode: 137: [[0.01170178 0.01203663 0.01194259]
 [0.01175959 0.01205888 0.01163521]
 [0.01214139 0.01168524 0.01069434]] 
Episode: 138: [[0.01170646 0.01204179 0.01194917]
 [0.01176493 0.01206501 0.01164278]
 [0.01214801 0.01169238 0.01070265]] 
Episode: 139: [[0.01171109 0.01204687 0.01195571]
 [0.01177023 0.01207109 0.01165035]
 [0.01215461 0.01169947 0.01071097]] 
Episode: 140: [[0.01171583 0.01205204 0.01196234]
 [0.01177569 0.01207743 0.01165821]
 [0.01216136 0.0117068  0.0107195 ]] 
Episode: 141: [[0.01172062 0.01205734 0.01196919]
 [0.01178125 0.01208392 0.01166633]
 [0.01216831 0.01171436 0.01072839]] 
Episode: 142: [[0.01172539 0.01206267 0.01197604]
 [0.01178682 0.01209041 0.01167438]
 [0.01217523 0.0117219  0.01073718]] 
Episode: 143: [[0.01173018 0.01206809 0.01198308]
 [0.01179242 0.012097   0.01168263]
 [0.01218224 0.0117296  0.01074619]] 
Episode: 144: [[0.01173497 0.01207351 0.01199009]
 [0.01179802 0.01210358 0.01169082]
 [0.01218923 0.01173729 0.01075515]] 
Episode: 145: [[0.01174005 0.01207926 0.01199746]
 [0.01180393 0.01211049 0.01169936]
 [0.01219656 0.01174532 0.01076444]] 
Episode: 146: [[0.01174517 0.01208506 0.01200498]
 [0.01180991 0.01211745 0.01170804]
 [0.01220403 0.01175347 0.010774  ]] 
Episode: 147: [[0.01175026 0.01209088 0.01201242]
 [0.01181591 0.01212443 0.01171663]
 [0.01221143 0.01176156 0.01078337]] 
Episode: 148: [[0.01175539 0.01209679 0.01201995]
 [0.01182198 0.01213151 0.01172531]
 [0.01221889 0.01176975 0.01079284]] 
Episode: 149: [[0.01176053 0.01210272 0.01202749]
 [0.01182805 0.0121386  0.011734  ]
 [0.01222637 0.01177799 0.01080235]] 
Episode: 150: [[0.01176588 0.01210884 0.01203531]
 [0.0118344  0.01214595 0.01174306]
 [0.01223419 0.01178654 0.01081231]] 
Episode: 151: [[0.01177083 0.01211443 0.01204245]
 [0.01184025 0.01215267 0.01175134]
 [0.01224141 0.01179442 0.01082142]] 
Episode: 152: [[0.011776   0.01212016 0.0120496 ]
 [0.01184628 0.0121595  0.01175957]
 [0.01224871 0.01180228 0.01083036]] 
Episode: 153: [[0.01178073 0.01212551 0.01205618]
 [0.01185197 0.01216594 0.01176722]
 [0.0122555  0.01180957 0.01083856]] 
Episode: 154: [[0.01178542 0.01213087 0.01206288]
 [0.01185764 0.01217241 0.01177499]
 [0.01226234 0.01181696 0.01084699]] 
Episode: 155: [[0.01178995 0.0121361  0.01206938]
 [0.01186313 0.01217868 0.01178248]
 [0.01226896 0.01182412 0.01085509]] 
Episode: 156: [[0.01179489 0.01214182 0.01207642]
 [0.01186908 0.01218547 0.01179051]
 [0.01227611 0.01183183 0.01086373]] 
Episode: 157: [[0.01179995 0.01214766 0.01208354]
 [0.01187514 0.01219235 0.01179859]
 [0.01228333 0.01183961 0.01087238]] 
Episode: 158: [[0.01180485 0.01215334 0.01209046]
 [0.01188105 0.01219907 0.01180645]
 [0.01229038 0.01184718 0.01088077]] 
Episode: 159: [[0.01180947 0.01215873 0.01209707]
 [0.01188665 0.01220545 0.01181395]
 [0.01229709 0.0118544  0.01088883]] 
Episode: 160: [[0.01181388 0.01216411 0.01210376]
 [0.01189226 0.01221197 0.01182167]
 [0.0123039  0.01186179 0.01089711]] 
Episode: 161: [[0.01181837 0.0121696  0.01211047]
 [0.01189791 0.01221852 0.01182933]
 [0.01231066 0.01186917 0.01090526]] 
Episode: 162: [[0.01182321 0.01217553 0.01211765]
 [0.01190396 0.01222553 0.01183748]
 [0.01231789 0.01187705 0.01091392]] 
Episode: 163: [[0.01182812 0.01218152 0.01212503]
 [0.01191006 0.01223263 0.01184585]
 [0.01232528 0.01188513 0.01092291]] 
Episode: 164: [[0.01183302 0.01218745 0.01213228]
 [0.01191607 0.01223962 0.01185402]
 [0.01233253 0.01189305 0.01093164]] 
Episode: 165: [[0.01183791 0.01219344 0.01213959]
 [0.01192205 0.01224667 0.01186228]
 [0.01233975 0.01190103 0.01094047]] 
Episode: 166: [[0.0118432  0.01219993 0.0121478 ]
 [0.01192851 0.01225428 0.01187151]
 [0.01234769 0.01190985 0.01095059]] 
Episode: 167: [[0.01184838 0.01220631 0.01215595]
 [0.01193486 0.01226175 0.01188067]
 [0.01235557 0.01191859 0.01096073]] 
Episode: 168: [[0.01185357 0.01221269 0.01216413]
 [0.01194121 0.01226922 0.01188985]
 [0.01236349 0.01192736 0.01097094]] 
Episode: 169: [[0.01185893 0.01221931 0.01217252]
 [0.01194777 0.01227697 0.01189929]
 [0.01237164 0.0119364  0.01098138]] 
Episode: 170: [[0.01186413 0.0122257  0.01218071]
 [0.01195416 0.0122845  0.01190855]
 [0.01237964 0.01194525 0.0109917 ]] 
Episode: 171: [[0.01186925 0.01223195 0.01218865]
 [0.01196043 0.01229184 0.01191749]
 [0.01238745 0.01195382 0.01100157]] 
Episode: 172: [[0.01187433 0.01223813 0.01219639]
 [0.01196665 0.01229909 0.01192621]
 [0.01239511 0.0119622  0.01101111]] 
Episode: 173: [[0.01187948 0.01224435 0.01220426]
 [0.01197297 0.01230641 0.01193507]
 [0.01240291 0.01197066 0.0110208 ]] 
Episode: 174: [[0.01188446 0.0122504  0.01221184]
 [0.01197912 0.01231352 0.01194359]
 [0.01241043 0.01197881 0.01103011]] 
Episode: 175: [[0.0118897  0.01225676 0.01221994]
 [0.01198557 0.012321   0.01195268]
 [0.01241837 0.0119875  0.01104015]] 
Episode: 176: [[0.011895   0.01226321 0.01222821]
 [0.01199208 0.01232856 0.01196196]
 [0.01242646 0.01199634 0.01105046]] 
Episode: 177: [[0.01190009 0.01226936 0.01223606]
 [0.01199831 0.01233575 0.01197073]
 [0.01243417 0.01200473 0.01106018]] 
Episode: 178: [[0.01190556 0.01227594 0.0122444 ]
 [0.01200496 0.01234341 0.01198004]
 [0.01244236 0.01201364 0.01107046]] 
Episode: 179: [[0.01191125 0.01228285 0.01225317]
 [0.01201195 0.01235147 0.01198984]
 [0.01245097 0.01202301 0.01108126]] 
Episode: 180: [[0.01191701 0.01228971 0.01226162]
 [0.01201894 0.01235946 0.01199928]
 [0.01245938 0.01203205 0.01109142]] 
Episode: 181: [[0.01192257 0.01229624 0.01226959]
 [0.01202562 0.01236706 0.01200818]
 [0.01246734 0.01204058 0.0111009 ]] 
Episode: 182: [[0.01192832 0.01230305 0.01227809]
 [0.01203254 0.012375   0.01201766]
 [0.01247566 0.01204956 0.01111111]] 
Episode: 183: [[0.01193368 0.01230946 0.01228602]
 [0.01203906 0.0123825  0.01202654]
 [0.01248346 0.01205798 0.0111206 ]] 
Episode: 184: [[0.01193868 0.01231537 0.01229324]
 [0.01204511 0.01238942 0.01203465]
 [0.01249064 0.01206571 0.01112925]] 
Episode: 185: [[0.01194371 0.01232132 0.01230066]
 [0.01205119 0.01239638 0.01204299]
 [0.01249798 0.01207362 0.01113828]] 
Episode: 186: [[0.01194881 0.01232738 0.01230821]
 [0.01205739 0.01240347 0.01205148]
 [0.01250544 0.01208166 0.01114748]] 
Episode: 187: [[0.01195393 0.01233341 0.01231566]
 [0.01206356 0.01241051 0.01205984]
 [0.01251285 0.01208963 0.01115648]] 
Episode: 188: [[0.01195894 0.01233932 0.01232306]
 [0.0120696  0.01241741 0.01206813]
 [0.01252017 0.01209749 0.01116547]] 
Episode: 189: [[0.01196434 0.01234563 0.01233117]
 [0.01207609 0.01242477 0.01207721]
 [0.01252817 0.01210599 0.01117543]] 
Episode: 190: [[0.01196951 0.01235167 0.01233897]
 [0.01208234 0.01243185 0.01208598]
 [0.01253588 0.01211417 0.01118504]] 
Episode: 191: [[0.01197499 0.01235789 0.0123468 ]
 [0.01208867 0.01243918 0.0120949 ]
 [0.01254365 0.01212254 0.01119461]] 
Episode: 192: [[0.01198078 0.01236456 0.01235519]
 [0.01209544 0.01244704 0.01210448]
 [0.01255193 0.01213148 0.01120487]] 
Episode: 193: [[0.01198659 0.0123712  0.01236359]
 [0.01210224 0.01245488 0.01211408]
 [0.01256026 0.01214043 0.0112152 ]] 
Episode: 194: [[0.01199236 0.0123779  0.01237211]
 [0.01210894 0.01246269 0.01212362]
 [0.01256858 0.01214941 0.01122551]] 
Episode: 195: [[0.01199832 0.01238487 0.01238099]
 [0.01211592 0.01247087 0.01213364]
 [0.01257724 0.01215886 0.01123636]] 
Episode: 196: [[0.01200408 0.0123916  0.01238949]
 [0.01212263 0.0124787  0.01214318]
 [0.01258552 0.01216788 0.01124664]] 
Episode: 197: [[0.0120099  0.01239832 0.0123979 ]
 [0.01212946 0.01248655 0.01215259]
 [0.01259384 0.01217682 0.0112567 ]] 
Episode: 198: [[0.01201579 0.0124052  0.01240652]
 [0.0121364  0.01249458 0.01216225]
 [0.01260231 0.01218597 0.01126705]] 
Episode: 199: [[0.01202172 0.01241217 0.01241528]
 [0.01214341 0.0125027  0.01217207]
 [0.01261091 0.01219529 0.01127764]] 
Episode: 200: [[0.01202748 0.01241889 0.01242366]
 [0.01215021 0.01251055 0.01218146]
 [0.01261919 0.01220422 0.01128772]] 
Episode: 201: [[0.012033   0.01242535 0.01243168]
 [0.01215672 0.01251801 0.01219042]
 [0.01262708 0.01221263 0.01129729]] 
Episode: 202: [[0.01203841 0.01243191 0.01243976]
 [0.01216329 0.01252567 0.01219957]
 [0.01263501 0.01222119 0.01130692]] 
Episode: 203: [[0.01204413 0.01243879 0.0124483 ]
 [0.01217024 0.01253374 0.0122093 ]
 [0.01264341 0.01223024 0.01131724]] 
Episode: 204: [[0.01205017 0.012446   0.01245723]
 [0.01217778 0.01254249 0.01221973]
 [0.0126523  0.01223983 0.01132801]] 
Episode: 205: [[0.01205616 0.01245329 0.01246656]
 [0.01218535 0.01255143 0.0122306 ]
 [0.01266147 0.01224982 0.01133942]] 
Episode: 206: [[0.0120621  0.01246052 0.01247579]
 [0.01219285 0.01256028 0.01224135]
 [0.01267053 0.01225972 0.01135073]] 
Episode: 207: [[0.01206806 0.01246782 0.01248502]
 [0.01220036 0.01256915 0.01225204]
 [0.01267955 0.01226959 0.01136193]] 
Episode: 208: [[0.01207365 0.01247478 0.01249378]
 [0.01220743 0.01257756 0.01226212]
 [0.01268805 0.01227893 0.01137246]] 
Episode: 209: [[0.01207936 0.0124818  0.01250288]
 [0.01221456 0.01258596 0.01227248]
 [0.01269676 0.01228843 0.0113835 ]] 
Episode: 210: [[0.01208465 0.01248834 0.01251131]
 [0.01222128 0.01259393 0.01228228]
 [0.01270489 0.01229737 0.01139387]] 
Episode: 211: [[0.01208928 0.01249422 0.0125189 ]
 [0.01222721 0.01260112 0.01229111]
 [0.01271208 0.01230545 0.01140323]] 
Episode: 212: [[0.01209418 0.0125004  0.01252673]
 [0.01223344 0.01260861 0.01230013]
 [0.01271947 0.01231374 0.01141267]] 
Episode: 213: [[0.01209905 0.01250644 0.01253425]
 [0.01223951 0.01261584 0.01230872]
 [0.01272662 0.01232169 0.0114216 ]] 
Episode: 214: [[0.01210397 0.01251252 0.0125418 ]
 [0.01224561 0.0126231  0.01231732]
 [0.01273381 0.01232969 0.01143057]] 
Episode: 215: [[0.0121089  0.01251863 0.01254934]
 [0.01225172 0.01263037 0.01232592]
 [0.01274102 0.01233774 0.01143958]] 
Episode: 216: [[0.01211314 0.01252491 0.01255723]
 [0.01225881 0.01263853 0.01233547]
 [0.01274893 0.01234637 0.01144915]] 
Episode: 217: [[0.01211775 0.01253156 0.01256568]
 [0.01226612 0.01264704 0.01234559]
 [0.01275728 0.01235554 0.01145948]] 
Episode: 218: [[0.01212255 0.01253834 0.01257421]
 [0.01227349 0.01265563 0.01235576]
 [0.01276573 0.01236483 0.0114699 ]] 
Episode: 219: [[0.01212704 0.01254461 0.01258204]
 [0.0122803  0.01266356 0.01236508]
 [0.01277351 0.01237338 0.01147943]] 
Episode: 220: [[0.01213192 0.01255124 0.01259033]
 [0.01228738 0.01267181 0.01237485]
 [0.01278167 0.01238238 0.01148953]] 
Episode: 221: [[0.01213706 0.01255815 0.01259906]
 [0.01229478 0.01268045 0.01238513]
 [0.01279024 0.01239183 0.01150025]] 
Episode: 222: [[0.0121419  0.01256502 0.01260781]
 [0.01230192 0.01268897 0.01239534]
 [0.01279871 0.01240127 0.01151096]] 
Episode: 223: [[0.01214642 0.01257154 0.01261621]
 [0.01230861 0.01269709 0.01240512]
 [0.01280673 0.01241035 0.01152132]] 
Episode: 224: [[0.01215111 0.01257807 0.01262451]
 [0.01231537 0.01270515 0.01241475]
 [0.01281479 0.01241937 0.01153151]] 
Episode: 225: [[0.01215577 0.01258452 0.01263276]
 [0.01232198 0.01271309 0.0124243 ]
 [0.01282271 0.0124283  0.01154167]] 
Episode: 226: [[0.01216045 0.01259092 0.01264088]
 [0.01232852 0.01272093 0.01243365]
 [0.01283053 0.01243711 0.0115516 ]] 
Episode: 227: [[0.01216529 0.01259732 0.01264895]
 [0.01233516 0.01272875 0.01244296]
 [0.01283843 0.01244588 0.01156148]] 
Episode: 228: [[0.01217021 0.01260372 0.01265702]
 [0.01234176 0.0127365  0.01245222]
 [0.01284635 0.01245465 0.01157139]] 
Episode: 229: [[0.01217479 0.01260965 0.01266448]
 [0.01234787 0.01274365 0.01246076]
 [0.01285366 0.01246275 0.01158051]] 
Episode: 230: [[0.01217974 0.01261602 0.01267254]
 [0.01235436 0.01275127 0.01246993]
 [0.0128615  0.01247141 0.01159037]] 
Episode: 231: [[0.01218404 0.0126219  0.01268002]
 [0.01236008 0.01275837 0.01247849]
 [0.01286853 0.01247954 0.01159962]] 
Episode: 232: [[0.01218808 0.01262743 0.01268698]
 [0.01236544 0.012765   0.01248642]
 [0.0128751  0.0124871  0.01160817]] 
Episode: 233: [[0.01219307 0.01263397 0.01269532]
 [0.01237175 0.01277267 0.01249575]
 [0.01288285 0.01249591 0.01161832]] 
Episode: 234: [[0.0121982  0.01264065 0.01270373]
 [0.01237819 0.01278047 0.01250512]
 [0.01289077 0.01250484 0.01162845]] 
Episode: 235: [[0.01220351 0.01264747 0.01271213]
 [0.01238476 0.01278836 0.01251439]
 [0.01289872 0.01251372 0.01163833]] 
Episode: 236: [[0.01220884 0.0126543  0.01272051]
 [0.01239131 0.01279626 0.01252368]
 [0.01290664 0.01252258 0.01164821]] 
Episode: 237: [[0.01221401 0.01266097 0.01272874]
 [0.0123977  0.01280399 0.01253285]
 [0.01291441 0.01253133 0.01165803]] 
Episode: 238: [[0.01221947 0.01266782 0.01273704]
 [0.01240427 0.01281183 0.012542  ]
 [0.01292231 0.0125401  0.01166771]] 
Episode: 239: [[0.01222521 0.01267493 0.01274567]
 [0.01241111 0.01281998 0.01255153]
 [0.01293054 0.01254925 0.01167786]] 
Episode: 240: [[0.01223135 0.01268251 0.01275484]
 [0.01241847 0.01282872 0.01256169]
 [0.01293943 0.01255907 0.01168864]] 
Episode: 241: [[0.01223705 0.01268956 0.01276336]
 [0.01242527 0.01283681 0.01257111]
 [0.01294772 0.0125682  0.01169868]] 
Episode: 242: [[0.01224242 0.01269613 0.01277137]
 [0.01243166 0.01284433 0.01257988]
 [0.01295544 0.0125767  0.01170805]] 
Episode: 243: [[0.01224792 0.01270292 0.01277974]
 [0.01243825 0.01285213 0.01258908]
 [0.01296348 0.0125856  0.01171797]] 
Episode: 244: [[0.0122533  0.01270955 0.01278788]
 [0.01244473 0.01285977 0.01259805]
 [0.0129714  0.01259429 0.01172759]] 
Episode: 245: [[0.01225793 0.01271532 0.01279488]
 [0.01245033 0.01286645 0.01260583]
 [0.01297822 0.01260187 0.01173589]] 
Episode: 246: [[0.0122629  0.01272147 0.0128023 ]
 [0.01245629 0.01287356 0.01261407]
 [0.01298544 0.01260991 0.01174464]] 
Episode: 247: [[0.01226758 0.01272763 0.0128097 ]
 [0.01246236 0.01288095 0.01262243]
 [0.01299276 0.01261803 0.01175326]] 
Episode: 248: [[0.01227254 0.01273403 0.01281735]
 [0.01246874 0.0128886  0.01263107]
 [0.01300041 0.01262645 0.01176219]] 
Episode: 249: [[0.01227764 0.01274038 0.0128248 ]
 [0.01247514 0.01289613 0.01263942]
 [0.0130079  0.01263462 0.01177073]] 
Episode: 250: [[0.01228294 0.012747   0.0128325 ]
 [0.0124818  0.01290398 0.01264809]
 [0.01301568 0.01264315 0.01177962]] 
Episode: 251: [[0.01228827 0.01275355 0.01284025]
 [0.01248845 0.01291174 0.0126568 ]
 [0.01302351 0.01265165 0.01178857]] 
Episode: 252: [[0.0122937  0.01276022 0.01284811]
 [0.01249517 0.01291958 0.01266558]
 [0.01303141 0.01266025 0.01179761]] 
Episode: 253: [[0.01229907 0.01276685 0.01285585]
 [0.01250176 0.01292735 0.01267421]
 [0.01303913 0.01266874 0.01180647]] 
Episode: 254: [[0.01230455 0.01277363 0.01286384]
 [0.01250848 0.01293532 0.01268316]
 [0.01304711 0.01267754 0.01181575]] 
Episode: 255: [[0.01230905 0.01277932 0.01287037]
 [0.0125141  0.01294204 0.0126905 ]
 [0.01305371 0.01268489 0.01182326]] 
Episode: 256: [[0.01231315 0.01278445 0.01287623]
 [0.01251919 0.01294813 0.01269712]
 [0.01305967 0.01269153 0.01183   ]] 
Episode: 257: [[0.01231735 0.01278974 0.01288225]
 [0.01252433 0.01295436 0.01270389]
 [0.01306575 0.01269839 0.01183698]] 
Episode: 258: [[0.01232173 0.01279513 0.01288824]
 [0.01252962 0.01296064 0.0127106 ]
 [0.01307188 0.01270521 0.01184378]] 
Episode: 259: [[0.01232646 0.01280092 0.01289486]
 [0.01253532 0.01296743 0.01271804]
 [0.01307859 0.0127127  0.01185146]] 
Episode: 260: [[0.01233108 0.01280646 0.01290104]
 [0.01254095 0.01297412 0.01272518]
 [0.01308503 0.01271984 0.01185861]] 
Episode: 261: [[0.01233627 0.01281258 0.01290774]
 [0.01254717 0.01298141 0.01273285]
 [0.01309208 0.01272758 0.01186629]] 
Episode: 262: [[0.01234197 0.01281923 0.01291505]
 [0.01255395 0.01298926 0.01274112]
 [0.01309975 0.01273592 0.01187462]] 
Episode: 263: [[0.01234723 0.01282546 0.01292186]
 [0.01256029 0.01299669 0.0127489 ]
 [0.01310696 0.01274382 0.01188239]] 
Episode: 264: [[0.0123533  0.01283255 0.01292992]
 [0.01256755 0.01300512 0.01275809]
 [0.01311537 0.01275299 0.01189181]] 
Episode: 265: [[0.01235955 0.01283983 0.01293807]
 [0.01257498 0.01301369 0.0127673 ]
 [0.0131239  0.01276224 0.01190114]] 
Episode: 266: [[0.0123656  0.01284693 0.01294614]
 [0.01258223 0.01302205 0.01277643]
 [0.01313228 0.01277134 0.01191047]] 
Episode: 267: [[0.01237118 0.01285386 0.01295399]
 [0.01258888 0.01303019 0.01278532]
 [0.01314013 0.01278032 0.01191967]] 
Episode: 268: [[0.0123758  0.01285977 0.01296053]
 [0.01259428 0.01303715 0.01279281]
 [0.01314662 0.01278802 0.01192733]] 
Episode: 269: [[0.01238075 0.01286588 0.01296717]
 [0.01259998 0.0130443  0.0128004 ]
 [0.01315329 0.01279582 0.01193509]] 
Episode: 270: [[0.01238558 0.01287184 0.01297369]
 [0.0126056  0.01305136 0.01280797]
 [0.01315981 0.01280344 0.01194271]] 
Episode: 271: [[0.01239022 0.01287746 0.01297994]
 [0.01261102 0.01305803 0.01281514]
 [0.01316607 0.01281067 0.01195   ]] 
Episode: 272: [[0.01239404 0.01288229 0.0129851 ]
 [0.01261524 0.01306378 0.01282112]
 [0.01317087 0.01281689 0.01195599]] 
Episode: 273: [[0.01239813 0.01288729 0.01299048]
 [0.01261976 0.0130697  0.01282734]
 [0.01317604 0.01282331 0.01196221]] 
Episode: 274: [[0.01240164 0.01289158 0.01299497]
 [0.01262361 0.01307478 0.01283256]
 [0.01318039 0.01282878 0.01196737]] 
Episode: 275: [[0.01240456 0.01289519 0.01299867]
 [0.01262686 0.01307916 0.01283696]
 [0.0131841  0.01283348 0.01197164]] 
Episode: 276: [[0.01240766 0.01289915 0.01300294]
 [0.01263047 0.01308391 0.01284194]
 [0.01318831 0.01283865 0.0119766 ]] 
Episode: 277: [[0.0124113  0.01290374 0.0130079 ]
 [0.01263474 0.01308934 0.01284762]
 [0.01319325 0.01284452 0.01198225]] 
Episode: 278: [[0.01241503 0.01290832 0.01301281]
 [0.01263911 0.01309477 0.01285331]
 [0.01319824 0.01285036 0.01198786]] 
Episode: 279: [[0.01241879 0.01291262 0.01301746]
 [0.01264354 0.01309989 0.01285868]
 [0.01320329 0.01285579 0.0119931 ]] 
Episode: 280: [[0.01242308 0.01291755 0.01302293]
 [0.01264856 0.01310569 0.01286494]
 [0.013209   0.012862   0.01199931]] 
Episode: 281: [[0.01242783 0.01292302 0.01302904]
 [0.01265405 0.01311208 0.01287184]
 [0.01321527 0.01286885 0.01200614]] 
Episode: 282: [[0.01243289 0.01292885 0.01303545]
 [0.01265988 0.0131188  0.01287897]
 [0.01322186 0.01287599 0.0120132 ]] 
Episode: 283: [[0.01243763 0.01293426 0.0130414 ]
 [0.01266531 0.01312504 0.01288562]
 [0.01322805 0.01288268 0.01201981]] 
Episode: 284: [[0.01244287 0.01294019 0.01304784]
 [0.01267136 0.01313191 0.01289285]
 [0.01323483 0.01288995 0.01202695]] 
Episode: 285: [[0.01244797 0.012946   0.01305414]
 [0.01267726 0.01313862 0.01289988]
 [0.01324142 0.01289702 0.01203388]] 
Episode: 286: [[0.01245355 0.01295216 0.01306092]
 [0.01268371 0.01314568 0.01290743]
 [0.01324865 0.01290454 0.01204142]] 
Episode: 287: [[0.01245873 0.01295795 0.01306749]
 [0.01268983 0.01315237 0.01291472]
 [0.01325553 0.01291166 0.01204874]] 
Episode: 288: [[0.01246328 0.01296317 0.01307335]
 [0.0126954  0.01315857 0.01292145]
 [0.0132617  0.01291813 0.01205533]] 
Episode: 289: [[0.01246758 0.01296811 0.01307892]
 [0.01270068 0.01316455 0.01292794]
 [0.01326761 0.01292443 0.0120617 ]] 
Episode: 290: [[0.01247165 0.01297252 0.01308385]
 [0.01270564 0.0131699  0.01293372]
 [0.01327317 0.01293006 0.01206738]] 
Episode: 291: [[0.01247577 0.01297707 0.01308893]
 [0.01271073 0.01317546 0.01293971]
 [0.01327887 0.01293588 0.01207324]] 
Episode: 292: [[0.01247979 0.01298147 0.01309384]
 [0.01271568 0.01318078 0.01294541]
 [0.01328443 0.01294146 0.01207882]] 
Episode: 293: [[0.01248403 0.01298627 0.01309929]
 [0.01272093 0.01318656 0.01295175]
 [0.01329047 0.01294763 0.01208507]] 
Episode: 294: [[0.01248834 0.01299129 0.01310506]
 [0.01272623 0.01319256 0.0129584 ]
 [0.01329666 0.01295409 0.01209167]] 
Episode: 295: [[0.01249039 0.01299349 0.01310726]
 [0.01272881 0.01319537 0.0129612 ]
 [0.01329986 0.0129571  0.01209419]] 
Episode: 296: [[0.0124929  0.01299639 0.01311042]
 [0.01273198 0.01319895 0.012965  ]
 [0.01330375 0.01296098 0.01209782]] 
Episode: 297: [[0.01249507 0.01299868 0.01311262]
 [0.01273465 0.01320175 0.01296773]
 [0.01330686 0.01296385 0.0121002 ]] 
Episode: 298: [[0.0124967  0.01300057 0.01311415]
 [0.01273664 0.0132041  0.01296974]
 [0.01330913 0.01296619 0.01210181]] 
Episode: 299: [[0.01249835 0.01300242 0.01311566]
 [0.01273863 0.01320644 0.01297177]
 [0.01331138 0.01296848 0.01210337]] 
Episode: 300: [[0.01249805 0.01300244 0.01311446]
 [0.01273842 0.01320675 0.01297089]
 [0.01331092 0.01296836 0.01210168]] 
Episode: 301: [[0.01249797 0.01300277 0.01311376]
 [0.0127385  0.01320741 0.01297057]
 [0.01331085 0.01296869 0.01210066]] 
Episode: 302: [[0.01249519 0.01300062 0.01310954]
 [0.01273546 0.01320539 0.01296656]
 [0.01330705 0.0129659  0.01209555]] 
Episode: 303: [[0.01249171 0.01299733 0.0131041 ]
 [0.01273181 0.0132022  0.01296131]
 [0.01330252 0.01296185 0.01208915]] 
Episode: 304: [[0.01248795 0.01299352 0.01309804]
 [0.01272779 0.01319835 0.01295533]
 [0.01329755 0.01295704 0.01208193]] 
Episode: 305: [[0.01248526 0.01299082 0.01309324]
 [0.01272483 0.01319566 0.01295066]
 [0.01329371 0.01295349 0.01207608]] 
Episode: 306: [[0.01248205 0.01298751 0.01308766]
 [0.01272136 0.01319234 0.01294519]
 [0.01328932 0.01294927 0.01206939]] 
Episode: 307: [[0.01247966 0.01298484 0.01308327]
 [0.01271863 0.01318962 0.01294088]
 [0.01328565 0.01294566 0.01206388]] 
Episode: 308: [[0.01247781 0.01298264 0.01307955]
 [0.01271658 0.01318746 0.01293733]
 [0.01328281 0.01294273 0.01205923]] 
Episode: 309: [[0.0124773  0.01298191 0.01307767]
 [0.01271605 0.01318694 0.01293571]
 [0.01328176 0.0129416  0.01205662]] 
Episode: 310: [[0.01247697 0.01298145 0.01307611]
 [0.01271583 0.01318673 0.01293445]
 [0.01328115 0.01294089 0.0120545 ]] 
Episode: 311: [[0.01247768 0.01298217 0.01307603]
 [0.01271689 0.01318787 0.01293481]
 [0.0132821  0.01294173 0.0120541 ]] 
Episode: 312: [[0.01247829 0.01298254 0.01307562]
 [0.01271781 0.01318861 0.0129348 ]
 [0.01328294 0.01294214 0.0120533 ]] 
Episode: 313: [[0.01247769 0.01298159 0.01307347]
 [0.01271727 0.0131878  0.01293286]
 [0.01328207 0.01294078 0.01205036]] 
Episode: 314: [[0.01247613 0.01297971 0.0130701 ]
 [0.0127155  0.01318586 0.01292951]
 [0.01327976 0.01293814 0.01204584]] 
Episode: 315: [[0.01247529 0.01297877 0.01306789]
 [0.01271457 0.01318497 0.01292741]
 [0.01327852 0.01293667 0.01204265]] 
Episode: 316: [[0.01247534 0.01297894 0.01306716]
 [0.01271479 0.01318541 0.01292695]
 [0.01327863 0.01293665 0.01204119]] 
Episode: 317: [[0.01247481 0.01297854 0.01306571]
 [0.01271442 0.01318528 0.01292577]
 [0.01327813 0.01293605 0.01203901]] 
Episode: 318: [[0.01247509 0.01297904 0.01306534]
 [0.01271492 0.01318613 0.01292575]
 [0.01327859 0.01293656 0.01203809]] 
Episode: 319: [[0.0124761  0.01298029 0.0130659 ]
 [0.01271629 0.01318787 0.01292679]
 [0.01328006 0.01293806 0.01203829]] 
Episode: 320: [[0.01247759 0.01298213 0.01306735]
 [0.01271821 0.01319024 0.01292877]
 [0.0132823  0.0129404  0.0120396 ]] 
Episode: 321: [[0.01247743 0.0129819  0.01306604]
 [0.01271816 0.01319023 0.01292765]
 [0.01328228 0.01294004 0.01203757]] 
Episode: 322: [[0.01247672 0.01298107 0.01306415]
 [0.01271749 0.01318959 0.01292593]
 [0.01328158 0.01293904 0.01203497]] 
Episode: 323: [[0.01247656 0.01298084 0.01306308]
 [0.01271756 0.01318969 0.01292514]
 [0.01328166 0.01293881 0.01203339]] 
Episode: 324: [[0.01247635 0.01298086 0.01306245]
 [0.01271745 0.01319004 0.01292481]
 [0.01328155 0.0129389  0.01203238]] 
Episode: 325: [[0.0124763  0.01298115 0.01306227]
 [0.01271761 0.01319071 0.01292498]
 [0.01328183 0.01293944 0.01203201]] 
Episode: 326: [[0.01247603 0.01298122 0.01306169]
 [0.01271769 0.01319125 0.01292484]
 [0.01328202 0.01293981 0.01203123]] 
Episode: 327: [[0.01247599 0.01298148 0.01306137]
 [0.01271803 0.01319197 0.01292495]
 [0.0132825  0.01294039 0.01203076]] 
Episode: 328: [[0.012477   0.01298286 0.01306231]
 [0.01271951 0.01319392 0.01292642]
 [0.01328429 0.01294234 0.01203173]] 
Episode: 329: [[0.012479   0.01298538 0.01306474]
 [0.01272214 0.01319719 0.01292953]
 [0.01328746 0.01294575 0.01203445]] 
Episode: 330: [[0.01248027 0.01298711 0.01306609]
 [0.01272398 0.01319951 0.01293144]
 [0.01328971 0.01294816 0.01203592]] 
Episode: 331: [[0.01248177 0.01298908 0.01306769]
 [0.012726   0.01320203 0.01293357]
 [0.01329215 0.01295078 0.01203763]] 
Episode: 332: [[0.01248375 0.01299152 0.01306995]
 [0.01272851 0.01320507 0.01293634]
 [0.01329514 0.01295397 0.01204006]] 
Episode: 333: [[0.01248417 0.01299187 0.01306931]
 [0.01272937 0.01320594 0.01293621]
 [0.0132963  0.01295477 0.01203939]] 
Episode: 334: [[0.01248521 0.01299293 0.01306958]
 [0.01273093 0.01320758 0.01293704]
 [0.01329823 0.01295643 0.01203979]] 
Episode: 335: [[0.01248724 0.01299517 0.01307127]
 [0.01273352 0.01321047 0.0129393 ]
 [0.01330132 0.01295943 0.01204163]] 
Episode: 336: [[0.01248965 0.01299779 0.01307344]
 [0.01273653 0.01321374 0.01294207]
 [0.0133049  0.01296286 0.01204403]] 
Episode: 337: [[0.01249221 0.01299977 0.01307545]
 [0.01273936 0.01321631 0.01294469]
 [0.01330815 0.01296575 0.0120465 ]] 
Episode: 338: [[0.0124952  0.01300235 0.01307806]
 [0.01274272 0.01321957 0.01294802]
 [0.01331191 0.01296926 0.01204958]] 
Episode: 339: [[0.0124984  0.01300532 0.01308112]
 [0.01274637 0.01322325 0.0129518 ]
 [0.01331605 0.01297323 0.01205311]] 
Episode: 340: [[0.01250174 0.01300845 0.01308437]
 [0.01275031 0.01322718 0.01295584]
 [0.01332048 0.01297742 0.01205689]] 
Episode: 341: [[0.01250575 0.01301249 0.0130886 ]
 [0.01275494 0.013232   0.01296085]
 [0.01332568 0.01298253 0.01206163]] 
Episode: 342: [[0.01250839 0.01301488 0.01309039]
 [0.01275786 0.0132348  0.01296312]
 [0.01332886 0.01298531 0.01206335]] 
Episode: 343: [[0.01251036 0.01301651 0.01309127]
 [0.01276006 0.01323678 0.01296441]
 [0.0133312  0.01298719 0.01206407]] 
Episode: 344: [[0.01251259 0.01301865 0.01309281]
 [0.01276267 0.01323944 0.01296651]
 [0.01333405 0.01298979 0.01206563]] 
Episode: 345: [[0.01251499 0.01302102 0.01309465]
 [0.01276549 0.01324229 0.01296886]
 [0.01333712 0.01299261 0.01206748]] 
Episode: 346: [[0.01251672 0.01302284 0.01309568]
 [0.01276749 0.01324449 0.0129703 ]
 [0.01333922 0.01299465 0.01206829]] 
Episode: 347: [[0.01251765 0.01302415 0.01309611]
 [0.01276857 0.01324615 0.01297109]
 [0.01334021 0.01299597 0.01206833]] 
Episode: 348: [[0.01251944 0.01302637 0.01309772]
 [0.01277058 0.01324876 0.01297312]
 [0.01334227 0.0129984  0.01206968]] 
Episode: 349: [[0.01252113 0.01302847 0.0130993 ]
 [0.01277252 0.01325127 0.01297514]
 [0.01334435 0.01300078 0.01207111]] 
Episode: 350: [[0.01252339 0.0130312  0.01310161]
 [0.01277518 0.01325454 0.01297798]
 [0.01334732 0.01300395 0.01207334]] 
Episode: 351: [[0.01252655 0.01303506 0.01310521]
 [0.01277885 0.01325906 0.01298224]
 [0.01335149 0.01300854 0.01207709]] 
Episode: 352: [[0.01253051 0.01303979 0.01310982]
 [0.01278342 0.01326456 0.01298755]
 [0.01335664 0.01301414 0.01208186]] 
Episode: 353: [[0.01253502 0.01304499 0.01311491]
 [0.01278858 0.01327055 0.01299334]
 [0.01336236 0.01302021 0.01208709]] 
Episode: 354: [[0.01253913 0.01304995 0.01311969]
 [0.01279342 0.01327633 0.01299883]
 [0.01336772 0.01302605 0.01209207]] 
Episode: 355: [[0.01254251 0.01305411 0.01312354]
 [0.0127975  0.01328124 0.01300333]
 [0.0133722  0.01303098 0.01209604]] 
Episode: 356: [[0.0125452  0.01305758 0.01312671]
 [0.01280084 0.0132855  0.01300723]
 [0.01337571 0.01303514 0.01209935]] 
Episode: 357: [[0.01254841 0.01306158 0.01313055]
 [0.01280473 0.01329037 0.01301191]
 [0.01337994 0.01304005 0.01210359]] 
Episode: 358: [[0.01255162 0.01306546 0.01313427]
 [0.01280862 0.01329513 0.01301642]
 [0.01338405 0.01304476 0.01210766]] 
Episode: 359: [[0.01255479 0.01306942 0.01313832]
 [0.01281254 0.01330001 0.01302137]
 [0.01338835 0.01304969 0.01211225]] 
Episode: 360: [[0.01255819 0.01307339 0.01314241]
 [0.0128167  0.0133049  0.01302636]
 [0.01339297 0.01305469 0.01211696]] 
Episode: 361: [[0.01255952 0.01307554 0.01314403]
 [0.01281858 0.01330775 0.01302867]
 [0.013395   0.01305745 0.01211877]] 
Episode: 362: [[0.01256117 0.01307809 0.0131463 ]
 [0.01282091 0.01331109 0.0130317 ]
 [0.01339758 0.01306078 0.01212137]] 
Episode: 363: [[0.01256299 0.01308089 0.01314889]
 [0.01282345 0.0133147  0.01303504]
 [0.01340047 0.01306447 0.01212435]] 
Episode: 364: [[0.01256461 0.01308309 0.01315068]
 [0.01282571 0.01331765 0.01303752]
 [0.01340294 0.01306738 0.01212642]] 
Episode: 365: [[0.01256643 0.01308554 0.01315281]
 [0.01282816 0.01332081 0.01304035]
 [0.01340565 0.01307053 0.01212889]] 
Episode: 366: [[0.01256866 0.01308816 0.01315506]
 [0.01283091 0.0133241  0.01304328]
 [0.0134087  0.01307386 0.01213147]] 
Episode: 367: [[0.01257145 0.01309121 0.01315792]
 [0.01283432 0.01332788 0.01304688]
 [0.0134126  0.0130778  0.01213478]] 
Episode: 368: [[0.01257349 0.01309337 0.01315966]
 [0.01283698 0.01333064 0.01304927]
 [0.01341555 0.01308057 0.01213678]] 
Episode: 369: [[0.01257545 0.01309544 0.01316126]
 [0.01283948 0.01333325 0.0130515 ]
 [0.01341838 0.01308323 0.01213864]] 
Episode: 370: [[0.0125783  0.01309865 0.01316415]
 [0.01284307 0.01333721 0.01305514]
 [0.01342233 0.01308727 0.01214189]] 
Episode: 371: [[0.01258117 0.01310194 0.01316718]
 [0.0128466  0.01334114 0.01305883]
 [0.01342629 0.01309134 0.01214519]] 
Episode: 372: [[0.01258238 0.01310416 0.01316875]
 [0.01284856 0.01334413 0.01306113]
 [0.01342839 0.01309439 0.01214698]] 
Episode: 373: [[0.01258184 0.01310499 0.01316796]
 [0.01284864 0.01334548 0.01306074]
 [0.01342801 0.01309539 0.01214575]] 
Episode: 374: [[0.01258169 0.01310615 0.0131677 ]
 [0.01284908 0.01334718 0.01306089]
 [0.01342815 0.01309683 0.01214517]] 
Episode: 375: [[0.01258139 0.01310683 0.01316673]
 [0.01284922 0.01334823 0.0130602 ]
 [0.01342784 0.01309746 0.01214363]] 
Episode: 376: [[0.01258106 0.01310731 0.0131649 ]
 [0.01284942 0.01334932 0.01305897]
 [0.01342816 0.01309842 0.01214158]] 
Episode: 377: [[0.01258184 0.01310884 0.0131645 ]
 [0.01285072 0.01335153 0.01305925]
 [0.01342971 0.01310058 0.01214112]] 
Episode: 378: [[0.01257765 0.01310469 0.01315599]
 [0.01284629 0.01334726 0.0130507 ]
 [0.01342433 0.01309532 0.01213109]] 
Episode: 379: [[0.01257486 0.01310209 0.01314971]
 [0.01284345 0.0133447  0.01304454]
 [0.01342084 0.01309203 0.01212372]] 
Episode: 380: [[0.01257285 0.01310025 0.01314459]
 [0.0128415  0.01334296 0.01303956]
 [0.01341846 0.01308972 0.01211769]] 
Episode: 381: [[0.01257092 0.01309854 0.01313992]
 [0.01283965 0.01334136 0.01303506]
 [0.01341623 0.01308761 0.01211224]] 
Episode: 382: [[0.01256972 0.01309754 0.01313626]
 [0.01283867 0.01334071 0.01303174]
 [0.01341486 0.01308643 0.01210797]] 
Episode: 383: [[0.01256686 0.01309509 0.01313063]
 [0.01283588 0.01333845 0.01302631]
 [0.01341141 0.01308347 0.01210147]] 
Episode: 384: [[0.01256296 0.0130912  0.01312313]
 [0.01283182 0.01333459 0.01301888]
 [0.01340655 0.0130788  0.01209287]] 
Episode: 385: [[0.01255822 0.01308638 0.01311441]
 [0.01282668 0.01332965 0.01301009]
 [0.01340043 0.01307292 0.01208283]] 
Episode: 386: [[0.01255488 0.01308319 0.0131077 ]
 [0.01282308 0.01332638 0.0130033 ]
 [0.01339599 0.0130688  0.01207481]] 
Episode: 387: [[0.01255053 0.013079   0.01309962]
 [0.01281828 0.01332204 0.01299507]
 [0.01339008 0.01306346 0.01206523]] 
Episode: 388: [[0.01254658 0.01307526 0.01309239]
 [0.01281409 0.01331832 0.01298777]
 [0.01338486 0.0130588  0.01205672]] 
Episode: 389: [[0.01254034 0.01306891 0.01308183]
 [0.01280717 0.01331162 0.01297691]
 [0.01337648 0.01305074 0.01204428]] 
Episode: 390: [[0.01253548 0.01306406 0.01307321]
 [0.0128019  0.01330662 0.01296822]
 [0.01337001 0.01304459 0.01203418]] 
Episode: 391: [[0.01253265 0.01306133 0.01306737]
 [0.01279907 0.0133041  0.01296257]
 [0.01336636 0.01304123 0.01202736]] 
Episode: 392: [[0.01252972 0.01305933 0.01306278]
 [0.01279712 0.01330265 0.01295831]
 [0.01336379 0.01303903 0.01202204]] 
Episode: 393: [[0.01252733 0.01305775 0.01305881]
 [0.01279557 0.01330155 0.01295465]
 [0.0133618  0.01303733 0.01201738]] 
Episode: 394: [[0.01252473 0.0130563  0.01305519]
 [0.01279391 0.01330075 0.01295153]
 [0.01335978 0.01303602 0.01201333]] 
Episode: 395: [[0.01252306 0.01305569 0.01305261]
 [0.0127932  0.01330086 0.01294957]
 [0.01335878 0.01303566 0.01201044]] 
Episode: 396: [[0.01252065 0.01305407 0.01304879]
 [0.0127915  0.01329979 0.01294623]
 [0.01335657 0.01303399 0.0120061 ]] 
Episode: 397: [[0.01251994 0.01305491 0.01304849]
 [0.01279166 0.01330133 0.01294655]
 [0.01335686 0.01303544 0.01200582]] 
Episode: 398: [[0.01251899 0.01305504 0.01304733]
 [0.01279157 0.01330214 0.01294603]
 [0.01335676 0.013036   0.01200453]] 
Episode: 399: [[0.01251834 0.01305537 0.01304682]
 [0.01279166 0.01330315 0.01294624]
 [0.01335705 0.01303699 0.01200427]] 
Episode: 400: [[0.01251919 0.01305736 0.01304849]
 [0.01279342 0.01330599 0.01294875]
 [0.01335931 0.01304008 0.01200648]] 
Episode: 401: [[0.01252093 0.01306033 0.01305134]
 [0.01279612 0.01330988 0.0129525 ]
 [0.01336265 0.0130443  0.01200998]] 
Episode: 402: [[0.01252352 0.01306402 0.0130549 ]
 [0.01279971 0.0133145  0.01295693]
 [0.01336681 0.01304919 0.01201409]] 
Episode: 403: [[0.01252583 0.01306732 0.01305804]
 [0.01280294 0.01331871 0.01296093]
 [0.01337061 0.01305367 0.01201781]] 
Episode: 404: [[0.01252576 0.01306777 0.01305752]
 [0.0128035  0.0133198  0.01296104]
 [0.0133712  0.01305459 0.01201728]] 
Episode: 405: [[0.01252459 0.0130676  0.01305575]
 [0.01280276 0.0133201  0.01295971]
 [0.01337015 0.01305459 0.01201523]] 
Episode: 406: [[0.012524   0.013068   0.01305474]
 [0.01280259 0.01332095 0.01295913]
 [0.01336981 0.01305522 0.012014  ]] 
Episode: 407: [[0.01252391 0.01306875 0.01305445]
 [0.01280311 0.01332238 0.0129595 ]
 [0.01337036 0.01305655 0.01201381]] 
Episode: 408: [[0.01252471 0.01307048 0.01305543]
 [0.01280464 0.01332494 0.01296127]
 [0.01337209 0.01305914 0.01201512]] 
Episode: 409: [[0.01252569 0.01307232 0.01305681]
 [0.01280641 0.01332764 0.01296347]
 [0.01337417 0.01306199 0.01201701]] 
Episode: 410: [[0.01252618 0.01307345 0.01305724]
 [0.01280756 0.01332946 0.01296456]
 [0.01337554 0.01306385 0.01201775]] 
Episode: 411: [[0.01252467 0.01307222 0.01305459]
 [0.01280629 0.01332865 0.0129623 ]
 [0.01337394 0.01306266 0.01201472]] 
Episode: 412: [[0.01252446 0.01307236 0.01305366]
 [0.01280641 0.01332934 0.01296187]
 [0.01337396 0.01306313 0.01201364]] 
Episode: 413: [[0.01252495 0.01307336 0.01305378]
 [0.01280736 0.01333101 0.01296255]
 [0.01337483 0.01306455 0.01201363]] 
Episode: 414: [[0.01252369 0.0130723  0.01305115]
 [0.01280638 0.01333035 0.01296023]
 [0.01337337 0.01306332 0.01201031]] 
Episode: 415: [[0.01252324 0.01307227 0.01304987]
 [0.01280631 0.01333088 0.0129594 ]
 [0.01337319 0.01306356 0.01200872]] 
Episode: 416: [[0.01252373 0.01307325 0.01304984]
 [0.01280729 0.01333252 0.01295993]
 [0.01337424 0.01306508 0.01200861]] 
Episode: 417: [[0.01252447 0.01307433 0.01305017]
 [0.01280863 0.01333441 0.01296102]
 [0.01337586 0.01306698 0.01200915]] 
Episode: 418: [[0.01252511 0.01307538 0.01305056]
 [0.01280997 0.0133363  0.01296222]
 [0.01337752 0.01306893 0.01200985]] 
Episode: 419: [[0.01252656 0.01307733 0.01305208]
 [0.0128121  0.01333912 0.01296457]
 [0.01338011 0.01307192 0.01201181]] 
Episode: 420: [[0.0125273  0.01307864 0.01305275]
 [0.01281349 0.01334118 0.01296594]
 [0.01338186 0.01307405 0.01201276]] 
Episode: 421: [[0.01252831 0.01308023 0.01305375]
 [0.01281512 0.01334347 0.01296759]
 [0.01338388 0.01307641 0.01201399]] 
Episode: 422: [[0.01252701 0.01307889 0.01305028]
 [0.01281371 0.01334216 0.01296416]
 [0.01338239 0.01307471 0.01200967]] 
Episode: 423: [[0.01252637 0.01307826 0.01304786]
 [0.0128131  0.01334176 0.01296201]
 [0.01338176 0.01307399 0.01200669]] 
Episode: 424: [[0.01252716 0.0130794  0.0130476 ]
 [0.01281403 0.01334322 0.01296209]
 [0.01338287 0.01307533 0.01200607]] 
Episode: 425: [[0.01252882 0.0130815  0.01304849]
 [0.01281593 0.01334573 0.01296336]
 [0.01338502 0.01307778 0.01200667]] 
Episode: 426: [[0.01253032 0.0130833  0.01304922]
 [0.01281764 0.0133479  0.01296446]
 [0.01338697 0.01307989 0.01200717]] 
Episode: 427: [[0.01253172 0.01308499 0.01304988]
 [0.01281929 0.01334999 0.01296552]
 [0.01338887 0.01308194 0.01200768]] 
Episode: 428: [[0.01253387 0.01308748 0.01305145]
 [0.01282176 0.01335295 0.01296755]
 [0.01339172 0.01308492 0.01200916]] 
Episode: 429: [[0.01253527 0.01308982 0.01305297]
 [0.0128233  0.0133558  0.0129696 ]
 [0.01339359 0.01308798 0.01201087]] 
Episode: 430: [[0.012537   0.01309257 0.01305522]
 [0.01282529 0.01335915 0.01297245]
 [0.01339601 0.01309163 0.01201352]] 
Episode: 431: [[0.01253878 0.01309516 0.01305731]
 [0.01282736 0.01336233 0.01297517]
 [0.01339853 0.01309512 0.01201603]] 
Episode: 432: [[0.01254079 0.01309798 0.01305983]
 [0.01282971 0.01336576 0.01297831]
 [0.01340139 0.01309896 0.0120191 ]] 
Episode: 433: [[0.01254302 0.01310103 0.01306266]
 [0.01283236 0.01336943 0.01298176]
 [0.01340463 0.0131031  0.01202257]] 
Episode: 434: [[0.01254659 0.01310553 0.01306713]
 [0.01283652 0.01337476 0.012987  ]
 [0.01340955 0.013109   0.0120279 ]] 
Episode: 435: [[0.01255056 0.01311055 0.01307231]
 [0.01284119 0.01338075 0.01299309]
 [0.01341508 0.01311562 0.0120341 ]] 
Episode: 436: [[0.01255328 0.01311398 0.01307538]
 [0.01284446 0.01338496 0.01299691]
 [0.01341894 0.01312025 0.01203791]] 
Episode: 437: [[0.01255476 0.01311606 0.01307686]
 [0.01284643 0.01338771 0.012999  ]
 [0.0134212  0.01312316 0.01203976]] 
Episode: 438: [[0.01255634 0.01311819 0.0130784 ]
 [0.0128484  0.01339046 0.01300114]
 [0.01342349 0.01312605 0.01204166]] 
Episode: 439: [[0.01255844 0.01312065 0.01308043]
 [0.01285092 0.01339358 0.01300378]
 [0.01342643 0.01312935 0.01204413]] 
Episode: 440: [[0.01255989 0.01312239 0.01308156]
 [0.01285281 0.01339588 0.01300545]
 [0.01342858 0.01313175 0.01204557]] 
Episode: 441: [[0.01256241 0.01312531 0.01308406]
 [0.01285594 0.01339951 0.01300857]
 [0.01343206 0.01313552 0.01204848]] 
Episode: 442: [[0.01256581 0.01312918 0.01308756]
 [0.0128601  0.01340421 0.01301276]
 [0.01343664 0.01314037 0.01205242]] 
Episode: 443: [[0.01256856 0.01313235 0.01309025]
 [0.01286359 0.01340818 0.01301615]
 [0.01344043 0.01314439 0.0120555 ]] 
Episode: 444: [[0.01256979 0.01313426 0.01309106]
 [0.01286508 0.01341058 0.0130174 ]
 [0.01344203 0.01314678 0.01205632]] 
Episode: 445: [[0.01257162 0.0131368  0.01309267]
 [0.0128672  0.01341365 0.01301951]
 [0.0134445  0.01315003 0.01205812]] 
Episode: 446: [[0.01257393 0.01313989 0.013095  ]
 [0.01286983 0.01341731 0.0130223 ]
 [0.01344751 0.01315388 0.01206063]] 
Episode: 447: [[0.01257652 0.01314331 0.01309771]
 [0.01287286 0.01342141 0.01302557]
 [0.01345097 0.01315822 0.01206363]] 
Episode: 448: [[0.01257961 0.0131475  0.01310148]
 [0.01287638 0.01342628 0.01302989]
 [0.01345504 0.01316348 0.01206781]] 
Episode: 449: [[0.01258236 0.01315199 0.01310606]
 [0.01288025 0.01343183 0.01303531]
 [0.01345933 0.01316942 0.01207297]] 
Episode: 450: [[0.01258538 0.01315669 0.0131109 ]
 [0.01288436 0.01343755 0.01304095]
 [0.01346389 0.01317552 0.01207834]] 
Episode: 451: [[0.01258798 0.01316063 0.01311453]
 [0.01288768 0.01344228 0.0130452 ]
 [0.0134677  0.01318053 0.01208222]] 
Episode: 452: [[0.01258848 0.01316208 0.01311494]
 [0.01288852 0.01344416 0.01304591]
 [0.0134687  0.01318244 0.01208235]] 
Episode: 453: [[0.01258957 0.01316421 0.01311624]
 [0.01289012 0.01344675 0.01304747]
 [0.01347048 0.01318511 0.01208338]] 
Episode: 454: [[0.01259202 0.01316762 0.01311903]
 [0.01289315 0.01345075 0.01305066]
 [0.01347393 0.01318936 0.01208614]] 
Episode: 455: [[0.01259471 0.01317142 0.01312234]
 [0.01289638 0.01345511 0.01305439]
 [0.01347774 0.01319405 0.0120895 ]] 
Episode: 456: [[0.01259819 0.01317602 0.01312646]
 [0.01290043 0.01346033 0.01305897]
 [0.01348236 0.01319956 0.01209362]] 
Episode: 457: [[0.01260227 0.01318122 0.0131312 ]
 [0.01290523 0.01346629 0.01306427]
 [0.0134877  0.01320575 0.01209841]] 
Episode: 458: [[0.01260643 0.01318637 0.01313586]
 [0.01291011 0.01347221 0.01306949]
 [0.01349307 0.01321186 0.01210315]] 
Episode: 459: [[0.01261046 0.01319143 0.01314062]
 [0.01291486 0.01347802 0.01307483]
 [0.01349838 0.01321794 0.01210809]] 
Episode: 460: [[0.01261212 0.01319345 0.01314138]
 [0.01291704 0.01348054 0.01307597]
 [0.01350078 0.01322042 0.01210864]] 
Episode: 461: [[0.01261417 0.01319571 0.01314259]
 [0.01291952 0.01348348 0.01307772]
 [0.01350373 0.01322343 0.0121099 ]] 
Episode: 462: [[0.01261691 0.01319868 0.01314471]
 [0.01292276 0.01348717 0.01308047]
 [0.01350761 0.01322733 0.01211225]] 
Episode: 463: [[0.01261987 0.01320189 0.01314721]
 [0.01292612 0.01349104 0.01308354]
 [0.01351161 0.01323141 0.01211492]] 
Episode: 464: [[0.01262226 0.01320433 0.01314882]
 [0.01292881 0.01349402 0.01308565]
 [0.0135148  0.01323452 0.01211661]] 
Episode: 465: [[0.0126258  0.01320803 0.01315182]
 [0.01293289 0.01349843 0.01308923]
 [0.01351945 0.0132391  0.01211982]] 
Episode: 466: [[0.01262902 0.01321139 0.01315451]
 [0.01293675 0.01350246 0.0130925 ]
 [0.01352382 0.01324326 0.01212267]] 
Episode: 467: [[0.01263241 0.01321506 0.01315755]
 [0.01294076 0.01350674 0.01309608]
 [0.01352837 0.0132477  0.01212585]] 
Episode: 468: [[0.01263646 0.01321953 0.01316168]
 [0.01294556 0.01351193 0.01310084]
 [0.01353387 0.0132532  0.01213031]] 
Episode: 469: [[0.01263775 0.01322099 0.01316181]
 [0.01294744 0.01351381 0.01310131]
 [0.01353597 0.01325504 0.01213029]] 
Episode: 470: [[0.01263837 0.01322169 0.01316108]
 [0.01294845 0.0135148  0.01310088]
 [0.013537   0.01325589 0.01212921]] 
Episode: 471: [[0.01264016 0.01322409 0.01316248]
 [0.01295084 0.01351767 0.01310266]
 [0.0135396  0.01325879 0.01213043]] 
Episode: 472: [[0.01264333 0.01322797 0.01316566]
 [0.01295471 0.01352219 0.0131064 ]
 [0.01354389 0.01326345 0.01213366]] 
Episode: 473: [[0.01264417 0.01322898 0.0131649 ]
 [0.0129559  0.01352351 0.01310593]
 [0.01354516 0.01326459 0.01213248]] 
Episode: 474: [[0.01264573 0.01323081 0.01316522]
 [0.01295796 0.01352578 0.01310665]
 [0.01354736 0.01326678 0.01213258]] 
Episode: 475: [[0.0126477  0.01323317 0.01316651]
 [0.01296053 0.01352863 0.01310833]
 [0.01355025 0.01326967 0.01213375]] 
Episode: 476: [[0.01264718 0.01323309 0.0131638 ]
 [0.01296028 0.01352867 0.01310578]
 [0.01354979 0.01326951 0.01213051]] 
Episode: 477: [[0.01264738 0.01323373 0.01316202]
 [0.01296083 0.01352954 0.01310424]
 [0.01355017 0.01327018 0.01212827]] 
Episode: 478: [[0.01264774 0.0132347  0.01316086]
 [0.01296166 0.01353089 0.0131035 ]
 [0.01355094 0.01327139 0.01212692]] 
Episode: 479: [[0.01264788 0.01323546 0.01315965]
 [0.01296221 0.01353205 0.01310276]
 [0.01355141 0.01327241 0.01212559]] 
Episode: 480: [[0.01264778 0.01323601 0.0131585 ]
 [0.01296279 0.01353327 0.01310231]
 [0.01355193 0.0132735  0.01212461]] 
Episode: 481: [[0.01264621 0.01323459 0.01315494]
 [0.01296146 0.0135321  0.01309916]
 [0.01355033 0.01327198 0.01212075]] 
Episode: 482: [[0.01264567 0.01323448 0.01315344]
 [0.01296125 0.01353227 0.0130981 ]
 [0.01355019 0.01327212 0.01211926]] 
Episode: 483: [[0.012645   0.0132342  0.01315201]
 [0.01296072 0.0135321  0.01309696]
 [0.01354983 0.01327205 0.01211785]] 
Episode: 484: [[0.01264348 0.01323227 0.01314834]
 [0.0129594  0.01353022 0.01309349]
 [0.0135485  0.01326998 0.01211383]] 
Episode: 485: [[0.01264178 0.01323023 0.01314476]
 [0.01295778 0.01352811 0.01309006]
 [0.01354697 0.01326784 0.01210998]] 
Episode: 486: [[0.01263552 0.01322378 0.01313531]
 [0.01295075 0.01352102 0.01308037]
 [0.01353944 0.01326038 0.01209957]] 
Episode: 487: [[0.01263054 0.01321884 0.01312786]
 [0.01294516 0.01351553 0.01307265]
 [0.01353357 0.01325469 0.01209128]] 
Episode: 488: [[0.01262657 0.01321519 0.01312213]
 [0.01294074 0.01351143 0.01306677]
 [0.01352913 0.01325063 0.01208504]] 
Episode: 489: [[0.01262327 0.01321217 0.01311725]
 [0.01293702 0.01350799 0.01306172]
 [0.01352538 0.01324724 0.01207967]] 
Episode: 490: [[0.01262178 0.01321117 0.01311478]
 [0.01293547 0.01350696 0.01305938]
 [0.01352396 0.01324633 0.01207702]] 
Episode: 491: [[0.01262102 0.0132109  0.01311335]
 [0.01293481 0.01350687 0.01305826]
 [0.01352357 0.01324643 0.01207567]] 
Episode: 492: [[0.01262067 0.01321106 0.0131125 ]
 [0.01293463 0.01350722 0.01305768]
 [0.01352364 0.01324698 0.01207487]] 
Episode: 493: [[0.0126209  0.0132118  0.01311237]
 [0.01293516 0.01350825 0.01305792]
 [0.01352447 0.01324822 0.01207492]] 
Episode: 494: [[0.01262126 0.01321253 0.01311237]
 [0.0129358  0.01350928 0.01305831]
 [0.0135254  0.01324945 0.01207512]] 
Episode: 495: [[0.01262242 0.01321413 0.01311338]
 [0.01293737 0.01351129 0.01305973]
 [0.01352726 0.01325165 0.01207634]] 
Episode: 496: [[0.01261853 0.01321038 0.01310728]
 [0.01293308 0.01350727 0.01305348]
 [0.01352226 0.01324707 0.0120693 ]] 
Episode: 497: [[0.01261565 0.01320771 0.01310261]
 [0.01292993 0.0135044  0.01304872]
 [0.01351849 0.01324376 0.01206385]] 
Episode: 498: [[0.01261433 0.01320676 0.01310015]
 [0.0129285  0.01350344 0.01304633]
 [0.01351673 0.01324259 0.01206095]] 
Episode: 499: [[0.01261293 0.01320544 0.01309715]
 [0.01292693 0.01350207 0.01304338]
 [0.01351482 0.01324096 0.01205744]] 
Episode: 500: [[0.01261267 0.01320578 0.01309616]
 [0.01292684 0.01350261 0.01304257]
 [0.01351469 0.01324142 0.0120561 ]] 
