87.864937 58.871624 68.893646 70.325897 69.700142 0.000000 
95.179489 86.003777 97.608070 89.000107 82.725372 0.000000 
92.678001 96.306419 89.190933 0.000000 85.864983 0.048457 
100.589020 93.631126 91.832611 180.000000 84.620293 0.027976 
0.000000 0.000000 0.000000 0.000000 0.000000 0.059347 
88.655838 107.754646 78.000061 53.997204 61.949940 0.000000 
0.000000 0.000000 0.000000 0.000000 78.766029 0.019782 
88.063171 91.276131 0.000000 84.655411 165.087158 0.000000 
0.000000 0.000000 0.000000 0.000000 96.846634 0.039565 
93.574501 89.997513 91.213692 180.000000 107.923988 0.034264 
0.000000 0.000000 0.000000 0.000000 0.000000 0.079129 
0.000000 0.000000 0.000000 0.000000 85.485046 0.000000 
94.838005 105.854424 96.051384 180.000000 87.111801 0.000000 
84.775352 103.766876 9.139617 91.355003 80.625198 0.000000 
94.096733 84.591873 141.986481 84.939148 75.464096 0.000000 
0.000000 0.000000 0.000000 0.000000 87.654358 0.000000 
0.000000 0.000000 0.000000 0.000000 90.523949 0.034264 
0.000000 0.000000 0.000000 92.808342 90.776253 0.000000 
0.000000 0.000000 0.000000 95.588257 98.383446 0.000000 
92.490059 90.287849 90.699356 87.882439 87.703201 0.000000 
0.000000 0.000000 0.000000 96.981010 90.964584 0.000000 
89.790314 94.064583 166.336670 119.158943 84.877563 0.019782 
90.590485 82.912285 48.737141 97.140045 65.029121 0.000000 
89.520149 82.272972 158.145355 95.074120 95.773613 0.019782 
86.160172 86.228737 114.139252 109.347855 79.054985 0.000000 
91.809807 99.317558 133.554321 96.815674 73.033562 0.000000 
90.695854 89.298477 99.429092 180.000000 77.910858 0.019782 
87.175964 91.180588 166.481781 94.930199 88.711914 0.019782 
86.995735 95.429443 175.579376 110.102470 82.687828 0.027976 
92.928497 84.965378 87.368866 98.392311 86.253761 0.019782 
0.000000 0.000000 0.000000 0.000000 85.971741 0.027976 
0.000000 0.000000 0.000000 0.000000 77.149475 0.000000 
85.426430 88.689827 90.302757 0.000000 74.616058 0.000000 
99.924194 115.404953 113.505119 113.296593 88.022911 0.027976 
0.000000 0.000000 0.000000 0.000000 79.296623 0.019782 
85.113892 92.465553 103.247551 137.319870 84.832703 0.000000 
93.414665 98.147858 122.743187 165.827286 89.525070 0.000000 
96.147415 99.721352 86.927055 177.139328 70.700752 0.039565 
86.782288 110.288612 103.945061 125.136360 77.846405 0.000000 
0.000000 0.000000 0.000000 0.000000 82.770950 0.000000 
86.696434 86.976929 78.031242 32.073124 68.213005 0.000000 
0.000000 0.000000 0.000000 0.000000 87.134033 0.000000 
108.112663 122.522820 127.799774 116.018791 78.778633 0.000000 
89.095299 87.671913 83.025879 76.094254 69.027031 0.000000 
0.000000 0.000000 0.000000 0.000000 82.448029 0.000000 
