0.272084 
0.335676 
0.445291 
0.599785 
0.436180 
0.684976 
0.673623 
0.312618 
0.348462 
0.170247 
0.877910 
0.624951 
0.298659 
0.575139 
0.573422 
0.269108 
0.209012 
0.752818 
0.521279 
0.360941 
0.400737 
0.309081 
0.497056 
0.392611 
0.924671 
0.379764 
0.571769 
0.281172 
0.496915 
0.437801 
0.361314 
0.298175 
0.420283 
0.468658 
0.240721 
0.534593 
0.522976 
0.832141 
0.370508 
0.557196 
0.460416 
0.306613 
0.430810 
0.430336 
0.629004 
0.844298 
0.445008 
0.218176 
0.309533 
0.308886 
