0.775353 0.009295 0.007585 0.008054 0.008005 
187.590576 0.988457 0.192429 0.179528 0.057663 
602.348450 74.159653 0.154796 0.014661 0.017688 
270.121857 399.384552 42.967365 0.157814 0.034271 
287.055786 298.267670 9.971043 0.491627 0.346095 
104.791939 149.661316 217.930695 178.440384 1.808989 
121.390114 115.002747 130.226059 150.235046 152.610168 
153.954590 45.032562 23.885567 10.437949 753.474609 
153.141403 35.544651 30.289677 27.132540 541.374512 
180.036850 27.820892 18.344427 9.484298 3504.122070 
259.125763 36.771294 6.583557 2.305217 4208.761719 
280.872925 37.118340 83.893387 2.570528 6499.490234 
320.835114 98.502281 99.133492 22.004335 10529.980469 
322.097778 120.321449 44.750053 4.244558 10521.296875 
302.162445 104.846481 42.012646 8.710258 42692.523438 
289.151520 167.215225 133.828003 121.031387 69625.164062 
367.330658 230.874023 112.223618 130.820175 31373.800781 
869.086548 476.001770 311.978058 172.363541 75211.789062 
28734.833984 24203.712891 21491.462891 21767.693359 410985.156250 
1121.765747 625.021667 371.946533 224.671249 42384.773438 
80585.781250 76459.492188 87251.187500 71321.609375 787887.687500 
45674.257812 42677.144531 33959.464844 40840.453125 915965.937500 
4210.041504 2723.479736 2090.857910 1744.291626 211795.625000 
623.187256 399.656982 245.087585 166.245972 54612.078125 
422.758057 260.078369 122.101616 134.526535 39427.328125 
373.280884 204.212936 113.645660 80.137238 30370.400391 
709.192627 431.318298 298.050049 228.940506 129419.601562 
627.396179 346.251404 222.820282 147.685028 111703.476562 
467.689697 238.204346 131.251968 87.372116 33834.464844 
509.964752 294.637115 217.353851 142.110428 84584.210938 
1949.107422 1457.364624 1206.842285 1022.634216 307064.593750 
3103.606445 2049.754883 1676.669800 1480.992188 431649.093750 
6994.868652 4596.685059 4096.504883 3664.389648 491358.218750 
8049.895020 5940.089355 5591.859863 3742.370361 649454.687500 
1801.067383 1026.866943 861.684875 619.758301 202517.531250 
2582.905518 1612.072510 1166.347412 979.175781 428223.031250 
759.255859 441.480621 265.273468 139.154633 151790.546875 
532.709534 360.053528 268.995575 221.121948 142179.484375 
702.966125 447.431152 274.029266 274.293732 207599.390625 
499.328827 253.401550 147.898743 114.001488 80579.492188 
742.540039 407.797729 277.061127 254.910034 172509.156250 
1172.930542 775.754272 819.426086 1029.101807 270494.906250 
962.546448 565.960510 417.262085 357.294983 161695.484375 
2652.009033 1642.922607 1451.189331 1082.982422 318330.125000 
637.525146 408.858246 296.666870 261.353638 134057.062500 
773.040833 368.086456 264.293091 181.489182 79277.632812 
4345.737793 2624.782227 2073.455078 2003.152222 599927.562500 
2571.822754 1554.663818 1424.462646 1246.504150 530850.125000 
950.742249 516.111938 420.670502 347.987640 335876.781250 
414.354889 174.607651 85.130653 55.962658 23481.681641 
506.236267 254.530228 184.064331 90.168877 33808.855469 
550.581909 232.974731 111.536797 58.466045 28089.154297 
522.179626 266.632385 121.616005 42.520397 31666.673828 
451.530975 244.052917 138.940201 110.211510 88466.453125 
462.080658 288.795837 192.066864 115.990013 124550.960938 
452.815948 212.939163 135.567429 112.192162 113562.046875 
391.296478 206.537521 117.412086 120.744087 38121.210938 
581.070251 322.380035 316.495117 286.330994 262723.875000 
925.912354 509.961914 370.497803 367.203613 265905.531250 
550.022705 365.356598 399.039948 287.751892 108008.250000 
599.504822 334.366669 273.730652 219.242569 102102.328125 
505.564178 300.667664 139.606018 137.194427 33455.613281 
1103.801880 630.700684 415.980072 361.868011 114803.093750 
5709.240723 4126.274414 3531.327881 2733.711182 270052.375000 
266934.750000 267855.656250 250668.687500 149405.953125 2313086.000000 
2318.854736 1566.893311 1193.952026 975.704590 231596.250000 
788.234497 504.910034 380.975098 284.529999 150619.125000 
430.692963 215.249023 123.316841 99.663750 100177.835938 
426.315430 290.638611 281.712006 173.591492 89793.578125 
706.452209 545.631165 227.292282 55.023777 193602.093750 
524.137817 254.972961 225.654327 170.986252 99439.445312 
490.479950 338.472107 202.640625 123.542946 103552.835938 
594.397827 390.978119 285.702179 89.702362 64306.386719 
734.388916 129.844208 85.969528 99.616531 24629.671875 
311.243866 131.067398 44.729355 4.738112 12686.354492 
742.092529 280.902588 34.806850 56.468372 23326.074219 
1245.655029 229.126831 35.815491 38.680439 36426.437500 
434.587311 125.304001 98.653305 59.804035 29561.103516 
381.941345 182.174774 148.386520 80.536751 31362.748047 
412.074951 280.971832 174.842224 77.981010 25511.093750 
282.605652 68.711197 72.509079 121.648186 16043.603516 
354.289185 279.327087 170.498199 107.747749 17012.941406 
451.642761 174.973877 145.384689 73.452087 19331.962891 
503.105011 341.496002 126.074341 57.941410 23697.566406 
350.548859 164.413620 58.062225 72.729858 23096.935547 
545.447876 1030.399658 867.175476 161.877823 27293.257812 
415.788879 190.528091 177.856888 230.280045 31761.031250 
320.327423 124.032471 59.419060 73.711769 20021.144531 
405.886505 132.894379 22.556026 9.291940 10446.274414 
395.326080 105.413895 148.476044 188.117661 22122.972656 
587.228821 269.714996 346.095551 824.515869 49094.457031 
419.875183 233.230911 49.425877 62.038120 20613.806641 
443.994965 242.324524 91.666687 39.088074 12874.222656 
687.958923 362.356262 113.039711 71.550171 21132.226562 
284.636108 104.764275 124.654373 175.125565 28808.023438 
516.293518 83.559708 100.584747 16.040052 18897.552734 
478.106995 100.806503 82.242271 72.499611 28374.265625 
288.691772 212.824387 73.637802 53.571625 12287.875977 
318.611633 70.867050 36.427219 58.396065 14723.105469 
963.789917 294.215393 131.922195 657.515503 4935.510742 
306.471405 339.762512 313.709076 245.578964 22103.998047 
346.874512 135.018524 105.640533 80.223846 18083.728516 
258.242126 185.549088 192.701401 97.434143 17922.175781 
551.553589 477.991302 216.527939 185.023056 29679.550781 
309.223602 218.747971 162.833130 165.601913 17066.689453 
372.582886 104.908775 65.587746 104.459946 10255.777344 
385.528229 395.124664 317.485779 133.796906 24461.078125 
422.954559 104.471756 35.669865 5.030003 11883.940430 
275.092560 80.710648 24.166811 39.845169 21832.777344 
340.431030 220.118164 182.918152 183.518524 20727.962891 
338.333160 111.519936 136.979401 92.650612 12220.820312 
393.800995 226.754578 279.780762 115.283485 23420.884766 
309.058075 283.062988 110.670372 113.163788 34258.312500 
417.310883 168.053268 229.924728 198.343033 25301.912109 
443.368286 138.814194 84.465927 137.762650 15481.663086 
300.989685 97.274742 144.853439 31.567308 19124.982422 
334.756500 185.450348 184.439636 81.286995 19796.039062 
218.767853 111.080360 42.431320 11.509345 13174.421875 
278.173859 88.824821 88.551582 45.433846 23430.082031 
413.045807 361.166077 149.178040 20.731606 23078.341797 
386.428894 276.216370 286.779541 201.168320 19476.277344 
363.181366 172.422028 130.037064 120.503159 19999.111328 
304.238922 330.709320 180.252777 71.323593 23364.462891 
355.127899 128.635498 107.457222 186.437668 25504.585938 
289.688721 122.876549 60.439083 39.855225 20289.488281 
339.838806 65.112610 62.130440 54.250759 21566.824219 
269.303986 156.623871 76.496071 49.828800 17777.146484 
362.778351 112.261505 77.998627 74.179214 17216.242188 
322.097961 143.185333 148.100922 94.929398 33246.707031 
376.719452 117.674522 34.763252 38.731651 28048.072266 
480.264099 112.694237 15.736541 45.822834 15953.822266 
374.905182 308.949310 158.442963 116.727097 34559.687500 
406.120575 27.572289 20.965826 23.125496 31766.976562 
487.065430 227.479340 159.912750 83.189308 35022.402344 
467.752899 115.840187 49.846176 76.916725 46040.066406 
376.727142 117.007515 58.175701 13.732710 15981.797852 
351.769897 310.672974 167.682587 103.296364 21387.402344 
339.658997 179.369736 152.159760 72.361214 36428.273438 
380.567108 62.613766 22.935078 27.436054 28857.085938 
379.031769 74.768204 29.351126 111.468857 59225.351562 
324.435974 395.417786 497.295319 364.889496 49300.023438 
427.386414 216.529205 205.358704 168.561798 36920.968750 
287.356384 379.456055 515.896912 405.070282 39191.234375 
331.841400 136.107224 45.733486 34.796829 27969.138672 
358.378418 161.310944 229.576782 234.082153 50477.320312 
325.575439 220.750671 131.222076 110.099831 26817.425781 
735.628540 391.188965 171.087814 61.359524 28530.404297 
354.173492 110.654701 42.991520 86.766785 61572.738281 
452.294952 206.009689 124.150925 65.502663 39339.269531 
406.690186 203.414795 192.255005 121.241547 21105.232422 
443.137726 166.035248 109.334229 266.863983 46794.253906 
584.834778 1131.149658 1059.164185 453.769592 109793.132812 
525.403015 235.864197 116.787956 50.359890 51695.554688 
309.752502 107.989998 58.184650 76.783142 45449.796875 
333.957214 74.180893 61.136765 66.229317 59266.906250 
424.565765 129.470367 94.121780 137.170135 57113.144531 
392.389160 451.898010 586.180969 724.000305 172984.234375 
379.606598 333.642181 211.119308 156.122925 68394.875000 
378.474030 279.360626 264.260834 342.749542 90012.304688 
507.731415 163.917511 121.574234 71.777206 31908.759766 
369.181335 165.393127 60.866539 75.074043 51163.375000 
409.667236 96.865074 53.590229 47.187378 74204.882812 
491.951904 205.954391 122.789200 129.943192 74361.437500 
397.186523 146.064682 121.691589 122.322746 56759.011719 
355.526123 159.358627 79.322037 54.182938 82579.054688 
496.332397 174.263947 50.639435 69.554916 52672.503906 
437.875946 110.872925 58.708073 58.222397 119697.203125 
370.474518 225.215805 175.544205 40.495819 41817.097656 
328.479736 100.715981 75.864517 32.635899 31454.037109 
441.647919 384.298187 208.993347 720.733276 75881.539062 
571.245911 405.745117 544.405334 508.928711 88332.671875 
325.706360 111.516228 73.648170 61.389423 22848.203125 
349.622253 137.798492 127.911690 132.000305 64188.636719 
319.553741 224.919647 260.035431 97.428986 84539.734375 
511.244904 313.609344 241.279068 293.555023 130738.914062 
516.458740 1279.096436 272.895721 125.786606 143469.843750 
567.787476 574.972717 353.394928 910.539307 131584.890625 
406.555420 188.340500 59.974438 26.036057 73550.156250 
286.093964 111.307816 92.395683 63.705318 106671.789062 
345.513367 222.699020 231.424057 101.439415 84689.937500 
386.215515 234.329391 353.847076 356.808289 87697.101562 
551.351929 406.376373 349.634308 268.677673 61714.351562 
326.161377 165.848389 133.498840 110.010002 68906.296875 
293.617462 183.792511 99.985657 77.353653 140228.078125 
369.539246 165.328705 96.088814 76.778778 187991.546875 
350.308197 162.090469 91.767502 85.367554 175151.656250 
424.897766 192.296265 126.656952 99.557510 88744.296875 
525.447754 195.856873 41.023697 46.684006 30662.464844 
332.936432 124.340675 60.494759 45.822365 95684.515625 
492.463593 291.149658 165.362885 96.223701 30470.734375 
664.621826 263.066223 108.055283 93.886909 45922.128906 
405.624329 215.272537 121.146095 83.356239 210176.406250 
439.368256 187.320892 120.431023 33.216301 57759.148438 
378.657776 167.593628 87.490128 93.882584 83220.609375 
334.938965 155.966812 123.659378 90.085564 118227.390625 
316.323517 137.815140 80.134064 94.337151 80433.585938 
323.030579 144.463760 94.088814 67.743454 94765.835938 
460.706696 197.015305 227.080521 97.296112 63069.328125 
341.600616 190.680893 172.853897 147.266937 135399.093750 
431.255615 185.042023 100.182121 95.511360 47299.929688 
379.204681 191.139664 108.681030 106.566826 111354.921875 
389.695892 285.671173 226.525620 78.497902 131138.687500 
511.572632 302.113159 204.701202 172.859619 83112.867188 
376.142059 171.047287 127.132950 78.540680 168803.390625 
371.115082 159.793579 78.480263 50.641457 141214.546875 
482.621124 266.698914 213.206970 149.603058 133396.265625 
359.006378 193.581573 99.952515 116.707062 146394.890625 
348.624603 160.812637 113.095947 116.911911 136620.500000 
409.950104 147.657349 99.757553 90.918259 206003.046875 
371.814941 168.901581 104.115959 67.517456 316145.781250 
421.262848 210.131180 154.437424 128.164459 191440.437500 
421.030975 223.714722 186.732437 99.376663 162264.250000 
335.868835 159.820358 104.228889 57.048077 177746.843750 
400.860077 135.760986 66.870735 46.647728 25041.628906 
470.134979 382.368347 566.172058 554.930298 510911.093750 
392.921753 250.985306 233.524872 195.510651 464932.875000 
411.320129 186.140076 112.493019 61.193100 113110.507812 
363.115570 177.119232 152.808121 211.793457 312410.781250 
391.454681 210.630234 134.291107 133.627213 138143.593750 
450.334503 220.342438 116.041130 89.823151 40996.363281 
399.529480 219.567657 204.903046 142.757370 339407.093750 
493.851105 254.418533 203.594452 81.886902 80027.609375 
332.998260 226.788879 286.387604 334.515747 298252.781250 
343.878601 175.690277 116.804405 87.421898 112048.203125 
410.557739 170.880219 123.752365 129.716537 440822.562500 
362.515900 202.709122 192.115326 127.453400 232958.203125 
391.963684 195.598282 149.259766 112.244957 161233.062500 
495.548798 262.039124 235.275253 195.463272 388172.437500 
362.706146 301.351349 207.696411 178.672760 202764.312500 
481.088318 281.655029 169.474121 141.679611 423013.843750 
478.721588 234.972580 153.937408 182.490738 256049.218750 
569.226013 307.745178 228.160889 191.475098 501963.781250 
443.122467 180.979843 114.541557 50.925358 110922.578125 
533.696350 292.811523 190.938171 132.703659 431236.937500 
394.626862 199.667633 87.567627 102.881409 33497.281250 
568.329712 324.410400 225.329483 201.034241 547202.500000 
623.465454 1624.370972 3832.298340 1034.712402 58749.910156 
689.412292 408.342621 259.562958 317.118500 485412.593750 
703.009766 506.386902 299.870209 341.495636 427433.593750 
406.907379 257.560791 206.166702 302.763367 54448.082031 
537.949463 304.256226 166.749985 152.091904 217474.734375 
469.151062 236.608185 154.863449 94.305603 134984.015625 
587.015869 338.686127 292.746765 200.940720 277180.062500 
741.860352 379.758759 303.828766 530.672729 346268.750000 
421.994049 219.919586 157.372452 102.788490 54311.761719 
450.449066 268.106506 347.162292 319.743561 80000.929688 
919.380798 544.305298 477.124420 317.071899 332558.687500 
570.231384 317.865631 205.314575 154.657623 75664.648438 
746.144653 620.887573 498.396118 425.780487 251310.859375 
1298.494263 811.581177 596.117065 724.028625 772048.625000 
516.210327 272.178375 234.446457 167.381393 137979.109375 
705.560913 376.821167 295.214417 172.097641 315309.187500 
745.719055 488.111542 390.644043 473.577148 234882.390625 
476.238403 290.658386 228.974533 206.286392 138571.406250 
1146.750000 605.766357 467.557709 401.018402 548285.500000 
1271.717529 688.285461 486.712006 420.537506 549849.500000 
810.341919 475.110565 292.285095 412.637238 329754.781250 
2072.348877 1186.921631 867.202881 919.178528 734957.437500 
2340.620117 1304.019775 1185.581177 1027.487305 798529.437500 
578.054626 412.179169 516.287354 703.344299 199432.328125 
2379.514404 1820.551025 1285.939941 1468.553955 714741.125000 
586.521912 320.288666 220.610291 149.446457 138562.890625 
464.173950 352.052399 461.954376 331.355560 73820.812500 
743.907288 455.653290 307.997589 202.897232 215058.281250 
2322.663086 1562.217651 1221.627563 1038.129517 811727.062500 
2088.382080 1275.578125 1184.382324 987.833679 521669.031250 
2922.640869 1591.104004 1405.562622 1259.746826 837463.375000 
455.173309 307.639374 257.126038 373.509094 111682.242188 
535.095337 389.703583 462.214081 685.813904 67782.539062 
871.019653 482.104095 411.657288 321.610565 284941.593750 
782.408020 440.897949 406.074066 438.825165 267676.687500 
2137.761719 1412.389526 1146.773193 866.132690 612785.875000 
645.592102 396.251953 293.597321 323.854462 142056.156250 
1262.776367 620.368225 417.246429 323.294159 290035.812500 
674.120300 515.048523 1618.495850 6926.946289 267589.750000 
1160.404663 770.822754 550.750977 497.986328 279018.593750 
2846.361084 1951.275879 1744.628418 1651.424438 503990.812500 
574.848572 276.194885 209.686234 172.409195 99652.914062 
1547.048950 906.066772 756.349426 639.476990 348786.406250 
1645.947144 998.310059 846.590881 666.806763 452425.531250 
546.816284 301.525146 260.768707 360.381012 78322.484375 
947.648010 511.049042 357.797607 447.934418 334033.187500 
991.911438 626.490173 554.977844 407.644135 320758.875000 
743.917786 2369.972412 1543.099365 432.688141 62163.828125 
489.817566 350.341980 421.898529 757.020813 154375.343750 
674.839966 441.292450 347.152191 396.210205 175529.515625 
605.553345 331.068573 307.657928 240.534454 192261.000000 
692.925415 590.508850 351.570007 285.424103 107862.914062 
6302.658203 4941.615234 3837.623535 2982.332275 851391.875000 
2365.733398 1485.179932 1104.366943 951.998962 435795.625000 
3973.944580 2732.616455 2612.072754 1975.869019 602242.500000 
977.796021 611.022095 560.610107 412.861786 299584.125000 
617.801514 446.924500 650.128235 288.278473 69298.843750 
1915.234985 1164.762939 990.108521 763.247986 543224.937500 
2363.452393 1674.238647 1513.947754 1475.565796 444827.937500 
1785.868164 995.697571 842.216125 734.266113 395999.343750 
338.811523 183.376480 111.298660 100.561165 29874.867188 
4583.753418 4185.237793 3862.830322 3997.420166 1047193.437500 
3602.056152 2615.027588 1817.252563 1556.812500 589697.000000 
2423.404785 1588.845459 1242.746948 1207.714111 506313.031250 
514.742798 320.282104 224.493225 215.714081 71268.351562 
810.738525 525.015259 439.010742 331.558624 164838.921875 
560.542236 268.761383 183.469894 145.882462 79581.343750 
1690.823853 1366.374023 1202.337891 1086.624878 275708.500000 
6609.898926 5144.866211 4984.107910 3995.831055 1095010.000000 
957.426575 584.267578 531.485046 467.818481 241834.750000 
2585.180908 1540.054932 1137.670654 1031.425293 468259.718750 
514.425171 437.109100 216.929230 135.964020 70664.429688 
454.311768 253.188889 215.112213 146.126801 40247.906250 
1252.241943 789.993042 744.088257 510.102417 279827.062500 
1338.000488 1432.025879 1344.853027 1162.953247 328713.875000 
1108.020996 704.646118 673.393066 453.413269 172023.062500 
2194.835205 1464.423584 1193.889038 815.905457 334874.562500 
1065.265503 595.768127 422.188110 333.408875 191413.406250 
794.539795 464.543457 341.485992 326.052612 104976.750000 
473.759949 267.939026 232.899628 223.957596 57929.156250 
8103.851074 4910.943359 5025.082520 4113.485352 868701.375000 
1246.473999 946.070984 865.991089 940.241211 244413.187500 
1406.784180 800.635742 632.412720 517.641235 227050.187500 
628.366333 366.700714 283.346100 189.031876 86267.726562 
18220.472656 13493.646484 13022.396484 9047.789062 1503699.000000 
743.779663 537.522644 507.512146 356.270081 68799.218750 
1821.740723 1311.917480 1046.182129 886.319458 288271.593750 
6664.764160 5506.359863 5213.791504 5161.572754 972674.500000 
5105.590332 4488.418457 4506.955078 3033.570068 800183.625000 
648.217102 690.372375 741.634399 416.650543 82851.250000 
638.158875 418.310730 501.338715 742.196716 94613.578125 
5209.023926 3706.101807 4354.621582 4077.541748 1001631.187500 
7068.895020 4645.712402 4078.090332 3072.372803 1052700.500000 
2558.414062 1879.909058 1654.318726 1570.065063 504997.250000 
1471.014160 864.366028 733.418762 590.139709 217886.187500 
4233.946777 3096.611816 3630.677490 2494.640869 686628.875000 
601.370667 346.585114 191.479111 139.214905 120428.890625 
417.625519 256.439636 289.581421 214.779922 60765.476562 
1991.452271 1458.072144 1172.773560 1045.595581 554720.500000 
2584.879883 1657.434448 1356.457764 1044.100586 614914.875000 
2898.302002 2077.077148 1581.789185 1344.461548 788907.187500 
2210.969727 1518.034302 1682.836670 1252.001465 694768.312500 
870.223877 600.251099 407.138824 386.056305 186969.890625 
1295.216797 740.985901 550.084351 434.413177 324933.812500 
510.211090 328.962433 236.266861 140.022491 56956.855469 
347.940796 311.058685 342.868561 342.301392 70393.976562 
541.118652 482.055023 604.497192 627.944580 33095.507812 
3492.426514 2437.783203 2075.311523 1813.913696 1038319.312500 
565.334839 492.416016 794.648499 244.572983 68781.015625 
901.784119 515.645142 457.899994 389.911163 182968.593750 
392.429871 386.851349 352.248779 354.772125 78443.414062 
1893.420044 1192.967407 1128.093872 1045.860840 513319.875000 
1070.715820 1154.563843 845.483093 566.934814 197255.765625 
2380.593750 1456.109253 1151.433105 1577.812744 542103.500000 
5658.025391 4083.691895 3872.639893 2737.512451 857677.812500 
3131.450684 2155.298340 1984.564819 2491.858398 521662.250000 
742.867920 445.813019 456.880188 465.368500 147178.234375 
594.872192 640.461792 650.489929 5360.081543 125021.804688 
522.848328 235.831070 402.327820 522.016602 67464.625000 
5660.770508 3783.903320 3404.137451 2831.606445 672596.125000 
3257.991699 3089.027100 2329.310547 1975.699829 576618.250000 
6451.453125 5121.860840 4240.928711 4116.390625 601621.625000 
711.427856 359.981506 290.161774 206.534317 35889.507812 
2089.962402 1208.057495 979.751587 766.145325 528075.937500 
2557.125732 1630.143433 1599.919434 1151.710449 384878.406250 
10145.592773 7647.849121 6160.485840 6252.405273 1278313.500000 
3457.218262 2422.801514 2078.418457 2446.334229 434584.656250 
9802.458984 7654.551758 7666.868164 5226.419922 784176.000000 
479.803986 252.244278 124.829033 87.832291 40061.289062 
7179.774902 4959.050293 5594.078125 4020.790283 962764.750000 
1708.226440 1147.390503 944.887878 613.539246 291744.312500 
1864.098022 998.400818 810.672180 760.536377 400465.718750 
1184.098022 701.305054 581.445557 406.324707 179461.703125 
6520.466309 3870.730957 3225.440918 2434.715576 1080335.875000 
11521.185547 8292.041016 6676.128906 4747.659180 1901881.375000 
5179.363770 3085.751953 2427.693115 1644.624146 915637.562500 
10355.920898 6973.562500 6504.417969 5253.333008 1660300.500000 
7994.761230 5189.875977 4463.022461 3544.960938 1849896.500000 
1835.197632 1029.212402 828.852173 615.235352 504658.468750 
1007.107849 520.104492 483.901398 394.407440 304392.031250 
611.878540 284.288818 211.936523 167.042053 78065.382812 
3559.555908 2178.915527 1698.681274 1241.122437 1311340.875000 
2663.215332 1617.659180 1197.877808 1207.627686 803593.937500 
1945.792480 1287.138794 1201.819946 963.567017 611821.375000 
521.977417 216.314835 144.944565 74.708298 57138.855469 
888.395142 663.854431 552.915894 535.589844 451511.562500 
1012.813171 572.506653 538.221252 428.319794 608529.375000 
610.239685 254.103012 170.005707 179.905472 122924.859375 
745.938721 404.219147 331.388336 346.669983 385826.656250 
744.578918 410.759430 281.494232 188.115799 328125.625000 
803.890137 400.259583 302.046265 222.209396 751153.062500 
513.320374 265.916473 175.151413 114.974602 135521.390625 
672.595825 417.898956 357.232269 367.201569 421513.531250 
531.843689 248.622299 162.221588 135.463898 196927.734375 
583.402710 277.002655 218.859909 198.818237 246803.125000 
866.844910 585.968445 876.486023 1879.483032 627201.062500 
479.716431 232.160538 204.191757 167.682236 249117.046875 
521.265442 262.594543 175.901108 180.851196 244671.515625 
593.261536 283.912933 200.709824 203.486542 270064.750000 
1137.321289 555.810974 431.932983 315.091278 905120.562500 
1009.520081 456.784637 294.499908 238.810532 482819.531250 
408.690887 192.374405 138.219498 82.107697 61322.832031 
549.805237 196.332291 102.277702 61.339706 56970.585938 
544.632141 323.308228 325.593048 738.116882 315638.968750 
694.313599 349.558929 301.788483 304.021057 310566.062500 
867.962708 589.914612 489.111420 482.614258 383567.250000 
574.823486 224.634430 151.308517 132.613083 52325.878906 
612.071350 264.936096 148.666901 124.163292 169966.093750 
633.165649 385.549652 246.279190 189.598465 224074.406250 
502.600037 260.625183 168.947495 144.603317 162501.578125 
1256.441284 706.607605 508.381866 447.217438 572739.500000 
1531.025391 1119.193970 948.141479 640.754639 616283.625000 
1883.914795 989.495972 921.396912 997.873535 824131.937500 
1410.657104 827.154419 647.400818 542.067871 762866.750000 
665.844421 326.017334 221.477081 140.462952 153436.078125 
1119.713989 746.545776 659.366394 670.100464 417283.593750 
2080.976562 1363.200684 1067.319580 949.112549 659422.687500 
624.548401 289.583160 211.104813 200.971130 153889.875000 
1402.131714 878.707458 750.190979 662.578491 723945.812500 
581.994934 311.520142 295.681396 168.409363 74472.976562 
4291.217285 2894.991699 2203.616211 1750.053833 1092863.000000 
822.535950 470.918091 314.162445 214.136002 199945.359375 
3855.012695 2277.738037 1889.976318 1762.592285 1066190.625000 
591.061279 348.849152 270.239807 231.525314 182937.250000 
603.995422 291.158966 239.960266 182.420059 89360.804688 
694.230469 447.112885 382.867249 332.242889 190763.781250 
2238.336914 1211.054321 1192.824341 1068.236694 724105.125000 
5622.708984 3537.654297 3400.166504 2738.839600 714566.562500 
687.628418 361.496063 306.406372 200.522659 237700.078125 
558.981812 329.187469 291.951996 485.826965 146402.187500 
8432.344727 6097.439941 6475.333984 5166.282227 2314495.000000 
6714.531738 4038.990234 3191.791016 2381.618652 1032599.312500 
6232.226074 3815.740723 3741.620361 2996.947754 1478873.375000 
1097.261108 568.557495 583.228271 662.575989 380649.468750 
754.203369 385.855743 304.650513 239.233643 184977.875000 
1515.848511 803.293762 663.637878 455.414886 571813.750000 
535.589844 298.396027 243.269440 208.157654 136935.953125 
3099.088867 1794.075562 1362.622681 1157.142456 1199402.000000 
1810.992676 1086.851685 982.657166 905.439575 680864.375000 
806.286865 476.481201 361.159760 285.919189 285715.375000 
1269.224365 676.913757 561.098633 377.646332 436098.593750 
1222.114014 733.005554 561.831787 618.020874 678966.562500 
708.337524 296.119995 213.354263 151.039474 226345.203125 
1808.833618 878.920349 665.156433 658.915039 870986.875000 
580.179688 273.092438 188.732544 188.703720 189289.500000 
1062.749146 494.206116 460.444214 336.689056 332759.343750 
528.295593 222.498047 156.240051 140.716599 125209.203125 
1684.405029 937.638062 659.844055 676.313477 711622.187500 
627.055420 368.965302 316.702972 253.691635 267467.625000 
1507.708008 897.377319 599.471375 779.957153 776165.812500 
1459.716919 790.983215 676.795166 442.103302 583353.875000 
779.785034 417.894135 345.186554 303.774933 324235.781250 
486.926117 251.385117 338.931458 148.966446 56875.859375 
400.021362 217.850571 153.363571 114.566483 53297.542969 
588.560730 294.160950 204.060242 164.660950 104044.359375 
649.666748 261.662445 181.671494 143.268967 200406.421875 
570.366333 271.561035 205.808777 148.637207 162093.937500 
681.244690 368.576019 314.795837 199.571243 238340.625000 
542.184570 242.157059 210.039169 179.343674 70103.812500 
632.813477 344.337219 228.551331 211.370865 146231.171875 
1823.395020 1071.608765 807.184204 701.050354 669642.062500 
606.635254 305.399384 245.653107 225.623108 199437.984375 
857.498718 440.395081 388.529694 344.364471 369390.187500 
473.007568 224.797592 178.590317 156.407272 86983.250000 
521.748352 221.804871 175.154388 122.221764 88369.953125 
2550.705322 1472.622192 1089.014893 855.094910 921620.625000 
506.105133 276.662964 183.879486 151.156219 92660.953125 
2032.820557 1152.574585 892.871704 945.114685 537161.062500 
796.036804 449.314941 345.182098 251.075119 357971.062500 
528.385193 253.136597 257.108673 203.799118 131389.187500 
1003.643311 517.487549 369.649200 450.483398 341482.000000 
771.527222 485.063568 445.979431 462.744110 246960.859375 
2233.520508 1423.249512 1205.942139 962.882385 690196.750000 
958.124268 576.538940 385.143402 299.764526 265361.687500 
2107.272461 1196.324341 976.062744 729.589600 666827.125000 
780.748718 334.036530 334.600525 307.561646 158498.359375 
1503.562012 997.178345 773.953674 881.539185 423382.218750 
987.527954 544.938782 445.994324 333.734039 262244.187500 
1306.740967 695.782471 577.432068 529.400269 574620.437500 
701.990601 349.781281 302.671173 236.691833 185259.578125 
990.417786 587.031494 443.756012 346.840820 355427.031250 
506.288025 255.843414 143.022736 114.461365 65866.476562 
498.915161 223.359344 152.961853 112.395065 42102.960938 
792.280945 404.857941 379.862762 289.180450 205017.515625 
1909.560425 1119.190674 808.422424 725.767334 684165.875000 
1958.990356 1077.803955 939.696228 735.783020 686742.312500 
1398.257690 810.769409 746.787659 591.337402 417040.375000 
668.482117 331.042603 234.663910 161.815491 137215.984375 
645.014160 364.658783 267.659180 188.786102 246495.093750 
527.209290 269.915192 221.372086 125.146454 112635.679688 
585.449341 299.239685 251.055908 258.400513 70151.992188 
1413.740967 735.068665 541.669067 378.920227 472795.656250 
1353.163940 748.960876 677.604004 529.823914 467587.593750 
532.691040 305.028839 280.917877 323.796661 127338.789062 
2444.970703 1589.207397 1161.639771 919.613525 696673.750000 
503.287445 305.097870 305.588379 354.696045 50386.125000 
471.911652 225.510239 168.982254 187.030899 126962.773438 
890.771484 473.862579 333.050171 239.541077 195517.609375 
759.136475 380.647919 322.334412 273.505371 224932.546875 
2362.740723 1386.434204 1044.324707 891.200256 670744.687500 
667.545227 365.799774 297.656860 234.802780 159826.421875 
1015.460022 586.990173 462.517334 338.655670 406435.968750 
1840.920044 1210.674072 1131.502808 1018.635437 534607.375000 
4938.203613 3287.815186 3067.325684 2349.645020 846931.875000 
