1848.629028 1289.414673 917.654114 600.910645 131016.671875 
2590.753174 2101.760010 1573.658813 973.246277 154307.578125 
2061.452393 1493.296265 1120.724365 979.998535 213041.375000 
2619.696533 1766.809082 1294.698120 950.034607 141184.078125 
2187.202148 1688.830200 1640.437256 1247.141846 237635.984375 
2245.695557 1290.739868 1008.769958 745.953491 120470.703125 
2192.877686 1764.791504 1547.530884 880.085022 167448.703125 
2058.582520 1729.205566 1115.962280 722.923462 162071.265625 
1786.622925 1309.036621 1047.708374 572.584412 160807.296875 
2382.865479 1975.906006 1707.666504 1280.505371 257578.281250 
2251.307861 1457.730469 1051.280884 816.477234 157701.500000 
2326.589600 1835.991577 1177.454224 798.837280 162609.078125 
1936.629150 1273.671753 979.932678 625.465881 133863.109375 
2888.110352 2342.845215 1959.209839 1050.276245 199612.375000 
2037.593384 1637.749390 1473.753662 764.687134 141279.453125 
2369.014160 1731.299438 1347.066162 857.298462 160444.937500 
2217.891602 1589.199829 1304.441528 736.755798 150663.421875 
2389.770752 2032.262939 1505.529907 869.242432 154650.609375 
2466.135986 1753.916016 1599.915161 801.688477 176712.906250 
1992.741089 1776.585938 1446.331299 1190.254761 118999.945312 
2558.448975 2380.027588 1971.699219 1087.848145 168583.218750 
2168.008789 2794.412354 1248.192871 581.928467 189704.875000 
2031.853027 1460.195312 984.427734 625.991943 159946.703125 
2356.128662 1790.988892 1353.157227 1151.680664 163587.609375 
1843.607300 1488.408325 1068.714844 708.211792 173036.125000 
2116.592529 1662.372070 1191.712646 920.502747 155481.812500 
2101.739746 1638.693115 1246.185791 796.110657 207202.187500 
2152.504883 1544.339966 1208.552612 870.341248 156582.437500 
2299.161133 1805.990234 1203.408936 1062.199341 129043.304688 
2137.828613 1494.431641 1420.457153 1024.705444 163241.875000 
2136.347168 1452.256958 977.309021 843.209656 192003.625000 
2184.948975 1790.476440 1793.852295 887.352539 196385.375000 
2292.979004 1695.799316 1267.432129 913.648071 212182.140625 
2908.454102 2424.213867 1637.918213 1179.956177 204216.468750 
2535.848145 1594.003174 1435.958740 975.515747 195486.312500 
2444.638672 1779.069092 1264.581787 958.249329 202387.578125 
2192.422363 1614.481201 1214.018921 639.552307 156517.203125 
2524.673828 1648.302246 1272.864502 803.751953 186120.984375 
2436.488770 1796.267578 1574.413086 1229.918213 174740.656250 
2091.527100 1669.413696 1589.961182 993.108398 156888.875000 
2953.815674 2561.158936 1767.136841 1107.080566 238096.375000 
2136.150879 1630.424072 1138.764893 841.658997 171580.078125 
2438.792236 1813.304077 1510.929565 1028.816406 180243.906250 
2249.637207 1767.581665 1524.105591 905.631592 174123.875000 
2396.639160 1630.808838 1261.996216 671.780640 141526.031250 
2215.621582 1670.953369 1260.201538 776.952454 133825.312500 
2358.690186 1960.293335 1434.835815 985.809509 152990.421875 
2106.892334 1494.162354 1139.088745 914.070007 166504.546875 
1922.429565 1275.615234 889.719910 640.284241 146997.593750 
2259.739746 1650.053101 1495.322144 1130.046021 196372.265625 
