90.273567 94.328415 92.214630 89.247429 88.141945 0.000000 
89.937637 95.966095 51.789425 130.201202 72.268524 0.000000 
92.203331 48.507114 72.028091 149.182083 88.118965 0.019782 
89.131546 42.403828 50.495773 146.979904 80.857552 0.000000 
88.179283 62.733715 14.791746 148.411453 91.390457 0.019782 
94.163559 64.723892 22.513405 132.808899 75.686996 0.027976 
97.726669 62.259720 24.655853 119.129669 81.290054 0.000000 
83.993813 59.228966 25.031992 110.556007 66.095573 0.019782 
93.172066 26.191607 15.582037 52.527634 18.352821 0.000000 
93.167923 31.558592 23.278435 49.681747 21.390978 0.019782 
86.739845 39.234230 30.114632 66.215508 31.065002 0.000000 
89.459549 28.480993 30.142408 63.313896 23.265814 0.000000 
90.042732 35.729359 36.142529 62.677719 35.358101 0.000000 
88.977440 66.478065 59.478146 71.342484 51.651817 0.000000 
91.448227 87.915100 85.511261 75.584808 68.232468 0.000000 
84.601891 123.545265 131.066086 101.283478 96.151146 0.000000 
88.081161 87.333366 91.457039 89.530144 70.301926 0.027976 
90.072769 82.417519 75.200691 87.597092 61.983688 0.000000 
97.138840 86.117294 85.159409 98.981613 65.938538 0.019782 
91.459206 82.214378 66.423561 96.768913 67.843369 0.000000 
90.104691 121.780762 101.937607 83.662643 69.589066 0.019782 
91.574722 113.875160 97.767250 90.584442 64.134071 0.019782 
88.747467 77.562515 72.671814 92.472427 69.332993 0.019782 
85.658470 101.754463 94.041069 78.532364 64.077866 0.027976 
91.510216 90.982887 77.746605 89.689507 76.064644 0.019782 
94.132179 85.724846 75.850204 88.039169 85.175499 0.039565 
86.681572 80.644615 79.350441 90.513176 83.329247 0.000000 
91.612038 84.319649 77.098770 89.318443 76.924294 0.034264 
90.714050 89.158813 72.492638 98.170677 60.599144 0.027976 
90.106529 65.359016 62.629795 94.353142 63.984077 0.019782 
81.612640 55.788464 52.187660 96.643044 86.506416 0.000000 
96.417397 92.362534 79.318863 89.053406 69.776581 0.000000 
92.469070 81.957718 76.611031 83.585075 71.022911 0.000000 
90.260590 110.565994 94.230904 83.028305 63.135876 0.000000 
92.236000 99.139412 82.978661 88.617767 77.478294 0.000000 
90.465431 79.171432 78.990105 81.084908 84.462860 0.000000 
84.863823 115.295532 114.088272 79.049858 107.297531 0.000000 
87.841431 70.980400 68.882797 87.939346 77.056915 0.000000 
95.339302 101.853340 95.715782 91.927040 82.514046 0.000000 
84.068756 97.444923 93.261169 96.845840 80.457642 0.000000 
97.141899 91.704132 84.422234 82.609123 78.221985 0.000000 
94.764244 57.551079 48.378983 92.651138 55.133232 0.000000 
89.797829 82.929054 85.405014 85.734665 97.295052 0.000000 
85.119148 76.927383 62.017120 87.090561 71.323715 0.000000 
85.282227 84.829117 76.119751 97.249397 68.370049 0.048457 
88.249702 79.552040 72.303619 104.312927 79.145622 0.019782 
83.269905 78.072441 73.780632 80.215637 90.437706 0.000000 
88.257416 68.099411 70.895287 90.871414 88.313667 0.000000 
89.275261 77.611557 74.221748 94.025841 75.559608 0.019782 
89.847137 80.776932 79.120270 93.544609 69.074745 0.000000 
95.921516 74.163261 86.078499 89.430565 78.127457 0.034264 
86.571129 81.711403 89.483345 84.769035 71.556488 0.000000 
91.472641 93.830605 79.371277 99.537636 80.288742 0.000000 
92.053993 92.786354 99.211830 87.945564 92.027756 0.027976 
89.108101 91.478683 86.372330 72.242676 87.232391 0.027976 
87.086754 97.655655 76.765701 91.301529 92.750328 0.000000 
92.741585 93.886932 81.519775 90.930237 93.501244 0.019782 
94.795036 83.225403 85.970680 83.389977 66.049042 0.000000 
87.833900 73.314499 92.618126 96.350479 78.060577 0.019782 
85.517891 71.415115 78.028412 77.586479 64.545464 0.000000 
88.548309 72.105125 73.039322 101.090286 66.205421 0.000000 
86.992287 79.573334 72.804825 89.605278 50.905113 0.000000 
87.467529 63.826950 76.931030 91.465302 64.620209 0.027976 
87.508095 62.158047 53.399662 96.581535 59.255810 0.027976 
88.279671 67.676437 60.067646 86.710144 55.704052 0.027976 
93.269821 55.992439 59.252720 95.767502 62.634018 0.000000 
90.010551 78.129616 88.637222 93.029182 59.101353 0.000000 
89.879425 80.910210 67.757401 86.091522 62.624985 0.000000 
88.255096 71.183685 73.594536 96.972687 52.274685 0.000000 
89.449234 75.376198 71.059502 101.198586 71.443787 0.019782 
94.285500 52.866421 41.268070 103.053154 63.856323 0.000000 
91.465210 94.873817 90.318726 92.337677 72.024628 0.000000 
91.190689 58.917011 43.381744 100.587494 66.868065 0.019782 
96.616081 57.883263 36.009403 94.987663 67.933754 0.000000 
86.696922 71.236275 75.830750 89.181816 62.616879 0.000000 
88.914795 70.402710 84.027107 91.277153 67.548111 0.034264 
93.806374 62.840103 47.028904 99.978775 52.162334 0.019782 
93.477005 64.255447 76.726227 91.465263 62.844616 0.000000 
91.428185 76.145699 71.298744 88.515388 62.498775 0.000000 
89.333336 53.311775 49.965237 94.759163 78.659485 0.019782 
91.876358 125.005867 103.625069 93.384315 75.048691 0.019782 
92.296974 92.918892 83.773643 100.537407 72.000191 0.000000 
90.450829 84.265800 78.345161 100.977669 74.760765 0.000000 
89.513176 80.603745 76.633148 94.121689 87.432869 0.019782 
92.892357 52.118317 43.187355 98.128677 57.235390 0.000000 
89.780334 83.508911 85.170265 88.655945 78.357643 0.000000 
84.931343 104.551834 87.839615 105.337708 71.642601 0.000000 
96.150467 80.992729 76.015358 91.200150 61.406185 0.019782 
93.491707 94.794296 92.402100 87.143951 76.497574 0.027976 
88.883766 100.527847 89.336105 95.411316 67.004616 0.019782 
90.132599 76.362198 73.344070 97.387169 58.561382 0.000000 
92.658646 95.807037 90.165176 91.398872 70.055405 0.000000 
91.092720 111.246239 105.991158 95.801292 69.866753 0.019782 
86.808586 83.436127 81.006691 94.577454 72.162666 0.000000 
89.345070 94.403069 91.190727 92.274330 86.417137 0.019782 
92.946091 69.589043 66.723724 85.786003 70.574120 0.000000 
91.182503 86.481720 89.362709 96.829254 79.222404 0.000000 
92.062904 76.329521 82.243637 88.703972 65.100716 0.000000 
90.822441 69.285217 56.949203 82.762688 67.617195 0.034264 
90.126892 83.770142 98.563019 89.501915 86.115280 0.000000 
91.859917 73.286201 78.691269 91.573166 75.215706 0.019782 
95.073227 68.440582 72.504768 97.312134 75.239944 0.034264 
96.955452 74.290939 85.667740 83.214561 56.323639 0.027976 
90.867500 92.849266 88.147125 96.218552 92.735092 0.000000 
88.467369 63.271004 71.438927 101.917358 73.080116 0.000000 
88.113182 68.904999 66.492516 92.181747 55.016907 0.000000 
94.269737 93.140617 84.282211 100.057098 68.364319 0.000000 
96.663506 70.781204 81.219124 95.744057 70.068954 0.034264 
96.368065 53.016857 49.506138 89.931137 48.325764 0.000000 
92.935211 73.577538 63.120876 97.838364 63.583019 0.000000 
101.797531 67.866989 68.008255 95.640068 67.461884 0.027976 
92.713890 75.921753 71.329559 96.563362 79.263077 0.019782 
89.900414 56.608631 77.799088 93.156822 63.618591 0.027976 
96.745781 105.001793 99.443741 82.641106 73.245262 0.000000 
89.889435 85.633087 82.223312 91.899666 59.173752 0.027976 
90.697388 90.930779 92.853401 104.824051 74.019714 0.000000 
90.978622 85.853424 87.177544 89.511772 71.454422 0.019782 
93.393059 89.022224 85.450203 100.516701 72.631889 0.019782 
93.173523 49.092999 53.262733 102.465973 62.962032 0.027976 
87.041367 88.815956 85.506447 88.936127 86.636345 0.000000 
97.198700 66.448593 76.485428 97.203079 79.438232 0.019782 
87.629974 104.325806 106.267799 85.382973 72.748322 0.027976 
92.284935 121.005081 101.802841 88.626427 76.420494 0.000000 
89.795631 89.373482 92.387772 86.387741 80.778702 0.000000 
91.807297 62.034863 68.047058 101.630150 72.448807 0.027976 
93.518669 71.353424 84.155754 83.953835 88.577812 0.000000 
90.515274 89.018822 97.222168 87.537689 78.510300 0.019782 
89.671036 68.557983 63.528942 101.969276 80.855675 0.000000 
96.148872 68.432625 69.422119 94.652283 70.356087 0.019782 
91.692596 76.436737 88.515060 93.727295 66.001762 0.000000 
90.757736 47.225109 39.849678 86.484375 58.097313 0.000000 
85.513603 104.890221 96.397903 94.551270 68.157852 0.000000 
92.227509 58.868103 76.646553 89.282784 67.982887 0.000000 
87.441772 71.053337 76.119072 96.481529 63.909451 0.000000 
86.167534 52.559135 53.935932 91.308998 56.570293 0.027976 
92.924652 83.818214 90.912491 89.932602 76.825478 0.000000 
93.193306 69.852333 72.084160 99.093117 69.044304 0.000000 
89.007538 66.668358 72.450035 103.311302 65.588417 0.019782 
90.874207 61.710102 62.758747 86.754738 58.905666 0.000000 
87.117004 53.530998 59.061897 104.311188 61.792370 0.019782 
87.152931 81.496597 82.812866 90.502701 65.313278 0.000000 
91.337967 92.838394 81.829132 91.565445 79.792511 0.000000 
93.335930 96.232903 86.372375 87.019112 77.975906 0.000000 
89.717133 78.468407 72.953232 85.920372 67.528847 0.019782 
94.233597 78.449387 73.126450 104.160011 66.837364 0.034264 
86.436806 89.760460 94.565025 91.014999 69.443993 0.027976 
87.042458 66.305435 58.732044 95.721565 71.331047 0.019782 
93.993698 64.053909 73.126503 92.966194 68.156235 0.027976 
92.075737 67.187080 77.036415 88.415009 60.999744 0.019782 
95.496140 76.787895 66.237724 96.850571 62.021214 0.000000 
87.989082 72.370720 67.869492 102.445869 45.617416 0.000000 
92.654633 71.596046 69.689621 100.104095 57.743973 0.000000 
89.964592 81.695557 70.794365 108.722000 62.536251 0.027976 
95.216545 45.377537 47.076084 101.569710 56.745533 0.000000 
86.029984 58.292862 50.711514 84.968529 82.460274 0.000000 
87.934845 81.662209 85.738251 98.556732 77.251282 0.000000 
90.535965 73.232338 76.176704 95.673691 55.865505 0.000000 
91.114052 78.295723 81.369179 89.297234 68.247475 0.000000 
94.571030 56.990845 44.749397 98.138725 67.085052 0.027976 
95.948853 68.678886 57.999725 100.543266 54.236038 0.019782 
89.249115 52.462696 71.740791 102.022285 59.091984 0.000000 
88.719292 75.683449 66.633110 88.853973 90.660591 0.027976 
91.514671 68.436981 68.948090 90.900459 61.882618 0.000000 
91.086212 64.293610 68.175575 99.711128 83.149025 0.000000 
90.361244 71.970490 73.508385 94.380615 79.147926 0.000000 
92.470978 79.260704 77.820961 94.845901 54.550838 0.039565 
88.642151 56.156364 71.703400 104.117828 58.751598 0.000000 
88.593483 66.968391 66.798347 94.773811 70.220833 0.000000 
85.916023 66.190605 66.363914 88.977676 69.033821 0.000000 
90.951469 101.616844 102.726624 92.709740 66.611870 0.000000 
91.443535 79.295410 80.622993 95.027580 66.962006 0.019782 
88.623772 95.427200 88.365738 99.472252 71.406242 0.000000 
88.212448 84.452065 79.141113 104.080841 73.253151 0.019782 
92.638725 74.957008 76.437744 93.916237 71.249741 0.034264 
93.308945 81.335930 89.472527 89.213608 71.083908 0.019782 
96.358047 98.959557 88.361084 93.229149 71.998566 0.000000 
87.493370 79.595535 83.945091 94.784767 59.469471 0.027976 
92.903000 67.040077 71.401352 96.919006 55.288361 0.000000 
92.603386 51.317917 60.539516 106.990044 39.589447 0.000000 
96.733826 81.785919 89.292496 86.462662 75.562546 0.019782 
92.500465 67.219429 67.809898 92.848495 48.869843 0.000000 
92.220398 76.998207 78.016243 97.179810 69.270805 0.000000 
88.953560 77.612717 86.069962 93.328445 45.144112 0.000000 
92.354500 73.608009 80.494843 94.531906 58.561390 0.019782 
90.638657 69.615051 71.436165 91.045288 55.935261 0.027976 
94.588242 58.112656 60.365570 99.919479 54.877377 0.027976 
92.804131 85.586967 80.142494 88.895493 55.286369 0.000000 
92.123192 63.427666 60.192318 104.562576 48.481331 0.000000 
89.309235 71.057350 73.447678 91.391602 60.800213 0.019782 
93.508430 82.384071 83.424446 90.822067 72.563736 0.000000 
89.572701 89.049812 87.158142 92.350601 62.652462 0.000000 
90.692360 83.767624 82.502853 100.903488 51.620544 0.019782 
91.706573 51.402859 61.639614 90.189423 59.926254 0.034264 
93.025139 67.169067 72.157089 101.440292 38.140041 0.019782 
93.399788 65.251282 56.953171 97.537918 67.745285 0.000000 
98.031319 89.710793 91.145966 88.804382 73.756439 0.000000 
83.919327 60.838734 80.468964 103.197777 49.813587 0.000000 
90.425346 75.525902 74.505707 98.738052 48.730373 0.027976 
91.019203 72.210587 74.991096 95.649948 70.483231 0.027976 
92.411423 72.620522 64.065071 90.392906 50.370453 0.039565 
91.780624 89.810684 88.222328 92.038055 58.226704 0.000000 
91.327423 65.566666 75.281563 96.402443 61.188862 0.000000 
96.673775 67.163582 77.657288 87.529976 57.824562 0.034264 
89.124527 82.961174 75.291626 83.683609 70.468369 0.000000 
89.618477 72.222427 69.552223 92.995079 57.800316 0.000000 
90.605988 74.380447 79.221291 97.015579 62.238747 0.034264 
89.648979 77.787041 79.089928 91.773018 50.637936 0.000000 
97.355270 88.313835 91.315041 99.942513 66.501785 0.019782 
88.394547 88.182480 84.055779 101.122993 55.733253 0.019782 
88.710472 77.799286 75.327271 100.574440 62.460163 0.027976 
92.260811 68.609108 75.469925 91.557259 62.389278 0.000000 
86.998093 73.896790 85.775070 93.382263 68.840179 0.034264 
94.191368 62.357452 77.741318 100.075096 61.986130 0.000000 
91.719879 68.662140 77.991867 95.841675 57.967175 0.000000 
88.260658 62.816608 64.054192 97.789078 58.745926 0.027976 
89.668846 68.596901 71.919228 96.744415 57.126125 0.000000 
86.613518 61.673668 66.513680 97.997246 58.880856 0.000000 
94.366684 73.677795 82.639206 82.916962 68.986168 0.027976 
95.064301 79.786400 76.725693 101.521172 60.921352 0.000000 
88.731461 71.112953 64.957443 91.515144 70.366615 0.019782 
93.462273 60.658882 60.934425 104.777573 52.694618 0.027976 
90.095558 74.503616 87.144089 93.683586 64.391960 0.000000 
98.780388 83.242867 78.948868 97.855621 57.012363 0.000000 
88.506271 64.306290 68.927933 102.189011 49.354622 0.000000 
91.060104 65.484131 63.825962 98.851028 72.887207 0.000000 
87.770111 78.729729 86.404793 93.675446 63.025135 0.000000 
97.275917 75.329971 63.515308 97.047585 40.607731 0.000000 
86.529594 68.866867 79.314369 98.364212 47.888023 0.000000 
94.975555 80.093613 86.093750 99.152382 67.773666 0.027976 
94.529778 96.387962 88.924080 95.956001 84.722000 0.000000 
91.248108 81.369263 72.287964 95.507332 71.332542 0.027976 
91.312263 54.933430 65.263435 90.636826 68.710167 0.000000 
92.969109 72.579178 81.429352 90.843628 50.635571 0.027976 
87.971909 79.284515 65.416092 97.954132 56.037487 0.000000 
93.089043 88.452141 80.836990 86.658203 53.482300 0.034264 
92.036598 68.945648 67.717766 105.183609 59.378056 0.034264 
89.012390 55.424469 65.567574 99.116585 47.356075 0.000000 
92.238861 76.358208 84.476570 77.902000 84.495544 0.000000 
90.480736 68.712563 76.892876 103.038719 68.090233 0.000000 
88.550964 80.512466 64.569717 97.866531 59.869530 0.027976 
86.567024 76.419662 73.210114 91.681793 59.937954 0.000000 
91.554375 64.704239 73.903244 94.613541 73.345230 0.019782 
91.024704 84.077110 88.042503 87.580063 62.917141 0.000000 
89.874855 76.877579 81.651978 99.928474 66.151764 0.000000 
90.388504 78.924911 81.426338 91.320984 72.131706 0.019782 
86.580994 73.930122 69.586418 99.371063 62.074131 0.000000 
84.809273 74.995262 78.785843 94.596626 74.972595 0.027976 
90.858299 69.336563 74.131142 96.526520 74.422363 0.000000 
97.766670 62.402805 66.517639 99.805412 66.673706 0.000000 
92.222351 81.286568 82.583992 92.499954 63.528587 0.000000 
91.447617 73.521530 80.560463 78.875580 70.845863 0.019782 
85.883209 75.843170 89.844742 88.865784 56.069950 0.019782 
95.051224 67.719589 74.285782 93.247078 66.783829 0.019782 
87.321770 74.766022 78.240669 95.401009 53.528496 0.000000 
92.540436 68.137917 76.868484 89.211960 60.244793 0.000000 
89.391106 66.106514 72.082962 88.886414 67.951180 0.000000 
82.560303 79.707832 73.620667 97.567215 70.579048 0.034264 
91.468918 60.899616 74.211082 94.854713 42.533482 0.019782 
92.779335 87.446587 91.472130 100.721252 56.608257 0.000000 
91.448982 85.384933 83.551025 89.718567 54.640747 0.000000 
90.674995 76.616379 77.726089 91.699638 65.088760 0.000000 
89.939781 81.199532 78.641525 85.095619 65.711548 0.034264 
91.835632 60.055580 71.631844 109.961426 44.862793 0.000000 
85.845245 71.642784 67.481461 103.643814 67.113045 0.019782 
87.510315 86.183022 91.490005 88.342422 49.602028 0.019782 
91.714462 72.143845 78.192001 85.489311 88.515190 0.027976 
90.148499 60.339935 77.754028 94.042648 52.652225 0.000000 
90.045502 76.020042 87.590515 99.322891 60.517227 0.000000 
89.654190 92.137398 91.146011 95.349060 65.475517 0.019782 
91.265961 77.837486 86.234459 89.114227 75.189842 0.019782 
91.804337 67.670975 71.529320 87.515907 70.516960 0.000000 
86.083237 78.494766 69.753784 102.688622 55.144485 0.000000 
87.485977 84.463737 85.892784 97.958115 55.917931 0.027976 
91.180725 69.457985 63.006523 92.220512 70.024696 0.019782 
89.766693 85.195938 83.266983 100.239883 48.579033 0.000000 
89.152672 62.976521 67.261932 102.770203 47.532459 0.000000 
86.685257 85.693764 77.218178 92.841301 61.138771 0.027976 
89.147049 60.946854 71.160576 88.141800 62.482971 0.000000 
92.475990 61.996613 67.442322 97.184296 69.980042 0.034264 
89.915070 76.110138 72.743912 96.209419 68.460800 0.019782 
94.947502 74.551971 76.146103 99.637779 46.820606 0.027976 
89.130234 83.400963 80.990303 98.187279 62.871952 0.000000 
92.726501 57.746830 57.856739 94.713097 69.188591 0.039565 
88.697449 61.461491 69.153458 91.844559 68.500397 0.000000 
91.657646 66.945854 70.225044 100.939285 57.649296 0.000000 
87.975945 79.433510 77.721176 98.532944 57.328541 0.027976 
89.856239 72.691910 73.158676 93.977531 48.999672 0.039565 
93.164040 82.889015 79.153107 91.597824 78.006386 0.019782 
85.285889 72.377357 73.877998 104.537811 57.063663 0.019782 
91.121925 70.419998 62.775932 98.801323 64.538239 0.019782 
90.675056 66.348145 74.036560 90.560646 61.705833 0.000000 
95.097839 71.578094 78.663261 105.581833 47.945293 0.027976 
89.399696 78.346687 80.184593 86.610031 68.695488 0.000000 
89.472694 60.465401 67.178490 101.390526 68.677116 0.000000 
89.028175 67.557121 75.211166 96.229599 80.635559 0.000000 
96.592560 86.569603 73.674515 100.012405 54.990215 0.019782 
90.779602 83.213409 85.189728 97.209496 54.797310 0.000000 
87.277832 86.664604 77.316711 90.413933 73.609848 0.000000 
87.549515 85.989136 88.965706 95.561623 59.849289 0.000000 
89.399590 79.043724 74.041985 102.789871 51.454418 0.000000 
94.934219 93.443466 75.566978 101.325493 70.039383 0.019782 
90.209663 72.201111 79.484436 96.719704 57.497410 0.000000 
89.721420 68.119759 80.813232 94.535339 55.652821 0.034264 
90.257156 87.710564 94.292305 93.490440 62.243374 0.000000 
92.919159 75.955589 81.323769 90.707581 65.089905 0.027976 
89.107620 67.146523 74.528267 101.274872 55.657562 0.027976 
86.981621 76.396095 79.612137 94.486458 57.815308 0.019782 
88.228165 89.038315 96.219391 92.761040 54.862453 0.019782 
88.888489 69.575218 76.521637 97.991219 50.480000 0.027976 
89.206200 87.472374 82.479012 85.115143 62.902958 0.027976 
91.793495 81.372978 86.512367 104.069885 58.688919 0.000000 
90.826042 77.646507 79.505959 91.297783 70.759979 0.000000 
90.398308 80.656181 76.590805 88.491661 57.654980 0.000000 
94.584541 66.684723 70.338196 90.147575 54.271847 0.000000 
87.012398 63.525318 70.039925 94.129807 63.948105 0.000000 
85.786003 81.658325 87.788681 97.750969 55.298977 0.000000 
92.712410 72.670769 69.853218 97.639923 68.841080 0.000000 
87.220215 59.680225 71.709976 103.474167 66.090477 0.019782 
91.463943 83.695671 74.514442 88.455368 56.792458 0.000000 
93.580391 72.931870 80.188171 96.563583 72.703339 0.019782 
86.098091 71.738350 76.380836 89.322052 87.656647 0.000000 
93.805679 75.865219 64.966339 95.581337 50.407318 0.000000 
88.200790 80.914978 81.189522 91.023529 64.818871 0.000000 
89.898705 64.677231 54.300804 98.778824 77.126335 0.000000 
87.858932 69.466934 59.638985 104.209229 49.831902 0.000000 
92.876724 79.698814 72.992271 103.181366 69.428902 0.039565 
87.615738 72.609032 76.596947 108.499504 63.592720 0.000000 
87.177414 93.294479 84.083427 94.352173 74.275734 0.034264 
91.189079 65.351601 72.848633 92.293457 55.276360 0.019782 
91.693855 74.430634 66.303101 86.355209 82.807571 0.019782 
93.118088 82.406105 87.040207 95.771591 69.275719 0.027976 
85.294418 86.604851 80.656662 90.064316 58.968300 0.034264 
88.436737 78.651611 77.329453 87.726540 69.659653 0.000000 
91.657982 84.367882 73.837936 81.474693 64.169022 0.000000 
85.707497 74.924805 79.381111 88.689301 46.905293 0.027976 
92.277504 78.308678 81.026100 97.492889 53.341267 0.000000 
92.024704 93.930672 85.549194 91.608772 61.832840 0.000000 
94.042191 93.571999 94.876404 89.708771 67.449036 0.000000 
87.031723 73.305923 73.550400 108.825974 52.043243 0.027976 
91.297920 82.667038 84.097298 99.745712 68.640381 0.000000 
89.824028 74.113159 79.010582 98.086906 67.220734 0.000000 
89.433990 80.922607 74.681839 93.984535 52.914459 0.000000 
84.459419 79.413780 77.193474 102.842545 60.969978 0.019782 
86.604141 74.830887 77.230812 108.185715 62.309227 0.000000 
91.823761 86.307533 99.560379 89.857643 57.950493 0.027976 
92.428223 86.340637 84.602089 96.182182 72.159256 0.000000 
88.023552 74.355400 78.428711 87.281837 58.212006 0.000000 
85.453133 77.083885 79.298973 98.510483 53.215080 0.000000 
89.881340 78.209557 69.170319 103.935646 59.215240 0.000000 
90.096596 68.483833 64.898483 90.971764 47.960438 0.000000 
94.026299 79.476776 88.764099 99.795303 73.744255 0.019782 
95.833672 74.617065 85.580719 82.852013 67.352509 0.027976 
90.012733 74.986221 71.085068 102.867043 48.956787 0.027976 
91.249695 68.183006 71.806541 81.670197 69.971535 0.019782 
92.480751 73.962616 66.745987 109.558647 76.569687 0.019782 
94.739510 68.473053 72.494415 90.064980 73.314713 0.019782 
86.513474 88.013687 90.455154 90.483543 73.538498 0.000000 
87.680489 71.542824 74.706497 86.073029 54.882332 0.019782 
88.740974 67.549034 70.382904 91.003189 73.373528 0.027976 
86.050644 70.257820 72.889824 102.526863 67.391495 0.000000 
92.605431 77.456055 62.703976 88.477661 64.582588 0.034264 
91.286850 76.945839 65.622154 103.554260 62.435612 0.000000 
89.325653 80.735855 80.878197 110.890503 56.942692 0.019782 
90.099152 77.581848 77.349464 105.035652 69.956734 0.000000 
90.325554 69.996216 72.788261 96.468788 59.572273 0.019782 
85.185059 77.257599 75.949745 93.277878 74.601395 0.000000 
86.952141 68.614037 66.795929 95.848129 58.163799 0.034264 
88.073586 77.204536 69.298058 100.494743 79.904335 0.000000 
89.253677 76.528870 90.258949 89.036217 80.560539 0.019782 
91.518913 77.341141 80.331703 89.414749 74.178520 0.000000 
87.622719 72.936554 75.069901 103.662552 59.521053 0.000000 
91.105965 83.003693 77.839020 89.071945 69.707275 0.019782 
92.222595 81.879784 70.760033 91.491737 64.896721 0.000000 
90.257179 72.905518 65.384636 99.776520 53.377975 0.000000 
90.173752 75.160683 73.969086 91.918716 58.801315 0.000000 
88.898506 73.092300 70.560982 92.877899 70.815613 0.000000 
95.309082 83.363838 77.153122 102.076431 57.943184 0.000000 
94.268867 71.489777 66.613602 96.144066 61.789272 0.000000 
92.851768 74.231857 65.543816 98.813545 71.290398 0.000000 
94.041870 73.147629 77.220345 94.143471 79.885651 0.000000 
93.841866 59.599720 64.226250 101.094009 50.395767 0.000000 
88.699860 73.805481 69.547340 101.246506 62.038139 0.000000 
88.753792 86.240608 76.902176 98.067924 54.760475 0.000000 
87.527092 73.474464 64.677216 103.663055 69.932404 0.000000 
87.938263 66.629929 71.648293 97.811462 51.092182 0.000000 
87.493462 79.528717 78.313538 94.764198 62.077484 0.000000 
96.752075 87.678673 81.946754 94.943451 63.963898 0.000000 
87.933685 68.064125 71.292381 102.356201 78.718460 0.000000 
92.929573 74.862122 82.503601 96.305725 76.959816 0.027976 
93.234634 93.920433 83.386047 105.818535 52.773808 0.034264 
92.747749 75.240120 82.314079 85.179436 82.335510 0.019782 
85.782234 85.047379 77.363998 105.465179 61.343639 0.000000 
91.732521 74.892731 65.250320 91.669823 81.275459 0.019782 
89.224449 75.071823 66.399910 103.053917 55.923721 0.000000 
92.560097 81.259895 69.209862 97.922035 70.755714 0.000000 
94.175171 75.955330 79.294777 105.660156 67.706718 0.027976 
90.000763 77.951111 88.035294 84.987411 65.719772 0.019782 
86.493065 81.554420 76.012009 88.047493 78.686821 0.000000 
89.866196 88.227165 79.261963 90.126526 64.900177 0.019782 
91.957146 88.012230 87.092796 103.333458 66.761986 0.027976 
94.132896 76.614212 85.040550 93.644310 62.735329 0.027976 
92.633270 83.904564 78.356575 89.898109 60.636288 0.000000 
86.392723 72.278870 55.939178 105.503609 50.315044 0.034264 
95.168671 78.331886 76.346230 89.858864 68.611046 0.019782 
89.804962 84.330559 75.270103 109.341522 49.742393 0.034264 
94.072266 92.420975 80.448189 83.373779 74.161346 0.019782 
91.694817 84.884605 78.894730 101.055969 67.608475 0.039565 
93.025513 70.402428 71.579391 102.024277 46.871262 0.027976 
90.885559 86.649155 79.241707 100.144531 56.125210 0.000000 
88.599739 67.094101 67.943375 108.687103 52.953922 0.027976 
92.552948 98.005089 92.214546 92.510468 55.567478 0.000000 
91.459320 88.138687 85.327980 93.635986 66.204269 0.019782 
94.943771 68.204659 57.113895 97.429688 69.513962 0.000000 
88.620605 77.342499 75.615692 95.127365 69.437134 0.000000 
88.722557 73.818375 75.256355 99.887062 77.038780 0.000000 
94.828140 69.143944 69.684647 93.775337 86.797829 0.000000 
89.252182 70.869720 65.389160 90.056564 68.547081 0.019782 
92.830925 79.398445 79.328346 100.190315 74.395241 0.019782 
94.200874 68.099495 54.701622 104.647423 68.302940 0.000000 
84.047745 70.669815 70.736847 94.697472 59.480797 0.000000 
91.109520 72.378983 64.459579 102.966522 60.012501 0.027976 
85.339783 91.573318 89.490517 94.196823 72.517914 0.000000 
89.083206 78.498764 70.473053 86.504982 74.296486 0.019782 
93.012474 93.133904 80.846130 110.868279 40.711300 0.027976 
93.082802 67.616737 68.939148 93.014977 55.249931 0.000000 
86.649002 68.051079 70.498917 94.556625 81.372757 0.000000 
88.439194 82.145966 77.366524 93.263046 60.933147 0.027976 
92.731300 79.836128 81.274948 97.257751 69.109123 0.000000 
85.154106 71.239632 68.754509 97.148956 69.596054 0.000000 
93.928505 73.433769 69.096024 102.197556 70.780678 0.000000 
91.345634 69.213417 69.193642 101.044472 79.472565 0.000000 
92.839462 88.404205 90.546928 98.420609 57.261822 0.000000 
95.896461 77.831993 71.688080 96.313995 68.520416 0.027976 
89.669907 81.888870 85.042229 90.312996 63.329830 0.027976 
94.132401 74.456360 61.711971 102.853470 52.229652 0.000000 
89.366135 67.943764 74.886902 97.974251 62.982365 0.000000 
91.073738 75.060051 79.148399 102.106743 75.323570 0.019782 
91.766754 77.785187 79.168709 94.808449 68.249359 0.027976 
90.801765 52.186592 55.157825 94.462372 43.100319 0.000000 
93.537148 60.338860 53.189323 100.570366 53.447399 0.000000 
89.885773 87.235611 91.079117 80.348763 69.221306 0.027976 
87.928131 83.769394 73.057159 87.997490 66.054985 0.000000 
81.216171 66.179665 66.921471 99.281403 68.793442 0.027976 
87.520943 86.728111 64.467567 106.704674 76.854340 0.000000 
88.630310 84.372032 85.310699 86.098335 76.378258 0.000000 
91.277412 85.732498 84.175682 96.282181 73.987717 0.027976 
87.648727 82.306328 77.187637 81.987541 88.916504 0.034264 
98.581284 82.175133 65.978249 99.694420 61.874050 0.000000 
89.546570 76.140297 75.035286 105.394501 59.380825 0.000000 
92.103546 81.421501 69.528809 84.672226 58.914272 0.000000 
85.450882 66.649193 72.903343 97.172241 69.227486 0.000000 
90.684753 81.542473 93.488640 93.340569 70.148621 0.000000 
92.832741 82.249489 74.092606 95.046005 66.225716 0.000000 
93.153671 69.033150 81.082367 99.999657 55.602734 0.027976 
91.490883 79.137131 87.817955 89.315025 74.587204 0.000000 
91.247742 77.285934 74.521400 88.916290 72.053223 0.027976 
83.787193 72.327362 74.512932 102.361771 68.239502 0.000000 
88.224236 75.393600 79.463531 88.600403 66.800339 0.000000 
93.409752 78.951813 87.035149 106.886887 59.449158 0.019782 
92.589455 78.159492 82.157692 82.443405 88.124176 0.000000 
88.650963 80.745125 63.195770 98.627121 68.805412 0.019782 
94.195030 80.129303 91.488892 92.696358 76.817795 0.000000 
89.686974 74.493950 75.775047 97.088387 71.532227 0.000000 
90.110451 77.898956 71.267242 98.885895 62.850143 0.019782 
97.673820 83.780243 77.483215 90.665314 62.610886 0.019782 
89.539055 71.278992 72.527313 95.425072 66.914787 0.019782 
87.479454 79.816772 79.815071 93.507622 77.072845 0.000000 
87.701775 71.583878 71.477707 102.920708 70.068504 0.000000 
91.995064 65.205276 69.614624 87.920296 90.078819 0.000000 
90.412979 81.782295 73.392464 95.520645 73.148903 0.000000 
90.738152 76.173531 77.379494 93.009140 72.316551 0.000000 
92.191399 91.129959 81.959267 84.122787 87.103317 0.000000 
86.219048 71.124481 81.258514 92.442871 68.949013 0.000000 
87.734703 71.030418 83.536484 98.507172 72.309669 0.034264 
99.901756 79.522652 68.596428 82.932861 88.707664 0.019782 
87.134056 77.614349 65.160423 101.466034 58.085136 0.000000 
89.508354 67.946075 74.865196 97.286430 56.614704 0.027976 
95.331528 73.125305 70.680595 89.252319 72.351562 0.000000 
90.417511 64.669739 69.005753 93.760170 64.687042 0.027976 
90.217590 71.121948 76.063957 87.572800 84.072624 0.034264 
92.948006 75.422485 74.248329 101.795898 59.178925 0.027976 
90.055206 87.935387 76.746086 100.074448 74.123634 0.000000 
88.983917 80.682930 82.110191 99.691658 63.146366 0.039565 
87.408279 72.879082 78.860306 106.357819 69.154221 0.027976 
93.357597 77.615112 80.357117 92.787773 71.297287 0.000000 
91.385025 91.033936 76.719978 98.135513 67.837616 0.000000 
90.604118 70.908684 77.990128 99.853790 67.140999 0.019782 
87.904823 71.801109 71.086639 86.262779 78.890923 0.000000 
89.061951 86.813828 89.831963 104.705498 72.202721 0.019782 
93.169029 71.217232 69.498993 101.228943 80.496948 0.000000 
90.067932 72.507683 74.699059 95.576775 64.956253 0.019782 
88.808990 84.144737 78.732918 94.453133 85.850540 0.000000 
89.148232 79.376350 81.104736 94.115021 60.721226 0.000000 
87.610237 87.231216 67.916801 90.295082 60.477612 0.000000 
92.224052 70.541229 67.936066 103.847595 74.300690 0.000000 
88.130440 70.109451 79.099274 89.773270 75.309143 0.000000 
91.506294 77.654518 69.056633 99.108139 49.800850 0.000000 
94.706329 80.316399 76.341454 110.940041 54.217205 0.019782 
94.003242 69.170113 64.683647 96.236870 51.210064 0.000000 
87.788185 74.699120 64.208733 95.231705 77.793907 0.000000 
