1.950628 
2.342377 
2.343187 
1.970385 
2.656792 
2.330129 
2.364466 
2.251256 
2.425869 
2.855429 
2.348867 
2.499934 
2.330318 
2.214183 
2.294460 
1.470341 
2.139421 
2.283918 
2.538660 
2.143708 
2.194380 
2.323603 
2.423280 
2.258023 
2.326238 
2.700212 
2.727396 
2.242116 
2.586020 
2.220828 
1.654922 
2.062619 
2.282704 
2.291592 
2.126887 
2.128073 
2.185010 
2.115530 
2.499066 
2.592090 
2.279055 
3.260961 
2.257181 
2.109078 
2.102900 
1.819559 
2.338762 
2.001457 
1.930202 
2.610203 
2.189381 
2.413478 
2.157044 
1.962956 
2.316494 
2.077109 
2.252990 
2.574399 
2.367713 
2.423584 
2.500688 
2.028332 
2.228567 
2.289534 
1.940944 
2.377898 
2.344963 
2.513674 
2.538414 
2.183132 
2.362248 
2.157862 
2.346936 
2.489692 
2.057294 
2.553742 
1.749449 
2.327684 
2.205637 
1.816515 
2.509089 
2.663402 
1.943897 
2.135600 
2.145367 
2.522198 
1.949806 
2.020942 
2.577151 
2.189087 
2.091303 
2.117968 
2.334393 
2.357102 
2.369004 
1.631658 
2.447623 
2.202540 
2.312490 
2.063894 
