803.492920 813.353027 999.116150 301.252747 62429.835938 
617.313782 534.196289 509.017334 254.784317 57298.285156 
586.088196 737.640747 304.833984 255.438904 65480.160156 
659.788940 703.732117 1001.248779 185.577118 57081.042969 
622.614746 757.322937 687.964661 260.255157 51016.605469 
687.561707 856.855774 578.748779 235.742569 59622.199219 
759.830017 1907.818481 353.343964 179.721985 58238.917969 
427.940216 1443.792969 496.547424 212.737640 50253.031250 
635.431763 1405.693359 995.628357 298.660919 70959.851562 
412.028870 667.414185 658.240295 186.787949 61601.527344 
845.069641 741.985352 2052.500244 227.437546 60780.109375 
675.118652 666.708313 596.209412 217.430634 58774.371094 
554.682129 634.611877 617.525574 397.389740 61707.695312 
612.019958 1016.705811 1137.920044 276.574768 55178.152344 
681.013672 736.495789 704.861450 162.344696 67328.843750 
394.865753 569.751831 766.202393 130.119080 75273.671875 
577.033386 869.292236 244.605606 143.329956 70569.890625 
592.441528 488.429230 353.083771 178.402603 51617.718750 
683.857666 1399.884888 278.925751 181.259872 54835.472656 
672.251099 1251.134277 1504.855713 195.903107 61018.421875 
604.873108 893.801270 352.166656 214.594971 61732.019531 
541.721436 754.129822 355.549408 288.910767 52800.476562 
563.242493 461.870575 375.814087 228.602692 69258.296875 
1156.445679 1534.083496 663.045227 476.912628 44014.101562 
813.954102 866.455139 416.730988 273.103485 57839.492188 
812.471069 561.647888 1141.460449 248.209930 60262.742188 
509.181732 776.061340 870.892883 124.401512 48447.332031 
442.416412 667.316528 251.977631 376.020813 47932.023438 
488.632690 1327.141602 1212.632446 256.502747 51599.554688 
495.684509 451.057770 703.197815 259.577118 56099.250000 
597.190674 1258.191040 333.758148 319.569153 68216.929688 
694.041931 1770.498291 927.585876 146.559875 70811.164062 
814.100464 966.168640 1926.455933 559.264954 63680.847656 
592.283325 1348.041626 240.619217 195.677963 62014.800781 
590.864258 1011.127991 1734.055054 412.425812 62512.957031 
768.965454 677.930847 630.835815 419.404297 53730.859375 
671.611694 667.092712 418.583160 189.884369 54147.867188 
605.136292 471.751587 369.936310 244.786118 67942.679688 
604.742981 763.724426 284.595062 261.543610 53586.210938 
696.865234 749.610474 618.812500 515.960510 50814.050781 
611.700256 743.470459 660.980591 270.797516 48149.312500 
714.875122 565.472168 1021.247070 516.877563 51895.343750 
628.735596 619.623169 974.078003 481.273743 78078.054688 
636.448730 748.792603 856.444763 272.211853 64125.136719 
554.736938 890.672852 452.517517 108.786140 59247.332031 
590.616760 810.807373 252.859360 200.269257 61433.929688 
622.676331 609.988770 710.681335 255.981781 50239.320312 
529.925415 555.947510 1821.841309 197.479538 68498.750000 
613.840271 770.624695 433.889374 206.973373 69354.414062 
436.742218 358.379852 809.444885 268.793365 58344.273438 
