90.696312 72.050995 67.175247 56.797970 40.141052 0.000000 
91.800301 68.360596 68.474701 67.647476 45.332981 0.000000 
87.045174 68.102776 76.467903 67.289085 45.859108 0.000000 
95.669930 76.226166 61.789948 46.662079 25.519676 0.027976 
89.005981 69.424591 75.651176 64.219261 44.780933 0.000000 
89.012642 77.918213 64.372208 48.573025 32.951649 0.000000 
88.152107 70.799881 71.294075 65.681953 37.616306 0.000000 
89.071449 83.063461 72.165092 50.523998 28.537359 0.000000 
92.684097 77.625954 76.621880 67.869583 41.058903 0.019782 
92.155975 72.131493 70.773026 46.313526 38.925510 0.000000 
87.385529 79.073486 67.039139 50.570557 28.236958 0.019782 
92.020180 83.502388 82.404861 54.767147 35.229671 0.027976 
90.351608 77.652229 71.279800 67.703278 31.636301 0.000000 
91.813622 88.871910 62.528519 55.944824 38.815414 0.027976 
85.254990 74.725296 78.377090 53.965851 44.478130 0.019782 
92.788429 78.860382 69.977333 55.313084 25.650558 0.000000 
93.573555 80.021942 87.699104 61.979424 44.519714 0.000000 
96.860924 81.815231 70.308205 50.957619 26.221968 0.000000 
89.885201 88.786835 65.836121 56.565002 30.903152 0.027976 
85.304543 74.186211 66.160599 54.530983 28.695522 0.000000 
89.834160 97.486092 73.371429 60.175652 42.346352 0.000000 
94.158745 86.352463 91.842941 85.023460 32.789825 0.019782 
85.970245 74.084099 70.367874 53.596912 35.755970 0.000000 
88.090584 67.806770 65.607269 51.217964 38.436855 0.000000 
96.569664 88.167572 71.207138 72.189774 58.598267 0.019782 
88.736565 84.393272 78.692490 52.331734 32.059864 0.000000 
85.741020 82.807022 70.798912 57.843216 34.353714 0.019782 
84.415489 83.827217 75.386909 56.794487 40.045330 0.000000 
90.314461 80.899117 73.112312 56.653625 41.820938 0.000000 
88.779594 85.267113 62.971432 59.536858 36.220146 0.000000 
88.331245 90.831367 77.347343 64.679321 50.482956 0.019782 
91.230606 82.398148 76.593224 68.668587 41.932003 0.000000 
86.304512 82.831985 76.734955 67.456749 37.360794 0.000000 
87.545296 81.820763 79.888725 62.807674 38.875484 0.027976 
90.235283 80.651489 76.843674 74.208221 65.892563 0.027976 
92.571823 73.920456 73.710411 60.200752 36.906811 0.000000 
86.404877 73.629112 62.219166 63.763550 42.256947 0.000000 
86.038284 76.671822 76.085159 68.287033 37.166481 0.000000 
87.959244 81.041595 74.939552 56.525341 32.806664 0.027976 
86.913116 75.313065 72.377037 61.489155 36.163387 0.000000 
85.611206 82.984505 64.237366 48.164658 29.267378 0.000000 
97.167915 73.961121 59.828655 60.437828 37.680260 0.000000 
92.518707 69.461548 68.499969 48.066418 32.667011 0.027976 
89.420082 81.775246 75.199249 59.538387 39.539734 0.000000 
85.399895 81.974884 77.559532 60.000126 34.816132 0.027976 
87.881203 81.721619 67.991814 57.257038 36.014183 0.000000 
96.133362 88.289230 67.690193 56.101524 26.206697 0.000000 
91.550941 71.291702 72.148361 68.634438 63.099880 0.000000 
83.517059 76.783562 82.136276 67.128586 58.416885 0.000000 
87.905487 75.760773 60.293449 45.213646 39.623924 0.027976 
