90.618782 93.117516 102.645470 87.899513 33.472855 0.000000 
95.438629 90.661591 81.830177 82.097412 32.769627 0.019782 
60.120293 84.689438 94.338196 84.721390 29.772930 0.000000 
73.569351 90.422165 92.801056 69.366905 30.368986 0.000000 
19.216549 75.630508 79.581657 75.452965 30.808390 0.000000 
5.634264 51.393234 67.064316 62.835262 28.176563 0.019782 
3.886502 37.130821 55.888893 61.620205 26.390009 0.019782 
2.342680 27.723185 50.867836 51.929218 27.143360 0.000000 
3.070520 20.886978 41.787949 50.932747 26.295345 0.000000 
1.188609 16.369198 37.671288 41.655842 21.683348 0.019782 
2.015477 15.167849 35.456497 40.915157 27.524626 0.027976 
1.292406 14.015365 28.357708 39.772842 28.131891 0.034264 
2.352185 7.216538 27.869345 35.463028 22.850779 0.000000 
1.497632 6.751453 24.816755 31.546049 26.554911 0.019782 
0.870656 5.128430 20.468184 28.979362 22.507607 0.000000 
0.665291 5.109330 17.570799 29.076960 15.697417 0.034264 
0.759761 4.248191 19.292707 28.603909 19.942867 0.034264 
1.410837 1.997432 14.120862 24.018324 25.561014 0.019782 
1.349007 1.919792 16.131659 25.558672 22.514036 0.019782 
0.701650 2.068384 14.232443 24.533947 21.198799 0.000000 
2.133316 2.274602 13.604451 23.631824 20.763155 0.019782 
1.382110 0.441462 4.832132 22.287580 21.796812 0.027976 
1.322638 1.379275 10.796288 21.512543 19.522301 0.000000 
1.002492 0.472712 5.401492 20.196558 23.609587 0.000000 
1.397738 0.957975 7.878658 23.864285 21.633963 0.000000 
1.368736 0.657599 6.163289 18.476530 23.054178 0.000000 
2.025454 0.551429 5.161031 17.039709 19.516157 0.000000 
1.601322 0.833452 6.667709 16.440565 19.798536 0.027976 
1.456294 0.297394 3.446226 17.429419 19.329254 0.000000 
1.346539 0.096913 1.151821 9.642981 20.800512 0.019782 
1.572217 0.282549 3.475587 16.404871 17.295969 0.019782 
0.909137 0.074019 0.972772 8.229556 16.521616 0.000000 
1.924578 0.039565 0.790805 7.617158 22.443365 0.027976 
1.764805 0.052339 0.584838 6.849769 20.821505 0.000000 
1.381119 0.092787 1.360706 9.171426 19.183102 0.019782 
1.419824 0.044235 0.338041 3.702374 18.614281 0.000000 
1.414162 0.062557 0.996619 8.249693 20.863018 0.000000 
1.664011 0.083929 0.098912 1.034008 8.102781 0.000000 
2.169703 0.055953 0.484971 5.050281 16.752626 0.000000 
1.853402 0.027976 0.164325 2.447686 14.366246 0.000000 
1.056103 0.052339 1.137288 7.885855 20.422819 0.000000 
1.650431 0.065611 0.113641 1.758807 11.799158 0.027976 
1.466337 0.062557 0.153233 2.315959 12.696982 0.000000 
2.248118 0.055953 0.475190 4.200905 16.505310 0.027976 
1.325594 0.094873 0.227282 3.104695 12.103577 0.019782 
1.446045 0.076617 0.254109 2.780096 12.364449 0.000000 
2.140643 0.065611 0.048457 0.086229 3.330313 0.000000 
1.711207 0.120331 0.039565 0.068528 2.348854 0.000000 
1.721242 0.034264 0.019782 0.055953 2.649667 0.000000 
1.982878 0.068528 0.131221 1.179354 9.242565 0.027976 
1.468737 0.083929 0.079129 0.172459 3.996549 0.000000 
1.753681 0.074019 0.065611 0.100871 3.374986 0.000000 
2.150313 0.068528 0.048457 0.052339 2.915308 0.000000 
2.561396 0.174713 0.052339 0.059347 2.745949 0.000000 
1.579543 0.062557 0.068528 0.088469 2.663298 0.000000 
2.122186 0.096913 0.055953 0.068528 2.386303 0.019782 
1.931480 0.166689 0.068528 0.071326 3.301026 0.027976 
1.841644 0.123541 0.062557 0.074019 2.422124 0.000000 
2.220789 0.179137 0.062557 0.083929 2.826185 0.000000 
1.682839 0.327456 0.092787 0.100871 2.404443 0.027976 
2.253770 0.656110 0.044235 0.071326 2.938582 0.019782 
1.999978 0.071326 0.048457 0.083929 3.760465 0.000000 
2.844137 0.375865 0.048457 0.079129 2.465692 0.019782 
1.912131 0.176939 0.044235 0.065611 2.485380 0.000000 
1.750889 0.081565 0.055953 0.106531 2.868671 0.000000 
2.045166 0.149353 0.055953 0.108352 2.921211 0.000000 
1.073925 0.086229 0.076617 0.139882 2.696314 0.000000 
1.507920 0.436559 0.044235 0.110143 2.892862 0.000000 
1.740351 0.125115 0.074019 0.151951 3.216619 0.000000 
1.311047 0.120331 0.039565 0.115350 3.015127 0.000000 
2.159214 0.535954 0.059347 0.121947 3.097751 0.039565 
1.473393 0.154505 0.039565 0.154505 4.288249 0.000000 
1.363436 0.158259 0.044235 0.163129 3.944368 0.019782 
1.130558 0.421044 0.068528 0.187672 3.549555 0.019782 
0.677531 0.125115 0.068528 0.206534 3.704647 0.000000 
0.615485 0.108352 0.065611 0.204630 3.459834 0.000000 
0.768977 0.399585 0.074019 0.221173 4.898490 0.000000 
0.451975 0.121947 0.062557 0.252564 3.876261 0.019782 
0.624950 0.083929 0.044235 0.234068 3.755254 0.000000 
0.763358 0.115350 0.079129 0.292083 4.537643 0.000000 
2.448725 0.526747 0.123541 0.386643 11.286955 0.019782 
0.625576 0.104678 0.086229 0.467300 7.468158 0.019782 
2.088816 0.400074 0.129722 0.317135 6.125287 0.000000 
0.614212 0.098912 0.088469 0.369035 6.688354 0.000000 
0.729542 0.134170 0.092787 0.325057 3.956363 0.000000 
1.157751 0.233231 0.120331 0.486583 7.133554 0.019782 
7.310322 1.018564 0.255644 0.596761 14.277047 0.034264 
0.473540 0.132704 0.094873 0.365305 4.341313 0.000000 
1.120299 0.176939 0.098912 0.538140 9.217590 0.000000 
0.910642 0.229850 0.106531 0.345484 5.243777 0.000000 
4.797793 1.547628 0.235734 1.354508 23.905647 0.027976 
0.839767 0.166689 0.111906 0.484971 5.153812 0.000000 
0.646496 0.151951 0.153233 0.522645 5.712510 0.027976 
0.814694 0.237388 0.149353 0.702486 9.889088 0.000000 
3.831547 0.619920 0.214891 2.145939 35.154747 0.000000 
1.204960 0.374300 0.186626 0.967326 16.027683 0.027976 
2.322963 0.358820 0.172459 1.121870 16.288773 0.000000 
1.075928 0.260947 0.179137 0.666760 7.729566 0.000000 
2.188385 0.593143 0.264670 0.840000 8.758471 0.019782 
19.370564 11.052520 3.054155 3.677912 44.723164 0.027976 
1.685628 0.364769 0.223812 0.633038 8.505792 0.000000 
2.356092 0.566482 0.254878 0.553908 6.409767 0.034264 
1.637336 0.363156 0.189746 1.491347 17.679110 0.034264 
15.375776 36.553440 9.474589 20.298693 84.215355 0.000000 
1.935124 0.469806 0.250229 1.192390 14.602936 0.000000 
2.436867 0.558131 0.242283 0.890654 8.427183 0.000000 
8.866474 1.100562 0.469806 4.723271 40.710373 0.000000 
1.459381 0.351659 0.229850 0.962255 10.166221 0.000000 
1.720560 0.684713 0.358274 1.305513 11.001240 0.000000 
5.789194 1.206096 0.389165 1.626303 13.002505 0.034264 
6.732399 1.164829 0.566828 4.184228 41.371395 0.000000 
1.828527 0.895911 0.330431 3.656556 29.809505 0.000000 
19.341562 6.144907 2.048322 12.908488 70.043121 0.000000 
6.253007 17.874704 25.980974 70.430603 75.706268 0.034264 
11.390618 39.499409 80.638451 116.110443 75.525024 0.000000 
8.130548 2.027675 1.117151 3.159944 24.417898 0.000000 
3.931288 1.431628 0.903956 5.256652 37.040562 0.000000 
2.965967 1.098961 0.581482 1.899191 17.245667 0.027976 
2.217085 0.992290 0.602309 3.163350 25.984255 0.000000 
2.574811 0.766938 0.472298 1.979717 14.513471 0.000000 
18.899286 7.090524 3.527699 19.367529 78.608299 0.000000 
9.037942 1.642467 1.140896 4.516702 33.031643 0.027976 
7.811605 1.369451 0.794015 4.106513 31.018757 0.000000 
3.846798 0.781095 0.602634 2.297377 15.853908 0.000000 
6.543736 1.459515 0.818049 3.676529 26.449324 0.000000 
23.559145 5.001592 1.780812 5.525880 32.320900 0.000000 
6.968746 2.074431 0.995440 2.330954 14.728893 0.000000 
3.081848 1.542816 1.038540 2.657633 13.391540 0.027976 
55.187515 12.299368 10.412989 22.760275 80.721863 0.000000 
3.034994 2.310459 1.785202 9.021578 48.552090 0.000000 
4.029197 5.607102 6.610256 12.671367 39.478241 0.000000 
20.023203 27.638842 57.775089 83.975739 94.644363 0.019782 
21.382221 54.069187 60.039825 59.702805 71.561325 0.000000 
59.324425 13.582584 8.907151 16.231266 56.700535 0.034264 
2.856635 1.567854 0.765917 4.412863 30.590454 0.000000 
17.911505 4.400507 3.184445 13.716910 50.498001 0.000000 
35.956745 15.281755 11.186585 25.515459 78.700439 0.027976 
48.490780 17.757727 6.337967 21.697088 70.635117 0.000000 
13.286903 3.461758 2.487741 6.487577 30.033354 0.000000 
3.688863 2.777560 3.818749 9.570436 39.965652 0.000000 
19.596001 5.230007 2.708988 7.594451 37.375435 0.000000 
34.254276 35.391224 22.609446 27.744003 62.179077 0.000000 
56.497505 69.275421 75.879051 75.239731 93.102119 0.027976 
21.463205 6.988646 7.029451 25.027916 67.141869 0.000000 
4.802486 3.216741 7.517133 26.246166 66.221443 0.019782 
79.746086 37.773624 25.731857 44.132896 63.161316 0.019782 
52.737785 99.657600 121.094208 113.828934 79.989967 0.000000 
131.686905 144.186035 153.255554 125.220497 77.352859 0.000000 
61.392532 15.809429 18.391762 54.824032 81.914703 0.027976 
26.853561 27.864092 50.895988 75.499168 78.784286 0.000000 
83.996361 115.235458 144.536850 153.675934 97.271820 0.019782 
9.097186 7.454036 10.193004 27.331554 66.116951 0.000000 
20.348700 7.987360 10.140376 25.547981 69.643013 0.000000 
22.262812 28.498535 43.224926 73.981621 87.360909 0.000000 
24.233538 15.187767 18.854025 41.735352 72.208839 0.027976 
55.018024 34.931087 34.219780 60.546326 88.372093 0.019782 
30.742155 11.556399 8.562037 17.841436 48.879543 0.027976 
66.727654 23.934774 22.775568 49.688892 73.424507 0.000000 
70.313141 86.950806 76.066704 65.647720 78.669319 0.000000 
8.291003 8.801072 18.611946 44.584854 68.308037 0.019782 
19.652294 30.103662 46.770729 71.283447 80.669304 0.019782 
28.802446 31.236626 39.157265 55.874073 70.987328 0.000000 
100.207382 149.200775 160.895645 142.449783 100.598328 0.000000 
38.294933 23.013994 22.354261 32.731503 65.089638 0.000000 
6.437941 4.556425 10.581764 27.886339 60.758633 0.000000 
29.590330 25.501358 40.273914 58.420353 74.839653 0.000000 
22.844824 12.446620 15.976208 28.243687 64.152565 0.019782 
55.407387 37.772163 32.259693 43.812458 67.281990 0.000000 
84.130615 115.723579 75.868591 66.774750 67.900970 0.000000 
31.892553 41.727562 50.879757 63.643955 80.215302 0.000000 
40.117310 46.065296 48.669178 63.418297 82.030045 0.000000 
61.835503 83.884811 79.750061 75.596756 72.512047 0.000000 
57.880001 53.341747 52.869041 65.203094 84.622292 0.027976 
17.225290 16.938890 29.024515 49.794548 65.849327 0.000000 
72.525215 68.083092 64.096176 66.834770 73.777222 0.019782 
74.391068 56.817192 54.412235 56.685101 60.754166 0.019782 
91.199509 59.399494 56.197094 57.103477 80.835152 0.027976 
73.742218 64.786606 62.837166 64.735771 68.100388 0.000000 
76.146698 66.224319 62.943707 61.470764 64.200516 0.000000 
81.587021 78.526085 76.108215 72.822830 72.343811 0.027976 
39.639557 37.202667 42.370819 54.908852 64.176552 0.027976 
90.155891 84.922523 82.373901 75.186790 63.771656 0.027976 
69.416878 70.825233 81.553169 81.449493 66.159569 0.019782 
74.905685 71.589172 71.462959 70.856270 70.794952 0.000000 
69.115608 79.352585 70.078056 72.218727 63.166142 0.027976 
85.023064 83.781166 82.746994 86.247505 76.798897 0.000000 
84.450821 75.972847 73.391869 73.628746 75.104958 0.000000 
68.429352 58.506882 50.743244 47.054733 56.076012 0.000000 
76.942093 73.669693 71.994850 67.658585 67.832245 0.019782 
84.593460 83.363884 83.248970 85.917389 79.087059 0.000000 
93.516785 94.633675 91.950378 89.726112 72.098213 0.000000 
83.054649 83.116760 89.053986 83.255432 75.865669 0.000000 
71.874420 59.662983 55.170506 54.210812 51.174908 0.000000 
83.724968 78.742699 71.704407 65.201408 62.308426 0.000000 
89.173958 92.551445 83.115181 80.054634 70.595787 0.000000 
70.459999 67.007874 62.803879 61.606285 76.848930 0.000000 
75.220695 77.125931 77.407120 70.150116 81.195587 0.000000 
87.687660 86.906136 87.836845 84.271011 82.985046 0.027976 
93.671013 103.566956 101.082062 94.864578 81.032387 0.000000 
58.655628 50.502556 47.191521 50.083614 48.947517 0.019782 
85.814796 89.971535 83.304359 74.043869 74.826874 0.000000 
71.402618 67.667320 66.691124 61.823544 77.519218 0.000000 
82.557220 82.376999 74.766136 65.910896 64.874397 0.000000 
79.882355 77.490509 79.616417 77.134613 69.808884 0.019782 
56.943180 58.047005 58.949181 66.445152 60.325443 0.000000 
103.903366 105.494728 92.622055 81.298508 82.150963 0.000000 
67.960297 75.517868 73.752304 73.566444 70.065178 0.000000 
96.581375 87.203674 82.952332 74.927704 74.377434 0.000000 
69.339340 66.520004 61.689228 61.425282 57.124546 0.027976 
77.956055 77.040413 82.340874 76.194321 73.642853 0.000000 
84.124847 74.415253 77.771149 73.790848 74.324188 0.019782 
69.556282 63.983105 65.236900 66.184273 60.837086 0.000000 
80.776978 91.911453 87.298218 93.206352 82.086021 0.027976 
76.518723 66.549545 68.848152 70.639687 64.368607 0.000000 
73.986755 79.797653 79.798698 66.206650 26.188368 0.000000 
70.891563 58.292637 52.238945 67.982094 79.507652 0.027976 
84.639748 74.747894 77.780579 77.223808 73.582069 0.027976 
90.738205 89.692032 88.242119 82.976746 69.133240 0.019782 
77.306847 73.436844 66.266365 67.550156 73.749969 0.000000 
84.894547 88.614502 83.529022 84.421906 75.798866 0.000000 
79.911674 80.778267 74.238510 75.925293 72.127235 0.000000 
92.527611 88.418640 77.792465 73.354523 69.583244 0.000000 
93.224869 86.540504 82.363396 79.600929 64.950935 0.019782 
82.492538 76.241684 68.539764 75.996353 69.775208 0.000000 
72.271294 73.832817 66.187851 60.285980 58.198563 0.019782 
79.107109 81.293869 79.032570 75.067917 64.461365 0.000000 
81.160011 84.280647 75.341286 72.960991 62.779526 0.000000 
74.124992 76.302734 68.536110 64.488777 74.560234 0.000000 
87.727318 79.765724 77.219215 81.069557 70.977188 0.000000 
78.282234 74.445419 62.264259 56.603794 64.777145 0.000000 
80.330353 73.124657 69.608887 60.749695 69.004662 0.000000 
75.347702 65.382027 64.967278 59.603146 59.551922 0.034264 
74.954659 78.999054 76.488647 72.195267 68.097527 0.000000 
67.778503 61.961926 64.407112 58.357243 61.712288 0.000000 
87.341743 79.581879 81.648201 70.135124 66.623520 0.000000 
87.317886 77.680367 68.787941 60.088299 68.287735 0.000000 
80.033592 80.448509 80.054665 74.927887 62.514545 0.000000 
85.701668 82.013626 71.893013 67.484596 67.348267 0.000000 
85.277100 72.965538 79.593582 76.979141 81.708817 0.000000 
75.512329 90.229912 93.437004 93.265892 73.966667 0.000000 
77.437698 68.896759 69.372971 64.581619 70.922188 0.000000 
86.342987 79.996841 87.501564 91.619431 73.178383 0.000000 
83.112076 80.058586 78.759102 83.050232 67.601898 0.000000 
120.846855 114.758644 111.168686 103.512909 86.928787 0.027976 
73.943489 67.963181 63.671043 58.304188 60.700493 0.000000 
98.190651 90.293648 83.142204 80.326538 63.112545 0.000000 
94.078964 84.797234 83.222527 81.963837 79.547935 0.019782 
69.681244 64.288956 59.486301 61.896694 58.418385 0.000000 
73.254143 75.752312 72.300674 74.014893 76.804214 0.000000 
83.886337 72.995796 64.991524 54.508812 66.743950 0.000000 
63.067848 63.937466 61.602787 61.612553 57.351948 0.000000 
61.096272 69.964409 68.505211 67.534660 66.944473 0.000000 
68.429054 67.175819 71.135078 67.705551 64.514511 0.019782 
93.974327 92.465683 86.786865 86.238556 77.310471 0.000000 
68.848946 47.370182 42.517166 52.621250 46.777370 0.000000 
66.814026 54.139595 52.316601 55.922050 55.712471 0.000000 
79.686523 86.607986 89.920219 87.271187 75.754723 0.000000 
74.192139 75.947411 81.258049 58.330467 57.319534 0.000000 
62.928783 60.363773 58.799416 57.464676 63.166157 0.000000 
100.478401 93.340569 93.902824 83.235855 70.433632 0.000000 
64.717392 61.280521 56.788952 59.120983 65.416061 0.039565 
84.519279 90.278328 87.548439 77.552292 69.471535 0.019782 
92.213692 86.599411 78.581200 69.428711 56.556530 0.019782 
70.743370 54.374603 55.045994 61.271999 58.840942 0.000000 
61.484390 63.309998 61.568016 66.787544 67.387192 0.019782 
81.315819 66.119453 66.187294 75.864494 75.265701 0.000000 
69.061890 66.227493 63.899132 71.531601 68.307434 0.027976 
81.347733 75.932922 58.397682 79.146713 66.831627 0.000000 
78.455215 68.277176 67.048813 77.001511 71.056732 0.000000 
63.783630 59.516186 54.830360 49.214020 48.412521 0.000000 
49.410423 37.849945 40.954960 40.900284 51.313435 0.000000 
86.053276 81.400749 69.037041 66.131424 61.291271 0.000000 
76.244766 59.982273 59.962181 61.641376 63.902740 0.000000 
67.586670 55.238651 56.391335 55.594421 56.944042 0.000000 
96.315468 98.362968 95.098701 93.515266 87.211922 0.019782 
71.991432 82.372772 81.192444 85.070831 81.448471 0.000000 
83.286835 89.342545 85.449188 82.803970 84.813026 0.000000 
66.126251 58.200134 56.890350 53.489834 53.516037 0.019782 
88.996445 75.369576 69.342659 63.788937 56.599194 0.000000 
77.572533 79.570366 77.916229 76.918884 87.272118 0.000000 
73.444702 72.362129 76.538475 82.751648 83.542099 0.027976 
69.504189 72.662376 70.263557 81.060280 71.902077 0.000000 
71.894997 64.955879 59.698120 58.269939 57.540115 0.000000 
69.327286 60.822697 58.427540 55.553619 56.627045 0.027976 
80.042366 78.832024 73.084373 73.833138 63.265099 0.019782 
56.987316 55.616680 56.459202 59.890850 60.737591 0.000000 
76.595566 71.060600 74.647118 73.571503 59.374577 0.027976 
81.040558 94.133705 94.080109 88.320160 87.736755 0.000000 
79.352753 63.028530 61.747784 61.365425 65.808258 0.000000 
98.034821 85.285751 84.222237 78.630447 60.689350 0.019782 
69.581726 65.098869 57.430332 54.804947 55.326427 0.019782 
68.361649 72.643036 73.458267 65.795113 73.358131 0.027976 
73.816849 79.339951 73.638931 56.933018 60.726292 0.019782 
69.775375 61.407967 56.171867 57.412117 61.159054 0.000000 
89.472946 75.204781 63.674511 60.234150 59.606758 0.000000 
93.468819 82.628731 71.559082 71.016602 68.147079 0.000000 
75.766685 83.688126 84.303535 86.030952 71.952713 0.000000 
82.855476 78.999573 73.672005 72.606102 68.089493 0.000000 
75.910538 64.771812 62.684910 58.390152 63.861046 0.000000 
83.448952 84.442009 80.191460 78.128159 61.719742 0.000000 
66.024429 62.228897 58.720573 56.877934 58.372486 0.019782 
85.610237 86.839455 70.803123 93.094933 80.709396 0.000000 
73.827881 77.881149 70.305260 61.699478 66.300652 0.000000 
83.339813 86.908104 80.699142 76.038849 75.157265 0.000000 
61.162426 49.140713 49.406433 49.869808 55.801102 0.027976 
57.492229 45.618435 45.898960 53.216095 53.589867 0.019782 
68.059753 63.682140 55.135593 52.292648 59.293213 0.000000 
74.331421 72.666039 70.345398 67.357117 56.890518 0.000000 
86.373795 83.468689 83.116035 78.228989 76.672295 0.000000 
88.062454 86.181595 91.954407 86.996613 77.689774 0.027976 
79.022263 83.713234 80.484489 80.208694 71.081207 0.000000 
74.827225 84.020721 85.625854 82.863976 86.078850 0.000000 
77.497078 75.380905 72.650955 63.139378 53.357590 0.000000 
76.641525 64.201759 54.964741 50.092686 44.596943 0.000000 
72.298370 68.093651 60.189865 58.945614 58.697872 0.000000 
72.402565 71.183098 71.956787 75.106651 76.962212 0.000000 
65.503235 60.393650 61.716835 57.642891 58.010689 0.000000 
77.386902 75.210205 72.297821 74.361191 54.997662 0.019782 
78.642181 62.382942 61.583755 61.425430 58.197895 0.000000 
83.073463 69.476654 62.605568 62.206352 54.277260 0.027976 
67.991867 64.960068 62.300404 68.538185 65.002953 0.000000 
63.169540 62.334099 64.151863 67.926964 64.675041 0.000000 
80.429764 73.757729 68.071281 66.916725 67.103760 0.000000 
61.203506 54.015343 52.162643 53.934784 56.515308 0.000000 
48.461426 46.565620 45.143963 41.930813 42.228668 0.000000 
75.335236 72.000832 71.303772 71.539383 58.767704 0.000000 
58.772984 65.626907 68.622490 67.498451 73.525116 0.000000 
84.837906 89.104279 86.297363 85.648514 84.676544 0.000000 
67.597160 65.457260 64.097473 68.130783 70.755310 0.000000 
76.007622 73.700935 75.579048 72.653381 67.157639 0.000000 
81.250107 80.216904 76.908043 68.926262 67.856667 0.034264 
81.927849 76.384544 70.365303 68.447083 73.358742 0.000000 
62.519730 57.050499 51.655743 50.049503 37.639698 0.000000 
94.008560 86.516418 74.931900 61.537823 64.817276 0.000000 
79.149277 74.369026 73.561737 71.612274 64.382988 0.019782 
83.916580 70.838699 69.828140 63.331715 58.868813 0.000000 
71.547157 76.054062 75.102318 75.418015 64.183922 0.019782 
67.608856 62.002071 59.464729 53.422382 59.856987 0.000000 
79.096138 77.306671 69.654694 73.974380 68.110146 0.000000 
77.892540 73.463913 77.175987 69.132507 78.284676 0.000000 
79.831711 85.556999 79.962700 78.844254 78.021095 0.000000 
68.555870 70.768791 62.698219 61.362850 51.468182 0.000000 
94.194603 94.102539 85.913589 87.627419 70.840317 0.019782 
75.496941 67.115791 66.814659 67.216339 59.952885 0.000000 
75.443825 67.872185 61.340530 60.965118 45.057770 0.000000 
80.823250 74.824669 80.223343 74.227348 79.398994 0.000000 
86.533966 84.902870 81.802773 75.683807 86.250740 0.000000 
73.056747 65.796402 65.343613 69.485313 72.929276 0.027976 
80.559814 76.217354 75.352959 67.169044 56.909561 0.000000 
63.387806 66.475868 67.471748 66.310211 55.852642 0.000000 
80.085968 78.616707 79.769157 75.919937 70.696297 0.034264 
63.560024 67.574051 70.586807 67.842110 71.599533 0.000000 
78.125725 76.174675 65.964478 67.020050 61.914581 0.000000 
82.285172 70.194542 77.180267 65.501038 66.067215 0.000000 
51.446678 48.313972 38.319351 40.940208 39.998371 0.000000 
74.693375 61.817020 51.589897 55.606598 55.829548 0.000000 
69.375595 81.514481 78.036667 75.555840 65.930084 0.019782 
78.784386 80.066002 75.460228 72.254639 73.930038 0.034264 
75.272545 76.208664 70.070503 68.591827 66.660225 0.000000 
75.067871 56.154007 47.274246 40.860386 48.425312 0.000000 
58.993298 59.611900 62.441730 68.267975 54.090328 0.000000 
74.457344 78.846169 77.026260 74.230446 68.077873 0.027976 
84.108582 77.697083 75.549904 72.404442 72.227516 0.000000 
73.274788 75.083405 70.758392 68.759735 66.237312 0.000000 
87.134361 82.714745 79.649933 79.017227 67.676949 0.000000 
69.205856 69.555130 67.708275 66.225777 62.642475 0.000000 
73.884666 67.694954 68.915771 68.577461 66.068886 0.000000 
89.196335 88.735680 84.483315 81.778633 70.996811 0.000000 
70.442093 60.610634 63.444080 61.826405 70.959648 0.000000 
93.090630 83.708237 77.652298 77.274529 59.708294 0.019782 
74.523315 74.261147 69.900932 69.408409 57.535847 0.000000 
66.347961 69.763733 65.402695 64.678436 64.025612 0.000000 
82.338997 74.051247 72.371056 80.059143 65.498909 0.000000 
73.338455 69.986694 70.742142 77.610634 50.274155 0.000000 
65.318985 63.018818 60.197269 66.741058 64.967293 0.000000 
66.939095 66.206703 67.551758 67.094429 60.587421 0.000000 
79.678642 78.695679 79.546974 73.651474 60.968140 0.019782 
72.818405 67.952942 65.011093 59.580544 58.249065 0.000000 
68.055344 61.467140 62.827644 62.292343 52.900219 0.000000 
69.446030 57.268574 52.179310 50.458794 53.679348 0.034264 
79.701591 69.312134 68.975327 65.427612 61.345181 0.000000 
56.510513 58.418854 60.311783 64.908119 69.269165 0.019782 
65.300240 65.656715 62.093342 65.964714 59.727650 0.000000 
65.911140 58.818382 58.984692 54.099545 57.228321 0.019782 
68.968536 62.887268 65.561745 64.170181 60.996254 0.000000 
77.562714 60.712223 53.210281 47.322117 56.958847 0.019782 
58.127922 52.369152 45.445591 43.779808 51.328217 0.019782 
75.222549 68.311859 66.209366 67.139793 64.200775 0.000000 
78.924255 78.440277 73.232231 72.031868 63.035603 0.000000 
84.508087 75.927826 68.030922 77.734604 62.995522 0.000000 
61.594311 53.160061 54.509117 53.189449 49.888458 0.000000 
92.776207 93.076302 92.741982 88.951630 77.474548 0.034264 
78.154396 77.874443 79.710190 71.344124 72.346916 0.000000 
72.861946 75.275978 68.933830 61.588989 65.627762 0.000000 
79.275520 65.843758 63.495708 66.552834 67.587921 0.027976 
78.281067 70.548912 64.747353 65.613678 62.086681 0.000000 
83.148888 84.091469 84.941605 82.939850 72.227562 0.027976 
48.096867 43.796913 42.439201 40.148724 46.374546 0.000000 
81.800179 68.242332 69.087395 54.246208 67.862793 0.000000 
61.801716 71.004349 69.309685 74.797119 74.685623 0.000000 
79.938644 76.674583 75.682953 73.954727 68.473175 0.000000 
79.658409 71.809357 69.638077 73.099953 65.055962 0.000000 
83.357925 83.494453 77.496780 75.499725 70.319824 0.000000 
76.195290 77.713020 74.257980 76.781898 70.048637 0.019782 
82.027328 82.095970 73.099648 68.388275 63.449825 0.027976 
66.432899 74.446190 69.331169 67.847626 67.980743 0.000000 
55.032017 59.008816 59.709221 68.304855 63.691059 0.000000 
66.814751 68.282448 59.407700 59.160782 46.429581 0.000000 
78.257149 72.843460 72.360207 62.488968 70.314011 0.000000 
59.778065 49.865582 51.758732 54.048450 54.754253 0.000000 
62.131771 58.892117 55.181458 59.983128 56.111668 0.027976 
76.662689 76.848831 74.219391 69.169136 58.400242 0.027976 
82.196266 74.634972 69.046661 69.632133 57.028305 0.000000 
61.685925 61.873798 65.373009 72.678291 75.079659 0.000000 
59.023205 67.113724 69.117455 60.465569 60.671829 0.000000 
62.845791 60.700848 54.896961 58.535130 60.357121 0.019782 
55.191349 60.126305 59.895718 52.585804 57.668499 0.000000 
74.637032 77.318573 76.412132 88.023949 68.742706 0.000000 
54.460800 47.797024 48.700722 51.521412 54.237751 0.000000 
82.104828 87.336037 77.796654 70.427246 58.196667 0.027976 
83.982925 88.752533 87.275230 82.285965 65.027397 0.000000 
73.292221 73.126442 76.518967 75.001305 59.421101 0.000000 
94.083374 81.725090 76.650429 76.710930 58.639469 0.000000 
81.245552 82.268921 80.220932 69.870071 71.775650 0.000000 
69.822632 63.341301 67.550255 66.635468 59.481617 0.019782 
89.100494 90.184166 80.314919 76.055084 74.142807 0.019782 
74.628242 68.102592 68.605896 71.361496 78.609795 0.027976 
66.637978 65.058960 61.964653 58.843060 69.826706 0.027976 
82.776588 70.209351 63.024727 70.649796 71.096588 0.000000 
71.377762 73.157349 72.487640 69.571571 57.213146 0.000000 
78.383080 69.469856 70.036827 76.184311 66.142914 0.000000 
94.900688 87.989975 76.676506 62.249493 65.900093 0.000000 
74.698547 71.160263 69.529800 72.252289 74.452980 0.000000 
81.022614 78.013649 72.456306 74.306213 59.503662 0.027976 
90.360146 79.937660 76.962616 73.256866 74.146568 0.019782 
63.663158 63.990002 60.050327 60.797085 65.874962 0.000000 
76.615417 73.952911 78.369141 64.088638 55.697510 0.000000 
86.274902 83.254646 77.882507 77.544304 64.823997 0.000000 
61.340408 72.552849 66.494621 64.718521 63.286644 0.000000 
54.728214 46.422928 47.802872 47.015026 54.200787 0.000000 
77.724815 75.209984 76.880577 72.831696 63.492725 0.000000 
76.951920 69.423531 67.726974 67.417244 75.852959 0.000000 
72.023613 74.321213 69.854790 62.801579 64.032875 0.000000 
73.766747 63.836483 65.036850 59.588032 62.685600 0.000000 
103.741608 85.520981 77.440804 78.595444 63.815125 0.019782 
96.112427 87.209969 85.725388 85.236130 53.497112 0.019782 
72.579330 70.851860 70.075920 75.531113 63.864307 0.000000 
64.940041 63.633503 58.346996 61.645527 51.508858 0.034264 
67.825577 70.558372 72.027061 71.272446 65.956490 0.000000 
79.939911 69.892670 67.019501 64.545036 74.218651 0.000000 
66.340446 67.518700 66.224655 73.087624 76.176506 0.000000 
76.392250 73.751320 64.922966 60.019520 73.133110 0.019782 
68.051613 62.377522 62.791180 54.700951 62.337437 0.000000 
57.657150 54.550594 53.174294 51.957516 54.659462 0.019782 
77.470360 74.348618 73.325531 65.971939 64.921761 0.000000 
67.504875 74.571320 73.748398 72.355934 69.379951 0.000000 
57.088787 52.320160 53.546112 52.556961 54.662361 0.000000 
55.448509 56.495209 56.790039 64.274437 63.819515 0.000000 
70.081772 54.646751 52.742188 54.583000 61.880604 0.000000 
59.873943 52.454006 51.690701 52.932640 52.772350 0.000000 
62.982075 61.753231 60.581047 72.834190 60.910831 0.019782 
60.946472 54.167480 53.601662 60.356396 59.730904 0.027976 
86.205742 76.729477 74.138733 70.296173 71.111679 0.000000 
71.236755 68.964073 67.858727 68.273827 57.387581 0.019782 
58.695293 60.280159 59.581051 60.983093 53.901810 0.019782 
69.907425 72.073318 69.374191 72.286934 66.789314 0.019782 
83.757881 79.346451 76.832970 79.278053 61.024158 0.000000 
59.086887 66.965462 64.109154 61.710865 60.383579 0.019782 
63.594017 71.151237 70.491936 72.617950 65.543503 0.000000 
58.488327 49.945198 47.972916 44.309093 54.665806 0.027976 
67.854362 65.265854 68.223305 74.864449 68.735474 0.000000 
75.545113 80.298759 77.313408 75.669617 65.984543 0.027976 
52.559639 63.624973 66.831497 69.713470 68.999886 0.000000 
80.016846 79.974625 82.646065 67.846535 61.407722 0.019782 
90.632278 90.251801 87.281738 79.659355 58.939949 0.019782 
74.142105 91.604691 80.232750 71.232552 67.979874 0.000000 
92.988678 73.898659 62.927094 66.382278 59.997730 0.019782 
58.922821 57.294487 60.595318 57.773998 49.558155 0.000000 
69.281693 65.916275 72.345131 73.292664 63.808594 0.000000 
98.208763 88.717003 75.172058 65.091827 66.054710 0.019782 
74.562340 63.669479 63.554470 57.226486 62.762489 0.000000 
55.108280 55.291782 59.320572 63.374416 54.826069 0.000000 
77.459961 90.981972 81.692566 89.461830 77.488922 0.000000 
70.490273 72.036621 71.214775 66.405083 64.160919 0.000000 
58.809647 64.311623 70.940651 83.518478 68.953590 0.019782 
75.579010 85.197220 80.195580 85.793312 78.114647 0.000000 
50.564671 45.729309 45.347019 56.443325 51.404148 0.000000 
81.714867 68.677559 59.517384 62.865314 65.079262 0.000000 
61.292725 58.534557 52.339733 50.513542 50.941730 0.000000 
60.013298 61.470001 62.443443 68.439934 64.231628 0.019782 
69.535583 71.304649 67.826546 61.313309 63.919991 0.000000 
60.370399 52.817368 51.102760 58.174618 58.813869 0.000000 
67.470779 66.206528 57.295429 70.061127 56.241528 0.000000 
70.728828 61.843822 55.585194 57.502037 66.029556 0.000000 
79.636925 66.756630 66.277214 72.544342 64.459167 0.019782 
75.646973 65.607437 61.497646 52.031090 48.506279 0.000000 
70.599304 70.565506 72.275116 75.912025 62.186359 0.000000 
78.393372 81.563797 78.680519 70.807228 69.131096 0.000000 
61.818550 54.592083 57.467667 57.466408 50.655682 0.027976 
78.292694 70.295227 61.337467 59.772858 58.230076 0.034264 
