95920.296875 18923.605469 14183.771484 14039.530273 90817.726562 
99304.093750 28186.406250 26452.171875 26677.630859 154202.343750 
96076.992188 20889.224609 27407.914062 37337.613281 200576.359375 
97357.578125 21661.433594 17023.492188 15392.627930 117065.890625 
71134.187500 15258.461914 12804.554688 13608.312500 81020.945312 
84608.210938 32494.044922 39009.781250 29701.279297 118415.648438 
95408.781250 20279.875000 13206.560547 12629.560547 94599.703125 
92335.117188 28575.560547 29172.890625 32433.841797 132138.312500 
107606.460938 26348.800781 24953.730469 20445.408203 185481.859375 
92868.671875 27742.791016 25628.494141 15212.710938 135235.421875 
