1381.667236 833.129944 557.608521 447.990295 79549.789062 
1468.976440 919.109680 677.006592 467.801666 71096.976562 
1563.344360 982.265930 665.719360 536.845886 102606.898438 
1240.894287 858.661743 640.484009 490.344208 82545.382812 
1199.768066 767.576233 570.174561 456.858978 53459.253906 
1374.854370 822.248718 577.601562 503.075653 76033.757812 
1610.223755 973.934265 682.201538 552.506165 68538.578125 
1187.885132 724.328857 538.204468 390.236847 65009.218750 
1335.976074 799.881226 556.913269 601.828369 94252.242188 
1370.887695 739.360352 556.793091 539.336121 62829.816406 
1330.325317 878.852295 581.871399 500.633789 61693.894531 
1426.093994 804.492371 537.342651 442.334900 68418.914062 
1456.327393 905.085571 607.656738 465.335571 72966.164062 
1388.304077 829.067322 609.398804 530.108826 85201.882812 
1504.693481 925.919128 707.738403 459.076843 77079.179688 
1096.540161 653.181335 466.716492 426.907318 87744.406250 
1544.980469 849.439941 593.507568 528.752930 80515.882812 
1453.692749 912.231506 664.512878 475.068512 62048.031250 
1374.445312 804.942139 677.354736 498.560333 61741.140625 
1418.899414 900.919312 694.616638 563.088501 107481.203125 
1368.734619 798.518066 539.443054 352.111450 85247.781250 
1413.886963 894.733582 571.401978 396.170105 72739.609375 
1420.344727 884.437744 611.087158 533.729187 90665.789062 
1403.664551 947.289124 627.583008 503.549957 89667.992188 
1720.221069 1056.986572 618.425659 532.400024 82102.343750 
1494.950439 858.833435 586.781677 481.885529 88543.875000 
1258.478516 763.571594 575.872681 502.891205 60570.980469 
1326.841431 740.638245 479.561707 362.295929 52546.781250 
1349.106567 939.387390 645.036133 466.805359 66991.273438 
1328.279419 894.535767 553.833984 394.292816 67347.757812 
1480.688965 852.893372 605.463562 479.582672 71675.570312 
1453.058105 831.037781 644.661194 409.289154 87291.164062 
1395.890503 845.867615 547.465515 584.177673 88695.140625 
1169.542725 772.486938 687.804077 531.032837 85885.343750 
1345.484009 776.193359 586.283203 386.438965 79300.468750 
1361.574585 866.837402 592.009766 448.631439 75374.648438 
1346.099731 908.240540 606.701111 481.802032 103166.429688 
1399.041138 707.145752 591.574097 454.424377 91211.929688 
1322.654785 811.652832 576.775146 437.029327 54422.996094 
1307.485718 767.650391 580.317261 452.039276 58301.417969 
1403.079712 890.654968 632.771057 432.129211 76117.570312 
1424.119385 916.173157 641.399597 721.951416 68838.750000 
1367.908325 873.674927 656.199524 588.269104 92173.757812 
1491.988770 921.584778 588.768372 490.536713 79580.500000 
1428.399048 812.781494 563.487732 403.557617 66109.734375 
1493.830322 836.188110 692.876343 556.079834 102886.750000 
1285.759888 773.854309 595.342285 634.954590 66125.304688 
1254.464111 775.642273 549.014282 567.474060 72671.375000 
1389.381348 826.575439 691.266174 517.803101 108936.500000 
1363.043457 814.922668 599.200928 582.001709 52649.246094 
1501.339355 922.882141 699.106323 532.097290 94050.500000 
1265.551392 781.936462 658.773315 560.903687 71246.273438 
1259.412109 773.709290 554.536621 372.998962 77234.562500 
1461.918213 858.255493 634.165283 443.574982 98540.773438 
1395.381470 852.919189 587.206970 615.467773 76756.000000 
1558.970093 917.144226 757.173035 466.183624 86488.835938 
1401.881226 869.096375 589.989197 531.195618 83600.250000 
1161.291870 706.272949 554.985352 449.306030 66066.039062 
1454.429932 841.427612 496.455872 421.409821 58927.089844 
1542.543457 894.281372 604.750488 535.516846 89140.421875 
1338.215088 883.138489 712.408081 474.246460 58565.441406 
1466.664673 887.640564 590.169556 376.763275 95667.179688 
1485.781616 956.747620 714.418213 554.914673 91549.234375 
1547.270386 926.843079 733.940735 582.562500 90746.453125 
1444.111572 829.028870 569.182922 369.206482 109243.000000 
1303.051270 844.214966 640.891663 513.926025 72763.398438 
1402.625977 851.856140 577.061340 378.631226 86283.664062 
1346.305542 804.304260 592.509155 390.170471 56389.863281 
1496.967651 924.570557 629.105408 483.717804 73607.820312 
1508.025024 868.568237 611.601868 510.784943 83944.718750 
1395.875977 856.094604 579.849609 468.111450 75667.250000 
1422.037354 778.485413 629.529663 499.308807 80783.851562 
1412.740845 825.896057 644.072998 634.896790 70512.046875 
1330.479736 756.354065 623.670715 483.181244 104595.390625 
1414.357544 860.481201 661.341553 502.038849 82614.054688 
1488.522827 931.592224 707.693176 415.503448 78725.796875 
1401.786621 889.750366 651.730957 670.267456 84938.164062 
1354.076294 820.338928 525.432495 346.483337 62133.191406 
1438.522339 936.228699 649.394287 498.185272 84800.859375 
1597.366821 902.013000 744.456726 517.135681 128990.976562 
1316.661255 784.896423 537.523315 399.234619 57596.527344 
1270.678589 761.596924 656.982483 617.320740 52436.207031 
1282.148315 751.722656 565.121399 479.277466 79197.843750 
1372.849121 851.915283 601.794373 532.700745 91235.023438 
1412.910278 785.766357 651.245911 492.107361 76018.695312 
1466.068726 916.700806 686.975037 479.326660 70381.281250 
1445.078369 976.626404 824.461853 695.568115 125616.054688 
1515.447266 891.346191 590.534485 471.170532 87850.945312 
1395.632812 748.009583 514.308899 523.182007 54982.527344 
1338.186401 870.835815 523.236206 425.920532 76621.203125 
1346.968750 879.355957 516.872253 454.128021 74455.867188 
1328.296631 837.239502 630.974976 497.891144 106695.375000 
1547.930908 866.776978 677.873047 492.613525 104510.375000 
1475.757690 842.437073 659.632263 561.770386 127545.265625 
1415.984863 846.095276 630.531738 521.664062 73970.437500 
1422.234497 903.584778 686.057434 467.235168 125037.414062 
1451.680176 880.933228 610.576355 602.603394 86907.210938 
1509.702393 868.109253 628.454956 456.082672 87535.265625 
1392.896851 788.228394 621.579651 570.322876 82241.468750 
1194.662598 730.065491 497.321106 427.228790 61604.246094 
