0.695200 
0.706737 
0.858489 
1.475856 
0.825592 
1.223655 
0.963665 
0.788156 
0.736550 
0.706523 
1.028890 
1.309163 
0.938027 
0.747911 
0.763800 
0.634162 
0.676993 
0.931913 
0.913591 
1.030183 
0.657680 
0.723779 
0.861744 
0.817545 
0.994687 
0.953242 
0.797525 
0.879428 
0.832522 
0.700940 
0.707737 
0.692289 
1.323373 
1.176292 
0.551414 
0.967446 
0.921375 
0.835382 
1.314015 
0.923201 
1.149330 
0.925046 
0.973929 
1.125206 
0.937947 
0.891364 
1.288533 
0.715144 
0.819830 
0.893459 
1.060127 
0.926325 
1.237930 
0.455078 
1.191320 
1.035931 
0.629956 
0.988367 
1.093053 
0.921257 
1.118511 
0.756361 
0.943461 
0.962704 
0.653842 
0.863403 
0.906442 
1.063171 
1.139634 
0.769254 
0.767027 
0.887933 
1.005898 
0.955428 
1.086661 
1.043922 
0.606689 
0.735868 
1.113480 
0.779659 
0.654558 
1.028256 
0.390547 
0.859940 
0.859797 
0.982007 
0.810843 
0.760034 
0.835880 
1.006299 
0.739613 
0.895549 
0.969894 
0.959862 
0.877258 
0.389550 
0.801790 
1.086264 
0.889055 
0.707917 
