6583067136.000000 24426.298828 2877.405762 2430167941120.000000 6220854.500000 
9628049408.000000 56093.097656 11630.318359 1774616313856.000000 7825645.500000 
7480790528.000000 31893.089844 3616.012451 57945366724608.000000 12815921.000000 
10105004032.000000 107461.273438 13984.935547 164133148295168.000000 232672784.000000 
8297214464.000000 24718.033203 20572.640625 116976230400.000000 336901.187500 
6345799168.000000 21880.515625 12054.938477 346334298112.000000 1480199.250000 
7326953472.000000 160945.234375 1313.814697 11012874960896.000000 12608328.000000 
5677904896.000000 22651.847656 2095.836670 2072120262656.000000 6463947.500000 
6826609152.000000 32766.970703 15924.717773 7965733027840.000000 7538239.500000 
7161312768.000000 60050.632812 355.102081 4716594462720.000000 5074804.500000 
5612281856.000000 19529.619141 9912.007812 3867822260224.000000 14681015.000000 
6651679232.000000 64049.140625 207.144745 781236109312.000000 4361184.500000 
5863220736.000000 71190.000000 1531.089478 78204257697792.000000 289663648.000000 
16828598272.000000 19688.517578 468106.687500 23310129692672.000000 34416400.000000 
19614457856.000000 189420.218750 4132.013184 154820501569536.000000 110885056.000000 
9828675584.000000 96306.140625 297.209229 11721826631680.000000 9629165.000000 
6278320128.000000 63902.464844 1707.747192 2376887959552.000000 1873257.000000 
12536697856.000000 124864.593750 1084.612305 13717106327552.000000 27765422.000000 
8318424576.000000 53427.835938 836.711975 34007955800064.000000 9791921.000000 
7017357824.000000 16482.890625 131.254303 2748434612224.000000 11652202.000000 
5914076160.000000 56035.917969 297346.406250 49917829578752.000000 125030768.000000 
7218586624.000000 32950.460938 13828.821289 4539793014784.000000 9430368.000000 
6560369664.000000 27320.210938 1143.694336 164023962173440.000000 146046368.000000 
13333818368.000000 103544.351562 18758.261719 407086965981184.000000 401533664.000000 
8704520192.000000 4074492.500000 60435.121094 465215815680.000000 2967816.750000 
98598608896.000000 43457.144531 1141757.250000 2998861861748736.000000 3565150720.000000 
9939069952.000000 12582.637695 1878.882690 1955634085888.000000 3358219.500000 
8861061120.000000 31550.841797 2027.795288 2883232989184.000000 2679550.500000 
6264403456.000000 45134.859375 1113.722046 3202266955776.000000 2538326.250000 
14867235840.000000 126777.984375 45854.769531 43026562940928.000000 27244240.000000 
7647810048.000000 320538.437500 1202.118774 247959501406208.000000 190572576.000000 
6737103360.000000 1101750.625000 648.535767 72301420740608.000000 162340976.000000 
9126228992.000000 277169.156250 7554.531738 2127471312896.000000 3625752.000000 
7880941056.000000 134359.453125 571.746765 1201380917248.000000 3477235.750000 
5731521536.000000 32816.875000 395.070435 1413434179584.000000 7553639.000000 
5288209920.000000 31804.816406 3370.695801 42013407838208.000000 155499632.000000 
5700413952.000000 119245.296875 95.687424 932431134720.000000 6353300.500000 
7081903616.000000 10853.660156 177.275757 1459968016384.000000 2370965.750000 
6554860544.000000 54647.351562 10351.342773 216466980864.000000 2921080.250000 
8728567808.000000 33268.960938 742.636841 36150500655104.000000 19821348.000000 
9138034688.000000 16012.943359 30294.062500 2441847767040.000000 3485915.500000 
8080406016.000000 43310.726562 1864.265015 122672193208320.000000 39341860.000000 
6492505600.000000 14006.875977 32567.900391 157644341903360.000000 134834304.000000 
14817350656.000000 50347.285156 103245.703125 465166634319872.000000 673930944.000000 
8149889024.000000 123032.218750 1284.121704 216283899494400.000000 500921152.000000 
33132816384.000000 624513.750000 241014048.000000 56939144806400.000000 32239102.000000 
15544424448.000000 85312.500000 2300.510254 17231122530304.000000 64884324.000000 
7790410752.000000 165119.187500 1289.908081 17614065631232.000000 8036762.500000 
10182503424.000000 524234.593750 71669.781250 4093202661376.000000 2407693.250000 
5769689088.000000 29613.968750 135.594772 9710741749760.000000 9344752.000000 
7418336768.000000 78207.906250 2325.024658 17538242052096.000000 7492998.500000 
5927751168.000000 21692.994141 2699.921631 7563004870656.000000 8079666.000000 
8652399616.000000 27933.070312 5414.624023 10912658358272.000000 13167827.000000 
6626925568.000000 50911.480469 567.203735 2986075226112.000000 6407695.000000 
11036022784.000000 28672.773438 25000.369141 17934751629312.000000 2361986.750000 
24546727936.000000 390617.156250 37547.843750 628172789907456.000000 733870656.000000 
6516595200.000000 101592.632812 233.984787 13319313293312.000000 43784132.000000 
12244774912.000000 7011.785645 205.882736 2572314476544.000000 3376862.000000 
9877402624.000000 112810.515625 754.313110 11474653151232.000000 18438470.000000 
7418180608.000000 109184.804688 198.474121 9832854716416.000000 6904743.000000 
8052706816.000000 189445.250000 2354.552979 18822830489600.000000 5297552.000000 
8365751808.000000 121764.984375 81.037544 4733711941632.000000 6254753.000000 
6327608320.000000 14884.308594 13963.012695 4670266802176.000000 3078950.000000 
6619018752.000000 169835.015625 6472.472168 5000991866880.000000 42266576.000000 
7897931264.000000 54486.050781 2749.418213 259506588090368.000000 96974816.000000 
16339939328.000000 84497.679688 358.112061 10530207039488.000000 7697587.500000 
7043018752.000000 167536.015625 27225.277344 665527386112.000000 3720942.500000 
6603449344.000000 23518.779297 5399.024902 3214910947328.000000 5794865.500000 
7831446528.000000 1196673.125000 163544.640625 550506332160.000000 3606665.000000 
9361162240.000000 64953.347656 7053.541992 17459552714752.000000 10062423.000000 
8044106752.000000 51950.816406 1906.004395 279700299579392.000000 240139872.000000 
5518102016.000000 72888.976562 510.736298 1188373331968.000000 4575959.000000 
7462330368.000000 128219.289062 199.087143 6418326880256.000000 11263773.000000 
6505555456.000000 29312.521484 848.241638 15427054862336.000000 13677095.000000 
7036982784.000000 417534.625000 4745.288574 70143447138304.000000 50539680.000000 
9766791168.000000 241970.078125 2748.880127 76118019276800.000000 12086521.000000 
7864574976.000000 91562.976562 8648.757812 10085316165632.000000 8542717.000000 
6111877632.000000 17421.900391 822.890991 39131887435776.000000 36141332.000000 
5242259968.000000 3225.581299 58114.843750 1338323894272.000000 1659823.625000 
8186073600.000000 209133.828125 603.866699 4821046788096.000000 9610304.000000 
8972447744.000000 401728.812500 3454.687744 27402711334912.000000 188834240.000000 
5209995264.000000 20931.023438 1064.209229 32129851326464.000000 39920240.000000 
34755051520.000000 23662.914062 17424424.000000 284859310276608.000000 201346896.000000 
7845971968.000000 53473.160156 6296.303711 5460183220224.000000 7325249.500000 
6861538816.000000 19391.183594 1031.901367 6957117210624.000000 9788910.000000 
60438298624.000000 187100.593750 35169.703125 11223979524096.000000 19977770.000000 
7035620864.000000 43245.218750 524838.875000 62379203231744.000000 141505552.000000 
6567766528.000000 10191.338867 150.262985 1480923807744.000000 3325504.500000 
7338725376.000000 4789.569824 41609.773438 2230047473664.000000 2482509.500000 
8665951232.000000 75349.750000 21018.363281 25512887975936.000000 42546548.000000 
8126609920.000000 339648.437500 715.451294 5976238850048.000000 42450360.000000 
5777888256.000000 14755.767578 1460999.000000 188639946473472.000000 239779776.000000 
6742041600.000000 25806.445312 494.769196 23000359370752.000000 57534456.000000 
8224823296.000000 74051.250000 297.933167 11431850278912.000000 42620368.000000 
6038312448.000000 36782.402344 1103.512207 21112807227392.000000 18170350.000000 
6590036480.000000 30689.404297 1557.969849 2187950948352.000000 6309583.500000 
13846721536.000000 108895.773438 649.061157 3620868194304.000000 12323351.000000 
7455912448.000000 55364.503906 628.528015 97120812007424.000000 186322080.000000 
7734259712.000000 116805.664062 245141.156250 5555862634496.000000 4042767.500000 
10372447232.000000 39630.078125 5584.898438 7004806447104.000000 2619942.250000 
