76262.125000 112468.281250 
101883.523438 112238.781250 
59545.792969 119218.195312 
57294.121094 124912.718750 
80647.125000 117355.796875 
83629.710938 124799.273438 
59513.039062 120919.156250 
102696.796875 120584.382812 
76739.195312 119029.906250 
64235.687500 119121.671875 
38875.269531 121305.484375 
43159.011719 112833.585938 
39543.207031 128911.132812 
181241.750000 121115.914062 
35139.113281 114012.914062 
42343.625000 115912.421875 
62355.871094 124982.945312 
68513.125000 110779.335938 
64179.523438 109636.351562 
127966.109375 130910.828125 
