93.321609 60.324432 68.806297 70.999092 70.138977 0.000000 
91.391953 64.101219 70.283028 77.679871 81.969322 0.000000 
86.973076 49.285255 61.200211 65.905769 68.377548 0.027976 
93.745819 76.644348 79.024986 82.646873 86.832237 0.000000 
89.069733 50.805656 61.367428 66.669640 74.845657 0.019782 
91.797211 69.494858 72.998085 76.909134 79.627861 0.000000 
90.344948 70.997261 81.088455 81.742844 83.790802 0.000000 
85.987022 68.475296 73.093582 78.914856 85.152031 0.000000 
96.644669 72.707451 74.853523 81.682541 81.489922 0.000000 
95.293594 65.300896 71.404320 77.297462 82.025871 0.000000 
85.997169 89.335411 91.965591 97.483871 95.098106 0.000000 
88.229019 96.319954 92.051155 90.231094 88.945847 0.000000 
91.267624 64.587708 68.727585 75.176720 85.858688 0.027976 
92.258766 43.594498 50.164661 51.258411 61.138878 0.027976 
92.458237 95.584099 101.749413 101.172859 100.742531 0.027976 
91.758507 61.091763 72.231865 75.730858 80.688087 0.019782 
95.542641 71.508171 73.451088 77.149796 81.592667 0.000000 
95.307579 72.715614 76.276726 77.852119 81.574959 0.000000 
86.445427 67.673325 74.000710 82.104256 87.410645 0.027976 
84.772194 99.389671 98.729675 102.341057 101.648140 0.044235 
