0.000000 0.000000 0.000000 0.000000 90.000000 0.000000 
0.000000 0.000000 0.000000 0.000000 90.000000 0.027976 
0.000000 0.000000 0.000000 90.000000 103.723511 0.027976 
0.000000 0.000000 0.000000 0.000000 90.000000 0.000000 
0.000000 0.000000 0.000000 0.000000 90.000000 0.000000 
0.000000 0.000000 0.000000 0.000000 90.000000 0.000000 
0.000000 0.000000 0.000000 0.000000 90.000000 0.000000 
0.000000 0.000000 0.000000 0.000000 90.000000 0.000000 
0.000000 0.000000 0.000000 0.000000 90.000000 0.027976 
0.000000 0.000000 0.000000 0.000000 90.000000 0.000000 
0.000000 0.000000 0.000000 0.000000 90.000000 0.000000 
0.000000 0.000000 0.000000 0.000000 90.000000 0.027976 
0.000000 0.000000 0.000000 0.000000 90.000000 0.027976 
0.000000 0.000000 0.000000 0.000000 90.000000 0.000000 
0.000000 0.000000 0.000000 0.000000 90.000000 0.000000 
0.000000 0.000000 0.000000 0.000000 90.000000 0.019782 
0.000000 0.000000 0.000000 0.000000 90.000000 0.000000 
0.000000 0.000000 0.000000 0.000000 90.000000 0.019782 
0.000000 0.000000 0.000000 0.000000 90.000000 0.000000 
0.000000 0.000000 0.000000 0.000000 90.000000 0.000000 
0.000000 0.000000 0.000000 0.000000 90.000000 0.000000 
0.000000 0.000000 0.000000 0.000000 90.000000 0.019782 
0.000000 0.000000 0.000000 0.000000 90.000000 0.000000 
0.000000 0.000000 0.000000 0.000000 0.000000 0.019782 
0.000000 0.000000 0.000000 0.000000 90.000000 0.027976 
0.000000 0.000000 0.000000 0.000000 82.458588 0.027976 
0.000000 0.000000 0.000000 0.000000 0.000000 0.000000 
0.000000 0.000000 0.000000 0.000000 90.000000 0.019782 
0.000000 0.000000 0.000000 0.000000 90.000000 0.000000 
0.000000 0.000000 0.000000 0.000000 90.000000 0.019782 
0.000000 0.000000 0.000000 0.000000 90.000000 0.019782 
0.000000 0.000000 0.000000 0.000000 0.000000 0.000000 
0.000000 0.000000 0.000000 0.000000 90.000000 0.019782 
0.000000 0.000000 0.000000 0.000000 90.000000 0.000000 
0.000000 0.000000 0.000000 0.000000 90.000000 0.027976 
0.000000 0.000000 0.000000 0.000000 90.000000 0.039565 
0.000000 0.000000 0.000000 0.000000 90.000000 0.000000 
0.000000 0.000000 0.000000 0.000000 90.000000 0.000000 
0.000000 0.000000 0.000000 0.000000 90.000000 0.027976 
0.000000 0.000000 0.000000 0.000000 0.000000 0.000000 
0.000000 0.000000 0.000000 0.000000 90.000000 0.000000 
0.000000 0.000000 0.000000 0.000000 90.000000 0.019782 
0.000000 0.000000 0.000000 0.000000 90.000000 0.027976 
0.000000 0.000000 0.000000 0.000000 90.000000 0.000000 
0.000000 0.000000 0.000000 0.000000 90.000000 0.000000 
0.000000 0.000000 0.000000 0.000000 90.000000 0.000000 
0.000000 0.000000 0.000000 0.000000 90.000000 0.000000 
0.000000 0.000000 0.000000 0.000000 90.000000 0.019782 
0.000000 0.000000 0.000000 0.000000 90.000000 0.000000 
0.000000 0.000000 0.000000 0.000000 90.000000 0.000000 
