0.000000 0.000000 0.000000 0.000000 0.000000 
0.000000 0.000000 0.000000 0.000000 0.000000 
0.000000 0.000000 0.000000 0.000000 0.000000 
0.000000 0.000000 0.000000 0.000000 0.000000 
0.000000 0.000000 0.000000 0.000000 0.000000 
0.000001 0.000000 0.000000 0.000000 0.000000 
0.000001 0.000000 0.000000 0.000000 0.000000 
0.000003 0.000000 0.000000 0.000000 0.000000 
0.000005 0.000000 0.000000 0.000000 0.000000 
0.000011 0.000000 0.000000 0.000000 0.000000 
0.000015 0.000000 0.000000 0.000000 0.000000 
0.000025 0.000000 0.000000 0.000000 0.000000 
0.000043 0.000000 0.000000 0.000000 0.000000 
0.000067 0.000000 0.000000 0.000000 0.000000 
0.000107 0.000000 0.000000 0.000000 0.000000 
0.000158 0.000000 0.000000 0.000000 0.000000 
0.000220 0.000000 0.000000 0.000000 0.000000 
0.000499 0.000000 0.000000 0.000000 0.000000 
0.000512 0.000000 0.000000 0.000000 0.000000 
0.000727 0.000000 0.000000 0.000000 0.000000 
0.000896 0.000000 0.000000 0.000000 0.000000 
0.002204 0.000000 0.000000 0.000000 0.000000 
0.001599 0.000001 0.000000 0.000000 0.000000 
0.003513 0.000001 0.000000 0.000000 0.000000 
0.003148 0.000001 0.000001 0.000000 0.000000 
0.003702 0.000001 0.000001 0.000000 0.000000 
0.005442 0.000001 0.000001 0.000000 0.000000 
0.004934 0.000002 0.000001 0.000000 0.000000 
0.007367 0.000002 0.000001 0.000001 0.000001 
0.014304 0.000003 0.000001 0.000001 0.000001 
0.009081 0.000003 0.000002 0.000001 0.000001 
0.018253 0.000005 0.000002 0.000001 0.000001 
0.024617 0.000005 0.000003 0.000001 0.000001 
0.031954 0.000007 0.000003 0.000002 0.000001 
0.027334 0.000007 0.000004 0.000003 0.000002 
0.048539 0.000011 0.000005 0.000003 0.000001 
0.036497 0.000011 0.000005 0.000003 0.000002 
0.065484 0.000014 0.000006 0.000003 0.000002 
0.051490 0.000017 0.000007 0.000004 0.000002 
0.084378 0.000022 0.000009 0.000006 0.000003 
0.072015 0.000024 0.000009 0.000005 0.000003 
0.117258 0.000027 0.000011 0.000006 0.000003 
0.122246 0.000034 0.000014 0.000007 0.000004 
0.109961 0.000039 0.000015 0.000007 0.000004 
0.123981 0.000046 0.000023 0.000010 0.000004 
0.148297 0.000053 0.000023 0.000012 0.000008 
0.358294 0.000070 0.000026 0.000015 0.000006 
0.400607 0.000075 0.000030 0.000016 0.000011 
0.490240 0.000092 0.000034 0.000017 0.000011 
0.309054 0.000099 0.000042 0.000018 0.000009 
0.449338 0.000119 0.000046 0.000020 0.000010 
0.551993 0.000141 0.000057 0.000024 0.000012 
0.707842 0.000171 0.000066 0.000029 0.000015 
0.788591 0.000200 0.000068 0.000038 0.000014 
1.011333 0.000216 0.000081 0.000040 0.000015 
1.241558 0.000269 0.000090 0.000046 0.000017 
1.095542 0.000300 0.000103 0.000057 0.000020 
1.457991 0.000349 0.000118 0.000059 0.000022 
1.582997 0.000384 0.000134 0.000064 0.000026 
1.897566 0.000503 0.000154 0.000066 0.000027 
2.239149 0.000573 0.000166 0.000092 0.000028 
1.263220 0.000570 0.000206 0.000100 0.000045 
3.729965 0.000794 0.000218 0.000108 0.000035 
2.979273 0.000831 0.000255 0.000126 0.000041 
3.351952 0.000992 0.000279 0.000116 0.000050 
4.442783 0.001215 0.000300 0.000161 0.000050 
3.779710 0.001233 0.000348 0.000176 0.000054 
6.694831 0.001749 0.000387 0.000187 0.000072 
3.437371 0.001548 0.000459 0.000250 0.000066 
9.265954 0.002305 0.000456 0.000197 0.000072 
9.069979 0.002825 0.000538 0.000299 0.000081 
20.167147 0.004639 0.000604 0.000270 0.000093 
6.825936 0.003028 0.000665 0.000328 0.000105 
13.106463 0.004634 0.000753 0.000249 0.000129 
6.109421 0.003586 0.000834 0.000366 0.000131 
11.876537 0.005443 0.000951 0.000406 0.000139 
24.076315 0.008947 0.001020 0.000521 0.000202 
19.860685 0.008605 0.001170 0.000520 0.000155 
37.862640 0.014969 0.001223 0.000595 0.000187 
21.369167 0.011404 0.001455 0.000646 0.000211 
29.105896 0.015172 0.001651 0.000702 0.000338 
29.615976 0.018128 0.001763 0.000899 0.000273 
62.413845 0.040713 0.002043 0.001010 0.000392 
120.400375 0.087536 0.002168 0.000916 0.000300 
62.787029 0.049259 0.002498 0.001078 0.000344 
59.580898 0.048419 0.002668 0.001345 0.000365 
138.765198 0.169482 0.003275 0.001615 0.000580 
68.110001 0.069252 0.003338 0.001453 0.000489 
108.015198 0.142205 0.003972 0.001870 0.000481 
168.150528 0.312872 0.004364 0.001606 0.000551 
511.622772 8.009833 0.010462 0.002362 0.000776 
213.734222 0.616638 0.006097 0.002527 0.000590 
198.222977 0.547533 0.006848 0.002441 0.000781 
203.920578 0.596137 0.006788 0.002500 0.000777 
498.456940 19.278288 0.024408 0.003158 0.000962 
370.232117 19.599846 0.027929 0.004539 0.001392 
356.742859 23.216242 0.035416 0.004046 0.000982 
229.390976 1.910644 0.012757 0.003867 0.001179 
254.495865 2.323851 0.014226 0.004387 0.001253 
375.291443 29.196829 0.055538 0.005077 0.002116 
276.423553 59.168476 0.122189 0.006999 0.001457 
254.287964 33.107040 0.083193 0.007454 0.001613 
301.318695 26.147411 0.066836 0.006978 0.001833 
278.711121 116.009262 0.395676 0.008968 0.002115 
270.605408 77.498596 0.278995 0.007696 0.002561 
249.419525 89.422668 0.441008 0.011895 0.002675 
228.840515 201.060028 2.308306 0.016612 0.002916 
193.175232 238.695541 6.624351 0.020208 0.003490 
129.851181 208.796341 14.397827 0.044781 0.005068 
226.056412 156.854782 1.883773 0.021804 0.004151 
95.788574 182.600311 29.117191 0.071679 0.004623 
105.828758 175.595184 112.696564 0.508320 0.008009 
73.371864 137.977814 221.666763 11.854421 0.017542 
53.839546 86.368752 117.501862 121.428154 0.249842 
99.344604 159.091431 153.255188 1.505955 0.012555 
110.131149 158.957352 110.334549 0.776542 0.008293 
78.438667 145.192444 23.946024 0.111232 0.010384 
108.211433 176.696121 17.000082 0.089740 0.010107 
103.702026 146.953934 166.617294 1.633985 0.015325 
68.370918 107.024063 133.938324 127.361427 0.457466 
67.925354 110.141960 160.474442 10.656687 0.025984 
74.215431 113.297684 154.179108 154.405914 0.521345 
36.238976 72.876846 151.188034 2.729898 0.015939 
60.369854 96.132271 123.164894 165.854095 1.325242 
41.704247 67.598213 84.908600 130.084747 0.791511 
55.608063 78.148956 102.425209 83.861435 0.239764 
69.606438 90.336143 109.910904 37.167004 0.118346 
48.445969 58.550354 75.557251 142.962265 3.280979 
43.186214 45.436256 53.024677 58.659069 49.667076 
56.735096 53.417641 48.408825 57.284561 68.551147 
49.380512 29.513060 23.233391 26.578176 129.417328 
24.434572 39.850372 36.002815 27.745365 165.738617 
46.717010 22.528135 20.446804 19.880474 121.670067 
28.979059 3.535154 7.101410 3.728980 277.337402 
28.699287 8.647280 6.551306 2.935759 520.961487 
45.162006 13.409976 10.746532 9.052063 214.353851 
48.074696 16.995893 16.629385 10.454185 113.737892 
13.229523 8.127819 6.424079 4.458896 422.367523 
68.556610 16.107544 10.938119 6.650990 282.190704 
111.512039 7.630500 4.660341 4.090757 897.904663 
86.091278 3.483190 2.663862 1.116586 967.246460 
97.738892 3.250891 1.152949 1.045097 914.588318 
83.753212 1.213247 1.146064 1.986114 824.560120 
74.756302 3.432330 3.003088 1.896548 923.011108 
106.275780 10.211270 0.925038 0.736031 2236.620117 
128.315521 9.659228 0.249651 0.005746 1400.327393 
115.747581 8.818450 0.221496 0.101161 1880.437988 
163.059998 5.192612 0.084435 0.506728 2879.660156 
92.594994 6.891813 0.075950 0.023741 2232.686035 
135.713654 19.941902 0.211458 0.075908 3309.986572 
130.722702 35.286621 8.021797 32.385696 5660.131836 
147.740616 78.098824 2.522500 0.184584 8187.898438 
122.060669 58.320892 1.652267 0.119041 7418.083496 
124.079552 54.807606 3.941817 0.117456 4132.559570 
139.193817 47.260414 29.469049 1.216291 6275.096680 
120.043976 105.583572 14.991634 0.693265 8963.529297 
137.960526 120.018730 22.513901 31.718710 8979.138672 
156.192444 90.331848 8.294494 2.059553 10723.718750 
204.434418 29.190481 83.409729 17.135983 12212.814453 
162.506622 103.850746 12.590213 1.146976 10276.101562 
205.434708 81.398727 29.153774 1.926744 9647.796875 
199.031494 58.377911 95.662590 14.343184 10681.020508 
220.684418 149.076782 96.259857 128.948776 20392.808594 
193.957794 93.672241 85.360451 62.740948 9652.329102 
225.163544 111.095779 39.211136 3.174172 14094.033203 
225.047470 78.942368 68.673004 9.862346 15903.385742 
208.112900 100.490944 68.584175 34.592346 18709.431641 
237.466034 103.615356 82.144325 50.348896 12876.671875 
194.694031 87.578926 44.799191 48.216293 10813.057617 
271.724426 136.176834 37.895485 39.873398 18085.904297 
258.158905 123.006271 31.179987 25.413107 16568.218750 
231.765793 84.651810 53.187916 15.239852 11860.398438 
217.249268 118.517487 43.990116 80.421288 13119.487305 
337.954926 152.277634 73.738945 68.136398 21476.607422 
437.563965 161.981979 102.535866 48.701172 29616.595703 
454.502625 189.303757 90.261345 55.705372 31710.916016 
892.221191 366.531860 204.652191 103.217964 29386.839844 
649.695862 336.495117 153.469223 103.071190 33398.746094 
893.182312 342.753937 175.079651 122.671127 30731.455078 
966.204956 329.984589 224.989838 163.280304 30321.578125 
1993.361328 912.218506 521.477173 329.106293 53364.339844 
2391.679199 830.595215 511.742279 374.658173 51607.781250 
4153.386230 2106.794434 1514.297119 1001.100159 64185.832031 
5302.362305 2981.677979 2048.844971 1163.727417 66484.468750 
7095.518555 3323.574219 2267.556641 1503.963745 69102.273438 
10465.469727 5165.998047 3561.784912 2824.999756 93411.492188 
14552.121094 7788.117676 6257.826172 3887.518555 81763.429688 
17508.205078 9713.646484 10111.841797 7166.794434 87434.187500 
12957.785156 7294.716309 6800.074219 4436.505859 81545.679688 
14308.695312 7660.986328 6495.182617 4679.477539 96435.398438 
10944.720703 6311.541992 4614.171875 3244.512451 61617.972656 
8834.241211 4355.782715 3231.263916 2620.801025 93320.054688 
7174.264160 4095.959961 2967.070312 1839.999390 81457.265625 
5295.765625 2364.427002 1860.143677 1472.357544 69293.992188 
4183.129395 1893.962524 1524.049927 966.942627 50327.933594 
2856.916504 1353.559448 910.756104 670.583374 52809.976562 
2880.395020 1260.782837 821.165588 482.312347 48239.027344 
2520.118896 1149.986084 839.091919 754.498352 67080.968750 
2374.756104 938.391296 546.181274 390.782867 46993.031250 
2690.257324 1049.577393 567.967957 436.363800 76097.906250 
2431.946777 1077.422607 756.174683 591.106934 46544.625000 
1765.391602 653.440918 419.682770 287.042603 41276.031250 
2109.840088 739.573486 425.541229 265.240845 49987.832031 
1636.945190 674.952454 405.162415 270.244324 62055.296875 
1456.065918 644.433655 408.155243 342.930298 40069.691406 
2549.799561 992.866028 564.321899 413.653534 71547.140625 
2092.077148 861.219116 545.203613 340.597870 45229.078125 
2425.718750 1033.761475 685.632507 432.647827 43580.730469 
3737.174072 1413.661255 1104.991333 589.281372 73587.109375 
3317.925537 1450.446289 1026.973145 679.907959 67217.890625 
3854.626709 1756.876587 1150.542969 1068.123291 80359.414062 
5125.040039 2419.893799 1914.146606 1058.103271 80010.476562 
5121.234863 2557.079834 2188.012939 1568.775024 66070.789062 
6320.725586 3364.300049 1919.871094 1297.564087 53910.972656 
9122.460938 4741.497070 3097.352051 1837.057129 78183.945312 
10237.972656 6171.253906 5116.381348 3632.166260 151324.562500 
12503.528320 7237.364258 5641.709473 4352.610840 115385.937500 
12810.743164 9126.945312 6747.563477 5019.023926 93636.710938 
16539.939453 9303.784180 6591.966309 5263.758789 103664.054688 
17770.591797 11176.400391 7574.571289 6278.636230 85794.554688 
18917.392578 12835.752930 10716.983398 7683.580566 119597.367188 
16397.537109 10328.822266 9326.280273 7205.944336 107704.046875 
12748.490234 8538.218750 7266.103027 3965.255615 91082.679688 
13416.635742 7369.715332 5846.076660 4138.397461 84072.476562 
13985.033203 7635.647949 5930.686035 3442.056885 101643.140625 
13785.098633 8174.779785 6515.416992 4002.076904 82842.164062 
13114.972656 8689.517578 6530.538086 5714.049316 118068.070312 
11789.572266 7351.245117 5851.158691 4025.718262 94263.617188 
10806.339844 6663.524902 5607.561523 4414.687500 96522.054688 
9454.630859 5309.591309 4209.471680 3347.925781 108640.812500 
8479.197266 4769.514160 3628.007080 2387.735352 67464.812500 
7208.269531 3794.005371 3285.083496 2302.069336 95579.890625 
6243.010742 3585.505859 2654.768066 2093.978516 100524.445312 
6142.143066 3195.270264 2659.427002 1668.709961 85743.234375 
4863.670410 2983.274658 1584.287720 1064.761230 57683.546875 
4846.892578 2586.565918 2491.120117 2100.530762 96990.179688 
6290.460449 3311.271729 2132.366211 1426.052002 82456.367188 
5700.163574 2743.735352 2070.682129 1342.548828 82192.523438 
5111.392578 2372.421387 1435.018799 1032.854736 72167.718750 
5556.171875 2607.544922 1994.720703 1324.050171 60358.359375 
4962.721680 2597.553711 1790.471924 1364.985718 82311.257812 
6148.204102 3033.229248 1720.830566 1082.485352 65809.835938 
5912.810059 2843.207031 2066.479980 1267.809448 70953.281250 
5817.651367 2824.360596 2210.249756 1206.848877 66162.382812 
3616.779541 2003.481323 1568.741821 1185.301758 53511.812500 
4396.556641 2242.776611 1578.459473 1203.002808 92986.859375 
4366.445801 2140.941162 1331.075439 1110.129028 72926.023438 
4728.340820 2307.334717 1590.019531 1064.110840 74002.046875 
5136.484863 2658.713379 1546.780884 1369.510132 72622.320312 
4610.138672 2198.127686 1815.218506 1177.912354 92545.539062 
4704.087402 2166.626953 1949.530884 1240.119873 53190.253906 
7335.696777 3394.066895 2456.747314 2058.631104 97281.781250 
5454.972656 2976.959961 2733.905029 1916.645874 68965.476562 
5275.211914 2954.745605 2279.484863 1966.734619 88634.125000 
5345.130371 2934.956055 2199.087158 1603.534302 88671.148438 
6631.858887 4039.698730 2939.187256 1865.153564 86399.218750 
5428.363770 3081.570068 2380.945801 2224.598145 87349.453125 
7195.489746 4593.358887 3741.124756 2544.105225 113174.156250 
9076.461914 4712.598633 3634.655029 2772.724365 104776.226562 
5594.004395 3164.474609 2503.287354 1959.653931 65552.703125 
6389.330566 3569.241211 2801.992920 2424.664551 82699.828125 
6724.526855 3333.994629 2328.397949 1999.825317 93446.007812 
6704.332520 3825.570557 2711.352295 2151.313965 84023.585938 
7099.126953 4272.750488 3182.427979 2264.531738 102933.054688 
6735.855469 3807.270020 2867.982910 2897.965576 96475.132812 
7525.287109 3784.215820 3111.520996 1626.141968 69826.656250 
6085.868652 3632.821533 2490.910156 1728.881592 114462.718750 
5335.496094 2867.622070 2319.067139 1584.146240 85337.601562 
4488.124023 2355.349365 1681.566528 1160.967651 72706.179688 
4304.757324 2384.977051 1962.000854 1461.117554 78875.851562 
3359.218262 1768.910278 1312.680908 854.787781 75246.726562 
3745.490479 1604.994751 1184.351562 757.851990 73912.132812 
3454.625488 1614.068604 1198.629883 796.175476 75573.812500 
3898.314209 1738.329224 1314.069946 863.844055 64137.851562 
3616.325928 1744.774048 1557.038818 1131.395264 73381.171875 
3771.275146 2021.311646 1357.555786 1113.164062 70496.343750 
3269.615723 1884.271484 1260.504639 982.443115 59924.644531 
4125.035645 2029.314819 1386.519653 1124.524536 96219.617188 
3920.723877 1951.134033 1695.329956 1104.180908 62186.511719 
4018.613037 2065.889160 1587.162720 1295.552612 78906.968750 
4588.955566 2416.667725 1501.633423 948.191284 87258.632812 
4543.364746 2753.623779 2177.271729 2439.317383 99947.578125 
6038.609375 3350.532715 2356.926758 1762.411377 101297.882812 
5999.041992 3278.222900 2287.399170 1517.180420 91899.656250 
4939.665527 2878.113037 2545.169189 1919.903198 83130.750000 
5855.223633 3422.596680 2518.132080 1962.153687 91416.468750 
4083.318359 2942.633301 2361.325439 1710.169067 94044.304688 
6929.480469 4317.401855 2745.901367 2156.003418 83142.578125 
8574.267578 4528.274902 3444.645264 2862.569092 97110.898438 
7101.161133 3896.867676 2968.518066 2332.368408 80772.648438 
5476.720215 3132.701172 2584.276611 1945.491943 67187.617188 
7470.101562 5165.912598 4345.790039 3200.180420 129241.453125 
8115.649414 4879.451660 3178.037842 2380.314941 100891.609375 
6971.694336 4636.983398 3582.975830 2696.037598 134697.125000 
10242.735352 5555.462402 5164.356445 4193.750977 112816.117188 
7391.453613 3649.994873 2744.853027 2374.633789 87771.960938 
5138.830566 3269.044189 2312.994141 2162.447021 65829.640625 
3747.613525 2183.824463 2082.892090 1328.099243 66890.046875 
5378.092773 2988.991699 2089.993164 1686.201294 89737.507812 
5057.546875 2782.859863 2050.646240 1280.812500 84733.812500 
4187.337402 2261.093506 1608.471924 1160.460815 84762.242188 
4480.214355 2037.920898 1503.823853 1152.605347 78222.437500 
4545.206055 2510.784668 1645.194458 1149.113892 75902.523438 
3741.244141 1853.778076 1348.548706 911.285278 66651.695312 
3632.121094 1983.117188 1419.427124 1129.258057 95613.500000 
4732.979492 2301.986328 2056.993896 1424.032471 83646.937500 
4338.021973 1961.898804 1538.063965 1233.473755 63190.203125 
6025.119629 3289.736816 1909.663086 1571.481323 117421.609375 
3548.931641 1781.523315 1353.978027 1053.733276 88278.296875 
4756.832520 2489.354980 1929.933105 1210.969360 82913.156250 
5131.467285 2680.515625 2396.763916 1894.538696 80110.539062 
5659.054199 2871.889404 2135.549805 1453.507446 63279.906250 
3486.654541 2078.896729 1476.812744 1286.556396 70945.593750 
4620.370117 2740.221924 1777.023315 1490.222290 75251.648438 
4997.867188 2474.192139 1811.357300 1193.271240 98096.812500 
4336.982910 2350.086914 1810.403809 1449.413696 65073.351562 
4901.828613 2408.862305 1640.569214 1102.625854 101307.171875 
4179.255859 2188.333740 1465.454346 1101.947754 90573.117188 
4554.882324 2163.009033 1668.130005 1270.346558 80477.593750 
4103.195312 2296.808594 1877.295654 1420.258789 91423.015625 
4219.094727 2238.936768 1538.758179 1261.499146 88130.687500 
4298.525391 2251.921387 1831.151611 1188.548096 88794.960938 
3100.744629 1675.468872 1211.058838 1057.594360 77774.843750 
4246.398926 2144.611328 1542.567749 1109.758789 80239.187500 
3086.025879 1649.909302 1039.965088 863.527344 67789.593750 
3820.852539 2133.771240 1695.037598 1071.527344 85362.640625 
3855.652344 1981.651367 1368.272095 836.219543 75595.093750 
5879.576660 3333.491943 2706.031982 2042.503174 107235.445312 
6819.293945 3843.914795 3315.405273 2049.550781 92669.593750 
4236.971680 2472.104248 1708.351318 1997.011841 83899.820312 
5653.879395 3214.777100 2195.580566 1644.166992 67801.960938 
6334.402344 3761.647949 3263.979492 2244.504883 80640.593750 
5325.212402 2732.172607 2327.775391 1492.590332 82595.406250 
6657.848633 3721.066162 2862.096436 2045.583130 107363.257812 
6743.312500 4217.511230 3289.984619 2638.159180 111881.023438 
6439.201660 4177.155762 3430.534180 3371.381836 137554.031250 
7565.332520 4180.525391 3249.798584 2475.553711 162083.343750 
5703.542969 3237.742676 2018.035522 1730.871216 107444.671875 
4830.209473 2720.750244 1919.250366 1686.422729 87362.476562 
4710.268066 2730.366211 1965.343506 1632.273193 96633.265625 
4149.650879 2265.737061 1534.092407 1017.997253 100789.335938 
3052.047852 1903.822266 1561.754761 1153.544556 77943.289062 
3369.993652 1793.922363 1289.526733 1075.002808 62920.949219 
4563.782227 2487.718506 1928.482056 1546.188354 118522.039062 
3457.228516 2069.998047 1508.856812 1317.800415 73898.226562 
5221.006348 2919.558105 1678.012817 1359.891113 99608.992188 
2852.801270 1618.605103 1236.026855 1012.803955 72606.289062 
3321.609131 1612.843384 961.739929 648.340454 71638.906250 
3544.447510 1478.120605 1595.169067 1225.484985 69242.750000 
2756.325195 1618.967896 1070.042603 676.555603 87308.367188 
3390.258057 1910.753784 1068.420532 859.036255 98751.351562 
2843.578369 1457.437134 1109.289062 835.910095 69460.976562 
3322.067383 1487.175293 1189.792847 798.890442 69681.851562 
4655.250977 1612.889893 956.494690 829.697083 67127.796875 
3231.375000 1916.207642 1251.383301 1183.077148 90271.953125 
2672.883789 1391.317871 1056.594238 714.273743 58167.457031 
2540.444824 1540.116699 1073.162476 892.308472 87448.406250 
3280.747314 1708.142212 1311.360718 889.431213 72837.492188 
3004.092285 1499.209595 1150.503418 597.862305 66007.078125 
2863.560303 1695.239868 929.873779 884.360046 72636.468750 
3327.719971 1720.172974 1379.330566 978.950317 73247.882812 
3127.657715 1619.287476 1122.883423 1027.834839 90892.867188 
3001.905273 1356.590332 1004.386719 594.547974 57632.808594 
2812.654053 1420.440552 963.407898 748.406189 66986.960938 
3655.906006 1645.771606 1303.271362 707.434509 60953.550781 
3129.662842 1662.612915 1285.695923 909.380676 68430.312500 
3694.415527 1824.723755 1091.118164 808.593262 63694.558594 
3561.122803 1946.103027 1476.699585 1036.293213 85266.046875 
3744.365723 1892.836182 1445.278198 1110.255371 77815.335938 
3523.400879 1732.105225 1357.473145 976.637573 93127.710938 
5055.986816 2534.687500 2221.739990 1783.657349 107119.929688 
55905.570312 4963.444824 3128.933105 1033.721436 93752.804688 
4050.933350 2315.063232 1585.676392 1059.588379 72009.664062 
3164.912598 1824.755737 1545.582764 1200.784180 129326.453125 
2897.923828 1657.009033 1224.676636 763.000610 87421.695312 
2579.576172 1284.616333 891.572571 636.693115 65379.820312 
2891.613037 1813.697266 1176.673950 837.113098 88462.710938 
2713.743408 1624.363892 1205.315308 1000.791199 87157.226562 
3344.634766 1924.215698 1332.135498 1254.183960 100499.640625 
2310.716797 1423.671997 1176.142456 931.017212 74024.609375 
2832.369629 1229.756958 1024.642212 985.044678 59613.519531 
2594.132324 1478.012695 1060.066528 886.316772 79734.914062 
2668.482422 1522.085327 1144.302612 948.962158 66379.710938 
3623.748535 2085.317627 1384.062622 1056.064819 89014.531250 
4636.549805 2073.925781 1610.966919 1224.675293 103557.195312 
3354.717285 1780.408325 1283.324097 947.560608 79939.281250 
3679.988770 2089.562256 1682.074951 1333.135376 81466.882812 
3450.129639 1892.930786 1613.511719 913.810120 66404.109375 
4389.456543 2362.628418 1802.919556 1403.258057 83768.539062 
4325.507812 3138.872559 2068.945557 1894.015015 69247.312500 
4977.193359 2922.710693 2315.977539 1739.183716 88906.976562 
5501.276855 2849.920654 2212.604736 1701.631104 81079.765625 
4926.291504 3011.678955 2383.460938 2106.698730 90335.890625 
5901.409668 3271.057129 2343.619385 1987.386108 88808.039062 
6464.225098 3592.288086 2250.577637 2362.443848 112153.648438 
5657.389648 2825.568604 2243.413818 1841.635742 86655.601562 
4917.055664 2920.568359 1952.854126 1352.329224 81474.250000 
3516.801758 2105.893066 1533.551025 1425.555908 95904.117188 
5140.532715 2362.975830 1976.518188 1156.234009 74876.304688 
3369.209961 1828.615845 1432.637695 1128.878662 57202.632812 
5587.725586 3052.778809 2323.505127 1858.117554 88372.406250 
5130.993164 3484.703369 2335.973877 2682.230225 94901.695312 
5523.069824 3097.490234 2772.295898 1644.567871 92432.234375 
4608.820801 2943.553711 2146.051025 1846.508179 83389.781250 
5437.026855 3255.626953 2394.791992 1987.459595 79775.218750 
4909.148438 3084.913818 2772.845703 2075.616699 85404.875000 
7363.587402 3947.716553 3337.081299 2888.427734 88902.187500 
3927.473633 2656.160156 2576.003906 1823.094604 76912.921875 
6676.209961 3612.681641 3368.478271 2488.202393 69187.281250 
5922.419922 4016.795898 3051.417236 2473.088867 116717.250000 
4539.956055 2444.990967 2012.942993 1373.264404 92421.125000 
3951.913086 2155.451172 1835.303833 1270.212769 69624.875000 
5004.742188 2738.720215 1975.967773 1262.670288 73890.742188 
3423.813965 2044.377930 1742.584717 1550.484985 78672.703125 
3943.801514 1818.899292 1425.950562 1343.024658 88591.539062 
4137.931152 2000.118042 1223.682861 1121.989258 88248.343750 
4080.471191 2356.074951 2059.024170 1895.560913 91672.750000 
3617.067871 2070.991211 1647.148682 1314.536011 82815.679688 
3927.571777 2356.595459 1674.516479 1147.572266 82447.179688 
3199.582275 1909.838745 1661.096924 1434.035400 72376.875000 
3405.138184 1807.307251 1235.029541 807.807434 63983.332031 
3884.718506 2443.166992 2256.720703 1430.805664 80495.687500 
3718.741211 2439.029541 1414.966675 1231.775269 84945.421875 
3885.917480 2611.931641 1751.425537 1507.062866 68968.585938 
5326.849121 2730.297607 2542.544434 1573.409180 122111.687500 
4481.239746 2752.384033 2036.463623 1414.849609 84881.179688 
5116.430664 2936.141357 2299.770264 1743.773560 87488.570312 
6932.447754 4282.782227 3345.802002 3057.624512 99752.625000 
7192.861328 4165.307129 3414.891357 2231.680176 97744.695312 
7069.363281 4458.027832 3348.398682 2057.576660 101952.406250 
8035.265137 4420.467285 3140.672363 2372.283203 89779.000000 
6499.240234 4113.185059 3504.932373 2151.575928 105925.179688 
6700.202637 4237.731445 3407.776855 3233.635254 94535.945312 
7190.996582 3977.077148 3116.965332 2548.431885 105364.828125 
7822.916016 4642.509277 4185.633301 2960.533936 115658.421875 
6374.811035 4037.009766 3182.839600 2311.124756 86720.632812 
6678.534180 4022.336670 3151.824707 1743.175537 89725.679688 
7402.491699 5115.386230 3434.905029 2028.197266 78227.148438 
6403.094727 3687.076904 3049.628906 1893.432007 84418.585938 
7298.040039 4088.218018 3194.454346 2659.932617 120056.945312 
5924.591309 3311.786865 2066.096924 1756.068237 82761.976562 
5018.306152 2777.017090 2112.671387 1539.881592 70367.179688 
5409.798340 3653.140625 2806.808105 2417.040039 98015.851562 
5892.659180 2993.786865 2447.741211 1573.783569 88686.578125 
6266.137207 4135.459961 4134.685547 2529.482422 102930.273438 
7150.741699 4573.138672 3881.077881 3080.946533 128817.664062 
6177.535156 4004.302246 2755.442139 2057.864990 76588.703125 
5103.739258 2923.333740 2048.149170 1732.220459 82156.898438 
5352.155273 3310.800293 2646.529541 2245.210205 89098.609375 
5281.393066 2698.007568 2268.261719 2794.651611 72753.273438 
5892.261719 3650.129395 2890.718750 1603.612915 111495.992188 
6143.659668 2894.577881 2384.199219 1548.877197 91077.359375 
4284.112793 2557.911621 2143.012939 1682.337524 103556.531250 
5337.278320 2957.863770 2205.680664 1278.754028 82397.257812 
6506.943359 4454.441406 3866.626221 2733.493408 85500.898438 
5403.682129 3389.651611 2823.803955 1829.446899 96442.281250 
5830.354492 3866.081543 2791.569824 1905.682617 95129.492188 
5752.643555 3523.288086 2796.129150 2497.045898 98193.507812 
6361.753906 3155.534180 2461.699219 2027.488770 105801.218750 
5243.182129 3515.685059 2520.423584 1727.534058 96981.359375 
4200.837402 2876.683594 2152.059570 1778.226685 91787.828125 
5276.444336 2584.115967 1837.302124 1242.798340 92776.273438 
2986.743164 1524.431763 1232.565308 963.581116 57160.246094 
2858.170654 1740.494507 1463.637207 849.600708 60744.406250 
3010.780518 1638.320923 1124.684692 1022.201843 87515.328125 
3303.500488 2039.085938 1445.874390 1192.786621 85307.671875 
3976.368896 1854.531982 1265.090820 759.890259 96752.664062 
2892.809326 1624.374390 1272.888428 889.629517 64172.937500 
3575.511230 2094.452881 1606.392822 1044.775024 76807.757812 
4184.995605 2276.595215 1403.435913 1404.127930 58972.531250 
4421.886719 2728.559570 2225.880127 1853.576416 91660.500000 
5065.833496 3119.647949 2408.645508 1930.373169 83934.976562 
5234.895508 3084.346436 2911.021729 1935.785889 80349.328125 
6115.856445 3672.321533 3075.697266 2090.565430 80707.453125 
6561.704590 3914.181885 2551.622070 2099.079346 105364.171875 
7651.282715 4865.656250 3151.141357 2738.799561 96154.539062 
6092.129395 3849.492920 3333.904785 2777.110840 77898.976562 
8681.982422 4719.060547 3644.146729 2703.030029 96810.578125 
8098.485352 5792.232910 5045.369141 3646.945557 103001.976562 
8934.840820 6007.443359 3665.218750 3116.427734 83042.046875 
10171.947266 7631.364258 5245.820801 4478.940918 139397.593750 
9151.546875 5729.353027 4196.083496 2439.685547 90771.992188 
6881.326172 4663.041992 3895.903320 3181.757080 85799.218750 
9173.639648 5296.875000 4581.880859 2860.488525 96002.640625 
8392.053711 5936.697266 4455.917969 2764.745361 108674.929688 
8240.375000 5277.541504 3889.477295 2523.798340 102983.679688 
7629.414551 5725.777832 5326.276855 4470.587402 119426.500000 
8081.897949 4675.534180 3862.337646 2489.319336 90783.671875 
6144.923828 3538.749512 3038.547852 2031.937988 88454.250000 
4814.602539 3107.606445 2128.607422 1382.758911 95416.117188 
5545.377930 3495.913086 2387.813477 1444.908203 75750.921875 
5562.901367 3067.071777 3088.903076 2021.526001 93952.148438 
3940.977539 2542.500977 1579.206543 1360.340210 76560.601562 
4188.020020 2207.209961 1541.943848 1284.747925 66575.796875 
4203.168457 2142.541748 1940.892456 1339.788574 91277.671875 
4608.979492 2482.229736 2211.873779 1678.544434 96119.585938 
3327.255615 1973.232178 1418.477051 1226.369141 92855.468750 
3987.577637 2234.984131 1796.560791 1764.588013 111813.968750 
3674.195557 2117.494385 1718.169922 1306.971558 87453.132812 
3658.003906 2159.353271 1690.174561 1037.014038 79601.492188 
