1908.962280 1614.226074 540.802856 428.334015 194615.906250 
3136.025635 2137.627197 556.120117 455.822754 217977.515625 
2148.166504 1135.647827 456.537384 306.319092 213765.046875 
2364.543457 1847.431885 715.459045 507.556854 263670.406250 
3172.842285 1661.961792 395.638641 328.256744 164210.453125 
2466.634766 1470.871582 464.189178 455.171600 241926.750000 
2451.849365 1393.798218 613.732361 569.549072 314234.343750 
2068.600830 1583.641602 504.016998 366.242035 235313.046875 
3503.946045 2012.255371 567.649048 478.118164 283000.031250 
2677.841797 1737.726807 564.603882 515.800903 296707.093750 
3173.429199 1476.712158 590.760010 398.703156 228128.093750 
3319.150391 1626.726562 500.444916 428.029236 179015.765625 
2900.774658 1922.318237 733.360596 548.580933 286832.156250 
2393.264648 1788.857788 541.174316 556.032166 227912.265625 
2732.486328 1571.848267 548.442383 521.705627 286801.250000 
2416.541016 1077.958862 374.400146 362.516052 244007.234375 
2504.150879 1760.800659 449.241913 435.135010 266920.125000 
2670.587891 1988.953003 641.813843 545.824890 262178.187500 
3001.676270 2310.658936 693.259827 526.481567 253685.109375 
3770.142822 2239.286621 602.304138 535.088562 210216.062500 
