18765.869141 2231.431885 1253.129639 933.416077 159414.750000 
271944.093750 4655.344727 2207.732666 2490.350098 131017.617188 
189013.187500 3278.346924 1015.117737 2053.290527 156543.437500 
164527.265625 1082.858398 622.573181 1476.846802 153193.625000 
68967.101562 1070.304199 593.208252 375.563812 168161.468750 
284952.062500 2140.156738 787.942566 744.052246 79894.812500 
431421.406250 1039.717041 720.561096 730.862061 133369.875000 
161501.828125 1319.578003 834.203979 367.452484 175353.359375 
363839.656250 1754.453369 1464.885498 598.317749 164600.875000 
86426.562500 1441.326782 324.069977 432.196136 89327.195312 
456804.468750 1639.203979 426.363251 451.714600 150143.125000 
85097.460938 2210.815430 1499.214600 624.459412 131365.562500 
42988.898438 2794.008301 745.763550 1194.571655 80325.625000 
40159.171875 1620.337646 855.475220 418.709900 93332.789062 
824910.875000 2028.313721 529.575562 530.907654 123714.406250 
20756.132812 2293.882568 952.639709 650.032410 110731.578125 
55384.050781 4152.096191 477.688110 553.775208 108773.304688 
21351.833984 2046.923584 2244.344971 1422.050903 117748.484375 
127619.125000 1343.202148 413.680389 371.280212 70427.906250 
146893.140625 1277.644409 897.961121 354.263336 101401.976562 
