1675.630249 3069.753662 1764.180054 1042.782349 45118.390625 
2108.431885 5757.826172 1939.246460 704.540344 57212.550781 
1521.080322 3534.584229 1444.650879 567.399536 52720.562500 
1751.017578 6654.994141 1295.450439 595.120911 57525.945312 
1109.411865 4508.199707 1602.321411 545.332825 38861.175781 
1443.375854 2892.656738 1149.982788 624.750000 46908.562500 
1481.967163 4926.810059 2073.039062 727.240967 51920.359375 
1606.804077 3224.840820 1757.759888 795.637024 58371.691406 
1887.323486 3758.870361 2046.572876 689.243164 61508.328125 
1174.472168 4190.921387 1326.091797 315.859680 57771.828125 
1600.388794 3491.358643 889.865967 448.472839 49559.296875 
1453.213379 2955.891357 1087.405396 549.605225 43941.445312 
1486.435669 5302.942383 1377.938232 723.853638 57314.929688 
1614.760498 2976.658936 1103.381226 448.109222 45949.851562 
1886.188477 4701.131348 1510.844482 699.076782 66278.117188 
1620.601196 4820.892578 3434.873779 2029.187622 36695.128906 
1723.972534 3641.226318 1871.731812 314.003662 43194.554688 
1762.259888 4020.246582 1966.869629 667.932556 60503.082031 
1872.968384 3714.571045 1202.388062 572.582275 55811.539062 
2136.422607 7932.510742 2107.510498 798.892700 56954.957031 
1366.319580 3205.344482 1769.250732 1098.209717 46256.828125 
1588.433472 4018.356445 1315.237915 530.502869 60058.546875 
1518.839966 2860.578857 3066.771240 852.496277 58031.828125 
1584.152588 4996.936035 1638.158203 604.062683 52102.242188 
1686.294067 6155.264160 2149.073242 602.802795 54603.207031 
1824.523315 2324.704590 1629.346558 598.377197 45728.152344 
1645.254150 3542.536865 1292.104980 827.890320 48141.460938 
1412.261963 2977.249268 1750.072388 1364.237671 46021.640625 
1147.281494 3195.571289 2015.240112 563.458740 52464.632812 
3033.402832 6374.950195 1458.943726 889.270386 71892.570312 
1205.464233 3503.377930 1610.151489 633.816772 47805.976562 
1414.114136 3694.618164 1282.923706 213.229462 51237.183594 
1704.538452 3921.049805 1268.440308 945.137939 59284.179688 
1713.628174 3139.800537 1798.050293 688.961487 59365.921875 
1268.990112 2892.011230 1054.644897 649.605347 46788.304688 
1358.161621 3338.301758 1020.104919 662.717102 56582.148438 
1047.746948 3662.814941 2105.503906 867.083252 41385.394531 
1671.531006 3942.820801 1820.376221 963.791565 60356.453125 
1985.109619 3855.819580 1780.528076 823.336121 43965.988281 
1421.634888 3301.344238 1379.185791 684.653992 47211.804688 
1875.421509 3141.178711 2407.377930 836.662964 45158.832031 
1775.088745 12519.424805 1863.532471 741.505676 52867.085938 
1221.143433 2466.790039 957.700684 389.043579 44551.687500 
1681.621582 5655.468750 1735.563843 696.575745 48405.457031 
1319.106323 5289.808594 1307.802979 644.820801 45051.804688 
1659.922729 5821.172363 2426.420898 1085.157104 51649.191406 
1695.335327 2572.674805 1407.276733 1043.009277 64470.644531 
1750.796021 3703.778076 2267.129883 682.052063 65391.398438 
1325.508057 5929.658203 2708.943604 425.084076 61425.570312 
2186.508057 3217.206543 1488.517212 570.764160 43087.492188 
