3.837715 
3.834954 
3.832097 
3.828354 
3.824139 
3.817358 
3.808332 
3.795348 
2.402237 
1.896332 
2.019562 
1.791336 
1.829991 
1.788034 
1.993350 
1.292699 
1.662608 
1.750695 
1.825924 
1.651876 
1.678911 
1.827696 
2.010466 
1.678174 
1.708776 
1.678546 
1.842490 
1.265281 
1.588091 
1.142516 
0.820824 
0.763574 
1.489950 
1.177156 
0.613327 
1.340271 
1.335079 
1.939379 
1.352285 
1.585123 
1.684616 
1.532605 
1.706503 
1.743860 
1.819582 
1.304991 
1.749672 
1.848271 
1.471033 
1.811264 
1.824295 
1.870888 
2.066656 
1.966975 
2.091663 
2.173818 
2.368169 
2.209543 
2.540500 
2.733384 
2.989802 
3.732949 
2.359639 
3.799553 
3.796487 
3.696115 
3.796218 
3.807943 
3.803487 
3.810817 
3.524195 
3.285143 
3.799744 
3.677931 
3.529742 
3.044269 
2.748749 
2.580420 
2.251658 
2.708649 
1.987091 
2.523870 
2.081145 
2.158016 
2.324470 
2.432652 
2.085620 
2.406936 
2.291039 
2.272009 
1.872223 
2.276003 
2.438223 
2.165428 
2.125261 
1.924014 
3.169993 
2.704771 
2.752284 
2.297747 
3.475102 
3.531311 
3.446968 
3.389138 
3.338221 
3.256104 
3.207765 
3.166547 
2.842813 
3.094729 
3.035948 
2.644743 
2.958842 
2.884514 
2.427094 
2.809178 
2.378284 
2.253970 
2.309311 
2.695962 
2.616807 
2.636134 
2.735075 
2.619704 
2.631476 
2.494827 
2.469038 
2.598395 
2.317089 
2.029170 
2.117072 
2.401874 
2.552784 
2.608094 
1.892352 
2.480654 
2.266761 
2.349330 
2.446361 
2.059222 
2.390018 
2.329615 
2.224880 
2.221280 
2.203339 
2.178100 
2.179940 
1.867659 
2.254401 
2.278173 
1.924926 
2.250415 
2.278779 
2.364898 
2.135220 
2.297890 
1.813776 
2.180242 
2.255127 
2.253437 
2.201132 
2.191440 
1.769951 
2.130608 
2.110925 
2.139365 
2.152556 
2.117075 
2.177488 
2.336724 
2.357408 
2.122323 
2.117182 
2.221039 
2.261860 
2.184906 
2.147467 
2.259762 
2.131856 
2.088685 
2.013751 
2.238285 
2.189149 
2.256790 
2.196697 
2.299834 
2.371487 
2.146556 
2.172439 
2.104091 
2.167401 
2.060053 
2.209528 
1.760231 
1.978987 
2.200383 
2.230048 
2.041535 
2.089481 
1.927682 
2.074823 
2.033167 
2.138331 
2.062569 
1.679095 
2.103165 
1.953725 
2.294376 
2.214523 
2.053500 
2.041759 
2.164966 
2.054702 
1.698395 
2.007455 
1.568540 
2.186560 
1.793056 
2.097230 
2.123434 
2.110667 
1.788406 
1.693412 
2.097026 
2.071452 
2.082223 
2.032807 
2.040768 
1.921273 
1.950143 
1.954851 
1.588515 
1.662162 
2.146477 
2.122463 
1.833441 
2.097994 
2.054069 
1.956855 
2.053760 
2.193843 
1.917571 
1.994445 
1.691225 
1.926639 
1.889822 
2.031585 
1.992960 
1.919549 
1.665430 
1.998862 
2.045724 
2.012634 
1.981499 
2.030105 
2.098112 
2.289483 
1.544884 
2.038364 
1.796774 
1.942878 
2.141600 
1.690264 
1.918474 
1.986917 
1.979463 
1.859348 
1.864753 
1.868008 
1.951637 
2.074445 
1.679085 
1.863571 
1.946993 
1.630935 
2.169507 
1.943166 
1.962855 
1.562994 
1.957945 
1.973049 
1.829448 
2.054038 
1.969710 
1.743751 
1.858935 
1.668115 
1.848613 
1.875153 
1.968107 
1.483644 
2.030943 
2.220703 
1.592476 
1.982383 
1.594738 
2.101395 
1.815261 
1.852929 
1.981258 
2.083142 
1.847738 
1.967403 
1.890024 
1.937101 
1.910834 
1.913987 
2.000015 
1.949088 
1.934925 
1.909557 
1.915725 
1.962687 
1.519684 
1.902383 
1.838001 
1.540298 
2.001544 
2.110268 
1.880646 
2.006242 
1.939189 
1.937820 
1.868603 
1.659780 
1.965285 
1.882639 
1.901871 
1.816798 
2.005761 
2.002844 
1.888855 
1.609267 
1.484701 
1.893761 
1.887118 
1.497491 
1.920172 
1.825553 
1.952656 
1.865207 
1.277047 
1.888331 
1.958921 
1.877287 
1.873218 
1.878176 
2.012233 
1.959953 
1.667801 
1.830642 
1.821445 
1.867878 
1.962600 
1.718296 
1.807588 
1.812793 
1.562226 
1.878143 
1.574065 
1.953101 
1.867068 
1.892383 
1.815630 
1.819684 
1.626087 
1.885950 
1.967091 
1.829011 
1.845740 
1.548178 
1.860408 
1.765921 
1.545977 
1.850434 
1.858585 
1.762778 
1.833382 
1.900887 
1.694249 
1.870245 
1.791303 
1.454435 
1.932054 
1.889802 
1.781902 
1.811884 
1.755038 
1.851193 
1.801083 
1.853936 
1.822129 
1.785504 
1.810449 
1.922351 
1.808636 
1.774736 
1.587745 
1.470517 
1.550939 
1.757585 
1.842198 
1.760301 
2.070001 
1.828161 
1.927308 
1.890374 
1.536537 
1.870582 
1.939938 
1.762111 
1.534790 
1.822237 
1.812033 
1.631275 
1.852723 
1.825574 
1.812805 
1.824773 
1.558910 
1.457713 
1.798871 
1.463918 
1.710262 
1.767741 
1.474370 
1.866181 
1.825958 
1.762652 
1.767987 
1.565084 
1.754033 
1.819807 
1.453385 
1.801291 
1.833484 
1.833847 
1.495552 
1.872912 
1.877855 
1.860351 
1.863473 
1.826324 
1.754422 
1.432188 
1.715437 
1.805887 
1.463071 
1.815007 
1.776574 
1.907035 
1.720725 
1.894947 
1.430660 
1.901370 
1.787712 
1.826951 
1.896654 
1.451200 
1.777357 
1.721534 
1.744280 
1.489404 
1.646044 
1.793341 
1.452736 
1.887919 
1.752789 
1.779481 
1.805171 
1.846278 
1.817739 
1.806936 
1.827775 
1.796505 
1.751371 
1.721769 
1.738933 
1.868656 
1.752363 
1.757712 
1.747757 
1.505570 
1.804526 
1.822009 
1.774958 
1.783987 
1.806398 
1.792147 
1.523977 
1.666441 
1.679725 
1.526495 
1.901982 
1.812256 
2.024510 
1.861202 
1.615708 
1.448498 
1.737990 
