Episode: 1: [[0. 0. 0.]
 [0. 0. 0.]
 [0. 0. 0.]] 
Episode: 2: [[0.0004     0.0004     0.0004    ]
 [0.0004     0.00039994 0.00039994]
 [0.0004     0.00039999 0.0004    ]] 
Episode: 3: [[0.00069128 0.0007497  0.00073044]
 [0.00066221 0.00075464 0.00077788]
 [0.00063446 0.00078201 0.00076391]] 
Episode: 4: [[0.0010266  0.00105485 0.00104569]
 [0.0009815  0.00103072 0.0010521 ]
 [0.00094362 0.0010551  0.00104288]] 
Episode: 5: [[0.00126982 0.00129911 0.00128993]
 [0.0012249  0.00127495 0.00129661]
 [0.00118627 0.00129961 0.00128767]] 
Episode: 6: [[0.00155163 0.00159061 0.00157895]
 [0.00151055 0.00156883 0.00159135]
 [0.00146545 0.00159299 0.00158038]] 
Episode: 7: [[0.00185614 0.00191573 0.00189978]
 [0.00181761 0.0018971  0.00192021]
 [0.00173659 0.00192077 0.00190611]] 
Episode: 8: [[0.00216127 0.00224489 0.00222209]
 [0.00210984 0.00223277 0.00225296]
 [0.00196813 0.00224846 0.00222259]] 
Episode: 9: [[0.00248269 0.0025883  0.00255758]
 [0.00241725 0.00258525 0.00260235]
 [0.00220957 0.00259361 0.00255394]] 
Episode: 10: [[0.00278429 0.00292162 0.00288044]
 [0.00269769 0.00293444 0.00294038]
 [0.00240523 0.00292255 0.00286066]] 
Episode: 11: [[0.00292112 0.00321749 0.00313491]
 [0.00287203 0.00329538 0.00328262]
 [0.00243208 0.00325095 0.00314194]] 
Episode: 12: [[0.00305712 0.00350588 0.00338249]
 [0.00303469 0.00364396 0.00361237]
 [0.00244543 0.00356421 0.00340521]] 
Episode: 13: [[0.00318991 0.00379899 0.00362935]
 [0.00319902 0.00400343 0.00395023]
 [0.00245108 0.00388364 0.00367231]] 
Episode: 14: [[0.00331799 0.00409813 0.003879  ]
 [0.00336996 0.00437052 0.00429456]
 [0.00245787 0.0042082  0.00394557]] 
Episode: 15: [[0.00331086 0.00428588 0.00401257]
 [0.00338902 0.00464802 0.00455647]
 [0.00234489 0.00441993 0.00412077]] 
Episode: 16: [[0.00326482 0.00445386 0.00412231]
 [0.00338145 0.00492032 0.00481673]
 [0.00220439 0.004628   0.00429566]] 
Episode: 17: [[0.00318148 0.00462073 0.00423105]
 [0.00335357 0.00514756 0.00503497]
 [0.00206606 0.00477448 0.00442635]] 
Episode: 18: [[0.00310272 0.00478015 0.00433325]
 [0.00331706 0.0053634  0.00524183]
 [0.00191999 0.00490553 0.00454566]] 
Episode: 19: [[0.003058   0.00495612 0.00445322]
 [0.00331742 0.0055884  0.00545674]
 [0.00181466 0.00505244 0.00467724]] 
Episode: 20: [[0.0030227  0.00512668 0.00457086]
 [0.00332189 0.00581226 0.00566734]
 [0.00171427 0.00519948 0.00480412]] 
Episode: 21: [[0.00298146 0.0052722  0.00466942]
 [0.00331035 0.00601138 0.00584992]
 [0.00160684 0.00532254 0.00490967]] 
Episode: 22: [[0.00297788 0.00544694 0.00479887]
 [0.00335623 0.00623823 0.00606539]
 [0.00155508 0.00549501 0.00506256]] 
Episode: 23: [[0.00300763 0.00564146 0.00494928]
 [0.00344105 0.00647729 0.00629054]
 [0.00154657 0.00568478 0.00522959]] 
Episode: 24: [[0.00308842 0.00588095 0.00514682]
 [0.00358506 0.00675023 0.00655267]
 [0.0015898  0.00591623 0.00543666]] 
Episode: 25: [[0.00316045 0.00610959 0.00533503]
 [0.00371929 0.00701067 0.00680583]
 [0.00162541 0.00613584 0.00564057]] 
Episode: 26: [[0.00324814 0.00634053 0.00552863]
 [0.0038624  0.007265   0.00704984]
 [0.00167218 0.00634798 0.00583412]] 
Episode: 27: [[0.003345   0.00657832 0.00572872]
 [0.00401868 0.0075378  0.00730769]
 [0.00172984 0.00657956 0.00604654]] 
Episode: 28: [[0.00345426 0.00682345 0.00593641]
 [0.00418691 0.00780498 0.00756834]
 [0.0017995  0.00681435 0.0062616 ]] 
Episode: 29: [[0.00360137 0.00709568 0.0061705 ]
 [0.00439022 0.00808635 0.0078384 ]
 [0.00190466 0.00705796 0.00648336]] 
Episode: 30: [[0.00376187 0.00737787 0.00641387]
 [0.00460355 0.00837691 0.00811268]
 [0.00201644 0.00730247 0.00670704]] 
Episode: 31: [[0.00378902 0.00754924 0.00655931]
 [0.00465808 0.0085753  0.00832611]
 [0.00198331 0.00743319 0.00686148]] 
Episode: 32: [[0.00379254 0.00769573 0.00668362]
 [0.00468417 0.00874375 0.00851399]
 [0.0019283  0.00753052 0.00699114]] 
Episode: 33: [[0.00375326 0.00780129 0.0067756 ]
 [0.00466786 0.00888034 0.00868663]
 [0.00183522 0.00761015 0.00711497]] 
Episode: 34: [[0.00367429 0.00788184 0.00684738]
 [0.00462628 0.00901627 0.00888247]
 [0.00171357 0.00771501 0.00727466]] 
Episode: 35: [[0.00362102 0.00799941 0.00694943]
 [0.00462229 0.00919309 0.00911487]
 [0.00161836 0.00786089 0.0074688 ]] 
Episode: 36: [[0.00357068 0.00812332 0.00705624]
 [0.00460859 0.00936334 0.00934066]
 [0.00150924 0.00798368 0.00764362]] 
Episode: 37: [[0.00354435 0.00826873 0.00717891]
 [0.00462819 0.00955803 0.00958621]
 [0.00143053 0.00813583 0.00783761]] 
Episode: 38: [[0.00353332 0.00843015 0.00731495]
 [0.00465922 0.00975697 0.00982801]
 [0.00136075 0.00827754 0.00802159]] 
Episode: 39: [[0.00346077 0.00851835 0.00739333]
 [0.0046127  0.00987353 0.01001632]
 [0.0012303  0.00834941 0.00816456]] 
Episode: 40: [[0.0034222  0.00863931 0.00750104]
 [0.00460882 0.01002965 0.01023064]
 [0.00113563 0.00845934 0.00833263]] 
Episode: 41: [[0.00342442 0.00881142 0.00765418]
 [0.00466063 0.0102298  0.01048674]
 [0.0010853  0.00861892 0.00854343]] 
Episode: 42: [[0.00347282 0.00903341 0.00785087]
 [0.00476584 0.01047609 0.01077801]
 [0.00107778 0.00881979 0.00878904]] 
Episode: 43: [[0.00353102 0.00926402 0.00805513]
 [0.00488065 0.01072795 0.01107664]
 [0.00107683 0.00902961 0.00904499]] 
Episode: 44: [[0.00353855 0.00943911 0.00821442]
 [0.00492932 0.01091969 0.01133505]
 [0.00102132 0.00917804 0.00926639]] 
Episode: 45: [[0.00354488 0.00960682 0.00836459]
 [0.00497973 0.01111745 0.01159601]
 [0.00097027 0.00933901 0.0094969 ]] 
Episode: 46: [[0.0035111  0.00973849 0.00848416]
 [0.00497554 0.01129166 0.01183804]
 [0.00086838 0.00945263 0.00970616]] 
Episode: 47: [[0.00347004 0.00986659 0.00860366]
 [0.00496508 0.01147299 0.01208361]
 [0.00076043 0.0095681  0.00991851]] 
Episode: 48: [[0.00342456 0.00998915 0.00871986]
 [0.00494689 0.01165067 0.01232707]
 [0.00064485 0.00967979 0.01012913]] 
Episode: 49: [[0.00337252 0.01010722 0.00883508]
 [0.00490851 0.01181157 0.0125623 ]
 [0.00050774 0.00976525 0.0103267 ]] 
Episode: 50: [[0.00334704 0.01024806 0.00896709]
 [0.00489424 0.01199091 0.01280222]
 [0.00039125 0.0098592  0.01052217]] 
Episode: 51: [[0.00338686 0.01044647 0.00914726]
 [0.00496122 0.01221852 0.01307108]
 [0.00034905 0.01001051 0.01074604]] 
Episode: 52: [[0.00344914 0.01067068 0.00934939]
 [0.00505077 0.01245621 0.01334924]
 [0.00032181 0.01016503 0.01097117]] 
Episode: 53: [[0.00348677 0.01086916 0.0095321 ]
 [0.00511195 0.0126635  0.01361158]
 [0.00027354 0.01029529 0.01119046]] 
Episode: 54: [[0.00353255 0.01108326 0.00972939]
 [0.00519294 0.01289846 0.01389416]
 [0.00024271 0.01045375 0.01142728]] 
Episode: 55: [[0.00356442 0.01127983 0.00991271]
 [0.0052471  0.01311259 0.01415809]
 [0.00018836 0.01057818 0.01164322]] 
Episode: 56: [[0.00360457 0.01148539 0.01010402]
 [0.00530923 0.01332098 0.01442626]
 [0.00014047 0.01070335 0.01186779]] 
Episode: 57: [[3.5966544e-03 1.1635797e-02 1.0259446e-02]
 [5.3090747e-03 1.3437676e-02 1.4656799e-02]
 [4.6501751e-05 1.0770277e-02 1.2087547e-02]] 
Episode: 58: [[ 3.61293089e-03  1.18127735e-02  1.04330918e-02]
 [ 5.33758104e-03  1.36029068e-02  1.49157597e-02]
 [-3.00743977e-05  1.08763278e-02  1.23295607e-02]] 
Episode: 59: [[ 3.6615808e-03  1.2014944e-02  1.0623181e-02]
 [ 5.4062665e-03  1.3799870e-02  1.5184646e-02]
 [-6.9965055e-05  1.1015605e-02  1.2577431e-02]] 
Episode: 60: [[ 0.00367162  0.01216909  0.01077977]
 [ 0.0054307   0.01392771  0.01541554]
 [-0.00013583  0.01111312  0.01280918]] 
Episode: 61: [[ 0.00371788  0.01236966  0.01097   ]
 [ 0.00549829  0.01410895  0.01568349]
 [-0.00017477  0.01124999  0.01306036]] 
Episode: 62: [[ 0.00377057  0.01257841  0.0111686 ]
 [ 0.00557731  0.014312    0.01596971]
 [-0.00020682  0.01141064  0.01333361]] 
Episode: 63: [[ 0.003864    0.01282807  0.01139773]
 [ 0.00570231  0.01455468  0.01627783]
 [-0.00020484  0.01160542  0.01362483]] 
Episode: 64: [[ 0.00387722  0.01300289  0.01157926]
 [ 0.00571476  0.01470359  0.01654744]
 [-0.00029686  0.01168948  0.01388605]] 
Episode: 65: [[ 0.00387445  0.01315168  0.01173982]
 [ 0.00570268  0.01482229  0.01679338]
 [-0.00040536  0.01174748  0.01412446]] 
Episode: 66: [[ 0.00389883  0.01332839  0.01191751]
 [ 0.00573374  0.01499434  0.01706677]
 [-0.00047692  0.01185909  0.01438735]] 
Episode: 67: [[ 0.0039345   0.01352859  0.01211483]
 [ 0.00576941  0.01520159  0.01736134]
 [-0.00055656  0.01197126  0.01465886]] 
Episode: 68: [[ 0.0039257   0.01370858  0.01230713]
 [ 0.00576921  0.01541086  0.01768181]
 [-0.0006662   0.01208393  0.01496471]] 
Episode: 69: [[ 0.00393645  0.01390554  0.01250928]
 [ 0.00579292  0.01565468  0.01801581]
 [-0.00075891  0.01222401  0.01528117]] 
Episode: 70: [[ 0.00389958  0.014059    0.01268618]
 [ 0.00574738  0.0158352   0.01832905]
 [-0.0009086   0.01229104  0.01558881]] 
Episode: 71: [[ 0.00385892  0.01422579  0.01288216]
 [ 0.00570052  0.0160403   0.01867928]
 [-0.0010704   0.01238111  0.0159333 ]] 
Episode: 72: [[ 0.00376494  0.01432958  0.01303675]
 [ 0.00557354  0.01615814  0.0189893 ]
 [-0.00129297  0.01238208  0.01624818]] 
Episode: 73: [[ 0.00368512  0.01443977  0.01319292]
 [ 0.00546835  0.01628223  0.01929376]
 [-0.00149155  0.01240151  0.01655929]] 
Episode: 74: [[ 0.00359894  0.01453686  0.01333515]
 [ 0.00535124  0.01639111  0.01958812]
 [-0.00169689  0.01240864  0.01686168]] 
Episode: 75: [[ 0.00351637  0.01463061  0.01347587]
 [ 0.00522922  0.01648412  0.01987819]
 [-0.0019086   0.01240769  0.01716651]] 
Episode: 76: [[ 0.00342872  0.0147075   0.0136029 ]
 [ 0.00510279  0.0165583   0.02014874]
 [-0.00211576  0.01240017  0.0174593 ]] 
Episode: 77: [[ 0.00339443  0.01482907  0.01375144]
 [ 0.00503816  0.01667276  0.02041401]
 [-0.00227463  0.01242099  0.01772635]] 
Episode: 78: [[ 0.00336283  0.01494202  0.01388982]
 [ 0.00497584  0.0167668   0.02065029]
 [-0.00242253  0.01242661  0.01796252]] 
Episode: 79: [[ 0.00336466  0.0150921   0.01405597]
 [ 0.00495799  0.01689126  0.02090592]
 [-0.0025388   0.01246909  0.01821239]] 
Episode: 80: [[ 0.00342609  0.01529517  0.01424973]
 [ 0.0050201   0.01708023  0.02117531]
 [-0.00259036  0.0125748   0.0184627 ]] 
Episode: 81: [[ 0.00355118  0.01555537  0.01447191]
 [ 0.00516338  0.01734475  0.02146224]
 [-0.00257689  0.01274618  0.01871217]] 
Episode: 82: [[ 0.00370239  0.01583408  0.01470256]
 [ 0.0053412   0.01763661  0.0217474 ]
 [-0.00253128  0.01294461  0.01895457]] 
Episode: 83: [[ 0.00379544  0.01606543  0.01493471]
 [ 0.00543155  0.01782312  0.022035  ]
 [-0.00256215  0.01306023  0.01924224]] 
Episode: 84: [[ 0.00386545  0.01626596  0.0151511 ]
 [ 0.00549081  0.01797129  0.02230973]
 [-0.00261315  0.01315249  0.01952702]] 
Episode: 85: [[ 0.00393744  0.01646877  0.01536552]
 [ 0.00555914  0.01814693  0.02259755]
 [-0.00265512  0.01327051  0.01982324]] 
Episode: 86: [[ 0.00398664  0.01664709  0.01556742]
 [ 0.00559105  0.01829726  0.0228885 ]
 [-0.00272977  0.01336283  0.02013269]] 
Episode: 87: [[ 0.00397939  0.01677943  0.01575794]
 [ 0.00555304  0.01840122  0.02319452]
 [-0.00286038  0.01340755  0.02047203]] 
Episode: 88: [[ 0.00396514  0.01690076  0.0159408 ]
 [ 0.00549588  0.01847803  0.02347725]
 [-0.00300654  0.01341095  0.020775  ]] 
Episode: 89: [[ 0.00392962  0.01699174  0.01610355]
 [ 0.00540501  0.01851816  0.023748  ]
 [-0.00317906  0.01338349  0.02107338]] 
Episode: 90: [[ 0.00384121  0.01704044  0.01626512]
 [ 0.00523722  0.01849594  0.02404597]
 [-0.00341972  0.01329612  0.02141316]] 
Episode: 91: [[ 0.00377732  0.01710528  0.01642251]
 [ 0.00508934  0.01848347  0.02432396]
 [-0.00364693  0.01320415  0.02171858]] 
Episode: 92: [[ 0.00378023  0.01723562  0.01661236]
 [ 0.00505237  0.01855194  0.02460727]
 [-0.00377457  0.01321714  0.02201501]] 
Episode: 93: [[ 0.00380356  0.0173818   0.01680235]
 [ 0.00504614  0.01864774  0.02487905]
 [-0.00387256  0.01325305  0.02228847]] 
Episode: 94: [[ 0.00383421  0.01753914  0.01699999]
 [ 0.00503991  0.01874772  0.02516347]
 [-0.00397911  0.0132853   0.02257624]] 
Episode: 95: [[ 0.00384918  0.0176815   0.0171942 ]
 [ 0.00500799  0.01882846  0.02545377]
 [-0.00410824  0.0132961   0.02287739]] 
Episode: 96: [[ 0.00387788  0.01784834  0.01740937]
 [ 0.00501158  0.01895096  0.02575665]
 [-0.0042015   0.01334833  0.0231787 ]] 
Episode: 97: [[ 0.00391916  0.01802501  0.01762195]
 [ 0.00504131  0.01910318  0.02606211]
 [-0.00426919  0.01343759  0.02347801]] 
Episode: 98: [[ 0.00396668  0.01820977  0.0178374 ]
 [ 0.00507437  0.01926689  0.02636896]
 [-0.00433651  0.01352465  0.02377075]] 
Episode: 99: [[ 0.00401371  0.01839165  0.01805235]
 [ 0.00511     0.01943734  0.0266753 ]
 [-0.00439935  0.01361767  0.02406202]] 
Episode: 100: [[ 0.00407033  0.01857555  0.01825544]
 [ 0.00515778  0.01962267  0.02696844]
 [-0.00444973  0.01372003  0.0243327 ]] 
Episode: 101: [[ 0.0040661   0.01869322  0.01843737]
 [ 0.00512243  0.01972611  0.02726408]
 [-0.00456068  0.01375608  0.02462952]] 
Episode: 102: [[ 0.00407295  0.0188216   0.0186233 ]
 [ 0.00509798  0.01983822  0.02756439]
 [-0.0046661   0.0138      0.02493837]] 
Episode: 103: [[ 0.00407382  0.01894638  0.01880975]
 [ 0.00506211  0.01994825  0.02787923]
 [-0.00478359  0.01384224  0.02527303]] 
Episode: 104: [[ 0.00408858  0.01909548  0.01901189]
 [ 0.00503324  0.02008556  0.02821761]
 [-0.0049073   0.01388829  0.02563035]] 
Episode: 105: [[ 0.00412348  0.01926424  0.01922465]
 [ 0.00503815  0.02024317  0.02855346]
 [-0.00500088  0.0139648   0.0259866 ]] 
Episode: 106: [[ 0.00416431  0.01944151  0.01943665]
 [ 0.00505603  0.02042926  0.02890901]
 [-0.0050863   0.01407504  0.0263623 ]] 
Episode: 107: [[ 0.00422986  0.019633    0.01964339]
 [ 0.00510362  0.0206282   0.02923994]
 [-0.00514706  0.01419661  0.02671263]] 
Episode: 108: [[ 0.00432543  0.01985501  0.01986581]
 [ 0.00519149  0.02085517  0.02958005]
 [-0.00518012  0.01435443  0.02707922]] 
Episode: 109: [[ 0.00441449  0.02007449  0.02009215]
 [ 0.00526753  0.0210866   0.02993974]
 [-0.00522727  0.01451077  0.02747266]] 
Episode: 110: [[ 0.00443392  0.02022244  0.02029636]
 [ 0.00526342  0.02123911  0.03030192]
 [-0.0053206   0.01461885  0.02787908]] 
Episode: 111: [[ 0.00439413  0.02030904  0.02048708]
 [ 0.00516595  0.02130299  0.03069004]
 [-0.00548992  0.0146503   0.02833445]] 
Episode: 112: [[ 0.0042923   0.02032666  0.02065863]
 [ 0.00497093  0.02126406  0.03108781]
 [-0.00573803  0.01458099  0.02881018]] 
Episode: 113: [[ 0.00419064  0.02034301  0.02082286]
 [ 0.00479313  0.02127272  0.03149783]
 [-0.00596575  0.01456191  0.02928705]] 
Episode: 114: [[ 0.00410742  0.02037408  0.02098293]
 [ 0.00464684  0.02129269  0.03188249]
 [-0.00616031  0.01456391  0.02973793]] 
Episode: 115: [[ 0.00407289  0.02044357  0.02113659]
 [ 0.00457719  0.02136906  0.03221529]
 [-0.00628521  0.0146183   0.03012527]] 
Episode: 116: [[ 0.00406104  0.02053094  0.02129002]
 [ 0.00455095  0.02148051  0.03251426]
 [-0.00636606  0.01470345  0.03045637]] 
Episode: 117: [[ 0.0040433   0.02061768  0.02145261]
 [ 0.00450733  0.02158133  0.03283275]
 [-0.00646623  0.01477218  0.03080787]] 
Episode: 118: [[ 0.00403     0.0207101   0.02161839]
 [ 0.00446796  0.02168198  0.03314807]
 [-0.00656261  0.01483942  0.03115376]] 
Episode: 119: [[ 0.00401215  0.02079371  0.02177548]
 [ 0.00441735  0.02176361  0.03345166]
 [-0.00666699  0.01488684  0.03149149]] 
Episode: 120: [[ 0.00399295  0.02087143  0.02192494]
 [ 0.00438397  0.02185266  0.03373685]
 [-0.00674349  0.01496003  0.03181515]] 
Episode: 121: [[ 0.00401835  0.02099659  0.02208449]
 [ 0.00440481  0.02199336  0.03400797]
 [-0.00678378  0.01506459  0.03211686]] 
Episode: 122: [[ 0.00407482  0.02114394  0.02223506]
 [ 0.00446805  0.02215922  0.03423775]
 [-0.00678818  0.01518723  0.03236996]] 
Episode: 123: [[ 0.00414134  0.0213014   0.02238488]
 [ 0.00454553  0.02234426  0.03447611]
 [-0.00678452  0.01533132  0.03262952]] 
Episode: 124: [[ 0.00420792  0.02145592  0.02253098]
 [ 0.00461079  0.02251738  0.03471188]
 [-0.00679591  0.01545083  0.03288693]] 
Episode: 125: [[ 0.00425244  0.02158685  0.0226732 ]
 [ 0.00464107  0.02265595  0.03496144]
 [-0.00683543  0.01554239  0.03316763]] 
Episode: 126: [[ 0.00433065  0.02175627  0.02282978]
 [ 0.004721    0.02285789  0.0352215 ]
 [-0.00684061  0.0156868   0.03345196]] 
Episode: 127: [[ 0.00436585  0.02188131  0.02298048]
 [ 0.00473691  0.02299447  0.03549642]
 [-0.00689265  0.01577561  0.03376266]] 
Episode: 128: [[ 0.0044131   0.02201903  0.02313318]
 [ 0.00477368  0.0231409   0.03574426]
 [-0.00692325  0.01586907  0.03403917]] 
Episode: 129: [[ 0.00445849  0.02215393  0.02328766]
 [ 0.00481824  0.02328297  0.03598173]
 [-0.00694038  0.01597037  0.03429858]] 
Episode: 130: [[ 0.00452273  0.02230349  0.02343736]
 [ 0.00488445  0.02344155  0.03620551]
 [-0.0069442   0.0160812   0.03454216]] 
Episode: 131: [[ 0.00457925  0.02243824  0.02357476]
 [ 0.00494022  0.02357733  0.03640701]
 [-0.00695082  0.01617496  0.03476047]] 
Episode: 132: [[ 0.0045778   0.02251486  0.02370645]
 [ 0.00491012  0.02365369  0.03665842]
 [-0.00702522  0.01621033  0.03503111]] 
Episode: 133: [[ 0.00460379  0.02263179  0.02386359]
 [ 0.00493797  0.02379727  0.03693678]
 [-0.00705315  0.01633085  0.03534178]] 
Episode: 134: [[ 0.00461097  0.0227293   0.02401798]
 [ 0.00492253  0.02390444  0.03723633]
 [-0.00712413  0.01640441  0.03568274]] 
Episode: 135: [[ 0.00456407  0.02279008  0.02420419]
 [ 0.00484293  0.02400235  0.03762223]
 [-0.00724473  0.01647345  0.03610324]] 
Episode: 136: [[ 0.00449941  0.02283276  0.02438325]
 [ 0.00473065  0.02407055  0.03802211]
 [-0.00739322  0.0165146   0.03654154]] 
Episode: 137: [[ 0.00443913  0.02287999  0.02456157]
 [ 0.00461153  0.024134    0.03842145]
 [-0.00755476  0.01653586  0.03698044]] 
Episode: 138: [[ 0.00436347  0.0229071   0.02472795]
 [ 0.00445395  0.0241579   0.03881995]
 [-0.00775177  0.01650254  0.03741781]] 
Episode: 139: [[ 0.00429682  0.02295755  0.02491271]
 [ 0.00430311  0.0242083   0.03924173]
 [-0.00795143  0.01647768  0.03787168]] 
Episode: 140: [[ 0.00425197  0.02302019  0.02508788]
 [ 0.00418877  0.02427896  0.03963238]
 [-0.00811876  0.01648113  0.03829414]] 
Episode: 141: [[ 0.0041936   0.02305893  0.02524484]
 [ 0.00405515  0.02432602  0.04001286]
 [-0.00829731  0.01646713  0.03870787]] 
Episode: 142: [[ 0.00412205  0.02307891  0.02539465]
 [ 0.00389782  0.02433232  0.04038528]
 [-0.00849215  0.0164205   0.03912004]] 
Episode: 143: [[ 0.00407376  0.02311067  0.02553048]
 [ 0.00376036  0.02435329  0.04072597]
 [-0.00867723  0.01636777  0.03949093]] 
Episode: 144: [[ 0.00405325  0.02316881  0.02566735]
 [ 0.0036409   0.02439947  0.04107019]
 [-0.00886408  0.01631657  0.03987075]] 
Episode: 145: [[ 0.00406129  0.02325343  0.02580476]
 [ 0.00355978  0.02447355  0.04138975]
 [-0.0090231   0.01628548  0.04022165]] 
Episode: 146: [[ 0.00411995  0.02337612  0.02592536]
 [ 0.00356457  0.02460345  0.04164173]
 [-0.00910865  0.01631936  0.04049807]] 
Episode: 147: [[ 0.00417881  0.02349581  0.02604268]
 [ 0.00357545  0.02472801  0.04187476]
 [-0.00918314  0.01635263  0.04075464]] 
Episode: 148: [[ 0.00426282  0.02364033  0.02615545]
 [ 0.00362521  0.02488974  0.04208523]
 [-0.00922678  0.01641853  0.04098648]] 
Episode: 149: [[ 0.00436193  0.02379633  0.02625994]
 [ 0.00369881  0.02507756  0.04228527]
 [-0.00925173  0.01651232  0.0412127 ]] 
Episode: 150: [[ 0.00448362  0.02396688  0.02635128]
 [ 0.00380651  0.0252835   0.04243537]
 [-0.00924526  0.0166213   0.04138868]] 
Episode: 151: [[ 0.00462914  0.02415522  0.0264322 ]
 [ 0.00393377  0.02549371  0.04255902]
 [-0.00923149  0.01672143  0.04154185]] 
Episode: 152: [[ 0.00469409  0.02428451  0.0265597 ]
 [ 0.00396508  0.02563231  0.04278076]
 [-0.00927545  0.01678519  0.0417973 ]] 
Episode: 153: [[ 0.00467425  0.0243155   0.02668656]
 [ 0.00385073  0.02562409  0.04309103]
 [-0.00944246  0.01672111  0.04215663]] 
Episode: 154: [[ 0.00468844  0.02438697  0.02682095]
 [ 0.00379899  0.02567644  0.04336463]
 [-0.00955393  0.01671138  0.04246787]] 
Episode: 155: [[ 0.00470567  0.02446116  0.02694858]
 [ 0.00375564  0.02573102  0.04361804]
 [-0.00965553  0.01670321  0.0427596 ]] 
Episode: 156: [[ 0.00472587  0.0245351   0.02707295]
 [ 0.00371415  0.02578141  0.04386765]
 [-0.00975785  0.0166924   0.04305135]] 
Episode: 157: [[ 0.00475709  0.02461329  0.02718827]
 [ 0.00370787  0.02583679  0.04404268]
 [-0.00981457  0.01669248  0.04324863]] 
Episode: 158: [[ 0.00480224  0.02470298  0.02729921]
 [ 0.00374245  0.02591974  0.0441797 ]
 [-0.00982565  0.01673912  0.04340538]] 
Episode: 159: [[ 0.00487415  0.02481752  0.02740031]
 [ 0.0038255   0.02602262  0.04425272]
 [-0.00978942  0.01681049  0.0434914 ]] 
Episode: 160: [[ 0.00492753  0.02491388  0.02750107]
 [ 0.00388094  0.02609803  0.04433326]
 [-0.00977223  0.01685412  0.04358725]] 
Episode: 161: [[ 0.00494887  0.02499097  0.02762459]
 [ 0.00387352  0.02614895  0.04450733]
 [-0.00981906  0.016864    0.04377545]] 
Episode: 162: [[ 0.00496399  0.02507023  0.02776166]
 [ 0.00384814  0.0262017   0.04472603]
 [-0.00988734  0.016868    0.0440161 ]] 
Episode: 163: [[ 0.00491865  0.02510416  0.02793442]
 [ 0.00372425  0.0261903   0.04507165]
 [-0.01004605  0.01682699  0.04440116]] 
Episode: 164: [[ 0.00490868  0.02516671  0.02808585]
 [ 0.00366774  0.02625063  0.04534909]
 [-0.01014199  0.01684268  0.04470308]] 
Episode: 165: [[ 0.0049055   0.02522949  0.02822098]
 [ 0.00363023  0.02632231  0.04559886]
 [-0.01021736  0.01687926  0.04497995]] 
Episode: 166: [[ 0.00485426  0.02524475  0.02837044]
 [ 0.00354479  0.0263295   0.0458621 ]
 [-0.01031445  0.01687627  0.04526583]] 
Episode: 167: [[ 0.00478037  0.02524636  0.02853832]
 [ 0.00342504  0.02633498  0.04619079]
 [-0.01044654  0.0168748   0.04561952]] 
Episode: 168: [[ 0.00468085  0.02522906  0.02872942]
 [ 0.00326201  0.02630416  0.04657316]
 [-0.01061714  0.01684542  0.04602964]] 
Episode: 169: [[ 0.00460479  0.02523208  0.02890831]
 [ 0.0031287   0.02630774  0.04694225]
 [-0.01076986  0.01684651  0.04642948]] 
Episode: 170: [[ 0.00456     0.02526054  0.02907005]
 [ 0.00304055  0.02634284  0.04726043]
 [-0.0108847   0.01687418  0.04678069]] 
Episode: 171: [[ 0.0045387   0.02531141  0.02921961]
 [ 0.00297476  0.02639197  0.04756146]
 [-0.01098833  0.01691577  0.04713119]] 
Episode: 172: [[ 0.00455741  0.02539667  0.02935506]
 [ 0.00296175  0.02647441  0.04779973]
 [-0.01104976  0.01697561  0.04741408]] 
Episode: 173: [[ 0.00455436  0.02545968  0.02950162]
 [ 0.00293087  0.02654418  0.04804799]
 [-0.01111492  0.01702681  0.04769154]] 
Episode: 174: [[ 0.00461399  0.02557906  0.02963938]
 [ 0.00297934  0.02669939  0.04826279]
 [-0.01112968  0.01713912  0.04793576]] 
Episode: 175: [[ 0.0047011   0.02572344  0.02977081]
 [ 0.00306876  0.02688833  0.04841986]
 [-0.0111063   0.01726386  0.04810182]] 
Episode: 176: [[ 0.00479661  0.02587422  0.02990246]
 [ 0.00314832  0.02707347  0.04860318]
 [-0.01110699  0.01736853  0.04829587]] 
Episode: 177: [[ 0.00486338  0.02599907  0.03004748]
 [ 0.00320625  0.02722003  0.04879536]
 [-0.01110918  0.01746347  0.0485    ]] 
Episode: 178: [[ 0.00493428  0.0261284   0.03019165]
 [ 0.0032681   0.02736822  0.04898072]
 [-0.01110888  0.01755719  0.04868925]] 
Episode: 179: [[ 0.00500949  0.02625793  0.03032314]
 [ 0.00332854  0.02752131  0.04916653]
 [-0.01111425  0.01765028  0.04888318]] 
Episode: 180: [[ 0.00508563  0.02637389  0.03041567]
 [ 0.0034092   0.02765661  0.04926464]
 [-0.01108516  0.01774379  0.04899898]] 
Episode: 181: [[ 0.00511642  0.02645394  0.03053518]
 [ 0.00343317  0.02774142  0.04941302]
 [-0.01109396  0.01779919  0.04915323]] 
Episode: 182: [[ 0.00507134  0.02647252  0.03071236]
 [ 0.00331986  0.02772206  0.04972781]
 [-0.0112337   0.01775565  0.04947878]] 
Episode: 183: [[ 0.00508259  0.02654145  0.03087251]
 [ 0.00330793  0.02777132  0.04993921]
 [-0.0112794   0.01779281  0.04971079]] 
Episode: 184: [[ 0.00508389  0.02660967  0.03104341]
 [ 0.0032821   0.0278113   0.05017506]
 [-0.01133739  0.01783009  0.04997173]] 
Episode: 185: [[ 0.00511178  0.0267048   0.03120687]
 [ 0.00329766  0.02789088  0.05037963]
 [-0.01135973  0.01790341  0.05019094]] 
Episode: 186: [[ 0.00510666  0.02678174  0.03139932]
 [ 0.0032629   0.02794732  0.05064468]
 [-0.01142577  0.01794443  0.05046024]] 
Episode: 187: [[ 0.00510322  0.02685414  0.03157486]
 [ 0.00322679  0.02798767  0.05088938]
 [-0.01149261  0.01797161  0.05070751]] 
Episode: 188: [[ 0.00506152  0.02689083  0.03176306]
 [ 0.00314351  0.02797846  0.05117592]
 [-0.01159297  0.01797266  0.05100503]] 
Episode: 189: [[ 0.00499908  0.02689971  0.03194442]
 [ 0.0030341   0.02795239  0.05148153]
 [-0.01171232  0.01795818  0.05131936]] 
Episode: 190: [[ 0.00497229  0.02692696  0.0321028 ]
 [ 0.00299295  0.02795783  0.05169754]
 [-0.01176342  0.01798212  0.05153418]] 
Episode: 191: [[ 0.00494422  0.02695594  0.03225809]
 [ 0.00294006  0.02797822  0.05192193]
 [-0.01182864  0.01799478  0.05175401]] 
Episode: 192: [[ 0.00492329  0.02698498  0.0323879 ]
 [ 0.00291282  0.02800074  0.05208268]
 [-0.01186087  0.01801942  0.05190959]] 
Episode: 193: [[ 0.00487606  0.02698619  0.03251909]
 [ 0.00286254  0.02798066  0.05222496]
 [-0.01189711  0.01801107  0.05203213]] 
Episode: 194: [[ 0.00482954  0.02698586  0.03264449]
 [ 0.00281576  0.02796484  0.05235142]
 [-0.01192674  0.0179992   0.05213017]] 
Episode: 195: [[ 0.00479134  0.02700577  0.03278845]
 [ 0.00283485  0.02807741  0.05246817]
 [-0.01187969  0.0181163   0.05216962]] 
Episode: 196: [[ 0.00478098  0.02705118  0.03291913]
 [ 0.00287057  0.02820465  0.0525732 ]
 [-0.01183383  0.01822955  0.05221184]] 
Episode: 197: [[ 0.00475735  0.02708286  0.03305681]
 [ 0.00288912  0.02831343  0.05268947]
 [-0.01180027  0.01832587  0.05225846]] 
Episode: 198: [[ 0.00476246  0.02713197  0.03316181]
 [ 0.00293476  0.0284366   0.05275662]
 [-0.01175044  0.01842074  0.05226519]] 
Episode: 199: [[ 0.0047467   0.02716781  0.03328037]
 [ 0.00296562  0.0285673   0.05284982]
 [-0.01170584  0.01853001  0.05228775]] 
Episode: 200: [[ 0.00475944  0.02723477  0.03339535]
 [ 0.00303068  0.02872975  0.05292581]
 [-0.01163996  0.0186647   0.05229548]] 
