671.102295 283.795898 246.562439 189.636108 147024.812500 
489.121643 215.783112 132.429550 82.732979 132696.265625 
559.418762 275.027710 196.249771 130.563095 169401.750000 
460.907379 351.773468 294.778503 321.153473 140650.296875 
432.282440 224.943588 165.707016 135.119034 99512.679688 
507.805237 290.935028 224.895187 128.716415 147780.671875 
528.843689 267.947327 192.035812 164.726730 131751.203125 
433.758606 224.903473 182.454407 103.374771 121221.742188 
423.104736 230.874710 172.042923 140.365585 174140.546875 
454.377289 261.604614 231.917419 201.689178 112918.601562 
525.484558 391.554688 296.607483 265.048431 128299.335938 
510.862701 251.991882 191.239151 157.402100 140311.468750 
734.624329 245.423691 190.842010 161.186768 131722.875000 
484.104980 244.027634 196.857803 140.644257 145508.484375 
531.294373 275.861847 198.598114 142.358536 169140.875000 
415.526215 207.424408 146.873596 106.186188 160377.765625 
504.334778 284.234863 287.771362 221.719955 196084.859375 
499.258240 277.116943 241.852478 193.383499 136298.734375 
496.223267 256.305695 226.527130 192.296219 120353.007812 
487.636749 267.642700 190.531403 152.613617 186574.875000 
575.486755 263.034180 170.541321 136.334564 152427.734375 
435.308258 185.121887 149.202759 135.734985 131454.515625 
422.049683 234.036545 203.369446 132.408325 180250.343750 
479.193451 280.308319 220.107452 134.518066 153935.968750 
422.404388 216.626755 150.322144 109.938217 135088.437500 
588.523560 345.077850 270.688110 221.957077 202533.531250 
400.816681 265.301361 228.198441 210.257278 117874.789062 
485.494141 231.562927 122.997414 96.570877 98245.476562 
425.972565 257.192108 184.104340 192.059708 123748.414062 
423.035217 252.001328 209.503571 148.048141 121740.726562 
536.262695 244.567429 140.023849 105.111443 163103.609375 
467.771393 236.448395 161.896515 154.407120 164094.125000 
538.347717 326.882477 211.734955 220.361740 169129.796875 
485.290009 478.820160 344.979980 266.497925 151706.750000 
376.442444 213.180222 130.553146 86.120941 121105.593750 
568.529663 336.199341 209.408005 143.809799 127059.242188 
487.607849 301.738129 234.561447 155.439117 172278.703125 
486.650574 298.463776 271.638153 314.070312 170378.718750 
478.943787 320.622650 203.172867 205.435120 126880.625000 
462.512085 217.982147 173.350021 136.228821 97189.796875 
511.285278 296.490540 306.663422 278.805054 143690.234375 
530.716736 230.730850 193.950684 156.023315 146252.671875 
505.581512 277.964844 208.248657 181.478241 148301.046875 
440.570160 233.946884 145.927063 123.584694 118904.054688 
533.577393 277.835114 258.749786 323.776398 147709.859375 
495.195160 333.048920 225.596863 311.689484 189522.484375 
429.298370 228.878876 205.123856 194.274506 140293.312500 
504.708282 390.594360 504.548370 460.551117 139841.171875 
415.318939 245.580551 164.685669 140.468033 175329.078125 
383.790009 214.386017 178.844330 142.762161 115040.171875 
