3.843551 
3.870537 
3.837166 
3.828272 
3.837489 
3.833239 
3.824191 
3.828000 
3.827937 
3.797114 
3.814263 
3.825475 
3.824771 
3.806935 
3.801754 
3.727653 
3.775035 
3.783011 
3.799851 
3.763352 
3.756200 
3.719396 
3.735454 
3.765269 
3.772574 
3.720186 
3.704128 
3.579389 
3.700750 
2.161317 
2.528989 
3.776709 
3.727646 
3.459008 
3.720651 
3.652477 
3.727579 
3.649417 
3.690350 
3.702358 
3.731470 
3.690908 
3.735567 
3.643338 
3.716181 
3.722332 
3.724716 
3.593231 
3.660166 
3.676582 
3.733002 
3.735643 
3.699578 
3.756977 
3.702667 
3.673939 
3.683057 
3.714441 
3.777795 
3.710648 
3.700205 
3.677368 
3.688784 
3.774577 
3.741857 
3.728254 
3.681270 
3.737056 
3.733321 
3.737708 
3.749209 
3.731827 
3.750728 
3.659930 
3.764709 
3.754498 
3.671575 
3.697261 
3.713810 
3.700091 
3.703928 
3.730783 
3.668890 
3.723249 
3.720069 
3.756336 
3.753512 
3.723041 
3.743016 
3.732935 
3.656961 
3.785534 
3.773198 
3.764485 
3.703741 
3.700505 
3.755603 
3.695797 
3.721667 
3.673290 
3.672831 
3.704143 
3.728519 
3.718797 
3.748848 
3.721725 
3.745809 
3.735433 
3.683992 
3.725684 
3.750693 
3.647112 
3.777156 
3.703422 
3.712370 
3.776564 
3.737606 
3.674597 
3.649423 
3.786482 
3.692034 
3.658175 
3.753885 
3.702058 
3.762038 
3.809526 
3.720693 
3.754358 
3.744323 
3.671905 
3.688519 
3.779387 
3.715977 
3.794449 
3.662191 
3.771704 
3.730563 
3.787873 
3.766088 
3.680852 
3.737571 
3.718973 
3.722270 
3.686349 
3.759631 
3.815262 
3.755657 
3.684426 
3.769009 
3.727401 
3.627033 
3.692679 
3.758632 
3.745038 
3.774580 
3.731720 
3.747491 
3.710506 
3.795760 
3.745759 
3.742200 
3.760371 
3.686365 
3.754918 
3.762556 
3.723759 
3.747229 
3.763679 
3.779874 
3.740219 
3.691633 
3.684817 
3.722909 
3.798499 
3.710010 
3.715920 
3.741307 
3.741729 
3.687618 
3.788749 
3.727572 
3.751069 
3.707199 
3.775591 
3.714727 
3.724945 
3.725544 
3.754708 
3.705022 
3.723441 
3.764935 
3.791553 
3.752065 
3.626276 
3.767224 
3.798826 
3.753238 
3.765817 
3.736904 
3.699691 
