3.837715 
3.834954 
3.832097 
3.828354 
3.824139 
3.817358 
3.808331 
3.795344 
2.401884 
1.896176 
2.019446 
1.791315 
1.829968 
1.788051 
1.993296 
1.292683 
1.662559 
1.750751 
1.826213 
1.651945 
1.678819 
1.827558 
2.010907 
1.678148 
1.709074 
1.679365 
1.841560 
1.275457 
1.585550 
1.157951 
0.781084 
0.722802 
1.005995 
1.349560 
0.635203 
1.202926 
0.918901 
1.565221 
1.270217 
1.175110 
1.599421 
1.338366 
1.258512 
1.579055 
1.276343 
0.785912 
1.480909 
0.799614 
1.181734 
1.789276 
1.659733 
1.623906 
1.747750 
1.350687 
1.836393 
1.536140 
1.316044 
1.137870 
1.508493 
1.141328 
1.531533 
1.328386 
1.438220 
1.338897 
1.357631 
1.450500 
1.286375 
1.292395 
1.413197 
0.883287 
0.717490 
1.109674 
1.193384 
1.115242 
1.539413 
0.966329 
0.827581 
0.754773 
0.866727 
0.948765 
0.492337 
1.163904 
1.058929 
0.644676 
0.747801 
1.039459 
0.515211 
1.157969 
1.242545 
0.705714 
1.262326 
0.818572 
0.639932 
1.226818 
1.238778 
1.209111 
0.786505 
1.139321 
0.837560 
0.814448 
0.765099 
0.682911 
0.637206 
0.957520 
0.889312 
0.565692 
0.717566 
1.028755 
0.679574 
1.074347 
1.063333 
1.238239 
0.682204 
0.837775 
0.596057 
1.234759 
0.367788 
0.475228 
0.761079 
0.794691 
0.780594 
0.669292 
0.909830 
0.827379 
0.840492 
0.826372 
0.875702 
0.846906 
0.613377 
0.563337 
0.678920 
0.891769 
0.364224 
1.294522 
0.406483 
0.775879 
0.592678 
1.039275 
0.738569 
0.630361 
0.734114 
0.769722 
0.569454 
0.950013 
0.888326 
0.568653 
0.501859 
0.506539 
0.601828 
0.594039 
0.800734 
1.150703 
0.541932 
0.444971 
0.565301 
1.110928 
0.686437 
0.498260 
0.840261 
1.051254 
0.616806 
0.694397 
0.748313 
0.625047 
1.170674 
0.649435 
0.529849 
0.453605 
0.605491 
0.866589 
0.919315 
0.958680 
0.883200 
1.198276 
0.951793 
1.027070 
0.407985 
0.316002 
0.558399 
0.783883 
1.173924 
1.095120 
0.429026 
0.469708 
0.668031 
0.790637 
0.916085 
0.957824 
0.970319 
0.572890 
0.672866 
0.890715 
0.593850 
1.071114 
0.642640 
0.929487 
0.628588 
1.061617 
0.673267 
0.992267 
0.571483 
0.795697 
0.800938 
0.950907 
0.204432 
0.756907 
0.821182 
0.749188 
0.995024 
0.649163 
0.696587 
0.773435 
0.535589 
0.573220 
0.581020 
0.740336 
0.737505 
0.435161 
0.799962 
0.924335 
0.601662 
0.485750 
0.704955 
0.613817 
0.709542 
0.595137 
0.681981 
0.465720 
0.950708 
0.594732 
0.833387 
0.617552 
0.713367 
0.980411 
0.813727 
0.448573 
0.633473 
0.626485 
0.535426 
0.978831 
0.781353 
0.930783 
0.675050 
0.760831 
0.760811 
0.979012 
1.015649 
1.075289 
0.923381 
0.566362 
0.752026 
0.786470 
0.795439 
0.610586 
0.678372 
0.951901 
0.598845 
0.487309 
1.005138 
0.416231 
0.734462 
0.870038 
0.585153 
1.520889 
1.411421 
1.686979 
2.829211 
1.082189 
1.249795 
0.782153 
1.436606 
0.723480 
1.320676 
1.872536 
1.395760 
1.840282 
1.918547 
2.173350 
3.643730 
2.588727 
2.674037 
2.030503 
2.379226 
2.203612 
1.675897 
1.840864 
1.706184 
2.069878 
2.550034 
2.600620 
3.901033 
3.126556 
4.929216 
3.529421 
2.416391 
1.953205 
2.405866 
2.873019 
5.561822 
2.347492 
4.422707 
8.258953 
3.358961 
4.382176 
3.225994 
4.974344 
4.379237 
5.613439 
15.874277 
4.209301 
27.054987 
4.438470 
5.006808 
6.484392 
3.839941 
3.505802 
3.610333 
8.444090 
45.507957 
3.850147 
20.055157 
4361.536133 
5363.341309 
5806.220215 
7.737326 
2.395452 
6.282014 
3.317702 
3.921992 
23.540987 
2.892472 
2.490332 
2.065988 
2.077558 
2.462594 
2.625725 
2.236536 
2.696684 
2.747804 
2.837085 
2.901002 
2.285888 
2.941224 
3.011971 
3.051308 
3.042983 
3.099579 
3.155501 
3.129280 
2.912509 
3.169725 
3.169875 
3.175018 
3.175898 
2.902106 
3.193411 
3.199473 
2.947446 
3.194484 
2.979085 
3.228254 
3.242739 
3.228777 
3.244786 
3.262996 
2.975956 
3.230911 
3.244645 
3.252532 
3.258235 
3.009163 
3.270619 
3.290466 
3.034860 
3.251822 
3.254267 
3.258392 
3.258855 
3.261729 
2.931141 
3.262770 
3.262246 
3.018738 
3.282696 
3.286510 
3.272549 
3.269161 
3.261434 
3.244772 
3.299837 
3.257975 
3.254022 
3.244764 
3.268713 
3.257102 
3.278006 
3.273690 
2.989542 
3.051896 
3.044623 
3.253250 
3.247930 
3.276312 
3.282491 
3.257967 
3.287155 
3.247818 
3.032659 
3.244478 
3.278713 
3.269030 
3.059110 
3.257598 
3.250827 
2.955586 
3.271898 
3.259194 
3.304731 
3.269634 
3.004434 
2.970341 
3.300635 
3.016462 
3.265359 
3.260872 
2.995093 
3.258699 
3.258479 
3.241101 
3.267502 
3.008370 
3.257358 
3.244450 
2.992304 
3.264732 
3.263907 
3.270316 
2.996960 
3.261948 
3.285070 
3.248588 
3.279457 
3.236277 
3.257287 
3.012209 
2.943296 
3.291166 
3.045053 
3.277169 
3.257531 
3.282615 
3.266992 
3.266600 
3.013796 
3.274217 
3.246760 
3.239882 
3.269499 
3.036822 
3.246601 
3.247236 
3.282221 
2.993933 
3.024993 
3.247653 
3.038103 
3.254208 
3.257010 
3.276421 
3.291284 
3.265376 
3.270525 
3.287474 
3.249028 
3.258010 
3.284610 
3.267713 
3.255787 
3.263958 
3.285995 
3.260980 
3.286742 
3.049246 
3.271925 
3.289409 
3.291281 
3.260407 
3.264645 
3.270053 
2.992150 
3.241666 
3.247331 
3.026160 
3.285687 
3.291968 
3.304092 
3.283735 
2.990718 
3.009023 
3.298008 
