Episode: 1: [[0.001 0.    0.    0.    0.    0.    0.    0.    0.    0.   ]
 [0.001 0.    0.    0.    0.    0.    0.    0.    0.    0.   ]] 
Episode: 2: [[ 0.0015     -0.0005      0.0005     -0.0005     -0.0005      0.
   0.          0.          0.0005      0.0005    ]
 [ 0.0015     -0.00049926  0.00049999 -0.0005     -0.00049997  0.
   0.          0.          0.00049583  0.0005    ]] 
Episode: 3: [[ 0.00187773 -0.00012818  0.00013381 -0.00014252 -0.00013265  0.
   0.          0.          0.00012794  0.00089756]
 [ 0.00187469 -0.00087178  0.00013179 -0.00088026 -0.00012868  0.
   0.          0.          0.00086791  0.00087929]] 
Episode: 4: [[ 0.00227369  0.00027245 -0.00023996 -0.00020515  0.00025529  0.
   0.          0.         -0.0002157   0.00128671]
 [ 0.00228279 -0.00115994 -0.00025298 -0.00130993  0.00029794  0.
   0.          0.          0.00114978  0.0012301 ]] 
Episode: 5: [[ 0.00262744  0.00063391 -0.00056808 -0.00041566  0.0005784   0.
   0.          0.         -0.00051418  0.00163381]
 [ 0.00264538 -0.00109556 -0.00058461 -0.00176625  0.00068285  0.
   0.          0.          0.00147314  0.00154284]] 
Episode: 6: [[ 0.00298672  0.00096593 -0.00093845 -0.00061043  0.00068831  0.
   0.          0.         -0.00080178  0.00193666]
 [ 0.00299078 -0.00082096 -0.00095852 -0.00221668  0.00110261  0.
   0.          0.          0.00160977  0.00189403]] 
Episode: 7: [[ 0.00326193  0.00114167 -0.00129383 -0.00044742  0.00068832  0.
   0.          0.         -0.00111177  0.00219861]
 [ 0.00321355 -0.00048035 -0.00129952 -0.00260209  0.00153469  0.
   0.          0.          0.00189473  0.00229111]] 
Episode: 8: [[ 0.00351488  0.00130572 -0.00164759 -0.00032546  0.00074318  0.
   0.          0.         -0.00139692  0.00244711]
 [ 0.00341934 -0.00013205 -0.00161518 -0.00296364  0.00198222  0.
   0.          0.          0.00169024  0.00265194]] 
Episode: 9: [[ 3.7490856e-03  1.4209000e-03 -2.0151790e-03 -1.0086749e-04
   6.6929247e-04  0.0000000e+00  0.0000000e+00  0.0000000e+00
  -1.6776737e-03  2.6653444e-03]
 [ 3.6162913e-03  3.1662719e-05 -1.8824672e-03 -3.2930097e-03
   2.4117853e-03  0.0000000e+00  0.0000000e+00  0.0000000e+00
   1.4392926e-03  3.0340846e-03]] 
Episode: 10: [[ 3.9668693e-03  1.5184087e-03 -2.3790789e-03  1.9103669e-05
   6.2767201e-04  0.0000000e+00  0.0000000e+00  0.0000000e+00
  -1.9243358e-03  2.8793684e-03]
 [ 3.7825645e-03  1.7652808e-04 -2.0796072e-03 -3.5951869e-03
   2.7954495e-03  0.0000000e+00  0.0000000e+00  0.0000000e+00
   1.2171102e-03  3.3788239e-03]] 
Episode: 11: [[ 0.0042153   0.00162172 -0.00273823  0.0002036   0.00067058  0.
   0.          0.         -0.00195719  0.00292365]
 [ 0.00395021  0.00025054 -0.00237865 -0.00394588  0.00314695  0.
   0.          0.          0.0009065   0.00376633]] 
Episode: 12: [[ 0.00444336  0.00167071 -0.00311182  0.00044562  0.00080391  0.
   0.          0.         -0.00190497  0.00292541]
 [ 0.00400974  0.0004899  -0.00273854 -0.00433594  0.00354351  0.
   0.          0.          0.00100317  0.00418896]] 
Episode: 13: [[ 0.00466843  0.00175455 -0.00346032  0.0006348   0.00078623  0.
   0.          0.         -0.00181059  0.00292917]
 [ 0.00413834  0.00058074 -0.00308274 -0.00470223  0.00394865  0.
   0.          0.          0.00116849  0.00461734]] 
Episode: 14: [[ 0.00489169  0.00191163 -0.00382583  0.00067824  0.00087021  0.
   0.          0.         -0.00175582  0.00297889]
 [ 0.00425028  0.00066914 -0.00336519 -0.00504143  0.00430146  0.
   0.          0.          0.00131091  0.00500454]] 
Episode: 15: [[ 0.00507514  0.00214621 -0.00412867  0.00078262  0.00101275  0.
   0.          0.         -0.00171372  0.00298817]
 [ 0.00442161  0.00086338 -0.00366266 -0.00542833  0.00469649  0.
   0.          0.          0.00135942  0.00541227]] 
Episode: 16: [[ 0.00525644  0.00242051 -0.00445034  0.00079853  0.00119257  0.
   0.          0.         -0.00172708  0.00302773]
 [ 0.00457466  0.00103425 -0.00391113 -0.00577104  0.00504525  0.
   0.          0.          0.00140368  0.00577407]] 
Episode: 17: [[ 0.0054631   0.00236645 -0.00482288  0.00076812  0.00125924  0.
   0.          0.         -0.00196471  0.00297528]
 [ 0.00456719  0.00128688 -0.0038754  -0.00613737  0.0054442   0.
   0.          0.          0.00149598  0.00616259]] 
Episode: 18: [[ 0.00562685  0.00231983 -0.00514475  0.00084184  0.00134132  0.
   0.          0.         -0.00212973  0.00289788]
 [ 0.00461366  0.00153118 -0.00388919 -0.00654802  0.00586438  0.
   0.          0.          0.00155531  0.00657803]] 
Episode: 19: [[ 0.00576175  0.00225555 -0.00543119  0.00096082  0.00146625  0.
   0.          0.         -0.00226998  0.00280632]
 [ 0.00467885  0.00173015 -0.00393963 -0.00697957  0.0062798   0.
   0.          0.          0.0015479   0.0070096 ]] 
Episode: 20: [[ 0.00588146  0.00225227 -0.00569     0.00107646  0.00160673  0.
   0.          0.         -0.00238322  0.00272512]
 [ 0.00475531  0.00195005 -0.00400708 -0.00743022  0.00670692  0.
   0.          0.          0.00155133  0.00744864]] 
Episode: 21: [[ 0.00599135  0.0022555  -0.00593091  0.00117021  0.00174556  0.
   0.          0.         -0.00249015  0.00265298]
 [ 0.00484011  0.00215558 -0.00405675 -0.0078572   0.00710841  0.
   0.          0.          0.0015508   0.00785913]] 
Episode: 22: [[ 0.0060848   0.00225068 -0.00614482  0.00127863  0.00184556  0.
   0.          0.         -0.00258422  0.00258556]
 [ 0.00493705  0.00236081 -0.00412109 -0.00829058  0.00752091  0.
   0.          0.          0.00150602  0.00826725]] 
Episode: 23: [[ 0.00617061  0.00226074 -0.00632308  0.00141281  0.00188336  0.
   0.          0.         -0.00261778  0.0024971 ]
 [ 0.00502156  0.00250198 -0.00420879 -0.00871224  0.00790537  0.
   0.          0.          0.00146056  0.00868193]] 
Episode: 24: [[ 0.00624917  0.00226741 -0.00648837  0.00151002  0.00191617  0.
   0.          0.         -0.00265122  0.00243081]
 [ 0.0050921   0.00263    -0.00428774 -0.00910342  0.00825537  0.
   0.          0.          0.00141809  0.00906328]] 
Episode: 25: [[ 0.00631633  0.00227349 -0.00663515  0.00162666  0.00195043  0.
   0.          0.         -0.00267909  0.00235577]
 [ 0.00518862  0.00275053 -0.00434888 -0.00949922  0.00860777  0.
   0.          0.          0.00137734  0.00944646]] 
Episode: 26: [[ 0.00637226  0.00225943 -0.00676304  0.00174908  0.0019697   0.
   0.          0.         -0.00269555  0.00228186]
 [ 0.00531812  0.00286618 -0.00445814 -0.00989766  0.00897218  0.
   0.          0.          0.00133954  0.00982709]] 
Episode: 27: [[ 0.00642738  0.0022549  -0.00687539  0.0018362   0.00198337  0.
   0.          0.         -0.00271866  0.0022327 ]
 [ 0.00543103  0.00297739 -0.00455436 -0.01027651  0.00932568  0.
   0.          0.          0.00131664  0.01018777]] 
Episode: 28: [[ 0.00647603  0.00224761 -0.00696302  0.00190044  0.00197477  0.
   0.          0.         -0.00274401  0.00219342]
 [ 0.00555227  0.00307874 -0.00462953 -0.01064278  0.00966687  0.
   0.          0.          0.00127451  0.01053097]] 
Episode: 29: [[ 0.00651905  0.00223813 -0.00704491  0.00194843  0.00196258  0.
   0.          0.         -0.0027663   0.00216362]
 [ 0.00568159  0.00317042 -0.0047049  -0.01099393  0.00999343  0.
   0.          0.          0.00123142  0.01085157]] 
Episode: 30: [[ 0.00656328  0.00224036 -0.00712053  0.00196874  0.0019602   0.
   0.          0.         -0.00278756  0.00215171]
 [ 0.0058022   0.00325669 -0.00477357 -0.01131976  0.01029672  0.
   0.          0.          0.00119152  0.0111476 ]] 
Episode: 31: [[ 0.00660352  0.00225392 -0.00719079  0.00196798  0.00197792  0.
   0.          0.         -0.00280834  0.00215671]
 [ 0.00591534  0.00334115 -0.00484646 -0.01162533  0.01058663  0.
   0.          0.          0.0011548   0.01142434]] 
Episode: 32: [[ 0.00665867  0.00234199 -0.00728532  0.00191231  0.00206694  0.
   0.          0.         -0.00285652  0.00220398]
 [ 0.00604352  0.00344171 -0.00494445 -0.01192574  0.01088016  0.
   0.          0.          0.00111914  0.01169202]] 
Episode: 33: [[ 0.00671448  0.0024366  -0.00738012  0.00183266  0.00216625  0.
   0.          0.         -0.00290466  0.00225997]
 [ 0.00617674  0.00353673 -0.00504986 -0.01222845  0.01117272  0.
   0.          0.          0.00108177  0.01196205]] 
Episode: 34: [[ 0.00676943  0.00254095 -0.00748808  0.00172743  0.00230502  0.
   0.          0.         -0.0029608   0.00233444]
 [ 0.00631353  0.00363008 -0.00515006 -0.01252436  0.01147034  0.
   0.          0.          0.00104236  0.01222436]] 
Episode: 35: [[ 0.00682172  0.00264522 -0.00758945  0.00161587  0.00246849  0.
   0.          0.         -0.00301314  0.00241096]
 [ 0.00644979  0.00372023 -0.00524376 -0.01280909  0.01176785  0.
   0.          0.          0.00100485  0.01247462]] 
Episode: 36: [[ 0.00687379  0.00276577 -0.00769529  0.00149221  0.00268924  0.
   0.          0.         -0.00305897  0.00251658]
 [ 0.0065874   0.00381385 -0.0052936  -0.01314521  0.01212519  0.
   0.          0.          0.00106834  0.01280061]] 
Episode: 37: [[ 0.00690996  0.00288485 -0.0077758   0.00139744  0.00289335  0.
   0.          0.         -0.00309609  0.00260482]
 [ 0.00674495  0.00389826 -0.0053098  -0.01348878  0.01248984  0.
   0.          0.          0.00112004  0.01313157]] 
Episode: 38: [[ 0.00693987  0.00299406 -0.00785036  0.0013102   0.00314584  0.
   0.          0.         -0.00312882  0.00268946]
 [ 0.00691256  0.0039783  -0.00537033 -0.01384289  0.01286543  0.
   0.          0.          0.0011641   0.0134683 ]] 
Episode: 39: [[ 0.00694552  0.00307795 -0.0078873   0.00128803  0.00334562  0.
   0.          0.         -0.00315573  0.00274656]
 [ 0.00707547  0.00404468 -0.0053917  -0.01421736  0.01323192  0.
   0.          0.          0.00120712  0.01381753]] 
Episode: 40: [[ 0.00694045  0.00314279 -0.00792     0.00123925  0.00351891  0.
   0.          0.         -0.00315442  0.00281802]
 [ 0.0072998   0.00412075 -0.00545489 -0.01462977  0.01362087  0.
   0.          0.          0.00125151  0.01418741]] 
Episode: 41: [[ 0.00695478  0.00324973 -0.0080081   0.00112743  0.00376082  0.
   0.          0.         -0.00316915  0.00290192]
 [ 0.00754749  0.00419395 -0.00555949 -0.01505686  0.01403301  0.
   0.          0.          0.0013132   0.01456998]] 
Episode: 42: [[ 0.00695549  0.00334488 -0.00808727  0.00105544  0.00393798  0.
   0.          0.         -0.00318242  0.00296506]
 [ 0.00778348  0.00427391 -0.00563466 -0.01549117  0.01442601  0.
   0.          0.          0.00137604  0.01495884]] 
Episode: 43: [[ 0.00695901  0.00343825 -0.00816368  0.00096846  0.00410396  0.
   0.          0.         -0.00319074  0.00303553]
 [ 0.00800829  0.00434684 -0.00571799 -0.01590075  0.01479045  0.
   0.          0.          0.00143509  0.01532215]] 
Episode: 44: [[ 0.00696734  0.00353961 -0.00825001  0.00087237  0.00425756  0.
   0.          0.         -0.00320033  0.00311473]
 [ 0.00823598  0.00442265 -0.00584574 -0.01633671  0.01514858  0.
   0.          0.          0.00147927  0.01570383]] 
Episode: 45: [[ 0.00696933  0.00361975 -0.00833635  0.00079256  0.00437105  0.
   0.          0.         -0.00319431  0.00319024]
 [ 0.0084616   0.00448585 -0.00601257 -0.0167568   0.01547539  0.
   0.          0.          0.00152838  0.01606833]] 
Episode: 46: [[ 0.00697159  0.00370574 -0.00843343  0.00068898  0.00456866  0.
   0.          0.         -0.00320021  0.00327621]
 [ 0.0086989   0.00456489 -0.0062172  -0.01719417  0.01586324  0.
   0.          0.          0.00156934  0.01643101]] 
Episode: 47: [[ 0.00698007  0.00379454 -0.00853623  0.00055166  0.00475705  0.
   0.          0.         -0.00321049  0.0033674 ]
 [ 0.00894784  0.00464356 -0.0064508  -0.01760524  0.01621945  0.
   0.          0.          0.0016009   0.01675133]] 
Episode: 48: [[ 0.00698722  0.00389815 -0.00866075  0.00040459  0.00497798  0.
   0.          0.         -0.00321712  0.00344731]
 [ 0.00916379  0.0047399  -0.00671716 -0.01805175  0.01661184  0.
   0.          0.          0.00165109  0.01709777]] 
Episode: 49: [[ 0.00697142  0.0039943  -0.00883674  0.00032559  0.00529956  0.
   0.          0.         -0.00331145  0.00345307]
 [ 0.00926893  0.00479996 -0.00707485 -0.01858319  0.0170772   0.
   0.          0.          0.00166356  0.01754864]] 
Episode: 50: [[ 0.00697151  0.00409119 -0.00901948  0.00019743  0.00561382  0.
   0.          0.         -0.00340405  0.00346994]
 [ 0.00940773  0.00485445 -0.00745307 -0.01908768  0.0175189   0.
   0.          0.          0.00164419  0.01795051]] 
Episode: 51: [[ 6.9959089e-03  4.2276029e-03 -9.2191398e-03  3.4482171e-05
   5.8904565e-03  0.0000000e+00  0.0000000e+00  0.0000000e+00
  -3.4919831e-03  3.4956639e-03]
 [ 9.6177645e-03  4.9474495e-03 -7.8796186e-03 -1.9598836e-02
   1.7931266e-02  0.0000000e+00  0.0000000e+00  0.0000000e+00
   1.6192009e-03  1.8340392e-02]] 
Episode: 52: [[ 0.00701884  0.00436597 -0.00942276 -0.000144    0.00616584  0.
   0.          0.         -0.00357759  0.00352541]
 [ 0.00982355  0.00505242 -0.00833056 -0.02010827  0.01834456  0.
   0.          0.          0.00159902  0.0187167 ]] 
Episode: 53: [[ 0.00706187  0.00451884 -0.00965539 -0.00040596  0.00649277  0.
   0.          0.         -0.00366886  0.00357892]
 [ 0.01006276  0.00517305 -0.008834   -0.02061714  0.01879341  0.
   0.          0.          0.00157072  0.01907296]] 
Episode: 54: [[ 0.00704696  0.00461935 -0.00983487 -0.00052526  0.00672106  0.
   0.          0.         -0.00364614  0.00359586]
 [ 0.01020242  0.00518556 -0.00933227 -0.02111301  0.01915757  0.
   0.          0.          0.00147907  0.01942427]] 
Episode: 55: [[ 0.00699433  0.00468339 -0.00997535 -0.00054911  0.00692462  0.
   0.          0.         -0.00362094  0.00359123]
 [ 0.01027637  0.00515192 -0.0097654  -0.02155351  0.01951403  0.
   0.          0.          0.00134282  0.01977067]] 
Episode: 56: [[ 0.00696855  0.00475698 -0.01015651 -0.00060387  0.00715036  0.
   0.          0.         -0.00365243  0.00361235]
 [ 0.01042573  0.00514508 -0.0102697  -0.02200122  0.0198829   0.
   0.          0.          0.00114619  0.0200983 ]] 
Episode: 57: [[ 0.00694977  0.00479254 -0.01034074 -0.00060404  0.00737711  0.
   0.          0.         -0.00368634  0.00362183]
 [ 0.01061917  0.00512886 -0.01077341 -0.02242267  0.02024918  0.
   0.          0.          0.00106289  0.02041638]] 
Episode: 58: [[ 0.00695581  0.00486245 -0.01054362 -0.00064213  0.00758059  0.
   0.          0.         -0.00371218  0.003631  ]
 [ 0.01085895  0.00516983 -0.01130693 -0.02282651  0.02058036  0.
   0.          0.          0.00091963  0.02070039]] 
Episode: 59: [[ 0.00704199  0.00496099 -0.01079801 -0.0006681   0.00776387  0.
   0.          0.         -0.0037884   0.00361023]
 [ 0.01123841  0.00528321 -0.01191143 -0.02322863  0.02089225  0.
   0.          0.          0.00079869  0.0209513 ]] 
Episode: 60: [[ 0.00705485  0.00499327 -0.01098122 -0.00061693  0.00804582  0.
   0.          0.         -0.00380803  0.00355227]
 [ 0.01154334  0.00521054 -0.01237739 -0.02351225  0.0212797   0.
   0.          0.          0.00064024  0.02115294]] 
Episode: 61: [[ 0.00707811  0.00498753 -0.01116178 -0.00052599  0.00830731  0.
   0.          0.         -0.00383088  0.00347863]
 [ 0.0118572   0.00511267 -0.0128547  -0.02383858  0.02163444  0.
   0.          0.          0.00065313  0.02140231]] 
Episode: 62: [[ 0.00713653  0.00492255 -0.01143557 -0.00061061  0.00858339  0.
   0.          0.         -0.00390126  0.00342829]
 [ 0.01225016  0.00501351 -0.0134282  -0.02429544  0.02203131  0.
   0.          0.          0.00063514  0.02170623]] 
Episode: 63: [[ 0.00719671  0.00470202 -0.01180857 -0.0004198   0.00871528  0.
   0.          0.         -0.0039186   0.00327679]
 [ 0.01265217  0.00475223 -0.01407519 -0.02459131  0.02226246  0.
   0.          0.          0.00075901  0.02198093]] 
Episode: 64: [[ 0.00722904  0.00450464 -0.01209622 -0.00014458  0.00884713  0.
   0.          0.         -0.00394317  0.00312646]
 [ 0.01289978  0.00452534 -0.01459878 -0.02486529  0.02251499  0.
   0.          0.          0.0007644   0.0222757 ]] 
Episode: 65: [[ 7.2705629e-03  4.3514110e-03 -1.2378406e-02  7.2747520e-05
   8.9571141e-03  0.0000000e+00  0.0000000e+00  0.0000000e+00
  -3.9654090e-03  3.0081628e-03]
 [ 1.3129407e-02  4.3506208e-03 -1.5112782e-02 -2.5145082e-02
   2.2738805e-02  0.0000000e+00  0.0000000e+00  0.0000000e+00
   7.7667128e-04  2.2566527e-02]] 
Episode: 66: [[ 0.00731301  0.0042235  -0.01265533  0.00027698  0.0091003   0.
   0.          0.         -0.00397911  0.00289887]
 [ 0.01335359  0.00419252 -0.01563559 -0.02543952  0.02300723  0.
   0.          0.          0.00076776  0.02287689]] 
Episode: 67: [[ 0.00736068  0.00416678 -0.01299169  0.00049046  0.00934756  0.
   0.          0.         -0.00404804  0.00274908]
 [ 0.01361497  0.00410596 -0.01622248 -0.025755    0.02338035  0.
   0.          0.          0.00075331  0.02320267]] 
Episode: 68: [[ 0.00740279  0.0041129  -0.01330164  0.00068771  0.00957769  0.
   0.          0.         -0.0041044   0.00261747]
 [ 0.01388044  0.00401238 -0.01677326 -0.02608251  0.02372206  0.
   0.          0.          0.0007194   0.02353074]] 
Episode: 69: [[ 0.00745209  0.00407116 -0.01361045  0.00081868  0.00984988  0.
   0.          0.         -0.00416448  0.00253834]
 [ 0.0141568   0.00393881 -0.01731614 -0.0264232   0.02411149  0.
   0.          0.          0.0006722   0.02386159]] 
Episode: 70: [[ 0.00749996  0.00403842 -0.0138958   0.00090475  0.01010188  0.
   0.          0.         -0.00421893  0.00248878]
 [ 0.01442301  0.00388302 -0.01781597 -0.02676046  0.02447419  0.
   0.          0.          0.00062641  0.02417949]] 
Episode: 71: [[ 0.0075534   0.00403036 -0.01418112  0.00096456  0.01035495  0.
   0.          0.         -0.00428638  0.0024584 ]
 [ 0.01469259  0.00385414 -0.0183055  -0.02709739  0.02484113  0.
   0.          0.          0.00057303  0.02449305]] 
Episode: 72: [[ 0.00761479  0.00409955 -0.01446775  0.00094967  0.01063641  0.
   0.          0.         -0.00434534  0.00250364]
 [ 0.01497862  0.0038694  -0.01878782 -0.02746487  0.02523664  0.
   0.          0.          0.00052781  0.02484729]] 
Episode: 73: [[ 0.00767181  0.00421568 -0.01472703  0.00094012  0.01099531  0.
   0.          0.         -0.00437246  0.00249631]
 [ 0.01522388  0.00384603 -0.01924254 -0.02783245  0.02569793  0.
   0.          0.          0.00047851  0.02520283]] 
Episode: 74: [[ 0.00771967  0.0043269  -0.01494422  0.0009675   0.01130832  0.
   0.          0.         -0.00437603  0.00246581]
 [ 0.01546129  0.00382122 -0.01963245 -0.02818368  0.02612334  0.
   0.          0.          0.00042051  0.02554991]] 
Episode: 75: [[ 0.00777391  0.00444756 -0.01515946  0.00095174  0.01160821  0.
   0.          0.         -0.0043836   0.00247031]
 [ 0.01570304  0.0038174  -0.02001153 -0.0285392   0.02652756  0.
   0.          0.          0.00036565  0.02589172]] 
Episode: 76: [[ 0.00782241  0.00457239 -0.01535197  0.00091071  0.01189028  0.
   0.          0.         -0.0043874   0.00250004]
 [ 0.01594218  0.00383319 -0.02036059 -0.02890174  0.02692275  0.
   0.          0.          0.0003155   0.02623365]] 
Episode: 77: [[ 0.00786892  0.00470353 -0.01553776  0.00084953  0.01216733  0.
   0.          0.         -0.00439727  0.00254891]
 [ 0.01617478  0.00386677 -0.02069768 -0.02926151  0.02731367  0.
   0.          0.          0.00026485  0.02656874]] 
Episode: 78: [[ 0.00785254  0.00479133 -0.0156725   0.00087023  0.01230413  0.
   0.          0.         -0.0043819   0.00254317]
 [ 0.01633113  0.00390515 -0.0209743  -0.02965528  0.02760004  0.
   0.          0.          0.0001868   0.02692767]] 
Episode: 79: [[ 0.00785587  0.00490925 -0.01584684  0.0008038   0.01248601  0.
   0.          0.         -0.00438242  0.00259083]
 [ 0.01652077  0.00397431 -0.02130058 -0.03007975  0.02792807  0.
   0.          0.          0.00010465  0.02728843]] 
Episode: 80: [[ 7.8608496e-03  5.0243433e-03 -1.6028835e-02  7.1138574e-04
   1.2685898e-02  0.0000000e+00  0.0000000e+00  0.0000000e+00
  -4.3921615e-03  2.6509322e-03]
 [ 1.6710760e-02  4.0490264e-03 -2.1637142e-02 -3.0501798e-02
   2.8271401e-02  0.0000000e+00  0.0000000e+00  0.0000000e+00
   2.2412574e-05  2.7634002e-02]] 
Episode: 81: [[ 7.8681661e-03  5.1423931e-03 -1.6199995e-02  6.2283705e-04
   1.2883515e-02  0.0000000e+00  0.0000000e+00  0.0000000e+00
  -4.4092345e-03  2.7054108e-03]
 [ 1.6905038e-02  4.1302955e-03 -2.1956315e-02 -3.0914679e-02
   2.8612236e-02  0.0000000e+00  0.0000000e+00  0.0000000e+00
  -5.3106629e-05  2.7966270e-02]] 
Episode: 82: [[ 0.00786668  0.00521292 -0.01638911  0.00058126  0.01307386  0.
   0.          0.         -0.0043839   0.00273742]
 [ 0.01702094  0.00421659 -0.0222557  -0.03131136  0.02897783  0.
   0.          0.         -0.00010479  0.02834316]] 
Episode: 83: [[ 0.00787851  0.00528156 -0.01659004  0.00049788  0.01327919  0.
   0.          0.         -0.00436746  0.00279087]
 [ 0.01718051  0.00430539 -0.02258096 -0.03172456  0.02935438  0.
   0.          0.         -0.0001603   0.02871635]] 
Episode: 84: [[ 0.0078895   0.0053593  -0.01677105  0.00043621  0.01347628  0.
   0.          0.         -0.00435172  0.00283567]
 [ 0.01734101  0.00438723 -0.02290228 -0.03210119  0.02971063  0.
   0.          0.         -0.00020721  0.0290592 ]] 
Episode: 85: [[ 0.00793189  0.00536858 -0.01697327  0.00035478  0.01370796  0.
   0.          0.         -0.00441845  0.00286844]
 [ 0.01760066  0.00441636 -0.02325475 -0.0325291   0.03009836  0.
   0.          0.         -0.00021267  0.02943244]] 
Episode: 86: [[ 0.00794036  0.00530017 -0.01714168  0.00029751  0.01390487  0.
   0.          0.         -0.00440329  0.00291678]
 [ 0.01786179  0.00451912 -0.02359578 -0.0330039   0.03052146  0.
   0.          0.         -0.00022965  0.02978267]] 
Episode: 87: [[ 0.0079502   0.00523666 -0.01731485  0.00021492  0.01410147  0.
   0.          0.         -0.00438743  0.00297456]
 [ 0.01811037  0.00461718 -0.02393966 -0.03346536  0.03093157  0.
   0.          0.         -0.0002507   0.03011665]] 
Episode: 88: [[ 0.00796861  0.00520459 -0.01748308  0.00015018  0.01426994  0.
   0.          0.         -0.00432385  0.0030083 ]
 [ 0.01837789  0.00471957 -0.02427928 -0.03391     0.03130463  0.
   0.          0.         -0.00027525  0.03043893]] 
Episode: 89: [[ 0.00795476  0.00513184 -0.01761455  0.00016085  0.01442346  0.
   0.          0.         -0.00425192  0.00298256]
 [ 0.01860274  0.00476454 -0.02456429 -0.03432582  0.03167154  0.
   0.          0.         -0.0002778   0.03073772]] 
Episode: 90: [[ 0.00784879  0.00502175 -0.01758216  0.00033305  0.01449561  0.
   0.          0.         -0.00410397  0.00290788]
 [ 0.01872239  0.00481239 -0.02462483 -0.03472729  0.03196555  0.
   0.          0.         -0.00019325  0.0311051 ]] 
Episode: 91: [[ 7.7553419e-03  4.9471762e-03 -1.7548451e-02  5.1375473e-04
   1.4519691e-02  0.0000000e+00  0.0000000e+00  0.0000000e+00
  -3.9069839e-03  2.8251377e-03]
 [ 1.8837148e-02  4.8628701e-03 -2.4681950e-02 -3.5128839e-02
   3.2168295e-02  0.0000000e+00  0.0000000e+00  0.0000000e+00
  -8.6682070e-05  3.1489015e-02]] 
Episode: 92: [[ 0.00766212  0.00483151 -0.01755491  0.00080107  0.01463236  0.
   0.          0.         -0.00367205  0.00268788]
 [ 0.01878409  0.00501693 -0.02474802 -0.03546902  0.03248878  0.
   0.          0.          0.00037691  0.03199949]] 
Episode: 93: [[ 0.00759116  0.0047642  -0.01758062  0.00103356  0.01475853  0.
   0.          0.         -0.00346878  0.00259425]
 [ 0.01877261  0.00518705 -0.02484052 -0.03581521  0.03281168  0.
   0.          0.          0.00079208  0.03249191]] 
Episode: 94: [[ 0.00752309  0.00471873 -0.01761258  0.00121554  0.01488173  0.
   0.          0.         -0.00329015  0.00253725]
 [ 0.01877106  0.00535903 -0.02493908 -0.03616348  0.03312039  0.
   0.          0.          0.00116805  0.03296267]] 
Episode: 95: [[ 0.00746075  0.00471376 -0.01763622  0.00136502  0.01497592  0.
   0.          0.         -0.00312466  0.00251696]
 [ 0.01881207  0.00555517 -0.02501504 -0.03653229  0.0334226   0.
   0.          0.          0.00150942  0.03343536]] 
Episode: 96: [[ 0.0074119   0.00473794 -0.01769489  0.00146489  0.01510567  0.
   0.          0.         -0.00298061  0.00253148]
 [ 0.01887407  0.00574892 -0.02513544 -0.03690924  0.03374397  0.
   0.          0.          0.00181433  0.03389509]] 
Episode: 97: [[ 0.00737011  0.00476463 -0.01775007  0.00154917  0.01522811  0.
   0.          0.         -0.00284768  0.00254367]
 [ 0.0189304   0.0059186  -0.02524657 -0.03726055  0.0340377   0.
   0.          0.          0.00209293  0.03432822]] 
Episode: 98: [[ 0.00734484  0.00478088 -0.01783025  0.00160784  0.0153642   0.
   0.          0.         -0.00275669  0.00256332]
 [ 0.01900992  0.00607068 -0.02539173 -0.03760069  0.03433216  0.
   0.          0.          0.00233003  0.03472994]] 
Episode: 99: [[ 0.00732209  0.00480129 -0.01790724  0.00164585  0.01548033  0.
   0.          0.         -0.00267071  0.00259717]
 [ 0.01910865  0.00621733 -0.0255333  -0.03793337  0.0346017   0.
   0.          0.          0.00254684  0.03511125]] 
Episode: 100: [[ 0.00731429  0.00486266 -0.01799701  0.00164562  0.01561135  0.
   0.          0.         -0.00260661  0.00265901]
 [ 0.01922857  0.00639915 -0.02568989 -0.03826545  0.03488006  0.
   0.          0.          0.002735    0.03547421]] 
Episode: 101: [[ 0.00729992  0.00492152 -0.01807452  0.00165172  0.01575472  0.
   0.          0.         -0.00255894  0.00270877]
 [ 0.01933788  0.00655365 -0.02582898 -0.03857592  0.03517045  0.
   0.          0.          0.00289517  0.03581565]] 
Episode: 102: [[ 0.00726547  0.00493857 -0.0181335   0.00167958  0.01586928  0.
   0.          0.         -0.00251041  0.00273766]
 [ 0.01944312  0.00668338 -0.0259582  -0.03889845  0.03545311  0.
   0.          0.          0.00303443  0.03615835]] 
Episode: 103: [[ 0.0072414   0.00499487 -0.01819388  0.00167969  0.01600528  0.
   0.          0.         -0.00247911  0.00279268]
 [ 0.01956777  0.00683177 -0.02608641 -0.03921746  0.03574586  0.
   0.          0.          0.0031517   0.03648894]] 
Episode: 104: [[ 0.00714919  0.00492718 -0.0182096   0.00168057  0.01593515  0.
   0.          0.         -0.00232452  0.00287577]
 [ 0.01969729  0.00699895 -0.0261711  -0.03960037  0.03592587  0.
   0.          0.          0.00326961  0.03686902]] 
Episode: 105: [[ 0.00704976  0.00492735 -0.01820931  0.00168713  0.01601531  0.
   0.          0.         -0.00221435  0.00297006]
 [ 0.01982624  0.00714473 -0.02623716 -0.03998784  0.03626625  0.
   0.          0.          0.00333064  0.03725735]] 
Episode: 106: [[ 0.00695913  0.00492944 -0.0182108   0.00166727  0.01608396  0.
   0.          0.         -0.00211998  0.00307331]
 [ 0.01996798  0.00731552 -0.02629556 -0.04037572  0.03660975  0.
   0.          0.          0.0033767   0.03762637]] 
Episode: 107: [[ 0.00684907  0.00489652 -0.01820079  0.0016099   0.01608676  0.
   0.          0.         -0.00201813  0.00320905]
 [ 0.02010473  0.00751222 -0.02634538 -0.04080234  0.03689429  0.
   0.          0.          0.00340534  0.03801175]] 
Episode: 108: [[ 0.00675504  0.004888   -0.01821178  0.00152603  0.01609815  0.
   0.          0.         -0.00193487  0.00336071]
 [ 0.02025415  0.00771278 -0.02641799 -0.04121601  0.0371634   0.
   0.          0.          0.00342797  0.03837776]] 
Episode: 109: [[ 0.00668108  0.00491997 -0.01827356  0.00140316  0.01616232  0.
   0.          0.         -0.00187881  0.00353493]
 [ 0.0204131   0.00792995 -0.02655531 -0.04162276  0.03746488  0.
   0.          0.          0.00344029  0.03872813]] 
Episode: 110: [[ 0.00661836  0.00496063 -0.01834728  0.00126623  0.0162443   0.
   0.          0.         -0.00182754  0.00370682]
 [ 0.02057481  0.00813924 -0.0267081  -0.04200867  0.03776432  0.
   0.          0.          0.00345039  0.03904977]] 
Episode: 111: [[ 0.00653754  0.00500313 -0.01840372  0.00113124  0.01631635  0.
   0.          0.         -0.00175256  0.00388162]
 [ 0.02071908  0.00835573 -0.02684555 -0.04238494  0.03804972  0.
   0.          0.          0.00346014  0.03936409]] 
Episode: 112: [[ 0.00642491  0.00507503 -0.01842204  0.0010274   0.01638407  0.
   0.          0.         -0.00165023  0.00403908]
 [ 0.02082917  0.00860342 -0.02690363 -0.04276672  0.03833997  0.
   0.          0.          0.0034809   0.03969585]] 
Episode: 113: [[ 0.0063289   0.00514761 -0.01843831  0.00090645  0.01644361  0.
   0.          0.         -0.001549    0.00417325]
 [ 0.02095022  0.00887258 -0.02695962 -0.04314711  0.03861478  0.
   0.          0.          0.00346674  0.03999449]] 
Episode: 114: [[ 0.00621498  0.00520057 -0.01848233  0.00078246  0.01651795  0.
   0.          0.         -0.00148161  0.00431033]
 [ 0.02106285  0.0090779  -0.02706426 -0.0435427   0.03888348  0.
   0.          0.          0.00346774  0.0402895 ]] 
Episode: 115: [[ 0.00615228  0.00528471 -0.01853343  0.00075927  0.01669654  0.
   0.          0.         -0.0013809   0.00431995]
 [ 0.02126562  0.00919996 -0.02720173 -0.04390547  0.03922096  0.
   0.          0.          0.00352578  0.04055627]] 
Episode: 116: [[ 0.00610098  0.00529991 -0.01860714  0.00075558  0.01684714  0.
   0.          0.         -0.00132206  0.00430585]
 [ 0.02146387  0.00928163 -0.02735179 -0.04423928  0.03953584  0.
   0.          0.          0.00357491  0.04080641]] 
Episode: 117: [[ 0.00605189  0.00529913 -0.01866022  0.00074237  0.01702793  0.
   0.          0.         -0.00124005  0.00432402]
 [ 0.02165491  0.00934023 -0.02747804 -0.04457936  0.03987849  0.
   0.          0.          0.0035912   0.04106371]] 
Episode: 118: [[ 0.00601223  0.00528269 -0.01876542  0.00078339  0.0172984   0.
   0.          0.         -0.00113628  0.00426855]
 [ 0.02185354  0.00933101 -0.0276699  -0.04495846  0.04030783  0.
   0.          0.          0.00362003  0.04135056]] 
Episode: 119: [[ 0.00600936  0.00502227 -0.01893606  0.00075998  0.01731353  0.
   0.          0.         -0.00071853  0.00404512]
 [ 0.02218766  0.00950199 -0.02800754 -0.04550264  0.04074196  0.
   0.          0.          0.00356405  0.04156883]] 
Episode: 120: [[ 0.00602612  0.00477934 -0.01907689  0.00074676  0.01727125  0.
   0.          0.         -0.00031914  0.00380184]
 [ 0.0225384   0.0096592  -0.02830003 -0.04606356  0.04106355  0.
   0.          0.          0.00349848  0.04181933]] 
Episode: 121: [[ 6.0312669e-03  4.5462949e-03 -1.9203743e-02  7.7971671e-04
   1.7223643e-02  0.0000000e+00  0.0000000e+00  0.0000000e+00
   2.9492319e-05  3.5726107e-03]
 [ 2.2861976e-02  9.7960765e-03 -2.8581919e-02 -4.6592519e-02
   4.1355327e-02  0.0000000e+00  0.0000000e+00  0.0000000e+00
   3.4248063e-03  4.2082321e-02]] 
Episode: 122: [[ 0.00605424  0.00437373 -0.0193439   0.00074677  0.01719578  0.
   0.          0.          0.00033682  0.00341296]
 [ 0.02321425  0.00994769 -0.02887424 -0.04712635  0.04164075  0.
   0.          0.          0.00335532  0.04235582]] 
Episode: 123: [[ 0.00608228  0.00426037 -0.01951963  0.00069172  0.01721787  0.
   0.          0.          0.00064827  0.00327575]
 [ 0.02358076  0.01012882 -0.02921898 -0.04766658  0.04197964  0.
   0.          0.          0.00328705  0.04264033]] 
Episode: 124: [[ 0.00611085  0.00422055 -0.01970964  0.00059444  0.01726252  0.
   0.          0.          0.00090609  0.003175  ]
 [ 0.02394821  0.01037286 -0.02958201 -0.04821589  0.04233528  0.
   0.          0.          0.00321651  0.0429328 ]] 
Episode: 125: [[ 0.00614869  0.00415556 -0.01990627  0.00051575  0.01729388  0.
   0.          0.          0.0011311   0.00307937]
 [ 0.02433616  0.01059798 -0.02996858 -0.0487374   0.0426774   0.
   0.          0.          0.00312891  0.04320401]] 
Episode: 126: [[ 0.00620602  0.00411974 -0.02013282  0.00038817  0.01734629  0.
   0.          0.          0.00131525  0.00301958]
 [ 0.02475129  0.01083138 -0.03039453 -0.04926793  0.04302809  0.
   0.          0.          0.00303578  0.04348484]] 
Episode: 127: [[ 0.00625593  0.00409858 -0.02034934  0.00027057  0.01742885  0.
   0.          0.          0.00148535  0.0029594 ]
 [ 0.02514235  0.01106346 -0.03080193 -0.04977186  0.04339977  0.
   0.          0.          0.00295342  0.0437504 ]] 
Episode: 128: [[ 0.00632438  0.00409766 -0.02055824  0.00013628  0.01751513  0.
   0.          0.          0.00163404  0.0029123 ]
 [ 0.0255433   0.01129484 -0.03119098 -0.05024878  0.04374981  0.
   0.          0.          0.00287504  0.04399443]] 
Episode: 129: [[ 6.3877176e-03  4.1374555e-03 -2.0739544e-02  5.2993713e-05
   1.7594701e-02  0.0000000e+00  0.0000000e+00  0.0000000e+00
   1.7729222e-03  2.8739353e-03]
 [ 2.5910269e-02  1.1532788e-02 -3.1505492e-02 -5.0684445e-02
   4.4091843e-02  0.0000000e+00  0.0000000e+00  0.0000000e+00
   2.7891661e-03  4.4245660e-02]] 
Episode: 130: [[ 6.4330511e-03  4.1858475e-03 -2.0923236e-02  5.2711359e-05
   1.7657248e-02  0.0000000e+00  0.0000000e+00  0.0000000e+00
   1.9008310e-03  2.8076847e-03]
 [ 2.6255401e-02  1.1758326e-02 -3.1828623e-02 -5.1076096e-02
   4.4385459e-02  0.0000000e+00  0.0000000e+00  0.0000000e+00
   2.7161005e-03  4.4488966e-02]] 
Episode: 131: [[ 6.4856121e-03  4.2452472e-03 -2.1113258e-02  2.7148093e-05
   1.7733840e-02  0.0000000e+00  0.0000000e+00  0.0000000e+00
   2.0059375e-03  2.7556170e-03]
 [ 2.6581356e-02  1.1978532e-02 -3.2149956e-02 -5.1468879e-02
   4.4683617e-02  0.0000000e+00  0.0000000e+00  0.0000000e+00
   2.6450048e-03  4.4740807e-02]] 
Episode: 132: [[ 6.5462147e-03  4.2914771e-03 -2.1304322e-02 -1.5082576e-05
   1.7809115e-02  0.0000000e+00  0.0000000e+00  0.0000000e+00
   2.0955796e-03  2.7142549e-03]
 [ 2.6908681e-02  1.2182298e-02 -3.2473907e-02 -5.1840562e-02
   4.4961844e-02  0.0000000e+00  0.0000000e+00  0.0000000e+00
   2.5755812e-03  4.4969361e-02]] 
Episode: 133: [[ 6.5351287e-03  4.2725145e-03 -2.1549154e-02 -2.2612525e-05
   1.7939208e-02  0.0000000e+00  0.0000000e+00  0.0000000e+00
   2.1320605e-03  2.6472174e-03]
 [ 2.7136708e-02  1.2285899e-02 -3.2857567e-02 -5.2219540e-02
   4.5329522e-02  0.0000000e+00  0.0000000e+00  0.0000000e+00
   2.5135139e-03  4.5229685e-02]] 
Episode: 134: [[ 0.00656243  0.00431019 -0.02185034 -0.00014261  0.01809834  0.
   0.          0.          0.00216752  0.00267109]
 [ 0.02746733  0.01246908 -0.03331097 -0.05268249  0.04572563  0.
   0.          0.          0.00247149  0.04554472]] 
Episode: 135: [[ 0.00656269  0.00432248 -0.02210946 -0.00023516  0.01819773  0.
   0.          0.          0.00217936  0.00268972]
 [ 0.02775521  0.01263709 -0.03374043 -0.05315122  0.04603818  0.
   0.          0.          0.00243862  0.0458819 ]] 
Episode: 136: [[ 0.00657704  0.00430551 -0.0223748  -0.00034336  0.01839495  0.
   0.          0.          0.0021699   0.00275945]
 [ 0.02807413  0.0127433  -0.03415349 -0.05361782  0.04643891  0.
   0.          0.          0.00244329  0.04625772]] 
Episode: 137: [[ 0.0066077   0.00434499 -0.02263291 -0.00048567  0.01857448  0.
   0.          0.          0.0021507   0.002844  ]
 [ 0.02840277  0.01289823 -0.03455714 -0.0540772   0.04680837  0.
   0.          0.          0.00243901  0.04661058]] 
Episode: 138: [[ 0.00664697  0.00439898 -0.02289204 -0.0006125   0.01875314  0.
   0.          0.          0.00212946  0.00291986]
 [ 0.02872703  0.01306527 -0.03496409 -0.0545007   0.04716652  0.
   0.          0.          0.00243183  0.04693197]] 
Episode: 139: [[ 0.00662292  0.00444652 -0.02307487 -0.00061397  0.01890152  0.
   0.          0.          0.00208821  0.00293353]
 [ 0.02894909  0.01314173 -0.03526318 -0.05486879  0.04744963  0.
   0.          0.          0.00237613  0.0472436 ]] 
Episode: 140: [[ 0.00661436  0.00451106 -0.02325151 -0.00063453  0.01904642  0.
   0.          0.          0.00204524  0.00295208]
 [ 0.02917678  0.01324334 -0.03554901 -0.05521522  0.04771678  0.
   0.          0.          0.00232145  0.04752629]] 
Episode: 141: [[ 0.00661774  0.00456894 -0.02343147 -0.00063227  0.01916706  0.
   0.          0.          0.00198541  0.00296946]
 [ 0.02941069  0.01334313 -0.03584195 -0.05551102  0.04794432  0.
   0.          0.          0.00225449  0.04777545]] 
Episode: 142: [[ 0.00664691  0.00461382 -0.02358441 -0.00065377  0.01926083  0.
   0.          0.          0.00193069  0.00299742]
 [ 0.0296854   0.0134093  -0.0360982  -0.05579481  0.04813371  0.
   0.          0.          0.00221476  0.04801385]] 
Episode: 143: [[ 0.00668002  0.0046321  -0.02373549 -0.0006429   0.01937014  0.
   0.          0.          0.00186334  0.00299215]
 [ 0.02999531  0.01347282 -0.03633501 -0.05611242  0.04837865  0.
   0.          0.          0.00214262  0.04826177]] 
Episode: 144: [[ 0.006725    0.0046118  -0.02388674 -0.00062581  0.01947832  0.
   0.          0.          0.00179624  0.00299402]
 [ 0.0303151   0.0135023  -0.03657137 -0.05639278  0.04860833  0.
   0.          0.          0.0020746   0.04849166]] 
Episode: 145: [[ 0.00678209  0.00457421 -0.02405071 -0.00063004  0.01959953  0.
   0.          0.          0.00172747  0.00299905]
 [ 0.03063988  0.01350681 -0.03682015 -0.0566636   0.04883906  0.
   0.          0.          0.00200696  0.04870495]] 
Episode: 146: [[ 0.00678418  0.00449265 -0.02421482 -0.00058396  0.01968594  0.
   0.          0.          0.00166274  0.00295555]
 [ 0.03089569  0.01354248 -0.03707516 -0.05698501  0.04906823  0.
   0.          0.          0.00191053  0.04891822]] 
Episode: 147: [[ 0.00681766  0.00444033 -0.0244124  -0.00055191  0.01978113  0.
   0.          0.          0.00158836  0.0029292 ]
 [ 0.03118674  0.0135995  -0.03737076 -0.05728663  0.04929097  0.
   0.          0.          0.00181418  0.04911653]] 
Episode: 148: [[ 0.00686197  0.00438026 -0.02459635 -0.00046282  0.01988991  0.
   0.          0.          0.00152645  0.00288524]
 [ 0.0314763   0.01361761 -0.03765026 -0.05757305  0.04953104  0.
   0.          0.          0.00172613  0.04931848]] 
Episode: 149: [[ 0.00692052  0.00432873 -0.02480232 -0.00040432  0.02000492  0.
   0.          0.          0.00144103  0.00285074]
 [ 0.03177394  0.01364448 -0.03795353 -0.0578439   0.04976575  0.
   0.          0.          0.00162769  0.04949718]] 
Episode: 150: [[ 0.00698298  0.00427961 -0.02499923 -0.0003974   0.02010041  0.
   0.          0.          0.00137511  0.0028354 ]
 [ 0.03208348  0.01367459 -0.03824592 -0.05814042  0.04997303  0.
   0.          0.          0.00155726  0.04968734]] 
Episode: 151: [[ 0.00699421  0.00426    -0.02517031 -0.00036405  0.02018194  0.
   0.          0.          0.00133223  0.00284114]
 [ 0.03234404  0.01375443 -0.03850969 -0.05847945  0.05018087  0.
   0.          0.          0.00149633  0.04993388]] 
Episode: 152: [[ 0.00700938  0.00371793 -0.02577096 -0.00085451  0.01998362  0.
   0.          0.          0.00077494  0.00256075]
 [ 0.03228818  0.01364402 -0.03910438 -0.05913358  0.05021755  0.
   0.          0.          0.00099165  0.05047021]] 
Episode: 153: [[ 0.00703622  0.00316245 -0.02633769 -0.00132119  0.01977129  0.
   0.          0.          0.00024599  0.00231096]
 [ 0.03229145  0.01347716 -0.03967548 -0.05974492  0.05023066  0.
   0.          0.          0.00054364  0.05096366]] 
Episode: 154: [[ 0.00695672  0.00259046 -0.02681903 -0.00167395  0.01952315  0.
   0.          0.         -0.00030526  0.00197112]
 [ 0.03209144  0.01317132 -0.04015613 -0.06030716  0.05031213  0.
   0.          0.          0.00020629  0.05135091]] 
Episode: 155: [[ 6.9593107e-03  2.0762498e-03 -2.7202783e-02 -1.8527347e-03
   1.9258674e-02  0.0000000e+00  0.0000000e+00  0.0000000e+00
  -8.1314193e-04  1.6864444e-03]
 [ 3.2097369e-02  1.2800648e-02 -4.0498570e-02 -6.0818646e-02
   5.0299324e-02  0.0000000e+00  0.0000000e+00  0.0000000e+00
  -4.4060362e-05  5.1616468e-02]] 
Episode: 156: [[ 0.0070229   0.00161855 -0.02756754 -0.00203813  0.0193608   0.
   0.          0.         -0.00125128  0.00113277]
 [ 0.03225229  0.01238342 -0.0408696  -0.06125706  0.05065201  0.
   0.          0.         -0.00033885  0.05183579]] 
Episode: 157: [[ 0.00720218  0.00108692 -0.02789192 -0.00179544  0.01970781  0.
   0.          0.         -0.00172217  0.00057193]
 [ 0.03254877  0.0123005  -0.04121494 -0.06124629  0.05126505  0.
   0.          0.         -0.00070219  0.05175521]] 
Episode: 158: [[ 0.00751673  0.00046758 -0.02811677 -0.00196707  0.01940887  0.
   0.          0.         -0.00193037  0.00096419]
 [ 0.03308639  0.01275404 -0.04137109 -0.06154312  0.05115916  0.
   0.          0.         -0.00071982  0.05192177]] 
Episode: 159: [[ 7.7872262e-03  9.5443320e-05 -2.8358819e-02 -1.9438586e-03
   1.9244216e-02  0.0000000e+00  0.0000000e+00  0.0000000e+00
  -2.1854190e-03  1.3707770e-03]
 [ 3.3447318e-02  1.3305212e-02 -4.1630477e-02 -6.1625496e-02
   5.1161166e-02  0.0000000e+00  0.0000000e+00  0.0000000e+00
  -7.5448037e-04  5.2240781e-02]] 
Episode: 160: [[ 7.6605435e-03 -1.2739913e-05 -2.8701717e-02 -1.6956774e-03
   1.8866867e-02  0.0000000e+00  0.0000000e+00  0.0000000e+00
  -2.1833007e-03  1.7908593e-03]
 [ 3.3248067e-02  1.3986617e-02 -4.2107683e-02 -6.1459389e-02
   5.0945569e-02  0.0000000e+00  0.0000000e+00  0.0000000e+00
  -1.0578519e-03  5.2423630e-02]] 
Episode: 161: [[ 0.00752099 -0.0001224  -0.02899828 -0.00142524  0.01857999  0.
   0.          0.         -0.00220237  0.00217886]
 [ 0.03301727  0.01464663 -0.04250574 -0.06125528  0.05081884  0.
   0.          0.         -0.0013068   0.05257098]] 
Episode: 162: [[ 0.00741343 -0.00021933 -0.029273   -0.00115838  0.0183239   0.
   0.          0.         -0.00222732  0.00254122]
 [ 0.03283637  0.01525457 -0.04287811 -0.06104605  0.05070444  0.
   0.          0.         -0.0015213   0.05270972]] 
Episode: 163: [[ 0.0073066  -0.00029972 -0.02953188 -0.0008928   0.01810538  0.
   0.          0.         -0.00225722  0.00287349]
 [ 0.03265917  0.01580328 -0.04324048 -0.06082745  0.05061227  0.
   0.          0.         -0.00170787  0.05283838]] 
Episode: 164: [[ 0.00725339 -0.00035037 -0.02976764 -0.00054734  0.01790597  0.
   0.          0.         -0.00226436  0.00316235]
 [ 0.03254635  0.01631156 -0.04357094 -0.06053347  0.05053503  0.
   0.          0.         -0.00187594  0.05301338]] 
Episode: 165: [[ 0.00721473 -0.00039194 -0.02998473 -0.00023255  0.01772744  0.
   0.          0.         -0.0022708   0.00342081]
 [ 0.03245753  0.01677337 -0.04387847 -0.06026335  0.05046628  0.
   0.          0.         -0.0020291   0.05316706]] 
Episode: 166: [[ 7.1789995e-03 -4.4092239e-04 -3.0179078e-02  4.9104598e-05
   1.7562089e-02  0.0000000e+00  0.0000000e+00  0.0000000e+00
  -2.2757454e-03  3.6562870e-03]
 [ 3.2383233e-02  1.7183453e-02 -4.4152062e-02 -6.0019527e-02
   5.0399292e-02  0.0000000e+00  0.0000000e+00  0.0000000e+00
  -2.1672964e-03  5.3308081e-02]] 
Episode: 167: [[ 0.00714697 -0.00049506 -0.03035963  0.00030875  0.01741463  0.
   0.          0.         -0.00228547  0.0038622 ]
 [ 0.03232064  0.01754827 -0.04440984 -0.05981196  0.05034944  0.
   0.          0.         -0.00229483  0.05345068]] 
Episode: 168: [[ 0.00712366 -0.00054527 -0.03053416  0.00053599  0.01728672  0.
   0.          0.         -0.00229759  0.0040501 ]
 [ 0.03227366  0.01788007 -0.04466555 -0.05963165  0.05031122  0.
   0.          0.         -0.00241105  0.05358069]] 
Episode: 169: [[ 0.00712382 -0.00058213 -0.03071344  0.00072738  0.01718584  0.
   0.          0.         -0.00231288  0.00422455]
 [ 0.03226083  0.01818812 -0.044939   -0.05948837  0.05029403  0.
   0.          0.         -0.00252005  0.05371115]] 
Episode: 170: [[ 0.00713524 -0.00060692 -0.03087998  0.00089166  0.0170981   0.
   0.          0.         -0.00232787  0.00438736]
 [ 0.03226553  0.01847853 -0.0451967  -0.05936994  0.0502835   0.
   0.          0.         -0.00261891  0.05383792]] 
Episode: 171: [[ 0.0071517  -0.00061618 -0.0310334   0.00103656  0.01702205  0.
   0.          0.         -0.00234349  0.004532  ]
 [ 0.0322872   0.01875681 -0.0454418  -0.05927742  0.05028047  0.
   0.          0.         -0.00271069  0.05396248]] 
Episode: 172: [[ 0.00717568 -0.00062065 -0.03118158  0.00116099  0.01695996  0.
   0.          0.         -0.00235923  0.00466426]
 [ 0.03231956  0.01901425 -0.04568256 -0.0592027   0.05028663  0.
   0.          0.         -0.0027943   0.05408059]] 
Episode: 173: [[ 0.00720663 -0.00061188 -0.03132499  0.00126558  0.01691678  0.
   0.          0.         -0.00237996  0.00478623]
 [ 0.03236289  0.01926068 -0.04591712 -0.0591486   0.05030997  0.
   0.          0.         -0.00287476  0.05419805]] 
Episode: 174: [[ 0.00722652 -0.00060134 -0.03145047  0.00135383  0.0168766   0.
   0.          0.         -0.00239787  0.00490143]
 [ 0.03241019  0.01948949 -0.04612579 -0.05910939  0.05033258  0.
   0.          0.         -0.00294692  0.05431641]] 
Episode: 175: [[ 0.00724474 -0.0005786  -0.03157248  0.00142603  0.01685515  0.
   0.          0.         -0.00241285  0.0050067 ]
 [ 0.03247225  0.01971078 -0.04634907 -0.05909818  0.05037669  0.
   0.          0.         -0.0030159   0.05444355]] 
Episode: 176: [[ 0.00724939 -0.00055573 -0.03168832  0.00148816  0.01683756  0.
   0.          0.         -0.00242716  0.00510262]
 [ 0.03252432  0.01991547 -0.04655701 -0.05910574  0.05042307  0.
   0.          0.         -0.00308553  0.05458088]] 
Episode: 177: [[ 0.00725347 -0.00051689 -0.03180144  0.00154704  0.01682482  0.
   0.          0.         -0.00241993  0.00518453]
 [ 0.03260936  0.02011453 -0.04679376 -0.0591456   0.05048461  0.
   0.          0.         -0.00316052  0.05473113]] 
Episode: 178: [[ 0.00726492 -0.0004734  -0.03191346  0.00159086  0.01682416  0.
   0.          0.         -0.00241506  0.00526181]
 [ 0.03269769  0.02030404 -0.04702949 -0.05919585  0.05055387  0.
   0.          0.         -0.00323036  0.0548787 ]] 
Episode: 179: [[ 0.00728051 -0.00042411 -0.0320229   0.00162541  0.01683954  0.
   0.          0.         -0.00241087  0.00533364]
 [ 0.03278624  0.02048115 -0.04726043 -0.0592501   0.05063559  0.
   0.          0.         -0.0033004   0.05502015]] 
Episode: 180: [[ 0.00730371 -0.00036784 -0.0321284   0.00165064  0.01686562  0.
   0.          0.         -0.00240451  0.00539972]
 [ 0.03287603  0.0206541  -0.04748541 -0.05930781  0.05072216  0.
   0.          0.         -0.00336555  0.05515346]] 
Episode: 181: [[ 0.00733314 -0.00030783 -0.03222824  0.00166774  0.01689059  0.
   0.          0.         -0.00240099  0.00546351]
 [ 0.0329708   0.02082811 -0.04769712 -0.0593789   0.05080761  0.
   0.          0.         -0.00342441  0.05529708]] 
Episode: 182: [[ 0.00733816 -0.00020551 -0.03226639  0.00167898  0.01688164  0.
   0.          0.         -0.00237214  0.00552118]
 [ 0.03307218  0.02099983 -0.04780034 -0.05945661  0.05083966  0.
   0.          0.         -0.00344575  0.05542018]] 
Episode: 183: [[ 0.00734311 -0.00010863 -0.03230189  0.00168899  0.01687915  0.
   0.          0.         -0.00234701  0.00557286]
 [ 0.03316578  0.02116091 -0.04789943 -0.05953128  0.05087824  0.
   0.          0.         -0.00346564  0.05553657]] 
Episode: 184: [[ 7.3618614e-03 -1.9157345e-05 -3.2344569e-02  1.6860602e-03
   1.6879980e-02  0.0000000e+00  0.0000000e+00  0.0000000e+00
  -2.3265718e-03  5.6234822e-03]
 [ 3.3264477e-02  2.1310549e-02 -4.8008557e-02 -5.9610385e-02
   5.0917044e-02  0.0000000e+00  0.0000000e+00  0.0000000e+00
  -3.4864957e-03  5.5649891e-02]] 
Episode: 185: [[ 7.3909778e-03  6.5055174e-05 -3.2421730e-02  1.6588637e-03
   1.6895432e-02  0.0000000e+00  0.0000000e+00  0.0000000e+00
  -2.3323949e-03  5.6767655e-03]
 [ 3.3380732e-02  2.1476304e-02 -4.8169482e-02 -5.9705146e-02
   5.0983235e-02  0.0000000e+00  0.0000000e+00  0.0000000e+00
  -3.5175486e-03  5.5755623e-02]] 
Episode: 186: [[ 0.00741465  0.00014541 -0.03249477  0.00163503  0.01691374  0.
   0.          0.         -0.0023377   0.00572305]
 [ 0.03348714  0.02164179 -0.04832103 -0.05979872  0.05104997  0.
   0.          0.         -0.00354195  0.05586019]] 
Episode: 187: [[ 0.0074073   0.00021266 -0.0325563   0.00161773  0.01692928  0.
   0.          0.         -0.00234254  0.00576298]
 [ 0.03358106  0.02177537 -0.04845297 -0.05990398  0.05111474  0.
   0.          0.         -0.00358671  0.05599246]] 
Episode: 188: [[ 0.00741406  0.00029663 -0.03263792  0.00158819  0.01696138  0.
   0.          0.         -0.00235356  0.00580249]
 [ 0.03368748  0.02191259 -0.04861843 -0.0600277   0.05119833  0.
   0.          0.         -0.0036318   0.05613708]] 
Episode: 189: [[ 0.00738997  0.00038154 -0.03270124  0.00156697  0.01700759  0.
   0.          0.         -0.00236286  0.00583531]
 [ 0.03376645  0.02203926 -0.04874847 -0.06016592  0.05130664  0.
   0.          0.         -0.00367929  0.05631544]] 
Episode: 190: [[ 0.00739194  0.00048647 -0.03277345  0.00153506  0.01706205  0.
   0.          0.         -0.00236785  0.00587038]
 [ 0.03386729  0.02217421 -0.04889382 -0.06030307  0.05141881  0.
   0.          0.         -0.00371901  0.05648484]] 
Episode: 191: [[ 0.00739826  0.00059049 -0.03286194  0.00149326  0.0171323   0.
   0.          0.         -0.00237698  0.00590709]
 [ 0.03395993  0.0223069  -0.04906849 -0.0604356   0.05154349  0.
   0.          0.         -0.00375608  0.0566406 ]] 
Episode: 192: [[ 0.00741441  0.00068742 -0.03296167  0.00144519  0.01720615  0.
   0.          0.         -0.00239372  0.00594347]
 [ 0.0340584   0.0224307  -0.04926425 -0.06056524  0.05166788  0.
   0.          0.         -0.00379609  0.0567851 ]] 
Episode: 193: [[ 0.00743343  0.00077758 -0.03305574  0.00139393  0.01727271  0.
   0.          0.         -0.00241316  0.00597967]
 [ 0.03415456  0.02254811 -0.04944961 -0.06069038  0.05178071  0.
   0.          0.         -0.00383608  0.05692209]] 
Episode: 194: [[ 0.00746258  0.00086683 -0.03315428  0.0013355   0.01734144  0.
   0.          0.         -0.00243187  0.00601634]
 [ 0.03425858  0.02266233 -0.04964324 -0.06081442  0.05189143  0.
   0.          0.         -0.00387441  0.05705169]] 
Episode: 195: [[ 0.00749582  0.00095859 -0.03323533  0.00128087  0.01740343  0.
   0.          0.         -0.0024449   0.00604733]
 [ 0.03436286  0.02277687 -0.04980701 -0.06093145  0.05199143  0.
   0.          0.         -0.00390702  0.05716926]] 
Episode: 196: [[ 0.00752828  0.00105244 -0.03331804  0.00122583  0.0174622   0.
   0.          0.         -0.00245815  0.00607608]
 [ 0.03446566  0.02289231 -0.04997109 -0.06104815  0.05208805  0.
   0.          0.         -0.0039367   0.05728265]] 
Episode: 197: [[ 0.00756375  0.00114228 -0.0333966   0.0011699   0.01751758  0.
   0.          0.         -0.00247003  0.00610441]
 [ 0.03456756  0.02300334 -0.05012796 -0.06115868  0.05217767  0.
   0.          0.         -0.00396318  0.05738715]] 
Episode: 198: [[ 0.00755013  0.00118798 -0.03351099  0.00112684  0.01757442  0.
   0.          0.         -0.00247591  0.00611717]
 [ 0.03464321  0.02310893 -0.05035222 -0.06128994  0.05228572  0.
   0.          0.         -0.00399054  0.05750221]] 
Episode: 199: [[ 0.00753785  0.00123347 -0.03362048  0.00108214  0.01763177  0.
   0.          0.         -0.0024871   0.0061299 ]
 [ 0.03471071  0.02321077 -0.05056515 -0.06141561  0.05239021  0.
   0.          0.         -0.00401696  0.05761014]] 
Episode: 200: [[ 0.00752132  0.00127787 -0.03373588  0.0010407   0.01769173  0.
   0.          0.         -0.0025      0.00613904]
 [ 0.03477319  0.02329372 -0.0507969  -0.06154877  0.05249505  0.
   0.          0.         -0.00405001  0.05772033]] 
