21079.671875 22512.416016 15826.389648 6408.297363 53481.574219 
21255.082031 21169.490234 11726.106445 8803.996094 67247.296875 
22567.203125 18855.023438 15755.945312 4538.658691 98525.890625 
24638.259766 28189.388672 11007.724609 10021.541992 52308.847656 
16924.523438 15569.335938 15772.579102 3529.491455 69994.882812 
24675.517578 14158.035156 8032.205566 16005.840820 59035.207031 
18950.890625 16454.740234 11889.915039 11424.733398 87189.679688 
32232.724609 27497.894531 19181.738281 7181.287598 51304.144531 
27956.783203 21199.396484 5670.411133 7707.676270 75544.804688 
42003.351562 26559.917969 17373.798828 5509.815918 64222.304688 
22784.451172 12703.294922 9501.797852 4824.828125 54289.320312 
26166.132812 24053.687500 9256.231445 9416.810547 70720.937500 
39353.023438 15005.125000 12855.946289 6926.702637 62570.164062 
36183.304688 16190.387695 17071.474609 10772.546875 57570.390625 
44716.367188 18335.654297 12504.879883 4703.270996 52663.492188 
19330.630859 13003.807617 16838.970703 7583.503418 48768.226562 
17685.521484 26538.292969 7081.821289 5320.205078 59989.566406 
20131.000000 25185.703125 14844.622070 5503.056152 72912.789062 
13511.217773 13192.553711 7122.152344 4664.399414 65985.390625 
42065.789062 41427.660156 13656.957031 14124.326172 61096.054688 
