23885513576415232.000000 6958993260391956480.000000 7062466685598886264832.000000 3697647831962446559444992.000000 175567518632853372928.000000 
25859212110200832.000000 1019388428753567744.000000 1225361904613101404160.000000 15018317536361235259326464.000000 15803625872675569664.000000 
28757234850725888.000000 4654907270759448576.000000 12009579115422968446976.000000 7874414677133608213282816.000000 24136422078334107648.000000 
35467068983738368.000000 2063740994137882624.000000 18788706897015420747776.000000 174045210479434714316800.000000 3598423381269020672.000000 
36077476178296832.000000 1641112363920785408.000000 1271220370768754900992.000000 773335790157909815459840.000000 11957094394064011264.000000 
49323735139745792.000000 5142016210631655424.000000 53253619938175729270784.000000 70665017046001472956792832.000000 89053484140275433472.000000 
66082285211877376.000000 81267719158691266560.000000 9322951691165518266368.000000 6420238242137505942994944.000000 6615012696909676544.000000 
62694921814933504.000000 3744682342141132800.000000 553946413341268246528.000000 4524437242414384000532480.000000 10619822172874473472.000000 
69064268120588288.000000 13134085307714502656.000000 433969921133792722944.000000 249577493759465573318656.000000 4393380183755718656.000000 
103573059033628672.000000 5905887070622056448.000000 1257124103935085248512.000000 770356496874817647017984.000000 7965043101272113152.000000 
75921887783288832.000000 6315417218817458176.000000 607041460410664353792.000000 114576942811061243871232.000000 2844152082422824960.000000 
89380580122165248.000000 4026140276421558272.000000 10345001405350745735168.000000 183587635528290925543424.000000 4847643412771373056.000000 
132818006748168192.000000 5671340349696507904.000000 405799588805241470976.000000 66783122269539686940672.000000 4646510300458123264.000000 
138997829031952384.000000 8060744043597922304.000000 827540583285235122176.000000 649298730084782183546880.000000 5132480696039768064.000000 
192924192860012544.000000 5048942551340417024.000000 446507731390159650816.000000 385391322742978976415744.000000 4171501760927498240.000000 
124275832192499712.000000 4583216363849383936.000000 10237350737557801926656.000000 781620684090014617829376.000000 20871395911374209024.000000 
176572805687541760.000000 4518227530066427904.000000 598099985562985299968.000000 3202152721702295810605056.000000 8247532377459392512.000000 
199691274612113408.000000 9238193453597196288.000000 3167339678158139949056.000000 5485479462161394192875520.000000 20041192064635895808.000000 
141975804736176128.000000 29464771974769147904.000000 4670126978991961145344.000000 2755132772564092246294528.000000 6348210702871691264.000000 
202626042945339392.000000 79772849537846083584.000000 633787612392177816043520.000000 142780547695378912231030784.000000 209663849199210332160.000000 
168056710173294592.000000 1647803441931616256.000000 507978523788418482176.000000 214847823103411408076800.000000 5534397275968634880.000000 
223473762660515840.000000 24575114023677198336.000000 303842667209944989696.000000 237714255736234288611328.000000 3221718328087150592.000000 
224992514635988992.000000 41905427184682532864.000000 46736195205029869649920.000000 35622689642338243007479808.000000 50095961978869645312.000000 
222828349335011328.000000 1325850356961247232.000000 2118210382363487109120.000000 2093045981265398991945728.000000 11231253992010940416.000000 
260516618637934592.000000 5687458090648076288.000000 372895023290277429248.000000 565788446165654057254912.000000 3649498994914099200.000000 
149906796855689216.000000 25257400571130806272.000000 2079000073682762596352.000000 5921821628784681443917824.000000 16904504193404895232.000000 
212559649465958400.000000 134412983123151159296.000000 14551140529133234159616.000000 13399629578951277387186176.000000 58369351571279446016.000000 
245926872431460352.000000 4093196741820547072.000000 3654718666882221604864.000000 172362629629852078047232.000000 4627952193448706048.000000 
253051329822326784.000000 5353440202025074688.000000 760094253053269508096.000000 185849577448337011900416.000000 5019809341495050240.000000 
459927809842741248.000000 20851424382167285760.000000 2095071591165499277312.000000 120412031668263827013632.000000 3185938295573970944.000000 
187553679853748224.000000 6782174748215345152.000000 1818910439802675396608.000000 103047781808188302557184.000000 4228721995304402944.000000 
352451750818480128.000000 5844973026931638272.000000 3760030277618699862016.000000 167414398618470547718144.000000 4471820442792886272.000000 
326987817433432064.000000 14873520399437529088.000000 324355050584617779200.000000 248894423796783035449344.000000 4366843195741437952.000000 
369403952376053760.000000 45366549051433025536.000000 365466300520557707264.000000 315629051305535196889088.000000 3608739823994535936.000000 
301271374331117568.000000 2047025642228338917376.000000 11746207555372029036199936.000000 609175573302801461342633984.000000 445126815154417172480.000000 
449471591701544960.000000 2723966390535979008.000000 674050800741286674432.000000 1309628901356018830671872.000000 7065200036321165312.000000 
309090516912308224.000000 12382470154083106816.000000 1413682878518854156288.000000 101381738176437370748928.000000 2797732350765563904.000000 
393267443507658752.000000 1733215979078418432.000000 970481879970719203328.000000 1643767747130046766120960.000000 7572116128411942912.000000 
438043783238516736.000000 104854961567230328832.000000 267840891788745244672.000000 137799484073619564265472.000000 3150760520554905600.000000 
423380146414682112.000000 6168524114614026240.000000 8671393415075691757568.000000 24309601261523372781600768.000000 26947539059022495744.000000 
370270951654293504.000000 8528381182298030080.000000 2424396047279571599360.000000 285462373748737289748480.000000 3490865580427182080.000000 
591721286502187008.000000 2156708000801226752.000000 8210338529123544072192.000000 232873210395984176087040.000000 4280123614147117056.000000 
368364776448851968.000000 8085632039048445952.000000 14412279915922612813824.000000 11159762502838710253387776.000000 24196536777071132672.000000 
326173079317250048.000000 2287945433814663168.000000 1107823794944498204672.000000 2689400394130813624516608.000000 19948177778972557312.000000 
411185462951018496.000000 33652057499991277568.000000 4918912014857394978816.000000 106903736787545157009408.000000 3174927236377608192.000000 
438998983965147136.000000 14159670171685355520.000000 6995440175294684594176.000000 24813843010778223375024128.000000 34045634284223463424.000000 
682824964553834496.000000 30306500902389809152.000000 16315072150584877383680.000000 231501792251855822127104.000000 4250381824615776256.000000 
763371406833483776.000000 20199611898989117440.000000 2031350300775322484736.000000 8228128112443227348402176.000000 10147522555116781568.000000 
545973734406619136.000000 8166163019445829632.000000 103049150902475023187968.000000 2083920463441247722274816.000000 7933266115717758976.000000 
491204792484364288.000000 15502403667130056704.000000 23170207183088461545472.000000 307075454605262961246208.000000 7858108448645316608.000000 
475933709845921792.000000 94082104967955480576.000000 405874355595930238976.000000 412868756847085884538880.000000 4283930948036198400.000000 
634875331185999872.000000 24714437540079206400.000000 1202307274433150058496.000000 165380104652388785192960.000000 4008456006278316032.000000 
421167035666399232.000000 1896304752120037376.000000 4557129131066445004800.000000 50633158089096114852593664.000000 52380069842225463296.000000 
605137596103786496.000000 851252879748270915584.000000 1294064749274202548207616.000000 38880995694152791451762688.000000 48818967184138043392.000000 
679795054105067520.000000 25224162334623137792.000000 51853153576450835611648.000000 145396609599680179712557056.000000 196511719806172397568.000000 
536204195636707328.000000 295032377293599145984.000000 4327021085805670039552.000000 27123283135086290689589248.000000 45398096239057174528.000000 
471241509614649344.000000 33698604225241546752.000000 7677085311645113122816.000000 2219953239424245369405440.000000 10931424867697819648.000000 
581944360388526080.000000 51368761037229654016.000000 75452569566626401222656.000000 2255388858329089114636288.000000 8336713215832489984.000000 
572393864950710272.000000 4367598560229720064.000000 432748460472356831232.000000 225884218249455979200512.000000 5021798358029697024.000000 
800389008403202048.000000 4803205550823178240.000000 998408490153811116032.000000 46927834393986372057694208.000000 67709263044585455616.000000 
509863814045368320.000000 9526260002516369408.000000 208603620922871513088.000000 886586981325064242200576.000000 5709337822285004800.000000 
465102455160438784.000000 7608011915310271561728.000000 2513455349155771921203200.000000 37662745045408902098714624.000000 53342208487227129856.000000 
577328198258262016.000000 4398423918470234112.000000 2647377146130032754688.000000 5549457958755789648691200.000000 18205626671296413696.000000 
591664043178065920.000000 3004106010374701056.000000 20205782534166056796160.000000 436331213868993485996032.000000 15317013912059117568.000000 
493190647923081216.000000 184528151371134795776.000000 20576190092718397980672.000000 32404293121327165178118144.000000 26803879068760539136.000000 
597900816728195072.000000 11894532182443556864.000000 7228258261631229755392.000000 180143606792451140878336.000000 4192642070994747392.000000 
655540995827433472.000000 105134439830824943616.000000 14846940330358648864768.000000 4163541106131064208752640.000000 7161005982007427072.000000 
709405726874796032.000000 3487094530421817344.000000 398144032388665049088.000000 413707255040108232966144.000000 9217308230227591168.000000 
601482063538814976.000000 22102835740343795712.000000 6282099830666729357312.000000 653970512136637203349504.000000 4577474714129137664.000000 
664079184653451264.000000 2353705858678504030208.000000 3649202935029995304648704.000000 710677343722350519764647936.000000 921096884200602075136.000000 
526242963886440448.000000 3076972295214858240.000000 70404827017878492413952.000000 41538479762271573731442688.000000 59278792822985064448.000000 
799043068731850752.000000 3245481248264552448.000000 5928111833405827579904.000000 288568452368539192393728.000000 5349290095386034176.000000 
569643539693043712.000000 2124154485159755776.000000 5165553337300200456192.000000 2901200721438375965360128.000000 11322869698883747840.000000 
623207657389424640.000000 2958392440060379136.000000 979988697309121609728.000000 518070033896293191909376.000000 7273040719319662592.000000 
309911783378780160.000000 99827510619922235392.000000 14309056286563374202880.000000 81835733456055452863299584.000000 177940176764663758848.000000 
512864896673644544.000000 5479244123451949056.000000 7286125576193266679808.000000 1433323831972654380744704.000000 4289724824558764032.000000 
631198495583240192.000000 2320220223258492928.000000 1641613151884818776064.000000 208557861676645150097408.000000 7779857305608126464.000000 
862590648929222656.000000 9150613504154140672.000000 86785058373772072976384.000000 2288815655627343504867328.000000 14665069487485616128.000000 
637681078701654016.000000 323030288606729076736.000000 368007320094937804963840.000000 8349659297626091998412800.000000 56594854153258270720.000000 
600465565038936064.000000 11526809314626895872.000000 1626267980579483942912.000000 6753882196355681389379584.000000 21500549658927169536.000000 
468502351271952384.000000 15492073755387101184.000000 278827352710971392000.000000 874488078940531914178560.000000 7963791857039704064.000000 
608752996494344192.000000 21628660355749117952.000000 9301212252814247460864.000000 10100962051103452443967488.000000 15535130630730809344.000000 
746614024992456704.000000 26481557235078004736.000000 30427681421402350551040.000000 1324372893902495417368576.000000 19150563456881524736.000000 
839044057664585728.000000 4801246221102481408.000000 13482666021139211354112.000000 610062217209625815547904.000000 8245968322168881152.000000 
624850808797659136.000000 7395524665386467328.000000 654291116638710267904.000000 2726760527257222349062144.000000 14962553353496690688.000000 
650189535296094208.000000 66356797771723309056.000000 54038336144448019234816.000000 353779872411322104676352.000000 8143851179739185152.000000 
780410401090174976.000000 5812695213830832128.000000 912282575243801268322304.000000 994310643676941253825527808.000000 351538355722961027072.000000 
609071579988492288.000000 20128057159997083090944.000000 56621501559314354456756224.000000 3622555368060296881944657920.000000 5545764669291373789184.000000 
503716204016304128.000000 228135028819335577600.000000 9841080132245378826240.000000 992057753775973400051712.000000 5191154484788592640.000000 
632560996648484864.000000 4365226363892793344.000000 3623594289857464107008.000000 935854343635864406458368.000000 7779407605352366080.000000 
962908440580063232.000000 106767768751932702720.000000 5920312161801175302144.000000 484865282074066676613120.000000 17654096245641183232.000000 
753763599352070144.000000 25137866065005510656.000000 2654167448468200620032.000000 9728961551348511805538304.000000 18397063740320120832.000000 
717820151923212288.000000 7101449835177312256.000000 4408547498060144443392.000000 6883922518703296873496576.000000 11020297293059325952.000000 
592500290490466304.000000 3476983971248603136.000000 2700140474939375353856.000000 266228760748133565071360.000000 8270539658270605312.000000 
732581507842965504.000000 622946837288397570048.000000 509394840006081952874496.000000 152779854351578169763430400.000000 152007341802543644672.000000 
731554563982622720.000000 4093433961454239744.000000 3184608730929292115968.000000 146116686829451122573312.000000 4220149103142633472.000000 
715851613792632832.000000 628267488404414922752.000000 165529606145618976178176.000000 124369230593662919808909312.000000 341607707438376550400.000000 
461064636146384896.000000 5005432127450251264.000000 296667401679229121724416.000000 681047150373490110224138240.000000 223814704586175807488.000000 
540170993071554560.000000 469396607993200508928.000000 1426827056243800014848.000000 6033714966649785156632576.000000 13240641178585530368.000000 
832391668719157248.000000 49659337115386773504.000000 138195512610452016201728.000000 20505098646901330582437888.000000 29576706656523255808.000000 
843218628437344256.000000 2837465127580598272.000000 6909346550068103086080.000000 93661334428826441089024.000000 3112768270646640640.000000 
566188393122234368.000000 5524769952155828224.000000 595345858750462774214656.000000 1876417121851136788991574016.000000 1238299620442629996544.000000 
699880795082326016.000000 4100737192563834880.000000 19886682234368533987328.000000 72236598612317031104512.000000 2622688725234089984.000000 
741310668094832640.000000 39582748453424332800.000000 9079558027004000337920.000000 158917637345495727734784.000000 3988104320926089216.000000 
560692896567656448.000000 13918164641667612672.000000 1038100050675966672896.000000 5833119306984744458125312.000000 37439215350702931968.000000 
637718187219091456.000000 26789561228343640064.000000 135930748974133149696.000000 133566109431090552766464.000000 2213957784553127936.000000 
728721122517843968.000000 6787521123505405952.000000 28884378893895774240768.000000 133990240429597796597760.000000 5931131857595793408.000000 
739147172808753152.000000 5372207216243769344.000000 391466284856809357312.000000 1012650084769756293890048.000000 3744524012466733056.000000 
632344392857812992.000000 19123036083768524800.000000 12802720430698161766400.000000 2796691557579902955814912.000000 13901464159553323008.000000 
749055834159316992.000000 108584188349297721344.000000 626265638370048737280.000000 92372115985096853422080.000000 3009183280193863680.000000 
594829193557049344.000000 105751538532890968064.000000 2544748836346537181184.000000 268312576295717893570560.000000 2319210596706287616.000000 
732395827816824832.000000 8868466725838913536.000000 1532374965223226867712.000000 6763646865038949079842816.000000 10461742087614234624.000000 
741448656804118528.000000 60747590824112422912.000000 232717385848877156925440.000000 86113699427445361269014528.000000 167730340487554400256.000000 
701388706560344064.000000 3445215152866620080128.000000 817448944824771032383488.000000 70712494353561182915264512.000000 179055187108344889344.000000 
536671075761651712.000000 46171118884081369088.000000 76787589618566346833920.000000 67472356038816229165629440.000000 50703732424285618176.000000 
939525951425871872.000000 8052918269587226624.000000 7335742296237960855552.000000 760325719496767888687104.000000 9847396562664161280.000000 
426589380337991680.000000 11509500802582446080.000000 98127959503256225316864.000000 704818805378492955847819264.000000 289961324113179967488.000000 
574907417251282944.000000 23710284356756963328.000000 965826354224669130752.000000 130549364213497171279872.000000 8211038487021879296.000000 
629685842461327360.000000 39388258040610291712.000000 4900687073065333424128.000000 18452455646843373935919104.000000 14864299894926999552.000000 
768613740835766272.000000 3289867424370148769792.000000 24755760230499214163968.000000 34024343831955568343384064.000000 132242731887874801664.000000 
543671460137271296.000000 34766359758184120320.000000 2231203163739422457856.000000 1072107543799024075145216.000000 9284346553684721664.000000 
907420280614289408.000000 2552247963044806656.000000 9143257503083482054656.000000 167838583660173319995392.000000 4464902315630919680.000000 
539374087659585536.000000 8843545195283742720.000000 436543869058323316736.000000 142917951150915699343360.000000 5516871060621885440.000000 
857698371941433344.000000 3178279647330697216.000000 1635623505117904371712.000000 469476482147341691781120.000000 13671676124952788992.000000 
707664512773259264.000000 15849561269460795392.000000 689246156990267260928.000000 370310605059563152474112.000000 6374939280787111936.000000 
597257327548039168.000000 2454487360562266112.000000 699060485740726059008.000000 123074559767965264248832.000000 7506654504629043200.000000 
502544055901618176.000000 10692182774724830429184.000000 204116934141689141919744.000000 659894342731143662224277504.000000 828534401059256270848.000000 
580669957692456960.000000 16883175866849296384.000000 1771496120713253748736.000000 870398089902939124531200.000000 8681608023233265664.000000 
733036155901050880.000000 26974241798414663680.000000 1600808428198516752384.000000 317641980194984713781248.000000 8075810651433336832.000000 
976107046879363072.000000 7715363252057669632.000000 991018786852737908736.000000 169415005659339578933248.000000 8107416662929571840.000000 
674738125251018752.000000 45960338106990198784.000000 9429334032713403858944.000000 246293811184758687793152.000000 3894930331198816256.000000 
697029211675688960.000000 37441409975911972864.000000 29909501751876728651776.000000 404279131349794684928000.000000 12733823492785438720.000000 
657660304489971712.000000 3326826966778118144.000000 439462236801231486976.000000 96335526851562767908864.000000 3595362615775199232.000000 
763210534538444800.000000 3329137315585982464.000000 702483573301248524288.000000 943971847777019102232576.000000 8667081825362903040.000000 
807034387962003456.000000 2142046527816275591168.000000 253594704627080055750656.000000 189669127417976430362886144.000000 172145222720702906368.000000 
747158833004019712.000000 15012209497630310400.000000 1157562464022852272128.000000 1113475664421010427346944.000000 9153411211491016704.000000 
657892576321339392.000000 7398189881572196352.000000 1064273564335360442368.000000 133994753036424421834752.000000 4173870108973727744.000000 
744295292408430592.000000 2196371096066850816.000000 1003300595617786494976.000000 354220828858037204680704.000000 7126532993941766144.000000 
607931867466825728.000000 10989573639644381184.000000 1171953083313417093120.000000 619239256213514203693056.000000 10018672986480967680.000000 
749353252054630400.000000 4145363895634100224.000000 2961427784845366394880.000000 188133568992158704205824.000000 5431437357876248576.000000 
978421450136354816.000000 249080461445677711360.000000 406159870582981623021568.000000 181703601966019761460477952.000000 489091271376156753920.000000 
723101381149327360.000000 7053337955124903936.000000 166310692450591605522432.000000 230795460800781148437348352.000000 356070313954235121664.000000 
619381013327380480.000000 16905358513939677184.000000 702586382036492091392.000000 404600976593565090054144.000000 8887493224801763328.000000 
604657178241925120.000000 17858361316826152960.000000 1519602052992562364416.000000 1534799803467694851751936.000000 7824769606823706624.000000 
941283452043395072.000000 3117669618605359104.000000 15783354660579379773440.000000 72661812528376273935794176.000000 68522277126535118848.000000 
618110871238868992.000000 2029817212130295808.000000 865383556897843445760.000000 448824163206522222936064.000000 5954505825534869504.000000 
644062369311358976.000000 1701904224381566976.000000 527732261732111876096.000000 1350322130552245949825024.000000 13655130673978015744.000000 
698228022947348480.000000 12163908133202165760.000000 20537351049531954823168.000000 6429428755911479423664128.000000 23068422453810167808.000000 
618854415977152512.000000 708729291928225447936.000000 499492397203013744197632.000000 170612810686351146613735424.000000 230987214758344654848.000000 
643341639439351808.000000 11025954280384233472.000000 533783938547018891264.000000 41627711275042125259997184.000000 40566710205214097408.000000 
707021504629440512.000000 353648045857779482624.000000 34464347839407073525760.000000 230055055907559323992064.000000 7742979135856705536.000000 
1076973975868801024.000000 858469264832434536448.000000 129445459887234624782336.000000 4011852953152198262390784.000000 24313183965661888512.000000 
1013071528293564416.000000 4684083911314112512.000000 900214466784671039488.000000 571692809392324853366784.000000 10712128373049524224.000000 
566057413799575552.000000 10390101208483233792.000000 7252304105941667676160.000000 273149802583483995914240.000000 16873865202385289216.000000 
778729866286596096.000000 499410108837997314048.000000 24327702093116903260160.000000 4826827512255300887379968.000000 17794144340205895680.000000 
867346242877784064.000000 74083545367174971392.000000 23000840311901939302400.000000 1010249053678818497134592.000000 21062414066467733504.000000 
707235222202089472.000000 51774225741181353984.000000 1865797696998206341120.000000 999880037954354705072128.000000 7500865026152988672.000000 
847344614540050432.000000 3533566488881397760.000000 4283216824030050910208.000000 422347681141196171771904.000000 10058366455755309056.000000 
815980426882449408.000000 110852973418608852992.000000 268265054312449880096768.000000 6455981691084079716368384.000000 144310681243274444800.000000 
723031837038870528.000000 6465078893299630080.000000 12601412905054421123072.000000 7542629808841611307646976.000000 28701416235976359936.000000 
789690347948081152.000000 14129188410828521472.000000 489009186236073508864.000000 25962768489450103019405312.000000 30875550946322022400.000000 
639764309638905856.000000 1875207048128364544.000000 13807257334782405640192.000000 6867709560044763087896576.000000 11875436964003971072.000000 
822041141133180928.000000 59986135041412431872.000000 8461195220817568333824.000000 3314729742019631383576576.000000 8943171943876526080.000000 
643054460746072064.000000 5385851056032841728.000000 650064840232143945728.000000 286616754419623404765184.000000 9641493219153805312.000000 
721243069059432448.000000 10408507033132204032.000000 4079402763718701875200.000000 1390144471666930671943680.000000 15234858403231694848.000000 
735005175067967488.000000 19597484147246891008.000000 2050368016839289602048.000000 207612033697303308009472.000000 8862533211339620352.000000 
773359645338107904.000000 7569673563330838528.000000 1520174713832680194048.000000 18268715699575685340200960.000000 28453588514098905088.000000 
674663702057713664.000000 2471135615874236416.000000 3893975774785999732736.000000 541960657141974161162240.000000 6124773997189005312.000000 
601413618939985920.000000 12869851772839002112.000000 3423615607578774470656.000000 1472549680323893135409152.000000 3193617284782358528.000000 
776412576811581440.000000 222294370276031332352.000000 6914267858560912195584.000000 6504805034500418168684544.000000 49389112341651521536.000000 
680269355933499392.000000 16665840900944953344.000000 297801686444152979456.000000 1290757738053425883512832.000000 3889060588373934080.000000 
503274509579583488.000000 747243231516567797760.000000 79813603244192856801280.000000 9077455408927971737600000.000000 20122547128998297600.000000 
504938448629530624.000000 2106227772702588928.000000 1207725386259853475840.000000 462159862135121546051584.000000 7697176230222626816.000000 
960019061461221376.000000 3562974301755801600.000000 954539489133548535808.000000 901738531623419349303296.000000 14889745892528619520.000000 
606505182410309632.000000 2709527054084210688.000000 1433705882462143381504.000000 2889613860317077153251328.000000 16728491073495629824.000000 
711147284573716480.000000 7900993250419277824.000000 3005266386568144224256.000000 1377274985371756742574080.000000 4861001929293037568.000000 
726220283320467456.000000 7902623826163269632.000000 1028158424867290480640.000000 248888623160462982250496.000000 5133703352969854976.000000 
649990661130420224.000000 5043834770073583616.000000 2179802877504801210368.000000 1903274957491923903840256.000000 9743460828002123776.000000 
615362367047335936.000000 27798772165153652736.000000 30497563776820258537472.000000 1486775002308484716822528.000000 22790892524819972096.000000 
567600097332822016.000000 10224483971014590464.000000 483757672411210711040.000000 1856423398078839311564800.000000 8574716251559952384.000000 
789750065173364736.000000 124910264764097101824.000000 53831868619531218845696.000000 940564820615717793562624.000000 9135833319097761792.000000 
559764462077214720.000000 906191658283865997312.000000 336742682963385480380416.000000 26284772548157767738720256.000000 104780124407797383168.000000 
614461867024187392.000000 1268774021168627712.000000 1445801847373818757120.000000 210671184808988010086400.000000 4715383708822011904.000000 
798316703862751232.000000 30306331577599131648.000000 531749472599726358528.000000 305278049979580886810624.000000 6236321650850136064.000000 
641793595786919936.000000 2522228546827452416.000000 598018709663460098048.000000 1062450745334031162802176.000000 14334403460059889664.000000 
792277704966668288.000000 8267645193910484992.000000 1403907815527646494720.000000 465624427285262140178432.000000 8708634019043999744.000000 
688008818281414656.000000 9059841672455651328.000000 281659714367370737745920.000000 295496954470715557991677952.000000 197454185989129895936.000000 
671781057447591936.000000 16341661992123105280.000000 2438461351865803079680.000000 1989794942998828204163072.000000 7359177009995448320.000000 
717450990894186496.000000 6176315254008446976.000000 12594165487354075152384.000000 5863738019843340796690432.000000 14271572967602257920.000000 
760802810232045568.000000 71050287455257231360.000000 17601078401880243044352.000000 98430051959060983447552.000000 1786705707941232640.000000 
607164133472731136.000000 6927178891442257920.000000 3903882286591331270656.000000 775061497477524151599104.000000 11407838857966649344.000000 
679398817602207744.000000 10612112397340508160.000000 444413909407153258496.000000 248361629946466596290560.000000 6250421238208921600.000000 
819013635866099712.000000 6055278265243795456.000000 1601103132499132809216.000000 443500368015015012204544.000000 9000740173683621888.000000 
579747811034136576.000000 118780082818966880256.000000 20610140478509330464768.000000 22969150156663194503872512.000000 104337628152222187520.000000 
680379513254707200.000000 7742080285100998656.000000 2486010919681534197760.000000 310651276680598116106240.000000 8851489166794424320.000000 
489438564493295616.000000 3223730709243887616.000000 2269812664082358075392.000000 158128336474802774605824.000000 5006685570705915904.000000 
587022523560886272.000000 20969850580571783168.000000 1723153074938175291392.000000 4540743875945167092449280.000000 14248334789349212160.000000 
668136451279421440.000000 12112490571440848896.000000 8522369303406002044928.000000 2596667746981147253407744.000000 11630749447335444480.000000 
675938654509596672.000000 2456173736521367552.000000 8589112086933679374336.000000 491942130442125617135616.000000 7084526152202584064.000000 
812230061439582208.000000 57180929035234967552.000000 3982121915542755344384.000000 196271879763591851671552.000000 6188555567204663296.000000 
702959496359575552.000000 1952577980430473494528.000000 500893449032690196021248.000000 406842387143341949604331520.000000 526687567356050276352.000000 
648131249528897536.000000 7656606450180947968.000000 2008776289118104584192.000000 4802336577193689940492288.000000 19200835327526699008.000000 
711301422360035328.000000 58867210436336418816.000000 2291740127718071599104.000000 226799097492158531239936.000000 2389575492593254400.000000 
670575168069828608.000000 30423642871213064192.000000 350955702521169969152.000000 850600554171394575826944.000000 6219261628433563648.000000 
692843645786652672.000000 22227533553073127424.000000 1203394893743160033280.000000 2192829031646112384024576.000000 21379983810895020032.000000 
878680146175852544.000000 81081963266248278016.000000 21455495401964350472192.000000 1596080463741310285643776.000000 4158824666737147904.000000 
628871035625668608.000000 5019161179390476288.000000 1720524098655697764352.000000 271188935305726881955840.000000 13249715448049565696.000000 
624076821331181568.000000 14273954509788020736.000000 202463138752812285952.000000 467958336727353607061504.000000 6557412031509561344.000000 
868265297159651328.000000 134473755329841594368.000000 1906574836136790720512.000000 2250049246495690578722816.000000 5285277627928543232.000000 
1041108799923945472.000000 4941963126600137441280.000000 1499142679518778516045824.000000 2473995854344095561357983744.000000 2883979100578499264512.000000 
1035521356709494784.000000 4144708586703945728.000000 1070386426773329936384.000000 1204883604761883531280384.000000 10894110741585985536.000000 
709298868088471552.000000 6643786916208574464.000000 1845509402889367322624.000000 520485620621226650107904.000000 5127932016435658752.000000 
600912447796150272.000000 15298889562386857984.000000 3804930321478653575168.000000 625593366913372727017472.000000 11670871726144618496.000000 
591996714164944896.000000 6560733656137072640.000000 7599818178738224365568.000000 3438469060114194297257984.000000 11588850357735784448.000000 
1063768291463397376.000000 3879552561572741120.000000 7654238550735462596608.000000 349450472017538299461632.000000 4840476246225715200.000000 
927096247351771136.000000 75823535712270024704.000000 6927557418111329107968.000000 499306776840772041834496.000000 2178521211984674816.000000 
716471051155931136.000000 16576482491443970048.000000 559314211515884634112.000000 2234494894246663454457856.000000 14833597132232982528.000000 
704517573055610880.000000 4021592421451169792.000000 1064864943261429530624.000000 348466057196589146963968.000000 10421424095735316480.000000 
749666819026976768.000000 12001176014244806656.000000 8027812139825845239808.000000 5846592347687580071886848.000000 13211063216286728192.000000 
642934132942307328.000000 33121048359356858368.000000 495889103169951629312.000000 1388737619200934166921216.000000 13307758666879860736.000000 
727917723115323392.000000 6308851485132193792.000000 236838111953926750208.000000 842187974182654565154816.000000 6656430200416370688.000000 
669499227222573056.000000 7577179379457851392.000000 1292478064697385418752.000000 88125383666073061031936.000000 3289530707730235392.000000 
803716680344666112.000000 2209412678361808896.000000 2792724631653927878656.000000 1414740754931025069473792.000000 7995512217745227776.000000 
680898620181970944.000000 71172016586591567872.000000 172148881895400144896.000000 158275856384196922572800.000000 3973752945404542976.000000 
968143765195718656.000000 5200080869938692096.000000 3757072820038400999424.000000 498162574305043784138752.000000 5489449240625152000.000000 
579210149848154112.000000 26098131142193446912.000000 320610905628784721920.000000 550132132421063264960512.000000 4930461927110344704.000000 
868348791323885568.000000 7458596500646395904.000000 971883977198459158528.000000 7026577531693568173801472.000000 24802968017324474368.000000 
731454852021878784.000000 6822685704384937984.000000 1112042753001670049792.000000 20317566740804990067015680.000000 29697694717020471296.000000 
639111405890437120.000000 26445246963082330112.000000 1566473969801862578176.000000 2561722696176513721565184.000000 14353036883615809536.000000 
941452501956165632.000000 2894760953381912576.000000 13528401201255065583616.000000 1832836497592028208562176.000000 9581005785974964224.000000 
704529049208225792.000000 156988375766973546496.000000 830367436476340240384.000000 233718103700477390618624.000000 1666203356705587200.000000 
867949050127712256.000000 214497020839936917504.000000 14491895676035175284736.000000 57761819326032839381614592.000000 57875626869942910976.000000 
535013561982779392.000000 10421729232202256875520.000000 10888153796018915422240768.000000 739246996860925219763650560.000000 279853205855779422208.000000 
632269351189217280.000000 9840076014246428672.000000 877835869130034511872.000000 606534853866281167224832.000000 8010978498057338880.000000 
628807676268118016.000000 5787350921054781440.000000 6614718810645711552512.000000 333682360915797661974528.000000 9913753188912070656.000000 
824306547403259904.000000 47860184248624349184.000000 333338324466338365440.000000 2515708446006149851906048.000000 15629483022045151232.000000 
618931175632666624.000000 19226577093756190720.000000 88859155153360535945216.000000 4657480348820748017598464.000000 13138297536760512512.000000 
764728960096403456.000000 19107818842840104960.000000 520486216222277369856.000000 2385340693951226023247872.000000 34956841351603290112.000000 
929011734046310400.000000 3870490386736611328.000000 2823335035371211718656.000000 1438601906620744526200832.000000 7810482552732385280.000000 
635048916584235008.000000 4250690237627367424.000000 552294331149837139968.000000 6110193438197128047362048.000000 12194251355593900032.000000 
770908971358748672.000000 110172059061666709504.000000 520183665806685503488.000000 1677706153345970444697600.000000 8780358461058711552.000000 
761629161939795968.000000 349281981940904230912.000000 19859036888055920197632.000000 5459644797086163965837312.000000 14407549570609315840.000000 
677012396333596672.000000 51555673615905062912.000000 117330957033593085362176.000000 31697863527809411830513664.000000 49906115903171330048.000000 
651672089287196672.000000 158225792541151723520.000000 17780524329032820457472.000000 1362484011273967426863104.000000 4531830962803179520.000000 
478337929459007488.000000 3025044560058253312.000000 1206756830864992108544.000000 481202234281148609986560.000000 9292208061823320064.000000 
912614029946519552.000000 5493451462950256640.000000 12360822731660941328384.000000 5409772295100633282772992.000000 17427083378389155840.000000 
733836050610257920.000000 495827987915633328128.000000 1056481140711358464000.000000 273741845790498121318400.000000 2441411418528940032.000000 
534532353846935552.000000 8687988053802645192704.000000 1194630457648632727339008.000000 30221612104764602261176320.000000 144440810643444989952.000000 
569199989830451200.000000 18063758884987731968.000000 2986172531522976874496.000000 1226297176154916689805312.000000 7084910431516491776.000000 
936258065429168128.000000 7598447395601643470848.000000 6427041631936190947000320.000000 10584975506635442764698877952.000000 5490353505376114049024.000000 
531341055707054080.000000 1542872786685394944.000000 522029789810186518528.000000 219091366873899022155776.000000 8096073001465806848.000000 
796791337637642240.000000 1481855836403198328832.000000 74968004764719472705536.000000 4523996826399624184987648.000000 10211592197178916864.000000 
644297115043889152.000000 7507831531826577408.000000 2006624272183663263744.000000 574162691514365890265088.000000 7724009811498500096.000000 
850593877558558720.000000 1515771474328158208.000000 1888175802071633625088.000000 648989747121547548557312.000000 9385231143579680768.000000 
634272523936071680.000000 34185793429462581248.000000 423802055590460690268160.000000 214010805261600974841053184.000000 171980577451513217024.000000 
771702818754002944.000000 5092204485602705408.000000 525752014902208233472.000000 14262916449013801479569408.000000 20907466489835028480.000000 
635391208297857024.000000 41808626180973133824.000000 62437589981890640609280.000000 895158508837036875831050240.000000 599290343239494664192.000000 
564202606402994176.000000 17313136590356217856.000000 3258354048927577145344.000000 515826556734719324585984.000000 7366139667378339840.000000 
1007858674946801664.000000 1757761751534796800.000000 1147503955730096979968.000000 188570201983231528534016.000000 6293432483820077056.000000 
468113158515458048.000000 1648742149983830016.000000 1175497486588901851136.000000 3025627468980060711550976.000000 11102320860491415552.000000 
642721377442332672.000000 8465782686793859072.000000 971866807224879808512.000000 320341545898021645975552.000000 4110541537748713472.000000 
799789637127110656.000000 15414496612977737728.000000 6200250285138991120384.000000 14177679809256712675786752.000000 22698093743435677696.000000 
688019263641878528.000000 11348810476717867008.000000 3676950404967759347712.000000 2479739600905425439948800.000000 32580981441932820480.000000 
880408509735239680.000000 3113321874751225856.000000 27956295097085771907072.000000 3530159177993319926988800.000000 8960133010246598656.000000 
725202066833670144.000000 11439409135334981632.000000 11770081064939125997568.000000 15330111322224101741821952.000000 35591569623109074944.000000 
618266864451059712.000000 1703682409561587712.000000 970052560262491275264.000000 210442942379872873349120.000000 11287236726050783232.000000 
950624765394026496.000000 3667071389749215232.000000 3722296868140776161280.000000 3607535198931999248089088.000000 19478453217447116800.000000 
932235158541565952.000000 1202487699893221588992.000000 187971151175197214638080.000000 378519551440473483405950976.000000 219596274294585294848.000000 
579537666874277888.000000 45880007787464884224.000000 18714245506676383809536.000000 2040007124482653679517696.000000 44699083920721838080.000000 
569914534949552128.000000 3712034571964882354176.000000 812147091170648370708480.000000 5668599137659604304920576.000000 416094712000294158336.000000 
554171967981223936.000000 3454753495402414080.000000 61872973696607201525760.000000 9852097026805036883116032.000000 77160110843087552512.000000 
940723938063810560.000000 29610910264240111616.000000 420428054451126796288.000000 2986068714544366729822208.000000 11734957860881170432.000000 
840331310902804480.000000 8192568890698498048.000000 7059358075956093779968.000000 4485414020017579899224064.000000 12983754580406829056.000000 
566263915827167232.000000 1663175851438505984.000000 1369887623942489767936.000000 255484775318694905511936.000000 5232697332620853248.000000 
619099469631193088.000000 21896855431019495424.000000 20135695264965103452160.000000 73839715536144942072070144.000000 52452901492449345536.000000 
621134734373683200.000000 1310748886910650810368.000000 783670146179641364185088.000000 11109469760964750374600704.000000 57574972012397330432.000000 
528191642088243200.000000 231090709588843954176.000000 171063953626905012338688.000000 34189841102255862799400960.000000 72122566379036475392.000000 
869241113729302528.000000 12072564005701419008.000000 33594234377000584216576.000000 47153290500055250197544960.000000 51334438682256998400.000000 
635590426060914688.000000 32209335516628254720.000000 10975071881718480764928.000000 42900619626476416014483456.000000 49149379224377753600.000000 
673505572716281856.000000 8698497071591718912.000000 501078973974914793472.000000 1162860768840468565852160.000000 7182918698993188864.000000 
903863291778957312.000000 19576441693714513920.000000 10805629575238200066048.000000 357274269405394400968704.000000 9256030830734606336.000000 
577356716841107456.000000 2563553053640669265920.000000 3540648169611856869064704.000000 2424896524577984322012708864.000000 2617697580160731054080.000000 
861287796369784832.000000 416581276681910616064.000000 15326416064686648721408.000000 33475045910300682170138624.000000 36554216242482774016.000000 
794528611427155968.000000 2768901506617835520.000000 1742037231125693202432.000000 2547419840220737329692672.000000 8800057311381946368.000000 
725920460243468288.000000 6668072929042890752.000000 500004513620066041856.000000 1456331389403400543141888.000000 5688315159961927680.000000 
656652945680498688.000000 2590541437357640384512.000000 3869307179474488460836864.000000 376060637348936147594641408.000000 840610310878841012224.000000 
721217024377749504.000000 47371666834356961280.000000 271706831248475979513856.000000 40944462321295997177692160.000000 54432638148957700096.000000 
833508085338210304.000000 9746471290838974464.000000 1446735218396591292416.000000 1029285445044540413050880.000000 11431527835987083264.000000 
646265790613422080.000000 12119236075277254656.000000 24317030813799848869888.000000 10879508037655868676767744.000000 43593291882527981568.000000 
622597016119148544.000000 1580560196994859008.000000 3550574614349139148800.000000 153100067490843615821824.000000 9329123065214271488.000000 
456902709757345792.000000 4143346841552945152.000000 316826404198165774336.000000 1613749994605726746542080.000000 7956284391645249536.000000 
832720079098478592.000000 1735807390546132992.000000 748695360921418072064.000000 10067696806931031088168960.000000 24531289689217302528.000000 
749531372938330112.000000 4741502607539830784.000000 930575835516310126592.000000 829219192522896371089408.000000 11817322276917870592.000000 
1227978841243254784.000000 4558495769044189184.000000 1244124885823145377792.000000 1951966723741549099745280.000000 9153779547886321664.000000 
709852815790440448.000000 21549480125386457088.000000 8770195635500759384064.000000 107420260681646178381594624.000000 69111034816883589120.000000 
673502342900875264.000000 62488196895719030784.000000 1157026113454730117120.000000 7012646204692651338366976.000000 18735537399814684672.000000 
476086919919304704.000000 2164230172163702784.000000 4910723344834928574464.000000 161067385591624760295424.000000 5412577434925006848.000000 
507735537491116032.000000 3080737023028363264.000000 1874232376150317858816.000000 570640120001024764149760.000000 6665743613659447296.000000 
604467375047180288.000000 20403091918871855104.000000 4962935264164894998528.000000 29200711641650285332398080.000000 36410149432918540288.000000 
459167875509256192.000000 46350009425920524288.000000 2620649971191449124864.000000 844567027707410793889792.000000 4604391033655001088.000000 
632388098445017088.000000 118529174265508397056.000000 780507381314279702528.000000 454829479122440156086272.000000 8569972958397726720.000000 
847166287497920512.000000 65987392651116150784.000000 453561951703365844992.000000 1430704826659751851982848.000000 6138127565908344832.000000 
857974211921051648.000000 24849055146714333184.000000 3207074093245499703296.000000 25659234233246239988645888.000000 32919620028171550720.000000 
647058813374955520.000000 14105725932203409408.000000 558931264810069786624.000000 3965054139897949433364480.000000 15176564495750266880.000000 
538633600938016768.000000 30526414223061286912.000000 76998772412293004132352.000000 5819507339240603719303168.000000 14830298597349654528.000000 
655873391936405504.000000 53944397811620511744.000000 2033245894005980397568.000000 817515165753691888156672.000000 12373837888293437440.000000 
689805557720154112.000000 5949892824500535296.000000 414753026339430727680.000000 254882950293290131390464.000000 5480954413788954624.000000 
932543159236296704.000000 306881048846048165888.000000 547844267781562034028544.000000 266368210206995465109504.000000 11238440400010084352.000000 
567929538504294400.000000 12579798406408437760.000000 29239147702742071377920.000000 13382901840840936644411392.000000 21715167731599278080.000000 
734482013691576320.000000 5223039222482468864.000000 503370391391572066304.000000 330945721580628215857152.000000 4115200993149321216.000000 
691653493169061888.000000 54250919663211905024.000000 33491538794697654796288.000000 69880804450253914071105536.000000 45756664573060972544.000000 
730134888312733696.000000 2767474615402889216.000000 11251670585932601360384.000000 2796874583868759292772352.000000 12537471606785572864.000000 
667078377496117248.000000 1677201862777695633408.000000 713217923279284424671232.000000 417737735169549611751702528.000000 519778306655850070016.000000 
695636405321203712.000000 113891627733595717632.000000 171632127755894074114048.000000 168698038651500095155994624.000000 123308751311450669056.000000 
748967529631711232.000000 77021273310825021440.000000 46211210596467290931200.000000 67183918136793688189173760.000000 76194440566737469440.000000 
513445679331278848.000000 26047320510850662400.000000 34443953288494526234624.000000 1686055322651957078786048.000000 4682008583116685312.000000 
802166094071595008.000000 2444301484842549248.000000 6960158975813864128512.000000 1889785487657647642509312.000000 15551891585984626688.000000 
732340371199098880.000000 5406524627812146479104.000000 7013444602834591579897856.000000 722676950742298583090855936.000000 1434498515996560588800.000000 
699048945816436736.000000 12788889234127716352.000000 2509839465309951492096.000000 706000922890821714313216.000000 10936007632162390016.000000 
676390897385996288.000000 4736280477063708672.000000 2113646265616123822080.000000 1222282847591063724490752.000000 9079169987360325632.000000 
614460355195699200.000000 234152260133967626240.000000 21258084615898192150528.000000 361055419594940631482368.000000 10567503011578380288.000000 
665854414895972352.000000 101439684937311584256.000000 7109694246041260392448.000000 224515646380292123394048.000000 1871248256512557056.000000 
449659024074342400.000000 17853069367361667072.000000 522072011056693116928.000000 1231650767161558583738368.000000 6779697548517965824.000000 
932822778787135488.000000 79243790930839339008.000000 3794689980350943199232.000000 4326450932344644748443648.000000 11471245494517235712.000000 
482220408095899648.000000 27745898849997160448.000000 11033914788549796823040.000000 2556422427789459894304768.000000 10139216844280561664.000000 
712715806630215680.000000 44484221756468363264.000000 2403145812437823913984.000000 2595553160116568584093696.000000 4566962833211785216.000000 
558189171152257024.000000 14209301027051536384.000000 4198001963680760070144.000000 1614752892199546627555328.000000 16474187228130574336.000000 
833853675586715648.000000 1916126335428722688.000000 510124137167139635200.000000 180828189964608475234304.000000 7586400433724194816.000000 
824085408127123456.000000 9747757719443472384.000000 8353920040643556540416.000000 19708764234454335307644928.000000 43917032086210347008.000000 
591805674019618816.000000 8887210650313424896.000000 4349325162960222420992.000000 1806356628819782374785024.000000 24899610691359473664.000000 
518173132654116864.000000 2502312268079824896.000000 1225377948686773911552.000000 286549290497205394735104.000000 3763411148330762240.000000 
535604790000877568.000000 95770611780591550464.000000 935335366266254786560.000000 2364365304787537504501760.000000 6460770456986189824.000000 
603427168327827456.000000 4764072630168863113216.000000 195006080037924590583808.000000 620280623915639053672775680.000000 877870068339704856576.000000 
847553865346711552.000000 489780146197283995648.000000 161509693118228071448576.000000 2086032615637687465934848.000000 13169698489338167296.000000 
729925568786595840.000000 25593002306253619200.000000 374512765534549835776.000000 158139829661051824111616.000000 5926779440817242112.000000 
776336573070311424.000000 580435038237089595392.000000 215605490690321710841856.000000 32088969089817192530182144.000000 26240038510920728576.000000 
1158336049617829888.000000 4575030658110266015744.000000 319275381736636464234496.000000 2893459429995693291339776.000000 18890353035052056576.000000 
790201964452380672.000000 36280224541910761472.000000 1161303055357104357376.000000 2503660128052632149295104.000000 8935998730016915456.000000 
569025030042681344.000000 7814482576034234368.000000 10923260219805396893696.000000 5363884289835023862857728.000000 14246317185512243200.000000 
708400635808055296.000000 63535939118012825600.000000 53723750703276935348224.000000 188858946418259106855911424.000000 199684540928027000832.000000 
691021892458381312.000000 6976330359738728448.000000 1215248930912352600064.000000 1149829152958709298626560.000000 10114600977957912576.000000 
524180451871424512.000000 235826719586047229952.000000 5589137711402672193536.000000 97766931933921380344528896.000000 161394391538355666944.000000 
538973899786813440.000000 120643271242930978816.000000 3397842914286216675328.000000 2797628882763148322406400.000000 8361715560492302336.000000 
1094414291869630464.000000 334324014650406993920.000000 7769071896984108924928.000000 121467693435317980758016.000000 4238165700675371008.000000 
541912688209428480.000000 7392730256584474624.000000 23190342777022435033088.000000 2863014520053916434956288.000000 33678900976871800832.000000 
1135053409863335936.000000 70919040951272865792.000000 2800316293250790981632.000000 182378707258718099079168.000000 3381770112573898752.000000 
599884610582609920.000000 47541387449220464640.000000 4679305877982495637504.000000 4851280400907259808317440.000000 38710030890086432768.000000 
1052446207915327488.000000 15681018231550640128.000000 4452108565455885565952.000000 2981379494554754531459072.000000 12358548079597584384.000000 
586726686213537792.000000 12230078941984980992.000000 6563962116945339219968.000000 1118070272789650826330112.000000 6145460208953982976.000000 
615637863429570560.000000 35183384727390257152.000000 8628475236526757773312.000000 10132095543413855739707392.000000 16368851815166377984.000000 
716428788677738496.000000 24039238444578242560.000000 1207472903205744017408.000000 209161452113103853453312.000000 7724877326172815360.000000 
527440881804902400.000000 8149190957959479296.000000 7477444680813452984320.000000 222110057646531427696640.000000 6070378957939671040.000000 
780895079559593984.000000 483608596226670329856.000000 100171972237333853372416.000000 11549293174071198000087040.000000 91399208635251818496.000000 
607750104450859008.000000 598626062294457516032.000000 11312964576861113810944.000000 962550385190224024043520.000000 13027384301308608512.000000 
755589544568422400.000000 6511890051096379392.000000 7964754989643217240064.000000 151351190916557512409874432.000000 265282600909794181120.000000 
634596055232544768.000000 4295879066017333248.000000 10439598389623756161024.000000 5032247571956368937058304.000000 45044409736680701952.000000 
588230955559288832.000000 786580907624253882368.000000 596935629418924559302656.000000 660030479702407638715203584.000000 733117761654064414720.000000 
1004671946652123136.000000 22643003812837588992.000000 9081700051576768430080.000000 1203753021111428441964544.000000 12855831900073230336.000000 
841909453686046720.000000 2714024881275535360.000000 7589376583002165870592.000000 300303752133556136050688.000000 3793299722664411136.000000 
632398818683387904.000000 5558059315954188288.000000 785965392218931855360.000000 261343057713978446708736.000000 8631097008809050112.000000 
697698745537527808.000000 3982359097793052672.000000 4306461872031747014656.000000 188344247382727096008704.000000 9293819945869639680.000000 
867950080919863296.000000 273557419867320090624.000000 250248213163120001024.000000 114997750153043488276480.000000 1034870308386897920.000000 
480389515077222400.000000 8983826936069357568.000000 662122876390707560448.000000 642522938344613705940992.000000 8247603295959384064.000000 
542120117949956096.000000 2749618546567806976.000000 1932784097118226743296.000000 7272266833707544174657536.000000 10630052029059301376.000000 
573020139901943808.000000 68608839477966667776.000000 7406476957885348708352.000000 6210280283394305343619072.000000 8147606561703854080.000000 
644981079995842560.000000 22168755860475478016.000000 765748311279200632832.000000 444999850518147273588736.000000 5797502162158223360.000000 
576830256929832960.000000 2324853565257940992.000000 2334192324443061092352.000000 3819399225152691117228032.000000 14788785436331343872.000000 
781591688895266816.000000 166219928170338975744.000000 473813970724581277696.000000 1550101954137589228240896.000000 5882428990043455488.000000 
864315232917389312.000000 80791146838748037120.000000 449160140464448339968.000000 2444014886933301527838720.000000 4115696048259727360.000000 
979450936617336832.000000 8718214613612625920.000000 18901339671896143167488.000000 2362797187426084116758528.000000 13347466429805363200.000000 
946950678570336256.000000 111465981937419550720.000000 39952670784301196902400.000000 44038161158211807651823616.000000 43907220044444073984.000000 
949234845257564160.000000 927381914216562688.000000 1268468952871408238592.000000 537887889869356436291584.000000 6670023462670565376.000000 
885731039366873088.000000 1950883959567024128.000000 392299098944152010752.000000 876452873357164095209472.000000 6760854667996954624.000000 
1128444108029820928.000000 1670135152012397903872.000000 249613324398100932984832.000000 1801856267748918319418179584.000000 899962124468049936384.000000 
927412494383710208.000000 38897471234343174144.000000 36598903192193171718144.000000 77650545383984266647437312.000000 106255176431063531520.000000 
583364929411612672.000000 13799536133123604480.000000 313614393033828769726464.000000 4075344052180521173647360.000000 16698332569057361920.000000 
620891467426037760.000000 18969126446112440320.000000 4600111767385045729280.000000 245380697353110064988160.000000 6947571533602619392.000000 
865680345322749952.000000 35913238346884710400.000000 4244409587515976056832.000000 118109674445161717825536.000000 4771419219419987968.000000 
929701402714832896.000000 2870739647971983360.000000 4039520011318615605248.000000 2517145850892018438373376.000000 12732402923762352128.000000 
632598311324352512.000000 60532961756324036608.000000 175176514705830182912000.000000 35696179164884892647424.000000 2860797039199911936.000000 
672355208675721216.000000 336042173092620926976.000000 900390599751347732480.000000 1881235710009859417047040.000000 12492337753976995840.000000 
598174870001418240.000000 3529194555771453440.000000 5517034518418517131264.000000 28791083242749491029213184.000000 35186955941157273600.000000 
691559278766456832.000000 3522496330935042048.000000 10550778753624651595776.000000 10653006231782312126709760.000000 27948807123833454592.000000 
825724711244660736.000000 1049054833018929152.000000 735076757123226402816.000000 470617009745774015152128.000000 7052205458148294656.000000 
958215587513761792.000000 158053740961637335040.000000 29302144054329729875968.000000 453899575871380696072192.000000 4391615467593138176.000000 
776438690212741120.000000 1222553206557994123264.000000 235390578472496207495168.000000 22299099848301805605748736.000000 67878473486053670912.000000 
900049841856446464.000000 293751789294867972096.000000 342958983514646466527232.000000 134769191307771111947632640.000000 329468536117776089088.000000 
663853028855513088.000000 33194365993720217600.000000 10114367564833475264512.000000 69157735245063328366592.000000 4604968277259583488.000000 
867335728797843456.000000 11034480993057636352.000000 3527509991807514574848.000000 1867811380240593442570240.000000 8807106280427618304.000000 
827638823549665280.000000 8536403219134283776.000000 327269372124735733760.000000 893692148327580088401920.000000 7346305577124888576.000000 
789397602977185792.000000 51193934290366758912.000000 2382917050286559199232.000000 711764161319569228562432.000000 7564011628203606016.000000 
642924099898703872.000000 48415723493674450944.000000 80792055299235370762240.000000 41027112958118252823707648.000000 102747039447109337088.000000 
864799499069947904.000000 8584018669686751232.000000 2827378986361613713408.000000 1797516459068021299740672.000000 12508141034603020288.000000 
540891001389056000.000000 47348357187848110080.000000 240257654618592521486336.000000 1821513223149720136843264.000000 12011736823429595136.000000 
760383140387618816.000000 1017793793295908864.000000 2475451385930233937920.000000 11629266727159756547424256.000000 16462214646015721472.000000 
871887157181022208.000000 31412668973560365056.000000 3381734945793995964416.000000 13270806741712526733475840.000000 32620603442951356416.000000 
711913300580892672.000000 23988106755840147456.000000 266706811515391967232.000000 379984697347125167521792.000000 9017285074902581248.000000 
805806714510114816.000000 3529212147957497856.000000 2830829588101109645312.000000 317186864431041160937472.000000 10274829508938825728.000000 
744779902158372864.000000 4614082404020125696.000000 1370766107344803725312.000000 784008744814025587556352.000000 12534588687297544192.000000 
442210279472758784.000000 7380966031923085312.000000 1033664356886727622656.000000 1996156619746060709920768.000000 6237935184163897344.000000 
846495722843930624.000000 13641680348235431936.000000 7748492698486839443456.000000 2882880510499797015199744.000000 7041492366603059200.000000 
799644020555907072.000000 37616870041472466944.000000 21704778648538562166784.000000 1966510684406976398491648.000000 11831574146637103104.000000 
645694182005932032.000000 10441716682337550336.000000 1005947375192540971008.000000 1647500186386023357349888.000000 8992918797719437312.000000 
818215252985380864.000000 9155504131874488320.000000 793681817599221956608.000000 216529971607429816778752.000000 5912100410830618624.000000 
772953169633214464.000000 10272781118776279040.000000 318248099121159208960.000000 728456951496801576288256.000000 5969670289905156096.000000 
638917960563425280.000000 60098760216468783104.000000 573716195358634147840.000000 691736041287103310462976.000000 4810750949368791040.000000 
751423426291302400.000000 27556171521554644992.000000 869008039804202385408.000000 9056954158733052784672768.000000 25517388891611463680.000000 
687606946781462528.000000 6839147592476000256.000000 1433478169205984460800.000000 601040678493671275888640.000000 4909362848729137152.000000 
636958837001158656.000000 235647771869603430400.000000 1494921904822106980352.000000 644932616346836054048768.000000 11589483676433383424.000000 
969226577990647808.000000 6566028904136441856.000000 582765369569277116416.000000 294193736533501093609472.000000 4564232745840017408.000000 
879124486312427520.000000 269424909812370505728.000000 7553845433742026342400.000000 2454404439072066129362944.000000 8257554975702384640.000000 
587916289075314688.000000 30089305574462193664.000000 2494703992862266097664.000000 352319481152955419197440.000000 11058077612101337088.000000 
832742825245278208.000000 3897534524489203712.000000 2062770930213067948032.000000 3170447380325607518765056.000000 10513085982096490496.000000 
854621594809532416.000000 26205214778645807104.000000 1070068219312158539776.000000 365836332872966093144064.000000 14100804518157484032.000000 
758541802008477696.000000 168513245543089045504.000000 3633786356900768698597376.000000 25260840288867960350295719936.000000 3658935724983300653056.000000 
863105907565789184.000000 9662810550593126400.000000 1316047653347228909568.000000 1199038797136685082607616.000000 6275181140554809344.000000 
624127398866059264.000000 109921528740208181248.000000 69881851014749720936448.000000 1679596512267961446170624.000000 7575116145888329728.000000 
699960578394816512.000000 13583045592149393408.000000 790084848871836483584.000000 10386631788593432380833792.000000 17881753426707087360.000000 
684571882371940352.000000 11083467534609940480.000000 2487639533896782053376.000000 5349134965026588469493760.000000 28991937994360356864.000000 
496461420137807872.000000 16554735250958188544.000000 419494020273309130686464.000000 89150752924996828137521152.000000 109562296301181206528.000000 
671690691335684096.000000 5448646795126942728192.000000 1633002198465592256626688.000000 26643289630916331301765120.000000 153654621327184625664.000000 
788536754092113920.000000 19159168234880499712.000000 6395810091758300168192.000000 524040473936696767938560.000000 4733311795668713472.000000 
749236428944179200.000000 28800535010197110784.000000 10929338953402440220672.000000 3009950042360416806371328.000000 19569198111110725632.000000 
409166828321898496.000000 1632609153308426240.000000 2620501070928769187840.000000 60012793395719209746432.000000 4399664717342179328.000000 
1288152501291319296.000000 177683682692136173568.000000 542075839517193928704.000000 508610276922196993507328.000000 2711010295270080512.000000 
669280424408645632.000000 17317248763844100096.000000 3091944072371400343552.000000 1519785306713199883583488.000000 19492573145771016192.000000 
844497566618877952.000000 4448602055749140480.000000 4501904303585767718912.000000 644957692389561252970496.000000 17003123789346635776.000000 
835382683944091648.000000 301039141257534767104.000000 21086134930325372928000.000000 2815366868341900814843904.000000 8982593284022992896.000000 
881270595570892800.000000 7559787854285504512.000000 2803802360837352456192.000000 636566657621438582751232.000000 6718361842118295552.000000 
797372292093968384.000000 139110387068079964160.000000 523227808391137016676352.000000 188600083258672740718084096.000000 285860796652459130880.000000 
1019703507554402304.000000 10737220327907000320.000000 5687263265983727403008.000000 13391773571818886331891712.000000 25988751725462290432.000000 
784416059389116416.000000 524169386661280481280.000000 200570367449533385801728.000000 3225003625923603517669376.000000 8234851160100438016.000000 
811695011593715712.000000 3464086974732697600.000000 351028076774556696576.000000 1232556963464179565461504.000000 8750390172132048896.000000 
933875492451254272.000000 9456386038571204608.000000 27395117310117830197248.000000 65536282626246061603160064.000000 101506095439629254656.000000 
749409808183984128.000000 39876357640459124736.000000 1037430280968883666944.000000 1665106162452498365808640.000000 18591565148250439680.000000 
731274463395446784.000000 3172083074674458624.000000 812370489415414317056.000000 966604849833956115218432.000000 12089911000652840960.000000 
662043095277240320.000000 3272711478360145920.000000 2501815176673884110848.000000 418913884583709772873728.000000 4558109840462839808.000000 
752741946891436032.000000 18411174872550998016.000000 3201726350162973949952.000000 416868133460175979806720.000000 7897950901745221632.000000 
773827693694156800.000000 47797877123701538816.000000 471952597251267009445888.000000 139455724990277576357314560.000000 196062221860551524352.000000 
870277128560574464.000000 36388143807200231424.000000 90874155698638643265536.000000 60390567978570800607264768.000000 114696989214616059904.000000 
677439694039941120.000000 3695727686426034176.000000 2152510360075494227968.000000 834930117138372349657088.000000 13003741502776541184.000000 
474112059596865536.000000 11495171967049269248.000000 78963368670541580861440.000000 1555184176245084285566976.000000 8867682774048309248.000000 
697164795203289088.000000 6492534798156824576.000000 4950801440868852039680.000000 2842339466942177999847424.000000 14279481754740850688.000000 
975890305649737728.000000 37418839201216987136.000000 6033365460297103441920.000000 281533883793782006087680.000000 4518228629578055680.000000 
844184824280252416.000000 128849709373302243328.000000 481338113511405912064.000000 1151324996553342644649984.000000 3169706205413113856.000000 
879864388918444032.000000 3414884379145535488.000000 1557083542366330028032.000000 1587023977092247350935552.000000 9572656094673633280.000000 
655870024682045440.000000 38315385380552048640.000000 132626433368839698776064.000000 135706057844430427127808.000000 2592943637167865856.000000 
524051259255160832.000000 10752113212905226240.000000 837807101585779589120.000000 10021065743755702555377664.000000 39077672394042638336.000000 
592973836404654080.000000 4467353127049232384.000000 2648512053236130119680.000000 11416930867813304326160384.000000 14744127672057593856.000000 
719974988555223040.000000 295257117470316560384.000000 25822169838064087597056.000000 22610619238846575658663936.000000 25702944672938196992.000000 
826782991186395136.000000 6881870216284864512.000000 852943629564627648512.000000 25064790211313958901514240.000000 60430715971033890816.000000 
798282481563336704.000000 1510925651706642432.000000 1006027173348438441984.000000 1278943607280531446693888.000000 10179940555950129152.000000 
849622871352279040.000000 39335802539872354304.000000 200412651390582871031808.000000 100407740145397529189548032.000000 236771543121934680064.000000 
474932054753017856.000000 14732719139407790080.000000 20758252611254477651968.000000 8855059156532320169623552.000000 17962984246255550464.000000 
571675918217510912.000000 49508075101730373632.000000 2779701628906455957504.000000 9007303017676406616227840.000000 22704242212458201088.000000 
702453377413414912.000000 10651669518376912289792.000000 1062604732412490214801408.000000 162979898476787534636515328.000000 368474177306059866112.000000 
659008511904055296.000000 3724037362062196736.000000 2572518313123880370176.000000 22965652192818217330147328.000000 17801365932577128448.000000 
645018188513280000.000000 10291372760890343424.000000 52075045930091379949568.000000 5768075510920092275703808.000000 26210771710412587008.000000 
933254199662084096.000000 15010870292467679232.000000 7526032328343293001728.000000 22377007366054108683304960.000000 40230958936509906944.000000 
719091393523351552.000000 35160745782974349312.000000 684805537388935774208.000000 251663380962878492246016.000000 4277243993193971712.000000 
835225934817656832.000000 79833621744536518656.000000 1575190686880638173184.000000 3376510481995870037344256.000000 14036255489025638400.000000 
765502122929160192.000000 3349010438502219776.000000 2107245946858188570624.000000 869724495513872574185472.000000 8321558647066853376.000000 
561009624635932672.000000 12381393732199514112.000000 664558408995440689152.000000 1634866616653729604042752.000000 4822215007355797504.000000 
588806962213289984.000000 83606512332366151680.000000 1996662896401771191599104.000000 775982359518144484719198208.000000 347418195382614622208.000000 
843422587844296704.000000 1960559112135639040.000000 1078433303776278347776.000000 168676451349247836553216.000000 8603415154312347648.000000 
908082255333687296.000000 28325077595044446208.000000 832153184097336819712.000000 1338749248604190495735808.000000 16183184983165239296.000000 
967300645935644672.000000 996770939108052697088.000000 1199115538474335475859456.000000 916831367088309343510069248.000000 1035376991382523609088.000000 
384516430462189568.000000 24161673462377611264.000000 931654799470786248704.000000 281441848231797062631424.000000 8296659106744238080.000000 
649742446380449792.000000 1930600031618859008.000000 1246823104949893726208.000000 2488654278209421732478976.000000 25027497087809355776.000000 
372201350475284480.000000 1767407133726578049024.000000 127773939878336810450944.000000 124019646346722050096234496.000000 176734689808156196864.000000 
658723119917170688.000000 7592821581630406656.000000 1113216292548320952320.000000 2403333186952120477155328.000000 10605043637085536256.000000 
621223794815533056.000000 1588788529700274176.000000 1494790878220448169984.000000 99388877326927416786944.000000 6520103952711680000.000000 
576122961715527680.000000 9806989510343393280.000000 5872838592229156061184.000000 1443311735082251571953664.000000 10197677877529411584.000000 
616715109946884096.000000 76846925951031836672.000000 1266380549281703526400.000000 549784922904191509200896.000000 6747796867905486848.000000 
778635995481374720.000000 1954128068624777216.000000 668913319466363781120.000000 118490976211212668239872.000000 6208211536574414848.000000 
592194488818991104.000000 17019043618205204480.000000 6156253494479301902336.000000 4516867736275887746711552.000000 11353587854740553728.000000 
539658895530917888.000000 2579620854774104064.000000 672397416728088281088.000000 4056069510466503905902592.000000 18800465760458113024.000000 
859156461798817792.000000 271823797893573115904.000000 1138047664275914043162624.000000 724569365323332298572038144.000000 400385523181328269312.000000 
594013836965576704.000000 19251604177427628032.000000 69419871764974055456768.000000 731823482290253569458176.000000 19315573763931635712.000000 
911235379804241920.000000 300813609432445353984.000000 60277884276985491881984.000000 1867851444262878530502656.000000 7977259225212518400.000000 
662305260080988160.000000 117735916208486612992.000000 51481268837220716904448.000000 21052699468101435476934656.000000 85430127133823336448.000000 
859536205627260928.000000 5037836384388251648.000000 7550346699781512888320.000000 324535153755840975994880.000000 5560274282128343040.000000 
517528166005211136.000000 15806292188372926464.000000 4888748593403127660544.000000 803661660954336014893056.000000 12828609091681124352.000000 
634280151797989376.000000 8593155061557755904.000000 752995102296905875456.000000 814545960533765029625856.000000 3427176094510350336.000000 
705400137295331328.000000 42549481513815113728.000000 710218787136234061824.000000 2434310746629025696841728.000000 9386517572184178688.000000 
658335198470995968.000000 32246470422344761344.000000 9717603815361855094784.000000 401952751926280181514240.000000 2912474085705383936.000000 
816729881495732224.000000 13782867536846520320.000000 236289208727743206785024.000000 4108077799539318772989952.000000 10865189187728965632.000000 
926560785189044224.000000 18581163768251678720.000000 51418794903189833383936.000000 1667828354240063207374848.000000 13588590429288267776.000000 
847807715093774336.000000 8401814749557293056.000000 314281553749352644608.000000 5275636219107901974773760.000000 22462774065835802624.000000 
634095708722429952.000000 6342630131604914176.000000 421505786952579809280.000000 696700305113158279757824.000000 4823285381925437440.000000 
711766378339631104.000000 21824861608655978496.000000 934754472283068170240.000000 1272432483083264278396928.000000 14976977846541484032.000000 
664242324691222528.000000 369237220783550365696.000000 10966606240318931075072.000000 17662740156754326569615360.000000 20146096469042003968.000000 
753992710087507968.000000 97871919238759841792.000000 15889406550504607055872.000000 3438312551019943917780992.000000 4941523014085771264.000000 
694343310927462400.000000 15682759857969037312.000000 299505700768787202048.000000 3916473198227954570625024.000000 12653359032841535488.000000 
758364849355882496.000000 7888594057792847872.000000 455144157731828531200.000000 199728410491997216833536.000000 4212630642631901184.000000 
939027254183198720.000000 35299699863469424640.000000 341833661475931029504.000000 662642499463913754591232.000000 4087690112710737920.000000 
659467695447605248.000000 4396195483278639104.000000 4462371424581732794368.000000 244965087165097806135296.000000 5238464820864352256.000000 
1035790599619346432.000000 2180306956307136512.000000 10745986153573118902272.000000 4459591748848524195790848.000000 18004645841343610880.000000 
778837618426118144.000000 15332531319661920256.000000 1167932354008593727488.000000 466458674080236250857472.000000 6454742384486907904.000000 
721388410752729088.000000 16325031878752993280.000000 6834860389931115610112.000000 116122695296765109731328.000000 6583119163122778112.000000 
