103.254623 137.467087 128.599487 127.590317 126.576241 0.027976 
82.723625 95.253693 96.875534 97.756325 96.792908 0.000000 
101.489250 77.695572 89.002655 94.146896 93.526459 0.027976 
87.542084 58.079418 56.215492 58.620327 59.914967 0.019782 
91.015671 104.987335 112.212769 106.215996 103.929146 0.019782 
82.525742 61.477333 62.161591 69.651764 74.565781 0.000000 
103.677956 94.018738 91.230736 97.613136 103.112465 0.000000 
86.302406 56.984482 61.927483 65.909142 73.101280 0.000000 
94.815842 80.634354 84.595268 85.555328 85.220543 0.027976 
80.585365 83.621223 92.199875 95.254936 97.860725 0.039565 
99.253540 87.694748 86.933777 84.456192 83.002495 0.000000 
57.253590 85.332260 94.649391 90.425804 89.171822 0.000000 
98.884621 44.906746 37.542179 43.044048 50.675285 0.027976 
83.425705 72.859512 78.894661 77.691727 67.880981 0.000000 
96.719231 63.824982 64.567627 69.396484 77.103050 0.000000 
70.835068 62.374046 69.563194 80.771370 83.152176 0.000000 
86.267250 71.509277 86.134674 88.405846 85.888199 0.000000 
88.938217 59.001724 52.469082 60.644104 55.887192 0.019782 
102.006020 79.650894 93.262627 90.895576 91.967087 0.034264 
109.939781 78.559830 81.157707 87.139328 86.505981 0.019782 
