95.818192 66.467140 76.400040 90.387306 70.197266 0.000000 
93.089233 64.444489 92.581383 84.398003 84.818451 0.000000 
132.328827 54.002476 73.935143 79.679832 95.015701 0.000000 
94.905907 49.288536 83.266754 67.628563 81.690224 0.019782 
103.362633 71.585503 75.635574 78.003464 85.116463 0.000000 
91.162079 47.498371 63.271194 66.743515 86.557800 0.000000 
86.810753 48.744720 65.995728 78.531403 89.545471 0.027976 
86.579384 58.241192 76.413536 71.837044 89.139526 0.000000 
76.406792 60.453236 69.637436 78.059265 97.530251 0.000000 
93.240379 51.820301 72.441917 65.675987 86.229126 0.027976 
98.316750 64.681526 81.017883 93.427406 98.731071 0.000000 
82.687782 64.124367 71.163979 67.833252 83.856270 0.000000 
96.928619 52.695549 73.056671 78.163643 95.900467 0.000000 
91.519539 61.371197 73.575500 66.766800 70.485535 0.000000 
96.184120 65.508827 78.828110 73.818398 94.041801 0.034264 
84.840080 61.117729 62.250774 63.844807 81.669022 0.027976 
91.466957 51.065514 62.822910 73.414551 93.330994 0.027976 
110.740715 74.665840 82.336998 97.517494 79.668297 0.000000 
97.778717 51.128258 62.832279 68.901115 71.126717 0.000000 
96.017044 69.135864 74.734108 89.185196 86.834045 0.000000 
