426.870514 374.712372 216.410721 113.370476 165587.750000 
553.092102 619.868286 400.647156 186.064285 205475.093750 
953.306030 768.237976 492.205353 387.135620 394956.562500 
661.988098 656.928467 558.470276 337.876312 249459.671875 
734.840942 594.316101 440.092590 265.823242 380049.000000 
762.992981 1167.431030 1421.372314 844.489014 289856.187500 
639.868469 675.945679 275.887634 182.671890 205341.078125 
435.295532 414.032379 225.054565 105.281403 174584.812500 
615.205261 810.702820 761.335754 492.597931 232137.406250 
609.739380 757.893921 421.457275 220.560471 362803.062500 
622.521362 506.112518 335.850800 143.787796 218690.671875 
678.050781 786.939880 480.313416 279.792114 242960.968750 
436.699097 360.586548 268.081665 162.311707 159352.187500 
692.849243 773.055359 375.469940 212.388306 264874.875000 
1140.239746 901.983582 704.083618 549.386963 329940.156250 
975.051147 494.368530 275.176788 125.253487 212762.406250 
470.293732 555.927063 450.602753 224.781921 173804.187500 
621.889648 691.333557 371.467010 153.690674 172281.718750 
590.694458 1110.760620 743.447510 416.836975 234892.031250 
472.867950 594.475586 304.916656 225.364761 123856.656250 
691.953918 929.638428 617.559875 315.166992 222427.031250 
758.381470 1037.383789 629.348267 224.225098 209792.687500 
471.956665 444.818512 264.188721 132.218658 206917.421875 
714.242249 566.479431 321.303680 191.128876 264637.718750 
1150.481934 1003.403687 574.279846 421.601471 313795.125000 
491.986176 631.139709 300.538361 135.636795 184188.453125 
569.379700 439.505402 290.565521 178.778748 280547.312500 
618.402466 400.592346 237.469711 131.189163 197037.859375 
724.669373 1150.759644 1735.748535 1603.245361 232489.125000 
684.882751 669.277344 480.312744 349.008545 287768.343750 
904.860535 1009.822998 606.438416 456.422394 333658.406250 
686.750122 1106.400269 836.116760 577.873108 282435.937500 
529.541382 589.572998 627.173767 415.263580 238963.015625 
948.402771 731.941284 425.443024 268.499298 282345.625000 
632.571777 582.940491 356.090179 230.212128 325138.906250 
1026.917114 729.631531 540.210815 416.295258 391858.125000 
474.358948 527.882690 303.954193 143.284576 185636.640625 
874.089905 548.988708 614.155334 393.560516 246434.406250 
556.287292 455.184235 295.993591 231.149506 172251.984375 
426.783661 288.998505 154.576935 94.970917 141502.843750 
682.020386 735.862793 396.640778 184.721939 255365.000000 
559.414795 567.123291 367.362701 218.652786 252159.093750 
600.803040 625.786072 383.882812 223.144638 327993.125000 
474.806885 581.975586 469.808899 171.148926 194860.656250 
445.908051 482.502869 291.649078 190.831741 141765.875000 
804.107788 1093.022705 531.330933 278.409515 220564.500000 
646.873108 905.091125 479.881195 330.216766 275679.406250 
562.274292 535.516479 338.161133 163.792358 229574.625000 
576.497131 804.386108 448.030731 248.678268 222989.515625 
517.285278 654.032593 455.086304 261.844330 253006.515625 
