413.272461 254.878952 122.318100 82.390312 25709.804688 
586.002625 249.863846 170.604919 109.401505 39117.222656 
473.123474 225.087524 152.202576 119.240486 31897.275391 
419.365295 247.710159 190.043518 238.582596 33007.839844 
336.339661 170.563431 129.914795 83.810524 22172.367188 
535.972839 238.389908 133.573242 109.082977 29334.068359 
431.682251 246.158035 171.305969 186.602600 36397.800781 
451.580658 242.762192 252.019989 158.440247 33003.000000 
580.920898 263.653046 160.114670 115.235733 31361.580078 
461.992249 234.935165 150.876068 67.658852 29390.810547 
387.829834 275.414459 157.642685 131.817535 31815.550781 
507.985687 221.259872 126.842934 58.163433 35349.394531 
606.334290 266.663116 190.870605 149.360916 37996.519531 
568.277283 243.306519 148.512558 143.381500 38119.117188 
457.461731 196.126694 104.066109 96.755569 29851.794922 
375.386932 233.975861 190.570587 143.582748 41059.796875 
430.990509 214.743073 123.507713 119.041397 23297.841797 
492.018738 306.513214 162.265045 70.275398 34993.750000 
473.136017 225.628433 132.840393 99.175270 29419.777344 
486.474701 253.074936 119.601868 107.364693 28285.074219 
453.407745 236.248917 146.805923 134.177353 23304.476562 
412.851379 272.881866 225.018372 229.947525 43008.257812 
505.219696 271.251709 151.995041 106.135368 29906.386719 
562.466431 213.517548 123.322304 94.879463 31533.269531 
424.388214 222.836853 163.282028 93.429237 28812.208984 
442.631409 226.493286 149.500076 99.820183 31749.224609 
476.152771 257.883514 144.404724 93.965691 23038.826172 
532.531128 221.701096 151.722565 91.492043 29311.501953 
418.656281 223.429184 129.232941 87.808334 26642.103516 
458.395294 257.251831 159.002090 103.053162 33406.796875 
293.129639 199.239334 105.338966 61.412640 27261.529297 
440.590027 195.202682 131.482941 123.973961 33375.875000 
530.715027 248.771271 168.894043 160.708801 35558.257812 
482.726715 298.708466 236.287033 147.911667 33704.304688 
405.349579 175.456070 127.655113 125.993416 32970.820312 
437.339691 217.949371 111.079475 116.068520 35689.859375 
420.826538 210.342682 149.019974 180.380692 25999.505859 
413.785431 256.112000 180.403336 180.964813 39175.242188 
459.566071 237.743057 146.051788 85.075279 26555.183594 
514.215698 218.930573 186.949448 153.225449 31956.744141 
380.950073 221.270309 105.494576 88.025734 22523.640625 
563.383301 287.408325 189.743515 129.868820 33358.546875 
420.399139 238.277222 120.614723 72.915276 26069.402344 
406.429810 237.337753 140.486938 148.561768 27015.494141 
404.170746 171.022415 104.195343 55.763004 26167.539062 
516.629456 184.416031 102.683067 74.757797 24836.810547 
521.796326 306.862671 250.076935 212.956696 43634.972656 
508.631836 337.555389 138.017395 85.347427 36998.429688 
517.229797 239.262512 161.980804 120.207909 43074.070312 
374.175659 228.630554 129.657059 88.430466 21361.533203 
