27346.861328 1833.797119 1288.890625 1590.112427 108593.984375 
44781.195312 2059.074219 1119.010254 1239.511108 76280.460938 
53337.402344 1468.097046 735.950623 405.496033 58440.339844 
55878.464844 2054.757080 1003.194153 1184.338257 86760.289062 
24522.376953 1434.494873 1060.975342 663.534851 74997.820312 
31931.294922 4301.042969 853.958740 1079.047974 55521.550781 
42757.332031 2970.388916 1158.144409 1060.171875 107024.085938 
61917.593750 1390.121704 753.861572 1013.138794 88355.656250 
44944.441406 2173.953857 1602.550781 1292.395996 64501.023438 
34512.644531 4039.130371 6193.463867 1785.194702 92345.984375 
74289.203125 1848.585327 1326.609375 1161.799438 69934.539062 
43495.644531 1504.416748 1184.023193 867.324768 65883.304688 
44425.527344 5685.624023 1471.573364 910.705200 40763.125000 
17758.433594 2025.614258 874.325806 945.464905 73374.570312 
133439.109375 2109.321289 929.808960 1492.817871 75873.500000 
24340.785156 1127.076294 2437.421387 965.171936 70660.945312 
46841.890625 1334.543091 910.949646 554.778442 66232.273438 
32811.367188 1878.560303 1665.277832 786.636414 121241.507812 
32598.314453 2060.598389 1903.332642 1587.058472 67345.679688 
61059.597656 6673.666504 3002.693848 2381.801758 108922.296875 
