96.387550 69.308334 79.893890 80.951683 82.842613 0.000000 
107.453712 89.892387 95.011543 88.649338 91.928192 0.000000 
100.230621 70.805237 65.044571 83.667130 81.807655 0.019782 
93.694672 83.892082 90.337959 91.553963 100.909767 0.019782 
90.694748 78.359558 90.997589 90.623795 97.082329 0.000000 
89.741234 87.241959 87.821365 91.532806 92.951691 0.000000 
91.639946 94.033020 89.906212 95.674553 91.229736 0.000000 
89.611893 88.075012 92.404602 90.663391 91.331436 0.019782 
73.300308 88.428421 84.227173 91.023788 95.810707 0.000000 
107.502441 92.995056 97.732285 96.966095 99.312706 0.027976 
77.002922 91.279190 95.248611 95.766617 97.063004 0.019782 
82.279816 92.012787 94.289398 92.855385 90.572731 0.000000 
101.034767 62.345070 79.294258 80.544388 91.848679 0.000000 
82.812569 66.075424 78.673271 82.891853 85.766769 0.000000 
82.182823 76.890717 81.436577 80.507057 87.185265 0.019782 
84.855774 77.636909 82.542778 90.114204 92.462608 0.000000 
70.983078 61.964607 69.285721 81.445282 92.226830 0.000000 
97.984108 88.838829 94.576752 92.022598 97.739128 0.000000 
94.282585 89.026283 87.948830 87.801186 91.162109 0.000000 
82.097473 95.348114 98.584709 100.151711 98.406921 0.000000 
