3828.686523 1299.902588 478.936798 458.567719 207.714752 
76993.195312 376073.531250 4462985.500000 1572129024.000000 2268464.000000 
5146.265137 5431.699707 2954.534424 3112.963379 1164.589355 
3254.296387 917.900146 512.407715 279.266907 113.715721 
2781.601562 389.205383 232.629898 122.031342 48.537018 
3382.108643 462.860657 199.110657 145.776230 71.874504 
3368.719238 394.314850 275.875519 132.229080 95.805656 
4252.421387 320.340607 183.556396 129.394928 27.350981 
4394.943848 275.396606 128.698975 156.022842 39.991764 
4219.611328 276.644043 179.653168 127.570389 59.719856 
4385.476562 254.722672 146.417236 161.985901 36.507099 
4865.666016 234.846741 161.104309 157.529678 51.890293 
5317.559570 244.090714 172.985519 104.317787 43.691086 
4709.234375 243.033066 151.537476 96.287552 40.039906 
4747.397461 246.994629 129.606506 111.014091 19.501085 
4187.286133 280.790283 162.229721 142.721405 51.124699 
3751.356934 302.610138 191.744751 110.427048 63.030426 
6191.720215 216.679108 134.159134 173.003571 46.760845 
5425.205078 159.998154 183.416672 112.588570 42.873199 
4442.742188 278.949982 151.258316 83.399712 39.637306 
4901.035156 217.595978 142.550888 133.459717 38.656406 
4772.106934 231.965759 138.055084 158.634567 32.338150 
3606.594727 303.601410 154.960281 112.314423 45.142471 
4806.464844 211.961151 164.685104 102.443970 63.414871 
3595.472656 286.824188 186.849579 205.214767 56.029938 
4845.366211 222.943634 184.191635 95.965752 43.196316 
4906.815918 301.985016 143.854584 114.847221 33.816933 
3696.376465 378.622833 174.683746 153.422302 31.835379 
4712.660156 316.628357 129.734497 92.111839 52.543335 
4672.584961 229.731796 160.747009 77.423134 33.757793 
3090.339844 299.675842 231.503860 111.960800 42.157429 
5789.952148 195.078552 172.396179 175.186478 40.980610 
4751.845703 175.436234 159.688705 120.554298 51.478172 
