Episode: 1: [[0. 0. 0. 0. 0.]
 [0. 0. 0. 0. 0.]
 [0. 0. 0. 0. 0.]
 [0. 0. 0. 0. 0.]
 [0. 0. 0. 0. 0.]] 
Episode: 2: [[-8.9999994e-05  8.9999987e-05  8.9999994e-05  8.9999994e-05
   9.0000001e-05]
 [-8.9999987e-05 -8.9999965e-05  8.9999987e-05  8.9999994e-05
   8.9999994e-05]
 [-8.9999987e-05 -8.9999994e-05 -8.9999965e-05  8.9999987e-05
   8.9999994e-05]
 [-8.9999994e-05 -8.9999987e-05 -8.9999994e-05 -8.9999965e-05
   8.9999965e-05]
 [-8.9999994e-05 -8.9999987e-05 -8.9999994e-05 -8.9999980e-05
  -8.9999965e-05]] 
Episode: 3: [[-2.3038305e-05  2.3070301e-05  2.3070972e-05  2.3071629e-05
   2.3072293e-05]
 [-2.3066150e-05 -2.3038969e-05  2.3077586e-05  2.3076667e-05
   2.3077007e-05]
 [-2.3066497e-05 -2.3065691e-05 -2.3039202e-05  2.3117938e-05
   2.3099050e-05]
 [-2.3066588e-05 -2.3066637e-05 -2.3059354e-05 -2.3039398e-05
   1.5699721e-04]
 [-2.3066617e-05 -2.3066850e-05 -2.3061266e-05 -2.3050579e-05
  -2.3039604e-05]] 
Episode: 4: [[ 2.8664916e-05 -2.8530327e-05 -2.8528255e-05 -2.8524639e-05
  -2.8525410e-05]
 [ 2.8546336e-05  2.8662276e-05 -2.8501594e-05 -2.8504621e-05
  -2.8506958e-05]
 [ 2.8544988e-05  2.8550648e-05  2.8661370e-05 -2.8333145e-05
  -2.8416687e-05]
 [ 2.8544660e-05  2.8546749e-05  2.8577706e-05  2.8659704e-05
   2.0881181e-04]
 [ 2.8544566e-05  2.8545872e-05  2.8569792e-05  2.8613327e-05
   2.8660663e-05]] 
Episode: 5: [[ 7.1012371e-05 -7.0777351e-05 -7.0773356e-05 -7.0765942e-05
  -7.0768598e-05]
 [ 7.0805967e-05  7.1007380e-05 -7.0726281e-05 -7.0730377e-05
  -7.0735885e-05]
 [ 7.0803559e-05  7.0812355e-05  7.1005670e-05 -7.0429538e-05
  -7.0578026e-05]
 [ 7.0802977e-05  7.0805530e-05  7.0859351e-05  7.1002316e-05
   2.5126882e-04]
 [ 7.0802809e-05  7.0803995e-05  7.0845512e-05  7.0920971e-05
   7.1004521e-05]] 
Episode: 6: [[ 0.0001068  -0.00010648 -0.00010647 -0.00010646 -0.00010646]
 [ 0.00010652  0.0001068  -0.0001064  -0.00010641 -0.00010642]
 [ 0.00010651  0.00010652  0.00010679 -0.00010599 -0.00010619]
 [ 0.00010651  0.00010651  0.00010659  0.00010679  0.00028716]
 [ 0.00010651  0.00010651  0.00010657  0.00010667  0.00010679]] 
Episode: 7: [[ 0.00013765 -0.00013723 -0.00013722 -0.00013721 -0.00013721]
 [ 0.00013729  0.00013764 -0.00013714 -0.00013714 -0.00013715]
 [ 0.00013728  0.00013729  0.00013764 -0.0001366  -0.00013687]
 [ 0.00013728  0.00013728  0.00013737  0.00013763  0.00031811]
 [ 0.00013728  0.00013728  0.00013735  0.00013748  0.00013763]] 
Episode: 8: [[ 0.00016459 -0.00016409 -0.00016408 -0.00016406 -0.00016406]
 [ 0.00016416  0.00016457 -0.00016397 -0.00016397 -0.00016399]
 [ 0.00016415  0.00016416  0.00016457 -0.00016332 -0.00016365]
 [ 0.00016415  0.00016414  0.00016426  0.00016456  0.00034513]
 [ 0.00016415  0.00016414  0.00016423  0.00016438  0.00016456]] 
Episode: 9: [[ 0.00018833 -0.00018776 -0.00018775 -0.00018772 -0.00018773]
 [ 0.00018784  0.00018832 -0.00018762 -0.00018762 -0.00018764]
 [ 0.00018783  0.00018784  0.00018831 -0.00018687 -0.00018725]
 [ 0.00018783  0.00018782  0.00018795  0.0001883   0.00036896]
 [ 0.00018783  0.00018782  0.00018791  0.0001881   0.0001883 ]] 
Episode: 10: [[ 0.00020941 -0.00020877 -0.00020876 -0.00020872 -0.00020873]
 [ 0.00020886  0.00020939 -0.00020862 -0.00020861 -0.00020863]
 [ 0.00020886  0.00020886  0.00020938 -0.00020777 -0.00020819]
 [ 0.00020885  0.00020884  0.00020898  0.00020937  0.00039012]
 [ 0.00020885  0.00020884  0.00020894  0.00020914  0.00020938]] 
Episode: 11: [[ 0.00022822 -0.00022752 -0.0002275  -0.00022746 -0.00022747]
 [ 0.00022762  0.0002282  -0.00022734 -0.00022734 -0.00022736]
 [ 0.00022761  0.00022761  0.00022819 -0.0002264  -0.00022687]
 [ 0.00022761  0.00022759  0.00022774  0.00022817  0.000409  ]
 [ 0.00022761  0.00022759  0.0002277   0.00022792  0.00022818]] 
Episode: 12: [[ 0.00024508 -0.00024432 -0.00024429 -0.00024425 -0.00024426]
 [ 0.00024443  0.00024505 -0.00024412 -0.00024411 -0.00024413]
 [ 0.00024442  0.00024441  0.00024504 -0.00024309 -0.0002436 ]
 [ 0.00024442  0.00024439  0.00024456  0.00024502  0.00042593]
 [ 0.00024442  0.00024439  0.00024451  0.00024475  0.00024503]] 
Episode: 13: [[ 0.00026024 -0.00025941 -0.00025938 -0.00025933 -0.00025934]
 [ 0.00025954  0.00026021 -0.00025919 -0.00025917 -0.0002592 ]
 [ 0.00025953  0.00025951  0.0002602  -0.00025805 -0.00025861]
 [ 0.00025953  0.00025949  0.00025966  0.00026017  0.00044116]
 [ 0.00025953  0.00025948  0.00025961  0.00025987  0.00026018]] 
Episode: 14: [[ 0.0002739  -0.00027302 -0.00027298 -0.00027292 -0.00027294]
 [ 0.00027316  0.00027387 -0.00027277 -0.00027274 -0.00027277]
 [ 0.00027315  0.00027312  0.00027385 -0.00027153 -0.00027214]
 [ 0.00027315  0.00027309  0.00027328  0.00027382  0.0004549 ]
 [ 0.00027314  0.00027309  0.00027323  0.0002735   0.00027384]] 
Episode: 15: [[ 0.00028625 -0.00028531 -0.00028526 -0.00028519 -0.00028521]
 [ 0.00028546  0.00028621 -0.00028503 -0.000285   -0.00028503]
 [ 0.00028545  0.00028541  0.00028619 -0.0002837  -0.00028435]
 [ 0.00028545  0.00028538  0.00028558  0.00028616  0.00046731]
 [ 0.00028544  0.00028538  0.00028552  0.00028581  0.00028617]] 
Episode: 16: [[ 0.00029742 -0.00029642 -0.00029637 -0.00029629 -0.00029631]
 [ 0.00029659  0.00029737 -0.00029612 -0.00029608 -0.00029612]
 [ 0.00029658  0.00029653  0.00029735 -0.00029469 -0.00029539]
 [ 0.00029657  0.0002965   0.0002967   0.00029732  0.00047855]
 [ 0.00029657  0.00029649  0.00029664  0.00029694  0.00029733]] 
Episode: 17: [[ 0.00030754 -0.00030649 -0.00030643 -0.00030634 -0.00030636]
 [ 0.00030668  0.00030749 -0.00030616 -0.00030611 -0.00030615]
 [ 0.00030666  0.0003066   0.00030747 -0.00030463 -0.00030537]
 [ 0.00030666  0.00030657  0.00030678  0.00030742  0.00048874]
 [ 0.00030666  0.00030656  0.00030671  0.00030702  0.00030744]] 
Episode: 18: [[ 0.00031672 -0.00031562 -0.00031556 -0.00031545 -0.00031548]
 [ 0.00031582  0.00031667 -0.00031527 -0.00031521 -0.00031525]
 [ 0.00031581  0.00031573  0.00031664 -0.00031364 -0.00031442]
 [ 0.0003158   0.0003157   0.00031592  0.00031659  0.00049799]
 [ 0.0003158   0.00031569  0.00031585  0.00031617  0.00031661]] 
Episode: 19: [[ 0.00032506 -0.00032392 -0.00032384 -0.00032373 -0.00032376]
 [ 0.00032413  0.000325   -0.00032354 -0.00032346 -0.0003235 ]
 [ 0.00032411  0.00032402  0.00032497 -0.00032182 -0.00032264]
 [ 0.00032411  0.00032399  0.00032421  0.00032492  0.00050639]
 [ 0.00032411  0.00032398  0.00032414  0.00032447  0.00032494]] 
Episode: 20: [[ 0.00033264 -0.00033145 -0.00033137 -0.00033124 -0.00033127]
 [ 0.00033168  0.00033257 -0.00033104 -0.00033095 -0.000331  ]
 [ 0.00033166  0.00033155  0.00033254 -0.00032923 -0.00033009]
 [ 0.00033165  0.00033152  0.00033175  0.00033249  0.00051403]
 [ 0.00033165  0.00033151  0.00033167  0.00033201  0.0003325 ]] 
Episode: 21: [[ 0.00033954 -0.0003383  -0.00033821 -0.00033807 -0.0003381 ]
 [ 0.00033854  0.00033946 -0.00033786 -0.00033776 -0.00033781]
 [ 0.00033852  0.0003384   0.00033943 -0.00033596 -0.00033686]
 [ 0.00033851  0.00033836  0.0003386   0.00033936  0.00052098]
 [ 0.00033851  0.00033835  0.00033852  0.00033887  0.00033938]] 
Episode: 22: [[ 0.00034581 -0.00034452 -0.00034443 -0.00034428 -0.00034431]
 [ 0.00034478  0.00034572 -0.00034406 -0.00034395 -0.000344  ]
 [ 0.00034476  0.00034463  0.00034569 -0.00034207 -0.000343  ]
 [ 0.00034475  0.00034458  0.00034483  0.00034562  0.00052731]
 [ 0.00034475  0.00034457  0.00034474  0.0003451   0.00034564]] 
Episode: 23: [[ 0.00035151 -0.00035019 -0.00035009 -0.00034992 -0.00034996]
 [ 0.00035046  0.00035143 -0.00034971 -0.00034958 -0.00034963]
 [ 0.00035044  0.00035029  0.00035139 -0.00034763 -0.0003486 ]
 [ 0.00035043  0.00035025  0.0003505   0.00035131  0.00053308]
 [ 0.00035043  0.00035024  0.00035041  0.00035077  0.00035133]] 
Episode: 24: [[ 0.00035671 -0.00035535 -0.00035524 -0.00035506 -0.0003551 ]
 [ 0.00035563  0.00035662 -0.00035484 -0.0003547  -0.00035476]
 [ 0.00035561  0.00035545  0.00035658 -0.00035268 -0.00035368]
 [ 0.0003556   0.0003554   0.00035566  0.0003565   0.00053833]
 [ 0.0003556   0.00035539  0.00035556  0.00035593  0.00035652]] 
Episode: 25: [[ 0.00036144 -0.00036005 -0.00035993 -0.00035974 -0.00035978]
 [ 0.00036034  0.00036134 -0.00035952 -0.00035937 -0.00035943]
 [ 0.00036032  0.00036014  0.0003613  -0.00035729 -0.00035832]
 [ 0.00036031  0.0003601   0.00036035  0.00036121  0.00054311]
 [ 0.00036031  0.00036008  0.00036026  0.00036063  0.00036124]] 
Episode: 26: [[ 0.00036575 -0.00036432 -0.0003642  -0.00036401 -0.00036405]
 [ 0.00036463  0.00036565 -0.00036377 -0.00036362 -0.00036368]
 [ 0.0003646   0.00036442  0.0003656  -0.00036148 -0.00036253]
 [ 0.0003646   0.00036437  0.00036463  0.00036551  0.00054746]
 [ 0.00036459  0.00036436  0.00036453  0.00036492  0.00036554]] 
Episode: 27: [[ 0.00036968 -0.00036822 -0.00036809 -0.00036788 -0.00036792]
 [ 0.00036853  0.00036957 -0.00036764 -0.00036748 -0.00036754]
 [ 0.00036851  0.00036831  0.00036952 -0.00036528 -0.00036636]
 [ 0.0003685   0.00036826  0.00036853  0.00036943  0.00055143]
 [ 0.0003685   0.00036825  0.00036842  0.00036881  0.00036945]] 
Episode: 28: [[ 0.00037326 -0.00037176 -0.00037163 -0.00037141 -0.00037145]
 [ 0.00037209  0.00037314 -0.00037117 -0.00037099 -0.00037105]
 [ 0.00037206  0.00037185  0.00037309 -0.00036874 -0.00036984]
 [ 0.00037206  0.0003718   0.00037207  0.00037299  0.00055505]
 [ 0.00037205  0.00037179  0.00037196  0.00037235  0.00037301]] 
Episode: 29: [[ 0.00037651 -0.00037499 -0.00037485 -0.00037462 -0.00037467]
 [ 0.00037533  0.0003764  -0.00037438 -0.00037419 -0.00037425]
 [ 0.0003753   0.00037508  0.00037634 -0.00037188 -0.00037302]
 [ 0.0003753   0.00037503  0.0003753   0.00037623  0.00055835]
 [ 0.00037529  0.00037501  0.00037519  0.00037558  0.00037626]] 
Episode: 30: [[ 0.00037948 -0.00037793 -0.00037778 -0.00037754 -0.00037759]
 [ 0.00037828  0.00037936 -0.00037729 -0.00037709 -0.00037716]
 [ 0.00037825  0.00037801  0.0003793  -0.00037473 -0.00037589]
 [ 0.00037824  0.00037796  0.00037824  0.00037919  0.00056137]
 [ 0.00037824  0.00037795  0.00037812  0.00037852  0.00037922]] 
Episode: 31: [[ 0.00038219 -0.0003806  -0.00038045 -0.0003802  -0.00038025]
 [ 0.00038097  0.00038206 -0.00037995 -0.00037973 -0.0003798 ]
 [ 0.00038094  0.00038069  0.000382   -0.00037732 -0.00037851]
 [ 0.00038093  0.00038063  0.00038091  0.00038188  0.00056411]
 [ 0.00038093  0.00038062  0.0003808   0.00038119  0.00038191]] 
Episode: 32: [[ 0.00038465 -0.00038304 -0.00038288 -0.00038262 -0.00038267]
 [ 0.00038342  0.00038452 -0.00038236 -0.00038214 -0.00038221]
 [ 0.00038338  0.00038312  0.00038445 -0.00037968 -0.00038089]
 [ 0.00038338  0.00038307  0.00038335  0.00038433  0.00056662]
 [ 0.00038337  0.00038305  0.00038323  0.00038363  0.00038436]] 
Episode: 33: [[ 0.0003869  -0.00038526 -0.00038509 -0.00038482 -0.00038487]
 [ 0.00038564  0.00038675 -0.00038456 -0.00038432 -0.00038439]
 [ 0.00038561  0.00038533  0.00038669 -0.00038182 -0.00038304]
 [ 0.0003856   0.00038528  0.00038556  0.00038656  0.0005689 ]
 [ 0.0003856   0.00038526  0.00038544  0.00038584  0.00038659]] 
