70.764542 71.974480 81.418274 58.408058 86.042091 0.019782 
70.986336 79.311180 84.610878 69.600121 80.065453 0.000000 
83.911728 88.975166 95.892960 75.971039 106.167580 0.000000 
75.790199 71.746887 76.391510 53.933285 81.353180 0.000000 
73.420502 81.388878 60.346794 63.117188 73.057846 0.000000 
102.528145 96.213791 92.299553 82.154976 91.758133 0.000000 
60.326195 76.836205 83.341499 76.319397 88.856499 0.027976 
78.979576 73.526329 90.532814 72.196785 82.274368 0.000000 
92.222603 74.275398 80.774033 63.175613 81.444977 0.000000 
71.582230 74.376396 71.762764 69.792122 80.940704 0.000000 
98.831139 84.528107 83.392738 80.205177 81.772156 0.000000 
81.498306 73.317505 74.173500 57.256935 78.389534 0.019782 
63.087593 65.022949 83.591080 65.228111 94.202888 0.000000 
97.523842 83.459732 84.380905 73.349319 95.940392 0.000000 
88.464401 83.193665 90.264267 92.442444 92.902092 0.000000 
118.614105 100.859154 106.342781 68.166161 64.393944 0.000000 
80.470726 70.134277 74.356186 61.759731 65.970520 0.000000 
74.311661 64.555695 70.625771 62.962154 91.868752 0.019782 
107.541527 119.929543 91.691490 78.920486 103.088066 0.019782 
96.135109 67.042801 77.068726 66.249855 94.634544 0.000000 
