83.401634 62.886055 63.413757 51.905045 40.975994 0.000000 
87.537086 60.514549 54.785110 49.494270 42.169014 0.027976 
88.721230 76.660187 65.186951 50.766148 45.089436 0.027976 
89.620995 59.106297 52.911396 49.703541 44.775459 0.000000 
87.539253 71.449577 74.725929 53.689014 39.201576 0.027976 
85.639091 72.936241 63.725185 46.038689 34.295452 0.027976 
87.728363 57.805355 58.092457 58.564812 44.789825 0.019782 
95.999481 67.663383 64.206329 64.340134 54.928162 0.000000 
87.400696 66.570389 65.389648 46.783195 43.258781 0.000000 
92.844528 86.803749 68.824432 77.120407 43.237179 0.000000 
90.085503 65.305786 70.496208 51.047382 37.471458 0.039565 
89.843956 80.510162 63.575287 66.676811 35.480026 0.000000 
89.230217 64.860771 69.141548 63.635136 49.498657 0.000000 
86.004028 72.750984 62.635166 67.266960 55.092464 0.000000 
90.859825 57.643684 58.870731 49.954788 35.938942 0.019782 
84.421860 70.597015 79.102852 81.155167 80.648514 0.000000 
87.056625 64.666916 57.226074 66.445457 64.985306 0.000000 
85.425156 69.838158 64.997421 55.646076 38.291233 0.000000 
88.772171 85.182220 65.764679 63.727150 51.009575 0.000000 
93.403725 68.935699 77.372498 57.466751 43.415615 0.000000 
88.628609 63.075188 55.532207 54.137745 39.928661 0.027976 
86.405144 61.911251 50.592266 52.122955 36.440716 0.000000 
85.630234 59.668327 48.992123 54.315609 29.227232 0.000000 
83.204079 56.201862 59.724716 58.252644 46.915051 0.000000 
86.860107 70.163612 61.341518 63.694168 45.509193 0.000000 
87.398132 66.151131 65.664383 50.580753 48.343632 0.000000 
88.958321 63.748436 63.889530 59.346462 43.060463 0.000000 
93.123726 71.310822 68.746353 49.486191 38.151596 0.000000 
86.802605 74.879234 64.492767 68.391403 38.863297 0.000000 
97.642410 64.176208 59.353466 63.024502 52.313553 0.019782 
88.594261 60.203278 65.506134 55.156979 52.308296 0.019782 
92.199104 72.653542 66.668930 70.432709 54.132912 0.000000 
91.815033 69.992249 62.456676 63.879498 43.720844 0.000000 
94.819595 68.005913 62.606346 69.435333 42.778419 0.000000 
90.828705 68.758766 66.133698 49.105568 46.933716 0.000000 
91.503433 75.468452 76.288216 74.737129 46.213909 0.000000 
87.548347 65.006950 66.377197 55.493553 51.443199 0.000000 
83.853104 73.561508 74.037094 61.810642 42.101971 0.000000 
95.305763 72.939484 75.888397 68.970451 43.555405 0.000000 
90.441505 69.751503 59.739250 54.351181 40.281898 0.000000 
90.965271 78.899117 66.342827 69.893669 50.308586 0.027976 
91.362854 70.334892 61.403767 66.028305 40.821430 0.000000 
88.635231 73.316666 74.253593 63.841892 46.124737 0.000000 
84.007469 65.373352 70.133842 65.950699 40.362312 0.000000 
89.244240 76.754524 66.625786 58.157009 43.197121 0.027976 
88.412254 71.808258 67.707901 61.919132 37.000214 0.000000 
85.374008 61.018040 60.836918 54.908447 46.099529 0.019782 
85.863167 59.941700 69.899353 60.450645 56.058174 0.027976 
88.810287 69.218216 56.989380 53.148964 42.110779 0.034264 
92.115845 76.977943 66.636284 58.967548 41.071239 0.000000 
