2165.408936 2347.357910 1781.943604 1499.717407 142724.250000 
3378.274902 4441.767090 3644.023682 2057.524414 156041.375000 
2407.772461 3322.111328 3052.201172 1788.064453 156415.125000 
3321.857178 3976.035645 2011.961792 1456.084839 138258.031250 
2614.809814 5807.256836 2066.286133 1537.969971 111932.328125 
2602.272217 5589.099121 3292.115234 2189.343018 135916.812500 
2782.786621 4168.015137 3919.888428 1721.753296 187717.703125 
3165.748779 4898.451172 2200.498779 1858.626465 159116.625000 
4924.688477 4141.116699 2538.296387 1599.951782 142746.250000 
3589.328369 3314.942139 2172.404785 1697.740234 186839.609375 
2699.891846 4147.770020 3099.026855 1544.779907 150661.125000 
3023.501709 2898.369873 2767.954346 1843.153931 158684.421875 
3015.021729 4135.075195 2901.889160 2042.650391 154493.984375 
3303.456055 3580.167236 4886.549805 2217.718994 141060.812500 
3036.894287 3724.087646 2599.409912 1018.417542 156491.437500 
3334.712646 3029.541016 2766.810791 1103.602661 131562.328125 
4126.964355 4013.739014 2222.012695 1661.489136 160099.375000 
4262.821289 2737.738770 2677.459717 1254.526001 179338.187500 
3354.145996 3494.127441 2351.873779 1914.728760 128784.367188 
3304.210449 4076.821777 2831.462646 1544.965210 179215.531250 
2690.119629 3477.171875 3605.112793 1942.166260 123555.835938 
3759.304443 3812.248047 3338.549805 1474.269531 160824.000000 
2139.027832 2754.581543 1841.841064 1498.703003 135919.218750 
6459.002441 4340.485840 3206.029053 1675.224365 138209.593750 
3703.754883 3625.896729 2297.980957 1578.171631 131358.812500 
3657.863525 4743.021484 2881.724365 2110.872070 151898.265625 
3002.626953 4867.767090 3125.633301 1567.359619 137635.921875 
2629.511230 4035.402100 2044.434204 1704.604614 135853.203125 
2727.008545 2754.961670 2648.725098 1846.781616 141118.906250 
4036.139648 4286.606934 2598.511475 1362.273804 154963.156250 
3981.234375 3562.341309 2776.189209 1484.654297 131237.906250 
5694.375977 3048.653809 2343.624756 1140.925903 180111.125000 
2944.056641 6282.265137 1965.713257 1754.560791 180865.937500 
3126.761963 5352.761230 2412.406982 1453.947632 154732.109375 
2127.527832 2593.624756 1707.879272 996.060791 113626.437500 
2910.679443 3472.294922 2988.802002 1518.725830 155040.906250 
2608.682129 2739.155762 1950.445190 1652.078125 134630.343750 
3215.045898 4890.752441 4168.444336 2167.258545 168390.390625 
2598.429199 4032.004883 2553.917236 1546.904297 131712.781250 
2605.997314 2199.190186 2855.648438 1587.097290 117567.117188 
2427.531738 5342.056152 2112.549805 1242.995850 123423.414062 
3524.625000 2445.177246 2471.476074 1643.740356 124193.867188 
3857.982422 3471.019531 2024.395752 1277.349121 137795.968750 
2401.479980 2731.805176 4133.257324 1363.594971 117800.492188 
1889.798218 2161.801514 2386.799316 1012.244751 141311.031250 
3246.489990 4232.583984 3525.361084 1533.892822 120432.210938 
5830.686523 4872.851074 3048.307129 2061.687256 171848.296875 
4406.572266 3231.633545 2013.914551 1185.780396 155089.984375 
3321.153809 4659.118652 1667.797852 1356.767090 148444.953125 
2772.424072 2818.762451 2048.121094 1485.346680 121710.867188 
