1690.852173 1050.402954 948.387268 1134.689087 587230.000000 
1635.639648 984.459106 886.825378 718.613281 515341.000000 
1897.044678 1213.960083 1374.942627 818.221802 600639.875000 
1811.302124 1471.021973 1388.071777 1741.928101 682801.312500 
1667.434814 1084.790161 768.837585 896.735901 500956.125000 
1648.550415 1041.280273 882.875793 958.879883 516930.281250 
1860.281860 1078.223389 853.354431 735.489197 529973.750000 
1590.500610 967.577332 785.929016 645.247192 539053.500000 
1751.374512 1025.985107 878.544617 989.023743 580105.812500 
1842.720581 1069.076782 989.445007 1118.276367 587850.500000 
1589.376831 1076.997437 847.198242 838.493652 559948.500000 
1866.990967 1135.553833 1016.693970 1001.021973 595600.437500 
2251.061768 1260.822876 1019.871582 925.350769 612124.125000 
1623.133545 977.391907 785.161072 888.739014 527306.875000 
1844.518066 1295.822876 1143.589844 915.996887 562308.562500 
1702.718262 1040.537476 932.283386 699.569214 545938.687500 
1808.014404 1042.866333 878.444092 917.971375 609654.312500 
1742.028442 1141.331421 860.572815 648.447266 518496.781250 
1857.377441 1139.541748 955.235107 962.343018 453768.906250 
1597.933960 1055.186523 752.978760 607.554382 510530.312500 
1757.114502 1110.614624 985.198425 996.331421 612223.562500 
2235.586914 1334.093018 1246.832520 1567.753296 499640.156250 
1608.766235 996.826294 873.684326 961.156128 495423.593750 
1635.668457 1028.246582 786.883911 802.572815 534621.125000 
1663.142700 1154.433960 931.345764 799.802368 690082.500000 
1937.301758 1132.987061 1337.878296 1139.609985 488594.343750 
1569.856445 931.028076 726.699829 729.027710 584909.500000 
1724.805420 953.661987 1002.802856 888.098022 594870.687500 
1626.649048 953.758484 719.826660 732.603271 590763.437500 
1535.153442 957.823669 757.589905 792.492615 590717.125000 
1601.362305 1040.377197 1102.505005 1029.559570 499300.093750 
1871.954224 1435.749146 1182.381348 1278.004395 505309.781250 
1569.812622 884.975891 885.951416 999.666443 598691.062500 
1772.728516 1075.931030 845.275574 1006.416199 515977.406250 
1689.854980 1020.850586 915.943970 659.268494 531980.875000 
1641.879150 1006.278992 871.886902 904.175415 529858.062500 
1917.917358 1281.096436 899.872314 909.848816 504674.343750 
1833.215210 1052.938232 815.561157 689.267578 511380.031250 
1845.524536 1084.157349 874.572571 809.769165 537838.625000 
1584.835327 1000.241211 932.654053 777.033691 572406.375000 
1820.946533 1092.107300 856.649841 778.481262 556236.312500 
1798.126709 1160.778442 999.468201 1550.613281 594950.812500 
1995.786377 1251.358765 1123.273315 1272.047852 591564.375000 
1822.771118 1141.384766 1049.415283 1023.715576 516134.625000 
1596.227783 977.984802 812.574219 808.415588 593688.875000 
1636.680054 1073.608643 771.412231 896.172119 478217.062500 
1602.873047 938.591370 866.017395 793.407166 505884.031250 
1674.225586 1064.152466 800.401855 891.217468 469133.781250 
1808.832275 1159.129150 907.452637 809.855469 599454.625000 
1816.002930 1136.582153 996.965393 903.516968 547686.750000 
