0.797026 
0.773818 
1.210608 
1.178357 
0.494430 
0.694650 
0.814952 
0.688472 
0.439355 
0.874523 
0.767277 
0.782100 
1.126195 
0.920138 
0.471953 
1.247394 
0.231224 
2.008087 
0.855673 
0.888942 
0.445722 
0.801392 
0.946913 
1.702963 
0.990965 
0.361737 
1.350424 
0.585757 
0.805747 
1.105203 
1.105317 
0.361640 
1.105424 
0.939268 
0.409409 
1.492980 
0.955933 
1.128801 
0.740813 
0.413880 
0.803769 
0.574894 
1.077564 
0.739981 
0.803423 
0.638560 
0.805242 
0.474704 
0.525181 
0.823362 
