89.409248 77.651161 79.385132 65.464233 53.305092 0.000000 
89.216339 95.669456 87.698204 84.570030 66.007568 0.034264 
90.922112 85.992943 83.894791 78.786285 56.788639 0.027976 
87.520462 98.452362 85.365250 84.066826 71.717300 0.034264 
84.130928 94.206078 84.566193 77.159027 50.481110 0.000000 
89.450462 89.270782 94.388245 82.423752 68.322212 0.019782 
90.024101 85.100060 85.180252 86.771248 58.489784 0.000000 
88.248100 82.739685 84.197731 82.053604 60.140129 0.000000 
87.492096 82.573517 87.810455 81.304329 53.491344 0.000000 
85.196014 85.438034 86.622894 85.038193 54.728020 0.000000 
92.791168 84.974098 90.595413 82.805923 67.782394 0.034264 
85.510597 85.923599 84.231071 88.271057 53.458965 0.000000 
84.325249 84.412010 82.005981 79.730721 57.818329 0.000000 
83.752228 85.346161 74.256355 85.387985 61.679722 0.000000 
85.040657 85.532585 91.067429 83.578491 69.645065 0.000000 
89.040604 77.372231 76.073715 81.006142 65.091263 0.019782 
89.072159 94.795776 90.286896 74.379311 56.836624 0.027976 
87.050636 96.567055 80.299095 97.911186 61.899536 0.000000 
83.528755 84.332733 85.826805 79.610764 60.134075 0.019782 
91.580727 92.371696 98.896843 89.537170 60.299652 0.019782 
89.347435 85.712540 97.360756 86.589142 60.487057 0.034264 
90.706207 87.296951 76.451767 73.770317 52.582623 0.000000 
91.956871 89.686546 79.280518 75.583160 66.525688 0.000000 
86.904823 84.248787 88.597229 73.731018 76.125626 0.019782 
86.895477 87.532829 84.624878 73.757118 57.033241 0.000000 
86.122543 87.555939 94.241417 100.589127 61.318260 0.000000 
90.231560 87.304489 91.909660 84.510605 63.060577 0.000000 
83.910927 89.705200 92.933167 78.598999 57.573730 0.019782 
87.108437 85.429306 91.073166 82.284355 54.019794 0.000000 
88.803070 77.234856 70.030296 76.737701 68.154259 0.000000 
81.985321 85.178696 85.373322 74.752007 67.812187 0.027976 
91.904320 83.082672 90.429329 83.502342 71.752899 0.019782 
86.514519 100.547867 93.162895 86.363297 58.506798 0.000000 
85.692665 97.750412 88.870720 88.775391 75.469513 0.019782 
90.649414 103.833351 87.490105 85.033180 66.265511 0.000000 
88.121574 80.505928 89.004608 89.320480 72.326714 0.000000 
89.671318 86.450546 82.776146 78.720734 50.138721 0.019782 
92.641983 79.783127 82.376816 77.255836 58.574207 0.000000 
90.458900 79.925499 89.013840 74.142685 63.279781 0.000000 
91.775406 88.752083 82.035004 74.047050 52.956882 0.000000 
89.973175 93.347412 89.229507 70.475647 54.133533 0.000000 
88.380463 95.342300 77.932533 91.049736 56.936684 0.000000 
82.443649 87.281860 90.016182 76.249298 68.632812 0.019782 
83.235626 85.503143 99.693115 74.791870 52.954842 0.019782 
84.713448 81.341957 78.017967 80.794044 53.249077 0.019782 
91.801453 92.253052 79.169434 94.126740 65.777382 0.000000 
90.915482 81.188141 81.897095 82.565331 65.312553 0.000000 
89.253853 81.299751 70.210999 78.666710 61.247559 0.019782 
88.132942 89.851891 87.812714 89.996727 53.569973 0.019782 
88.900360 86.649628 78.344040 83.422112 80.484924 0.000000 
