3.850008 
3.848622 
3.847742 
3.849392 
3.845709 
3.838118 
3.881461 
3.846510 
3.858552 
3.878137 
3.858129 
3.861587 
3.865436 
3.872011 
3.887126 
3.861878 
3.844096 
3.857705 
3.851486 
3.851839 
3.836350 
3.810797 
3.854286 
3.854692 
3.853788 
3.844143 
3.854848 
3.849405 
3.833287 
3.826257 
3.804080 
3.830322 
3.858350 
3.841318 
3.834323 
3.860634 
3.877109 
3.872575 
3.858295 
3.865748 
3.838274 
3.887510 
3.861071 
3.856368 
3.844382 
3.840216 
3.887206 
3.818001 
3.894695 
3.814427 
3.879875 
3.841421 
3.833836 
3.847570 
3.868856 
3.867063 
3.844880 
3.886155 
3.881137 
3.852347 
3.904572 
3.852779 
3.877062 
3.857442 
3.843439 
3.848630 
3.835834 
3.841124 
3.846635 
3.848149 
3.846464 
3.856740 
3.855626 
3.871896 
3.838858 
3.858239 
3.843773 
3.836787 
3.844061 
3.862825 
3.871302 
3.839150 
3.840159 
3.849263 
3.852384 
3.846996 
3.848220 
3.824749 
3.849604 
3.849765 
3.879081 
3.869419 
3.839905 
3.853046 
3.862188 
3.853478 
3.854424 
3.836648 
3.828355 
3.872501 
3.847568 
3.859456 
3.836927 
3.847143 
3.866298 
3.874732 
3.844473 
3.833225 
3.826218 
3.864280 
3.861043 
3.825625 
3.845124 
3.852078 
3.852718 
3.843749 
3.824239 
3.850065 
3.843189 
3.859552 
3.841945 
3.842175 
3.831830 
3.875282 
3.840902 
3.857935 
3.867045 
3.829586 
3.849350 
3.843715 
3.836438 
3.860162 
3.839137 
3.811198 
3.849149 
3.841226 
3.847570 
3.820639 
3.838296 
3.840897 
3.813549 
3.812997 
3.819142 
3.855047 
3.873603 
3.820170 
3.845592 
3.855426 
3.809936 
3.816888 
3.836041 
3.864661 
3.867963 
3.851681 
3.765990 
3.852727 
3.712789 
3.689499 
3.571235 
3.511325 
321.264252 
3.344402 
3.384034 
3.644201 
3.739840 
3.575510 
3.882954 
3.642606 
3.834359 
3.787688 
3.929452 
3.768977 
3.801330 
3.802731 
3.891111 
3.846800 
3.795995 
3.943906 
3.859710 
3.843333 
3.942488 
3.767094 
3.883533 
3.851640 
3.883874 
3.868468 
3.895665 
3.891450 
3.743948 
3.804946 
3.935833 
3.769998 
3.784892 
3.847682 
3.812932 
3.774841 
3.846696 
3.873696 
3.804020 
3.807630 
3.830716 
3.975657 
3.842777 
3.820747 
3.897081 
3.866482 
3.866485 
3.767549 
3.918317 
3.931874 
3.793929 
3.868699 
3.853170 
3.855620 
3.774259 
3.787487 
3.887089 
3.796777 
3.855742 
3.810005 
3.944755 
3.948821 
3.777462 
3.876408 
3.735270 
3.859724 
3.820200 
3.802238 
3.824926 
3.922108 
3.838269 
3.861217 
3.803767 
3.850601 
3.771140 
3.850673 
3.916899 
3.833268 
3.810737 
3.876642 
3.934579 
3.787013 
3.898835 
3.891110 
3.836335 
3.907043 
3.888538 
3.842281 
3.862699 
3.840153 
3.923903 
3.739254 
3.889604 
3.779147 
3.811688 
3.820358 
3.872951 
3.854870 
3.790875 
3.923273 
3.736173 
3.775806 
3.878193 
3.816526 
3.864693 
3.834170 
3.804328 
3.855405 
3.860333 
3.826138 
3.877749 
3.849318 
3.841376 
3.852710 
3.865339 
3.792206 
3.812441 
3.810107 
3.755320 
3.823631 
3.851586 
3.942293 
3.857579 
3.871788 
3.705670 
3.751251 
3.706538 
3.839692 
3.787735 
3.700868 
3.748865 
3.824209 
3.838022 
3.891123 
3.815599 
3.862359 
3.756053 
3.731883 
3.699107 
3.867350 
3.758338 
3.858051 
3.741166 
3.780258 
3.759165 
3.894452 
3.803087 
3.919777 
3.862054 
3.731327 
3.696701 
3.826944 
3.848704 
3.728598 
3.887367 
3.854102 
3.795261 
3.792758 
3.805448 
3.669386 
3.725549 
3.780973 
3.870976 
3.763890 
3.906936 
3.780061 
3.951161 
3.707584 
3.841101 
3.808852 
3.874686 
3.932545 
3.805455 
3.832326 
3.849113 
3.830898 
3.753723 
3.761246 
3.919811 
3.746285 
3.967463 
3.868114 
3.848531 
3.846487 
3.722124 
3.896104 
3.735175 
3.810647 
3.944598 
3.875080 
3.902715 
3.891509 
3.832025 
3.812577 
3.779610 
3.864185 
3.779012 
3.838966 
3.871448 
3.852454 
3.719329 
3.823776 
3.805004 
3.838071 
3.876075 
3.797770 
3.799292 
3.941937 
3.800000 
3.791457 
3.938068 
3.780481 
3.918895 
3.887827 
3.803172 
3.705235 
3.800290 
3.953755 
3.865321 
3.778853 
3.688579 
3.744702 
3.861150 
3.807405 
3.854440 
3.787465 
3.829104 
3.895237 
3.887542 
3.924378 
3.868219 
3.896213 
3.836568 
3.834510 
3.825572 
3.817731 
3.757082 
3.884212 
3.818781 
3.704869 
3.915662 
3.724786 
3.945546 
3.873970 
3.840034 
3.845675 
3.905403 
3.731779 
3.746619 
3.770543 
3.803437 
3.989087 
3.749192 
3.879990 
3.824613 
3.812214 
3.850200 
3.770393 
3.881605 
3.895312 
3.944880 
3.808872 
3.955182 
3.823581 
3.842010 
3.796211 
3.876692 
3.852671 
3.915236 
3.902488 
3.884601 
3.797176 
3.848179 
3.755734 
3.934334 
3.782021 
3.748295 
3.865180 
3.837840 
3.876036 
3.844694 
3.853590 
3.814759 
3.845749 
3.896939 
3.750960 
3.877217 
3.664599 
3.909128 
3.832315 
3.851129 
3.798210 
3.795651 
3.905954 
3.807564 
3.789621 
3.879972 
3.898999 
3.884631 
3.817470 
3.859591 
3.864115 
3.787017 
3.880469 
3.820983 
3.898399 
3.885686 
3.725075 
3.785337 
3.762380 
3.846272 
3.971611 
3.888580 
3.898772 
3.846894 
3.781505 
3.934142 
3.784513 
3.807188 
3.805192 
3.864930 
3.853524 
3.881043 
3.806157 
3.879471 
3.796592 
3.862148 
3.800899 
3.780449 
3.833707 
3.810020 
3.832633 
3.808179 
3.767869 
3.820965 
3.780789 
3.824134 
3.795202 
3.917157 
3.804701 
