458.076965 305.805359 147.935745 118.826897 163753.453125 
390.463409 255.622543 142.839554 93.424408 232441.546875 
371.693726 284.692047 125.712151 77.401810 151328.453125 
372.436890 397.462524 230.733765 222.081787 340979.312500 
463.719238 288.110565 132.335236 150.231644 142582.703125 
351.445129 320.874146 205.300598 156.078125 311120.750000 
462.164307 332.797028 186.853439 147.228821 266865.687500 
338.750092 229.027206 150.898300 104.071129 173081.062500 
375.966522 267.168915 128.104828 80.472626 135895.781250 
406.565186 242.889130 127.578445 76.329445 174412.828125 
398.465668 315.282043 164.773285 98.048988 158011.921875 
356.291626 247.382812 150.383408 116.447090 122197.375000 
467.063934 264.676849 148.386520 94.828568 210795.156250 
365.499176 263.840454 130.898026 86.870392 176635.000000 
388.256134 281.387939 142.431961 106.839172 148644.343750 
318.753540 195.829590 117.892723 79.707062 117908.070312 
347.187042 238.994049 155.995956 87.259102 101245.656250 
411.668976 257.379547 158.639923 87.088501 242359.281250 
323.223938 215.733643 113.778435 78.766861 140495.718750 
407.713837 314.099579 168.623566 102.207191 164196.281250 
414.461365 243.785538 127.727036 73.158745 143280.250000 
408.011597 265.626007 181.818542 143.778687 222097.093750 
379.201508 245.629822 161.009460 103.796288 140231.046875 
399.196716 242.511856 121.011475 101.743126 142531.234375 
470.729706 331.607544 212.758759 118.195610 314462.062500 
398.583099 253.976395 200.498108 108.849190 227273.109375 
427.163422 282.849884 166.576782 97.805580 164118.187500 
386.747437 276.315674 180.131958 136.987595 177458.656250 
389.688080 242.891479 136.784531 70.251671 128090.765625 
392.658203 290.219421 131.526978 75.822906 160535.750000 
363.203827 293.470795 165.680206 95.813683 194485.609375 
417.168121 237.342316 107.980804 60.892166 145889.359375 
416.001556 305.504700 150.280014 93.285202 137458.000000 
364.029816 236.697403 160.348846 89.436089 206071.968750 
372.343109 267.426117 127.661278 80.105583 169437.484375 
403.213440 283.726959 217.187561 132.336090 208560.343750 
359.021729 256.240906 143.932831 108.674126 230222.765625 
496.592560 349.675690 291.742096 248.647049 282673.093750 
382.849854 254.213089 162.892303 93.607773 146041.515625 
400.484161 234.758560 117.491646 79.432320 175794.546875 
405.328613 256.119324 132.170944 64.294846 139917.046875 
425.470001 245.013901 130.963745 72.260704 215946.531250 
399.944305 260.297241 143.215988 98.306015 180834.343750 
308.874939 224.492737 121.634682 67.419983 122197.312500 
340.554932 290.658966 171.500961 134.091370 171516.250000 
345.264465 247.855927 136.288574 113.354393 160561.937500 
486.851044 462.357361 222.757935 136.144165 216364.796875 
423.174408 319.646545 142.111191 118.900986 191196.750000 
372.631561 241.448349 105.576477 57.587013 115567.359375 
391.010315 247.352936 129.014130 66.183487 161844.156250 
