1172134.000000 819895872.000000 202398752.000000 829989120.000000 193121.859375 
1256934.375000 772518144.000000 74436168.000000 1055513280.000000 459182.656250 
1143688.000000 800843584.000000 60058548.000000 6941529.500000 166941.015625 
1196458.375000 728649344.000000 1104649344.000000 183720240.000000 697867.625000 
1302331.500000 1220838016.000000 27912322.000000 24321306.000000 227827.828125 
1282238.000000 664023424.000000 130969024.000000 43697484.000000 302726.500000 
1305403.375000 905573824.000000 965203648.000000 405613216.000000 552555.875000 
1274600.500000 937817152.000000 2014058368.000000 169953024.000000 592480.125000 
1127256.250000 675681152.000000 824124288.000000 214235312.000000 616848.375000 
1133934.125000 568206400.000000 15053968.000000 12316669.000000 320939.812500 
1475645.750000 1564035328.000000 11654580224.000000 226554768.000000 610426.312500 
1215244.375000 723336064.000000 80905528.000000 1700286.750000 211213.093750 
1159774.875000 783727808.000000 2391203584.000000 918906368.000000 557701.750000 
1213937.250000 1059958912.000000 12247245824.000000 192524128.000000 554784.687500 
1233795.625000 845066368.000000 21666794.000000 27668956.000000 579543.687500 
1224996.625000 1484153088.000000 43558616.000000 4395869.000000 231558.968750 
1228263.250000 858610304.000000 217074416.000000 1834082944.000000 865017.062500 
1416251.375000 991206208.000000 3082195968.000000 863334848.000000 871751.062500 
1222088.375000 678108736.000000 10840317.000000 53121400.000000 423144.125000 
1273012.250000 702383232.000000 100704520.000000 446677408.000000 306134.187500 
