0.970879 
1.120564 
0.429226 
0.840857 
0.883159 
0.437598 
0.686932 
0.344941 
0.666181 
1.100121 
0.732511 
0.554070 
0.418105 
0.935738 
0.657331 
0.482678 
0.341362 
1.000398 
0.725681 
0.865940 
0.888798 
0.791178 
0.525727 
0.493884 
0.954297 
0.842126 
0.641028 
0.805165 
0.773755 
0.425208 
0.426134 
0.683687 
0.487444 
0.355700 
0.597942 
0.917028 
0.589561 
0.651191 
0.814016 
0.458218 
0.944322 
0.758106 
0.754381 
0.907965 
0.599537 
0.376419 
0.527982 
0.517318 
0.379674 
0.765103 
