0.541553 
0.572661 
0.561066 
0.940770 
0.401382 
0.751759 
0.632156 
0.391514 
0.385108 
0.306630 
0.642959 
1.087572 
0.435422 
0.420849 
0.597121 
0.625857 
0.191784 
0.764674 
0.620334 
0.749422 
0.393105 
0.542592 
1.017183 
0.842605 
0.614221 
0.698897 
0.688656 
0.405893 
0.474346 
0.391922 
0.632353 
0.450033 
0.605785 
0.500662 
0.320374 
1.093121 
0.557620 
0.527012 
0.973107 
0.339677 
0.410084 
0.874790 
0.721596 
0.981738 
0.523677 
0.537563 
1.095060 
0.286709 
0.438105 
0.433109 
0.918510 
0.591279 
0.663674 
0.295308 
0.774255 
0.894586 
0.208955 
0.553041 
0.309801 
0.841878 
0.829816 
0.609654 
0.620190 
0.716084 
0.732195 
0.292966 
0.671928 
0.368181 
1.003343 
0.358037 
0.198387 
0.681809 
0.728534 
0.838392 
0.637286 
0.801175 
0.426701 
0.669775 
0.851412 
0.289720 
0.450370 
0.652803 
0.227750 
0.765343 
0.547652 
0.534955 
0.579849 
0.604417 
0.673817 
0.652654 
0.477416 
0.536681 
1.193843 
0.527071 
0.464474 
0.337343 
0.529801 
0.808610 
0.882011 
0.414068 
