81.552292 54.354336 42.770496 39.738995 28.290989 0.000000 
88.033012 65.738632 62.307182 52.216602 33.259686 0.000000 
82.176537 70.502411 55.590065 38.644535 27.704088 0.019782 
84.181763 61.080379 47.974983 40.448158 33.890202 0.000000 
86.838844 71.936043 57.722103 44.735512 26.276894 0.027976 
86.298561 61.536163 56.239613 37.242443 27.516232 0.000000 
86.092400 58.388798 51.288998 41.092979 33.952965 0.000000 
87.893890 66.332306 62.935787 50.617954 29.160475 0.027976 
80.528671 68.874161 53.698864 40.053104 26.385698 0.000000 
89.581696 71.055588 59.377182 48.387875 31.025908 0.000000 
81.180504 68.950256 63.900940 57.472210 31.416105 0.019782 
86.309563 70.070290 62.903637 53.077896 34.870197 0.039565 
89.816376 70.916405 61.336681 47.364635 35.383026 0.000000 
84.555634 67.830803 51.681038 40.868324 28.628344 0.000000 
90.442551 64.659920 57.224808 44.470161 34.041847 0.000000 
87.873184 66.376503 58.105400 55.848427 58.008575 0.019782 
90.692368 69.676987 63.382118 51.957127 29.628080 0.027976 
83.738831 54.473991 42.232395 38.008736 35.855911 0.000000 
87.313560 77.573433 47.441589 39.732780 24.564112 0.039565 
82.380104 49.524609 44.505623 32.657364 23.901787 0.019782 
91.338554 78.048859 56.765324 44.227829 25.206528 0.000000 
73.773827 56.201134 52.756737 45.974346 30.696383 0.027976 
81.079750 61.411667 58.331291 45.346825 36.716774 0.019782 
83.462326 56.112175 46.166229 36.491711 26.564371 0.027976 
89.683960 59.166431 54.130348 44.892761 29.950300 0.027976 
84.410568 54.858902 45.182896 33.480461 32.673458 0.019782 
87.792221 65.026962 48.694794 42.712803 28.058939 0.019782 
82.017693 70.832191 52.780357 55.493793 30.925196 0.000000 
85.435799 63.303570 42.595661 51.467052 26.710043 0.000000 
83.139610 57.756569 60.277485 45.917690 28.031231 0.019782 
81.234047 65.230652 56.165653 47.816067 28.620914 0.019782 
83.661728 61.625038 62.106754 47.434662 26.979921 0.000000 
76.407524 54.829720 48.573090 44.641548 27.472824 0.019782 
84.252045 63.037823 57.120029 47.705990 33.913296 0.027976 
86.753563 70.490974 59.754093 49.780972 34.155998 0.000000 
83.551277 60.867214 56.214169 45.391411 34.712215 0.000000 
85.972908 64.664162 51.360580 42.469040 26.091198 0.000000 
86.043663 67.424553 59.473515 43.793442 27.556688 0.000000 
84.304344 59.912670 52.880470 42.197983 34.123356 0.000000 
82.733253 69.576355 59.510643 48.202290 28.040348 0.027976 
74.404053 58.671898 48.202679 37.690098 29.060783 0.019782 
89.200745 78.324081 64.246681 58.118061 30.202383 0.034264 
88.803864 60.762234 48.962929 48.269291 32.864029 0.000000 
87.013321 61.750240 53.143127 38.197651 25.967453 0.000000 
84.695015 65.897011 49.319618 38.512405 25.712933 0.000000 
85.812828 59.754059 52.260056 49.861240 25.612728 0.034264 
88.761131 71.550972 56.606804 42.721359 25.187010 0.000000 
83.669075 50.618279 52.841377 44.199718 33.215866 0.000000 
83.766396 78.834419 76.197693 59.506149 31.551512 0.000000 
80.233421 83.035530 73.234200 64.480713 34.545361 0.000000 
