5723.994141 3723.203125 3334.864746 2474.819092 1004549.625000 
5793.892578 4604.064453 3656.832764 3151.869629 1286492.375000 
5503.383301 4095.567871 3394.428223 2581.137207 905129.000000 
5845.046387 3951.804199 3970.124268 2931.015137 1171683.875000 
5790.461914 3967.953613 3670.280518 2592.945557 1059381.750000 
5931.982422 4217.452637 3630.118164 2766.031982 1494873.125000 
5225.815430 3592.499268 3266.802979 3403.432373 1301038.750000 
5972.729980 3819.009277 3201.908691 2785.190674 1372625.000000 
5623.277832 4325.978516 3504.926025 2850.508789 1459909.375000 
6727.318848 4432.633301 3546.215088 3267.593506 1471216.250000 
6499.376953 3942.312500 3922.182617 3747.335938 1167934.250000 
6574.910645 3808.291504 4190.171875 2491.253418 1351875.125000 
6135.374023 4686.501953 3575.384277 2979.652588 1098887.750000 
6236.235840 4282.797363 3467.569824 2685.563477 1388055.375000 
6129.810547 3646.523193 3410.697754 3646.007080 1032877.812500 
5951.976562 4278.068359 3752.304688 2457.137207 1039220.562500 
6288.679199 4319.244141 3776.214111 3081.500000 1647172.625000 
5936.458496 3747.856201 3121.909424 2777.681641 970185.187500 
6324.619141 3932.035889 3169.067871 2993.562988 1038356.750000 
6662.903320 4564.502930 4072.990479 4052.560547 1392069.250000 
6020.145020 4003.636963 3540.993164 2746.154053 1091850.000000 
5948.302246 3993.713623 3161.586670 2796.884277 1368157.125000 
5399.075684 4255.385254 3326.054932 2814.076904 1527768.375000 
5623.609863 3983.875244 3426.522705 4003.166260 847863.750000 
6646.119141 4219.488281 3838.074951 2938.644531 1354198.750000 
5977.635742 4146.418945 3745.612793 3138.753662 1211130.875000 
6202.855469 4411.980957 3949.429443 2628.116943 1871014.875000 
5374.485352 3633.049072 3886.114014 3178.333008 1261381.500000 
5604.845703 3415.434082 2787.922852 2471.150879 1094321.625000 
5234.875488 4182.848145 3751.661133 2981.795166 898543.062500 
