93.317085 49.819897 38.586803 45.901741 31.758753 0.000000 
85.176460 32.319382 29.862677 25.746029 30.025972 0.027976 
81.366180 29.326326 31.229700 25.656273 27.682060 0.000000 
83.650452 38.936581 31.968689 30.396074 22.920382 0.019782 
87.962021 37.986675 37.478981 34.963001 33.157799 0.019782 
91.457283 44.886089 40.861122 40.552811 29.879759 0.000000 
85.687431 34.297974 36.425949 30.432606 29.667202 0.000000 
83.682350 29.747293 32.570351 29.888939 24.211168 0.019782 
86.466553 41.002037 29.882196 29.570532 29.610043 0.000000 
89.237930 38.275410 34.269077 30.239202 35.819977 0.000000 
86.553337 27.988621 29.704277 30.592867 28.461351 0.000000 
86.211243 33.597744 30.991201 28.976206 25.090170 0.019782 
89.307571 47.815971 43.467239 32.782066 32.718170 0.000000 
78.364632 38.813698 34.967701 37.052158 28.586855 0.000000 
87.757286 46.717579 40.114697 41.012268 31.067286 0.027976 
82.342651 36.436832 28.333282 26.853552 21.141993 0.000000 
74.098442 33.509144 34.955608 28.643373 22.874161 0.000000 
79.987770 39.381775 32.616810 28.173416 22.716574 0.000000 
83.563103 36.292942 30.449228 36.548878 28.546217 0.000000 
71.005875 34.520824 30.099781 28.596317 18.824677 0.019782 
83.150665 42.377041 33.865059 32.355667 23.014885 0.000000 
82.042778 34.894012 30.597986 31.177132 20.122278 0.027976 
88.189796 35.454178 31.730694 33.073486 21.371458 0.000000 
87.179962 36.575794 33.161987 35.460152 26.594954 0.027976 
85.514091 34.376858 32.254467 31.180290 26.260218 0.000000 
82.090256 35.686901 32.100632 26.396055 21.844568 0.019782 
84.122635 35.046585 28.308050 27.484022 25.584038 0.000000 
84.730850 45.068726 33.921989 35.379669 33.577957 0.000000 
82.654137 44.955959 35.834625 29.388876 19.807095 0.019782 
87.518776 39.542824 34.030563 29.192335 30.158072 0.019782 
82.045982 38.312325 35.694160 40.349724 33.742359 0.019782 
85.525864 37.110107 32.730488 30.918875 23.629732 0.000000 
84.921356 41.918476 30.814316 32.903103 34.680489 0.019782 
75.959694 43.648949 42.578346 36.237183 31.973219 0.000000 
84.322769 45.737209 37.910179 34.565617 24.630676 0.027976 
84.737724 32.599106 31.029001 30.939226 31.146578 0.019782 
85.200554 33.287693 28.385679 30.742203 21.181791 0.000000 
79.238533 36.387371 32.351860 37.031029 28.436243 0.000000 
81.479538 37.277740 31.066223 32.667252 28.441345 0.019782 
87.629959 34.455608 34.028069 33.357754 26.778131 0.000000 
82.100594 37.925411 33.990601 36.892632 27.727978 0.019782 
86.889694 40.657169 33.404297 30.135725 25.138086 0.000000 
86.327232 34.959892 35.440872 35.481171 29.680977 0.000000 
87.206985 35.622574 27.686619 30.139542 19.992281 0.000000 
87.374153 41.222828 35.278088 29.628492 27.000277 0.000000 
80.936539 31.090689 33.847481 31.736288 25.042257 0.019782 
83.995117 36.100201 29.569799 29.457695 33.883392 0.000000 
84.097237 38.456757 35.954479 36.181110 28.859074 0.019782 
87.063766 36.108833 38.542480 31.645355 24.700684 0.027976 
85.486259 47.859219 44.218563 48.786327 23.949095 0.000000 
