32.777946 21.675451 26.015495 25.907574 5.796334 0.000000 
26.138977 19.845558 19.171301 21.974712 8.605260 0.019782 
24.161783 16.300337 16.459764 17.342087 5.043525 0.000000 
24.048622 18.116831 15.062786 15.323461 4.934869 0.019782 
19.568521 11.242111 14.149559 11.847693 3.179523 0.000000 
26.224720 20.545944 24.178411 16.943485 7.058830 0.000000 
26.983414 14.988585 14.231763 15.531816 5.376220 0.000000 
31.761286 21.359331 20.942724 21.090275 4.647893 0.027976 
23.089523 14.449502 17.655987 16.095078 7.797346 0.027976 
24.043617 17.955948 18.959829 14.631857 4.232256 0.027976 
35.361099 28.406073 29.561821 28.970356 6.899470 0.027976 
30.998081 15.486605 17.190151 14.110541 6.348508 0.000000 
38.048725 23.546129 26.144285 28.547531 15.118785 0.027976 
33.780231 20.955799 17.610418 13.643613 4.654000 0.000000 
29.588284 17.907940 22.638716 30.311729 15.340109 0.019782 
30.603331 26.168943 32.127571 36.661358 13.012413 0.000000 
26.408674 17.036072 17.260038 12.689491 4.252845 0.000000 
40.074467 26.203192 29.729052 21.414591 8.878055 0.000000 
31.579723 40.778419 39.024448 44.450611 5.174377 0.027976 
36.678913 27.513746 29.308708 29.611296 11.099894 0.019782 
