2164.825195 1869.469116 501.592346 537.269958 235161.796875 
2558.621826 2411.732666 599.987671 508.363556 255173.656250 
1948.222046 1184.782715 455.423462 335.689484 204270.734375 
2284.424316 1784.773071 548.911316 464.014038 241947.015625 
2672.075195 1751.255981 492.541321 335.760010 182239.875000 
2559.352051 1861.032593 465.517120 488.471558 221067.531250 
2490.759033 1430.063843 528.571899 563.718567 281444.625000 
1848.590576 1576.531738 448.133301 370.692474 250731.734375 
2690.063477 1968.750000 524.220764 502.580109 298602.687500 
2222.939453 1663.730225 648.373169 597.336670 287830.218750 
2042.707275 2177.852051 447.610321 484.793243 211880.625000 
2122.311035 1509.910767 499.495667 464.217834 228194.531250 
2658.194092 1537.874268 511.449432 549.715576 300867.062500 
2417.808838 2128.410156 589.054199 526.389099 257932.125000 
2651.579834 1770.095093 573.750732 576.746643 280014.656250 
2615.630371 981.166321 356.574280 447.076447 241341.968750 
1818.252197 1248.552979 480.810883 474.730743 274868.656250 
2276.561523 2008.041870 626.798096 538.744263 291077.781250 
2407.475098 2255.091309 590.570862 632.823303 256302.500000 
2453.283203 2237.242188 613.023071 656.973145 226594.828125 
