56433.535156 5118.942383 3839.393555 2081.321533 15714.246094 
69627.828125 4116.350586 1922.055664 1761.270630 14895.888672 
79457.250000 4587.694336 3033.827148 1395.175415 15772.927734 
71835.921875 5306.505371 2584.042725 1723.154419 18821.394531 
55477.371094 4230.923340 2892.947998 1941.482056 12916.596680 
58270.523438 4681.890137 2245.911133 1883.201172 10824.262695 
64431.753906 4836.117188 3165.235840 2379.776611 12343.326172 
62152.972656 3477.118652 2979.302246 1776.110352 12216.178711 
58981.218750 3128.754150 3169.864258 2553.884033 17780.917969 
62362.578125 4681.049805 4612.866211 2617.643311 9099.212891 
63612.898438 4153.763672 2440.979492 1346.332397 14037.193359 
63271.371094 3903.912842 2381.571777 1751.321167 17663.390625 
56444.527344 4248.303223 2580.433838 1406.454834 14984.214844 
48477.359375 3083.952393 2247.321777 1581.350098 12744.329102 
62115.429688 4030.807373 2231.339600 1723.881958 15843.077148 
49860.437500 3507.027100 1936.522339 2015.235352 8923.927734 
70040.828125 4755.876953 3544.397705 2881.206299 14244.688477 
59559.003906 3957.394043 2490.627686 1423.211182 15254.756836 
66095.968750 3826.465332 2999.726318 3683.365723 11718.573242 
59716.121094 4421.579102 2660.871338 1950.622437 17130.390625 
