Episode: 1: [[0.001 0.    0.    0.    0.    0.    0.    0.    0.    0.   ]
 [0.001 0.    0.    0.    0.    0.    0.    0.    0.    0.   ]
 [0.001 0.    0.    0.    0.    0.    0.    0.    0.    0.   ]] 
Episode: 2: [[ 1.0100000e-03  2.3375921e-25 -1.1935386e-27  9.9999988e-06
   1.5701539e-25  0.0000000e+00 -9.9999988e-06  0.0000000e+00
  -1.0567535e-27 -9.9999988e-06]
 [ 1.0100000e-03  1.2113492e-25 -6.3186964e-28 -9.9999988e-06
   8.1111788e-26  0.0000000e+00 -9.9999997e-06  0.0000000e+00
  -5.5795900e-28 -9.9999997e-06]
 [ 1.0100000e-03  1.1754700e-25 -6.1328177e-28 -9.9999988e-06
   7.8703747e-26  0.0000000e+00 -9.9999997e-06  0.0000000e+00
  -5.4155946e-28 -1.0000001e-05]] 
Episode: 3: [[ 1.0178079e-03  7.4413683e-06 -7.4413683e-06  2.0012589e-05
   7.4413683e-06  0.0000000e+00 -1.9946878e-05  0.0000000e+00
  -7.4413683e-06 -1.5997788e-05]
 [ 1.0178138e-03  7.4413674e-06 -7.4413674e-06 -1.9999299e-05
   7.4413683e-06  0.0000000e+00 -1.9947482e-05  0.0000000e+00
  -7.4413683e-06 -1.6755621e-05]
 [ 1.0178146e-03  7.4413683e-06 -7.4413674e-06 -2.0000030e-05
   7.4413674e-06  0.0000000e+00 -1.9948437e-05  0.0000000e+00
  -7.4413683e-06 -1.6789087e-05]] 
Episode: 4: [[ 1.0241910e-03  1.3337167e-05 -1.3214135e-05  2.9507020e-05
   1.3282973e-05  0.0000000e+00 -2.9264562e-05  0.0000000e+00
  -1.3319959e-05 -2.3828961e-05]
 [ 1.0241946e-03  1.3335573e-05 -1.3212674e-05 -2.9497298e-05
   1.3282062e-05  0.0000000e+00 -2.9262766e-05  0.0000000e+00
  -1.3318462e-05 -2.4975096e-05]
 [ 1.0241921e-03  1.3334892e-05 -1.3212246e-05 -2.9491994e-05
   1.3281623e-05  0.0000000e+00 -2.9260704e-05  0.0000000e+00
  -1.3317834e-05 -2.5025314e-05]] 
Episode: 5: [[ 1.0315639e-03  2.0230293e-05 -2.0330024e-05  3.8913648e-05
   1.9817020e-05  0.0000000e+00 -3.8139919e-05  0.0000000e+00
  -1.9989749e-05 -1.8219191e-05]
 [ 1.0317682e-03  2.0495963e-05 -2.0375419e-05 -3.8866612e-05
   1.9892595e-05  0.0000000e+00 -3.7650916e-05  0.0000000e+00
  -1.9739933e-05 -1.9293855e-05]
 [ 1.0317687e-03  2.0504876e-05 -2.0375455e-05 -3.8857725e-05
   1.9891517e-05  0.0000000e+00 -3.7639700e-05  0.0000000e+00
  -1.9729358e-05 -1.9341564e-05]] 
Episode: 6: [[ 1.0381504e-03  2.6316602e-05 -2.6285277e-05  4.2424635e-05
   2.5323163e-05  0.0000000e+00 -4.7143320e-05  0.0000000e+00
  -2.6254789e-05 -1.1269658e-05]
 [ 1.0385144e-03  2.6971571e-05 -2.6333788e-05 -4.2505322e-05
   2.5477029e-05  0.0000000e+00 -4.6364934e-05  0.0000000e+00
  -2.5892758e-05 -1.2227431e-05]
 [ 1.0385130e-03  2.6998669e-05 -2.6331807e-05 -4.2445186e-05
   2.5476062e-05  0.0000000e+00 -4.6325273e-05  0.0000000e+00
  -2.5880008e-05 -1.2266456e-05]] 
Episode: 7: [[ 1.0329528e-03  2.1112841e-05 -2.2844233e-05  3.7206693e-05
   2.0125544e-05  0.0000000e+00 -4.1939285e-05  0.0000000e+00
  -2.1072217e-05 -6.0325428e-06]
 [ 1.0333188e-03  2.1768979e-05 -3.3650140e-05 -3.7287471e-05
   2.0278952e-05  0.0000000e+00 -4.1165229e-05  0.0000000e+00
  -2.0718295e-05 -6.9827147e-06]
 [ 1.0333176e-03  2.1796306e-05 -3.3645007e-05 -3.7227321e-05
   2.0278178e-05  0.0000000e+00 -4.1125637e-05  0.0000000e+00
  -2.0706186e-05 -7.0213114e-06]] 
Episode: 8: [[ 1.03797857e-03  2.61540281e-05 -1.77801085e-05  4.22627454e-05
   2.51090351e-05  0.00000000e+00 -3.67665489e-05  0.00000000e+00
  -2.61348614e-05 -1.10937281e-05]
 [ 1.03835075e-03  2.68167169e-05 -2.85867063e-05 -4.23435886e-05
   2.52626851e-05  0.00000000e+00 -3.60613412e-05  0.00000000e+00
  -2.57811807e-05 -1.20430805e-05]
 [ 1.03835016e-03  2.68444437e-05 -2.85815750e-05 -4.22834528e-05
   2.52627178e-05  0.00000000e+00 -3.60230042e-05  0.00000000e+00
  -2.57690863e-05 -1.20815630e-05]] 
Episode: 9: [[ 1.0424093e-03  3.0598250e-05 -1.3315920e-05  4.6719968e-05
   2.9502926e-05  0.0000000e+00 -3.2206670e-05  0.0000000e+00
  -3.0597887e-05 -1.5555468e-05]
 [ 1.0427870e-03  3.1266674e-05 -2.4123125e-05 -4.6800869e-05
   2.9656747e-05  0.0000000e+00 -3.1562031e-05  0.0000000e+00
  -3.0244420e-05 -1.6504096e-05]
 [ 1.0427869e-03  3.1294752e-05 -2.4117991e-05 -4.6740748e-05
   2.9657487e-05  0.0000000e+00 -3.1524796e-05  0.0000000e+00
  -3.0232339e-05 -1.6542479e-05]] 
Episode: 10: [[ 1.0463428e-03  3.4543555e-05 -9.3529334e-06  5.0676888e-05
   3.3403554e-05  0.0000000e+00 -2.8160850e-05  0.0000000e+00
  -3.4559878e-05 -1.9516348e-05]
 [ 1.0467253e-03  3.5217072e-05 -2.0160676e-05 -5.0757844e-05
   3.3557528e-05  0.0000000e+00 -2.7568711e-05  0.0000000e+00
  -3.4206601e-05 -2.0464329e-05]
 [ 1.0467257e-03  3.5245459e-05 -2.0155541e-05 -5.0697734e-05
   3.3558896e-05  0.0000000e+00 -2.7532435e-05  0.0000000e+00
  -3.4194531e-05 -2.0502621e-05]] 
Episode: 11: [[nan nan nan nan nan nan nan nan nan nan]
 [nan nan nan nan nan nan nan nan nan nan]
 [nan nan nan nan nan nan nan nan nan nan]] 
