0.640013 
0.791226 
0.339141 
0.660194 
0.659058 
0.403738 
0.485554 
0.280408 
0.624054 
0.578822 
0.619545 
0.335373 
0.280475 
0.721027 
0.438691 
0.377535 
0.311546 
0.576308 
0.489702 
0.585504 
0.631268 
0.718424 
0.487614 
0.387867 
0.902281 
0.423156 
0.529749 
0.655115 
0.464031 
0.282720 
0.536565 
0.269452 
0.347454 
0.371876 
0.340055 
0.631425 
0.646019 
0.625607 
0.574181 
0.453950 
0.666702 
0.570894 
0.601335 
0.585520 
0.603951 
0.235476 
0.632086 
0.230487 
0.312501 
0.707848 
