1478.807739 28439.037109 510.307678 153.884949 41544.640625 
1803.852295 16260.789062 439.503082 139.964294 36752.035156 
1654.980347 22971.468750 523.114319 133.012466 44627.750000 
1942.595581 30955.830078 664.117920 168.690918 54344.062500 
1483.439819 16915.292969 602.031250 272.121857 34951.957031 
1490.727173 19424.552734 467.219513 177.823883 46724.738281 
1624.281128 16728.277344 440.851654 161.306946 50013.660156 
1860.821899 20474.328125 558.715210 185.637512 44474.136719 
1963.924194 34518.320312 488.461609 159.801987 46380.210938 
1707.355591 18254.736328 567.591675 176.907150 46894.625000 
1512.030640 26280.429688 769.955505 271.417084 47109.199219 
1617.008179 19721.744141 485.678406 156.597565 46283.210938 
2036.887817 22002.880859 490.189972 186.539902 48548.281250 
1800.956909 30163.748047 1376.032837 1005.037231 56590.335938 
1894.162476 39014.144531 1144.235718 381.961761 61168.437500 
1249.872192 26055.160156 739.231323 216.918335 70611.679688 
1335.674072 17888.560547 466.231049 98.632126 48503.843750 
2169.031250 30917.058594 711.894043 240.674545 61484.234375 
2221.215332 35194.460938 852.794983 303.738770 57649.199219 
2084.290527 49316.449219 1541.955566 600.760559 45570.660156 
