470.197845 328.207123 65357.175781 112649363456.000000 3412103.500000 
478.372345 229.250504 58331.175781 72870674432.000000 2873214.000000 
504.105652 229.544968 78220.007812 67836612608.000000 3461692.000000 
517.518005 232.420029 64722.492188 79835013120.000000 3101575.000000 
393.416962 222.042221 67141.117188 64817143808.000000 1099598.250000 
436.344025 252.867218 38870.375000 71292370944.000000 2831260.250000 
501.949707 256.466522 51162.214844 147077234688.000000 1880115.000000 
365.037445 203.480774 55296.023438 196607082496.000000 4392044.000000 
372.414795 222.752411 52328.648438 64996962304.000000 2269408.250000 
432.110748 218.896576 56852.187500 51612106752.000000 1108715.125000 
463.659454 263.419647 57136.425781 111554953216.000000 900629.625000 
425.114349 253.406326 39849.976562 94833836032.000000 2816022.000000 
394.616028 283.221161 49968.585938 142332329984.000000 3236252.000000 
377.653015 186.886948 53006.398438 261787189248.000000 2972732.000000 
515.744202 240.369125 52331.183594 106984251392.000000 1752509.625000 
404.318695 198.509918 40086.074219 38132162560.000000 877597.312500 
542.483154 204.786865 47005.636719 80372301824.000000 571339.062500 
417.853973 266.465057 70701.101562 74329522176.000000 2720807.500000 
467.061127 209.254959 46700.835938 57852096512.000000 1305215.625000 
432.104797 226.141357 55533.421875 134161154048.000000 1341252.375000 
507.700623 275.817291 51665.015625 168464203776.000000 1806553.875000 
441.090759 222.432327 41742.500000 77070991360.000000 1631128.750000 
401.251434 230.390625 53912.601562 42058182656.000000 2181687.000000 
539.239075 292.305725 55707.214844 35968491520.000000 1915091.125000 
365.782257 212.383560 58829.695312 182816325632.000000 1996528.000000 
475.209534 253.397583 66264.265625 109871783936.000000 4914069.500000 
432.910187 208.483353 45199.144531 463153922048.000000 562246.500000 
446.477509 214.307220 53490.820312 85280677888.000000 4545258.500000 
406.661560 201.695786 45775.789062 138300424192.000000 2406102.000000 
414.165985 226.307098 66127.343750 208575512576.000000 3906440.250000 
477.598724 255.114105 59979.070312 50313863168.000000 1210238.500000 
406.603424 185.414505 49214.339844 171557208064.000000 935599.375000 
434.242554 206.226852 62169.222656 35862405120.000000 1436209.125000 
377.843781 193.280807 59783.757812 78640701440.000000 2718197.500000 
377.336609 204.449417 48748.074219 147667304448.000000 6685124.500000 
471.400757 232.916855 48222.078125 116461142016.000000 2343948.250000 
387.285675 268.135132 56258.425781 74918002688.000000 1585299.875000 
454.888428 233.545456 59569.437500 234531815424.000000 6360444.500000 
465.019806 256.129608 59594.085938 133617754112.000000 4162069.250000 
488.992401 197.245041 59020.906250 150004367360.000000 1215960.375000 
389.762390 251.674789 51190.257812 94091919360.000000 5931910.000000 
427.864075 227.609131 65118.238281 173732757504.000000 1051096.250000 
456.351410 217.398407 55529.250000 179898286080.000000 1816441.875000 
462.139618 219.876373 49703.660156 51371462656.000000 1977949.000000 
438.556244 220.603561 50264.078125 70826475520.000000 2120411.750000 
460.679413 204.162476 65021.667969 105743613952.000000 611608.125000 
431.177765 218.650787 50884.726562 62090305536.000000 2241167.500000 
413.298889 206.713287 58468.140625 142916321280.000000 5258029.500000 
462.643433 303.946472 61683.597656 149646737408.000000 1691809.250000 
452.506073 222.827408 52113.722656 171941445632.000000 1585527.375000 
428.875793 234.848953 47386.304688 29328644096.000000 1141148.875000 
400.079590 254.794510 54382.750000 87330758656.000000 3520521.500000 
391.300781 214.973083 42520.773438 108664446976.000000 3514581.750000 
521.310730 222.576859 65093.132812 91177689088.000000 2087248.250000 
465.138336 218.964447 51676.714844 216801755136.000000 1997596.750000 
466.926422 255.479935 48726.027344 96886562816.000000 3232294.750000 
441.239563 216.683990 70679.992188 128163241984.000000 1361209.875000 
348.634796 176.416168 54579.527344 94636736512.000000 4173153.250000 
454.647797 256.346313 65341.636719 78422999040.000000 2361838.000000 
444.132599 247.124847 60568.425781 79968575488.000000 2194471.250000 
509.093079 242.203522 46384.953125 215556521984.000000 1257167.125000 
461.959045 230.030472 51491.175781 81409925120.000000 2792317.750000 
365.673859 225.003372 54605.734375 79734636544.000000 5181477.500000 
473.588837 245.069229 40431.027344 160075333632.000000 2366770.500000 
393.218384 273.573639 65810.460938 86881763328.000000 1142198.875000 
398.603210 250.159164 51322.316406 115014819840.000000 1228043.500000 
461.677551 220.950806 76448.351562 94712258560.000000 2319942.750000 
442.755066 214.298615 56284.558594 93805502464.000000 1849107.625000 
466.509430 199.693237 42951.140625 40340635648.000000 1958703.750000 
468.435455 313.189026 58927.902344 79333728256.000000 3281074.500000 
465.092194 221.650803 48458.582031 110759559168.000000 4584471.500000 
440.382172 209.085648 38824.679688 55487217664.000000 2895839.750000 
647.664673 269.153961 53488.886719 59474247680.000000 2359942.250000 
482.974823 298.455719 53675.441406 109351698432.000000 2459631.000000 
469.838654 311.401764 67392.039062 63524061184.000000 2602444.000000 
564.958984 226.743759 52077.628906 124506914816.000000 1797106.875000 
566.404358 306.799377 61649.875000 159021072384.000000 3742139.500000 
379.410858 190.786346 38726.945312 194371174400.000000 1679489.125000 
363.105835 213.040680 51696.601562 31116187648.000000 2532680.000000 
518.523804 202.912109 66503.195312 267791073280.000000 888213.500000 
431.975159 199.720886 47254.226562 188759752704.000000 2367333.000000 
389.100922 239.774796 53460.164062 102449504256.000000 2948977.250000 
407.395477 194.015152 57770.671875 95384420352.000000 2244009.750000 
455.244293 337.197632 50579.601562 45289926656.000000 1077843.125000 
424.344452 231.425400 50392.742188 150448488448.000000 1481956.125000 
450.908417 241.117218 40665.804688 128032915456.000000 1278249.125000 
415.083099 206.499008 66614.843750 182460432384.000000 2126524.500000 
429.629852 218.626343 45574.015625 75980873728.000000 1577627.625000 
402.271820 201.508041 36667.015625 127975538688.000000 2980864.250000 
459.429535 223.999756 59651.070312 40076685312.000000 2299245.500000 
422.081055 266.474579 58474.828125 74117341184.000000 1521021.500000 
503.424469 249.904709 40389.546875 81286160384.000000 1693884.750000 
442.119843 226.695999 48021.070312 252959326208.000000 2072725.375000 
472.827148 249.768311 69574.218750 236329828352.000000 1136543.375000 
430.366455 229.162323 57823.699219 79526060032.000000 1216287.750000 
421.218781 194.042679 57700.664062 264349188096.000000 1719740.250000 
452.468353 214.889587 52262.671875 64685592576.000000 3788890.750000 
442.115326 247.187820 60096.976562 88966651904.000000 2937865.000000 
488.410278 234.563553 71617.015625 99956178944.000000 4630493.500000 
324.689697 206.807144 40274.726562 68160749568.000000 3281510.500000 
