90.323677 85.986610 105.052116 87.232529 91.420837 0.019782 
87.107552 88.284821 88.614754 94.175507 90.362869 0.019782 
95.302681 95.147240 102.665543 84.976685 102.803635 0.000000 
87.474586 86.718651 85.377640 95.759270 79.772835 0.039565 
88.695808 86.910164 94.601097 92.296150 81.406128 0.019782 
87.087532 90.140015 95.265923 93.325912 90.258133 0.000000 
88.342941 92.647636 85.059082 97.768906 97.221199 0.039565 
86.412971 100.489716 92.486656 95.456581 92.856766 0.027976 
87.543663 89.988937 95.191299 82.966789 100.968262 0.000000 
92.976288 91.377411 89.190460 96.390717 90.419548 0.019782 
92.917168 94.721977 96.725166 88.736839 95.742523 0.000000 
83.522430 85.735283 92.368782 85.436157 90.389923 0.034264 
90.705956 86.357117 89.991608 98.098183 95.642868 0.000000 
90.270340 91.689232 94.611313 87.937271 101.550835 0.000000 
90.898735 86.001122 80.756401 85.251343 95.276695 0.019782 
91.015717 90.090195 94.590408 86.220734 84.270638 0.000000 
90.743431 90.771042 86.424942 93.712990 90.762161 0.000000 
90.219818 85.770309 92.520538 82.504868 83.175270 0.000000 
87.728271 87.654205 90.286133 98.189919 82.240150 0.000000 
86.936432 87.132935 93.058319 98.930984 87.044556 0.000000 
89.724762 88.284653 91.726601 87.863327 97.862518 0.000000 
88.906654 91.004051 88.249405 82.762032 104.359032 0.000000 
95.459396 92.668701 93.215485 87.591469 101.886574 0.027976 
94.569237 92.334106 97.182587 98.010742 90.995003 0.019782 
94.413383 86.369637 83.235718 95.831154 87.091255 0.000000 
91.375549 84.087563 90.221405 90.003319 89.424698 0.000000 
92.030663 96.446121 88.019371 89.232170 86.891426 0.019782 
85.887497 100.325470 95.558365 86.071548 79.485878 0.000000 
89.363869 87.203537 85.687027 85.042290 85.166389 0.000000 
95.372971 93.843506 94.973259 88.287025 98.853729 0.027976 
88.945267 92.565048 95.279945 96.058220 86.711182 0.034264 
93.841125 94.829590 88.487358 92.243660 96.413086 0.027976 
92.622406 87.235107 91.989426 87.869591 91.814018 0.000000 
88.025078 91.475067 92.648293 88.362183 97.232071 0.000000 
86.812332 87.186905 97.910904 90.593140 105.955467 0.000000 
88.626541 92.099998 101.939217 100.508415 91.108047 0.000000 
85.686508 87.689789 84.359306 86.194328 78.592545 0.000000 
90.183060 82.408401 91.528725 93.056686 86.205879 0.000000 
93.357399 95.827911 90.118469 90.942245 98.368484 0.019782 
87.550323 91.023293 76.208344 88.655022 88.455002 0.019782 
91.482925 95.411423 83.676651 96.252243 83.561211 0.019782 
91.650024 85.630020 89.440491 96.515007 101.945938 0.000000 
91.085892 81.255287 93.890205 89.973648 84.107513 0.000000 
90.233582 95.153915 87.541740 91.437302 86.660141 0.000000 
91.957863 93.823654 97.664986 99.437950 113.841766 0.000000 
92.228638 92.431458 82.796516 94.760765 96.001564 0.000000 
86.075829 94.837067 100.831200 85.294930 83.718353 0.000000 
92.841415 82.787766 90.830765 103.634705 98.744766 0.034264 
91.836662 88.821701 101.562393 91.220879 85.149544 0.019782 
91.280807 90.802780 87.945267 90.764015 90.703377 0.000000 
90.177658 79.974091 85.792206 100.414406 89.740219 0.000000 
92.695129 89.748573 84.351479 83.758873 88.386932 0.000000 
82.859497 85.391861 93.437431 89.220100 83.237740 0.000000 
90.830727 80.074646 92.461861 92.720528 81.415375 0.019782 
91.055893 69.860397 97.748810 91.668312 90.063217 0.019782 
94.445923 85.986794 88.845009 78.245834 74.586128 0.000000 
94.215462 79.119026 79.723190 81.584732 95.309433 0.000000 
91.808372 72.553986 85.916916 86.773605 88.019173 0.000000 
86.749962 74.075150 79.296448 84.031754 91.320427 0.000000 
85.000580 78.915367 68.869843 84.964195 88.948868 0.000000 
91.959206 69.557198 73.287544 81.703827 71.599281 0.000000 
87.653435 64.007446 79.664879 78.863266 94.348160 0.027976 
85.649414 67.691833 65.795456 71.354485 83.476669 0.000000 
93.282593 75.184219 82.117348 72.961021 83.644798 0.000000 
90.408600 67.852448 76.672737 67.556786 78.628281 0.027976 
84.108734 66.390312 61.916348 55.351711 66.692192 0.027976 
94.010056 77.885170 66.647087 63.505875 89.001144 0.019782 
95.394493 75.129608 72.075401 55.667446 94.590538 0.000000 
90.713104 73.958389 74.500694 66.049606 75.949936 0.019782 
87.779404 77.305534 77.753860 68.064873 69.816109 0.000000 
92.112564 74.420158 80.133827 67.115173 79.400978 0.019782 
86.428299 74.241478 79.336357 70.332642 85.471901 0.027976 
91.747894 78.120064 84.360229 62.115463 71.099602 0.000000 
89.406052 71.850525 76.802399 79.301697 79.798767 0.019782 
91.836624 84.074326 93.708557 92.857094 100.195351 0.000000 
85.913933 69.057671 77.028595 86.200172 100.993126 0.000000 
86.239159 72.082626 83.652504 86.638046 64.558395 0.000000 
93.411629 76.949379 76.291451 75.567154 87.472054 0.000000 
87.377106 88.647385 89.425179 87.828728 96.812477 0.039565 
91.755241 76.588745 92.883713 101.626900 96.605873 0.027976 
100.794250 90.266525 93.783203 103.251610 96.551140 0.000000 
86.840836 86.248726 82.300606 78.222061 60.010620 0.019782 
92.843239 92.043068 93.248909 94.756638 85.112038 0.019782 
85.235962 85.349197 87.871056 101.174866 90.868904 0.000000 
91.584755 82.630791 93.139099 85.167763 96.879868 0.027976 
87.780739 86.681290 80.571281 81.885300 94.217651 0.027976 
91.869286 95.668388 90.871056 107.367867 83.897118 0.000000 
92.893311 90.512489 83.278473 83.765244 79.997208 0.019782 
93.367104 91.410934 80.725349 88.987404 99.914673 0.000000 
92.761322 89.359200 97.625099 86.346039 84.125809 0.000000 
87.307800 84.388817 88.296440 85.727272 65.691002 0.000000 
92.632401 85.715446 88.137939 87.343750 85.150826 0.027976 
97.477150 86.876503 88.313972 76.983414 96.268593 0.000000 
91.537804 90.744209 93.579025 92.184731 86.088829 0.000000 
86.479256 86.913208 89.122200 82.185890 80.210968 0.000000 
93.259247 90.782524 88.468376 99.633942 95.920853 0.027976 
92.565216 90.249931 101.039589 99.050003 89.890831 0.000000 
89.855629 95.870674 79.069588 93.426048 99.874039 0.019782 
87.180916 84.466171 95.877457 88.464157 99.636101 0.027976 
92.828934 103.540901 97.794357 94.116524 95.355988 0.039565 
87.994438 105.059219 111.291588 84.807198 99.696198 0.000000 
93.451698 78.201530 86.021828 94.345711 82.982895 0.000000 
88.172379 93.901482 92.628487 88.306999 83.539490 0.000000 
89.774170 95.861244 87.423950 91.127380 86.036560 0.027976 
86.755341 91.573853 95.682289 92.188522 81.850388 0.000000 
90.293762 80.752914 88.129219 105.204727 81.733223 0.027976 
86.756889 93.031303 99.191925 96.728981 83.124435 0.000000 
92.764015 87.215508 94.902756 95.171394 82.220970 0.000000 
87.744652 93.710014 85.066147 89.271881 87.403229 0.000000 
92.403229 90.207054 93.990646 98.876549 86.516296 0.000000 
88.158150 96.661186 98.292145 90.756477 92.262375 0.000000 
87.936104 84.868439 92.751572 92.961792 80.331551 0.000000 
89.931099 83.283218 83.267075 83.065338 108.180519 0.027976 
90.940018 88.780273 88.859344 92.709770 95.612099 0.000000 
89.862595 97.138237 90.691971 75.784500 76.231163 0.000000 
87.780876 99.831375 93.180717 88.688301 99.880669 0.027976 
88.260818 85.412880 85.172859 89.036133 79.235832 0.000000 
92.982513 89.782852 92.449142 77.515472 97.289467 0.034264 
90.149628 87.101875 100.212189 90.490440 58.515526 0.000000 
94.543678 96.541557 89.423218 85.575035 87.968872 0.034264 
95.124619 93.464249 80.615097 84.022530 77.627686 0.019782 
89.371315 86.245819 83.586609 89.263763 75.202385 0.000000 
92.709343 90.779549 86.986916 83.526405 76.223846 0.000000 
86.717674 88.866257 92.199593 103.138245 86.684502 0.034264 
93.828613 95.203491 105.168655 86.952644 79.676804 0.000000 
86.317421 88.852371 92.919685 77.385307 85.457703 0.000000 
91.797653 85.859879 88.097389 100.226105 80.041336 0.000000 
87.956841 86.745354 87.019539 85.810760 72.829018 0.034264 
88.752434 98.013214 98.618027 79.611267 91.693520 0.019782 
83.869125 91.374657 95.063866 105.577736 83.700699 0.019782 
84.919815 94.068886 108.067665 89.137123 83.388306 0.027976 
90.048523 98.342384 81.625717 82.519966 102.648422 0.000000 
88.270103 86.009895 93.437851 86.761940 75.071960 0.019782 
90.560463 92.253929 89.553467 77.249359 78.695541 0.000000 
95.456505 96.797905 85.030464 100.339729 83.963875 0.019782 
94.889030 88.188988 97.842735 98.359268 96.686867 0.019782 
92.201035 93.607864 89.850746 82.606232 78.368874 0.000000 
98.187729 77.044212 85.182510 103.485397 90.963081 0.000000 
89.584381 84.984840 86.395027 94.333397 96.692879 0.027976 
94.470993 81.947517 83.646507 96.537598 86.911186 0.019782 
88.388741 86.656319 84.528175 76.124672 73.590393 0.019782 
92.441925 88.151497 87.605934 90.742348 67.138802 0.000000 
91.897919 88.349770 102.073166 92.455315 89.869568 0.034264 
94.530212 97.416023 91.991974 103.631912 93.340561 0.019782 
91.767120 85.614372 95.019890 93.107628 82.439850 0.019782 
91.385170 92.653496 93.623344 91.915718 81.633560 0.000000 
92.856781 97.977783 93.172142 78.576981 80.268822 0.019782 
90.569794 91.793434 85.286217 94.952789 67.939384 0.000000 
89.037491 94.025406 81.998970 89.331306 89.161522 0.000000 
87.125862 84.378189 78.475914 84.474243 75.086143 0.000000 
87.066902 85.899529 88.865288 91.441963 77.181374 0.000000 
86.530556 87.477386 96.161095 87.057877 75.189629 0.000000 
90.356216 82.612801 83.208862 87.706146 76.101707 0.000000 
87.116203 94.652580 89.032150 85.739235 84.177460 0.000000 
86.184906 97.455872 96.066666 90.694458 76.967644 0.000000 
89.459846 94.412399 80.346153 95.495941 79.169334 0.000000 
87.033463 81.989845 82.032303 97.576584 66.468491 0.000000 
90.857864 93.664825 88.879959 94.438339 92.069275 0.000000 
89.900391 84.400787 88.105972 73.372658 66.387726 0.027976 
92.803101 83.989105 80.298225 83.066635 72.379929 0.019782 
91.258270 90.534904 91.326546 90.241158 92.287354 0.000000 
91.327255 90.536835 91.651978 90.372803 85.163551 0.000000 
88.432571 90.392357 85.658508 75.890518 91.362076 0.000000 
88.649963 88.121582 81.786041 85.645554 90.592903 0.000000 
91.654526 86.745758 89.991020 91.059616 76.809021 0.000000 
86.903938 89.110832 87.513115 79.041016 82.394531 0.000000 
89.466446 88.745346 94.106445 90.487473 90.483337 0.000000 
84.400734 89.512772 96.030846 99.473946 89.455994 0.000000 
88.444870 91.157516 93.101532 94.796661 73.223862 0.034264 
89.699104 90.376999 95.525963 86.633026 81.040237 0.019782 
95.348183 99.264175 95.709732 89.083389 81.365463 0.034264 
90.994194 88.287239 87.727173 98.094856 78.710480 0.019782 
86.951294 92.328171 84.060783 91.187431 81.310417 0.000000 
86.312080 86.427986 94.029076 74.228325 83.813606 0.000000 
87.456184 89.402031 88.211197 87.977921 82.243652 0.027976 
90.747787 79.758888 87.237602 104.626022 69.533890 0.019782 
94.186813 103.180580 94.654953 102.118385 81.339737 0.027976 
85.759705 85.115776 77.162659 79.043137 87.465752 0.027976 
88.310898 91.152039 88.385643 87.367271 69.776993 0.019782 
94.362152 88.606255 95.800491 92.867088 92.919067 0.019782 
90.706261 84.006905 80.405220 90.887131 73.950157 0.000000 
88.721695 91.430313 83.858223 93.699242 76.605705 0.000000 
92.536446 95.829536 93.125961 93.639534 75.048637 0.000000 
91.245285 91.059036 86.409775 102.655479 70.302017 0.019782 
89.352859 81.836311 92.503075 85.485657 80.176163 0.027976 
88.601624 81.385841 94.211342 86.002037 78.176964 0.000000 
83.432953 80.705521 79.724869 89.313644 78.389893 0.000000 
87.601982 76.562416 83.393745 72.655586 60.079044 0.034264 
88.777687 85.868744 95.713760 86.900520 70.653343 0.019782 
92.033112 82.304726 92.420593 87.636696 61.595554 0.019782 
89.649620 90.070297 81.106262 86.959816 88.438843 0.000000 
92.188774 90.952034 84.099007 80.686821 94.685493 0.000000 
89.053246 91.005493 94.525116 77.720314 91.238113 0.019782 
87.216904 91.807411 94.618492 85.420944 74.224670 0.027976 
92.005447 93.827538 81.055405 92.139923 72.921524 0.000000 
89.930313 86.767860 87.596420 72.357254 65.924423 0.000000 
90.822548 82.856941 73.645325 90.737602 64.750153 0.000000 
91.986519 85.852234 91.722374 69.633667 64.717880 0.000000 
95.269669 90.336555 85.307854 71.359039 71.662056 0.019782 
93.623894 86.747307 87.061035 84.189674 65.078857 0.000000 
93.429123 98.834999 83.837357 97.507179 79.340919 0.034264 
94.039436 83.524673 84.967094 81.740608 79.231812 0.000000 
90.674614 86.154472 76.006554 81.155212 70.752502 0.000000 
93.009277 91.295387 88.091431 89.673035 73.674088 0.019782 
91.864815 80.272736 85.005524 69.831490 66.528000 0.000000 
92.281540 84.181625 100.113358 83.256432 82.042458 0.000000 
91.635826 86.717056 93.774933 85.125450 74.792114 0.000000 
89.923698 78.631104 88.004082 76.392395 72.182091 0.000000 
93.220612 86.789024 83.674835 75.983109 71.314178 0.000000 
89.441071 77.719971 98.092934 70.597832 71.493484 0.019782 
88.042320 87.501175 89.584183 83.864449 64.461212 0.019782 
88.975838 94.330841 92.345299 70.093811 71.743813 0.019782 
89.546303 88.655640 89.086838 83.971870 77.703506 0.000000 
94.129189 91.251579 88.332512 74.335144 75.069267 0.027976 
88.641052 89.263702 86.704651 89.443199 70.188644 0.000000 
93.047371 81.751579 89.329674 87.794373 59.285286 0.000000 
88.417290 75.571800 93.057198 78.863449 66.296257 0.000000 
91.535103 89.573746 76.465469 92.566139 64.759834 0.000000 
94.359955 80.859848 88.964355 80.090988 58.302322 0.000000 
91.640976 83.597046 83.525673 80.371597 75.482185 0.000000 
94.171120 80.020676 83.717644 98.234550 73.201012 0.000000 
88.104324 85.647026 83.842239 95.326447 75.101112 0.019782 
88.369202 82.578125 90.743591 80.817574 72.091476 0.000000 
92.659004 91.969292 90.272217 80.147835 67.201347 0.000000 
88.392586 83.652969 89.802742 83.030258 93.527107 0.034264 
89.243866 86.193260 85.987045 86.769188 60.918262 0.000000 
88.307678 85.967155 82.457779 88.067635 62.820545 0.000000 
86.849091 85.500168 82.771271 84.850739 67.630074 0.000000 
87.648773 89.579666 104.866920 88.201126 76.511452 0.000000 
85.617516 83.568588 95.588585 70.799004 59.029690 0.000000 
94.941376 86.473564 83.520363 85.619331 67.320763 0.000000 
93.224167 84.828140 84.226913 77.624054 62.495243 0.027976 
90.303085 92.867577 84.501266 78.362831 64.966202 0.000000 
89.217705 76.393784 74.074738 68.239128 61.255184 0.019782 
91.552238 84.896530 79.919228 89.023903 82.868217 0.019782 
85.301041 81.935104 76.252869 80.868561 78.754173 0.000000 
90.181221 84.872986 81.825737 64.273689 64.007263 0.000000 
88.516800 83.719292 82.786240 81.075935 59.235664 0.019782 
87.359894 88.085876 90.588493 88.522530 54.259117 0.034264 
88.465614 82.719513 82.431602 83.042870 55.768490 0.000000 
89.434998 85.336693 88.023483 91.183548 79.182106 0.000000 
86.524490 92.844505 89.130783 80.715332 73.548935 0.000000 
93.324135 87.613007 85.783279 85.389015 78.509346 0.034264 
92.738861 73.962265 71.565277 79.227081 78.042686 0.000000 
92.553024 83.833069 95.431969 80.587837 89.152267 0.000000 
89.571213 73.084167 81.942734 79.801941 65.337364 0.000000 
92.912636 79.313263 92.602859 85.165169 60.884632 0.019782 
89.327446 87.905907 81.846123 86.237732 59.878723 0.000000 
84.609833 89.441124 98.042236 82.391624 69.852219 0.000000 
92.532959 88.543594 89.488869 89.504478 62.710789 0.000000 
91.439949 77.802025 79.032707 73.591705 66.316727 0.019782 
90.405151 84.014114 79.198158 75.741890 64.669327 0.000000 
88.562157 87.168938 78.260147 65.940887 61.445656 0.000000 
89.664001 90.509521 75.700668 76.864899 76.869308 0.000000 
91.056496 88.123383 82.396828 90.592064 74.841438 0.000000 
94.553787 92.914505 84.956177 63.447807 62.846294 0.000000 
90.218567 85.949783 80.736824 80.129539 64.740517 0.000000 
87.362724 78.349663 72.692291 85.486252 69.484901 0.000000 
91.313179 79.169044 84.664299 80.496735 60.931435 0.000000 
89.848694 80.835907 88.388557 83.437111 60.469673 0.000000 
91.060211 80.801125 74.663063 90.788887 54.082893 0.000000 
90.317215 75.530457 66.788307 87.045609 68.007736 0.000000 
92.361374 79.608643 80.217651 78.079781 76.127876 0.000000 
94.197403 79.745941 87.577354 74.123047 70.444611 0.027976 
93.504662 74.050072 49.700317 63.763565 59.862347 0.019782 
90.614296 84.229309 73.438011 73.587852 55.612484 0.019782 
89.740417 74.996567 78.474129 75.437195 63.001915 0.019782 
85.219009 82.094269 74.605881 76.072891 64.988533 0.000000 
90.692757 85.360725 80.470062 75.194984 78.478142 0.000000 
85.841202 77.755707 85.246918 60.845192 58.973305 0.000000 
89.026711 71.119980 71.704323 70.476685 66.173965 0.000000 
85.895699 73.018028 78.189735 69.459053 63.682278 0.019782 
95.117760 72.078697 76.928848 72.524399 69.189751 0.019782 
89.678947 56.947392 67.082634 71.390419 67.416389 0.027976 
92.549637 85.116478 92.165833 83.230095 71.719872 0.027976 
89.520073 78.410179 83.690025 80.270332 65.552834 0.000000 
91.934822 83.955460 95.785561 74.153778 69.343155 0.027976 
91.431587 76.393929 75.530594 95.547737 63.979546 0.000000 
88.945930 77.774101 74.637367 75.415253 60.917717 0.000000 
86.886917 83.882538 79.143234 89.309639 66.904884 0.019782 
84.973213 84.359085 84.709930 77.541107 67.203796 0.000000 
87.836624 82.610672 92.184525 85.180511 53.491051 0.000000 
86.685829 79.072495 70.844200 77.280579 50.779858 0.000000 
91.747902 73.941589 76.824028 79.733582 79.835495 0.019782 
91.331398 75.152168 79.534554 70.619781 68.559181 0.019782 
91.980492 72.894707 74.561874 86.141777 70.038780 0.000000 
94.229691 68.517410 79.611877 82.106575 52.769962 0.000000 
90.664841 83.042091 70.776833 84.719078 58.468273 0.019782 
93.920975 73.364738 78.227699 70.446037 54.599915 0.027976 
90.647858 85.370209 86.126938 78.473114 58.616169 0.000000 
90.589012 89.222557 80.559242 66.611023 58.313641 0.027976 
78.968323 72.565102 82.556389 95.418465 70.283592 0.000000 
83.786125 75.989365 87.201248 82.170128 74.066254 0.019782 
90.680649 68.814331 72.880997 61.688698 66.677177 0.000000 
91.959167 88.425743 82.641533 76.871605 61.124481 0.027976 
88.711395 86.825775 74.289757 58.057384 59.139984 0.000000 
89.571617 88.665855 76.793449 90.036804 66.064392 0.000000 
89.913910 81.068901 88.934311 80.513351 63.451317 0.019782 
93.055473 77.546623 80.114075 66.401344 69.920769 0.027976 
84.208656 78.747795 89.927330 72.583702 64.350868 0.019782 
86.366379 87.079987 82.906113 76.396286 60.373962 0.027976 
89.892754 82.619499 66.858376 83.432907 86.799728 0.000000 
86.860703 81.208885 81.263824 72.742348 59.613560 0.000000 
91.076080 82.085831 93.871086 73.820297 63.113506 0.000000 
90.606361 83.481712 75.668106 72.151543 62.766754 0.000000 
91.169151 73.559494 85.752228 75.124023 56.757561 0.027976 
90.331657 84.265999 82.117645 64.993744 56.648247 0.019782 
85.245575 80.472740 78.088791 78.394196 64.172348 0.019782 
88.455467 86.126892 82.093735 82.942101 66.533066 0.000000 
93.452675 90.701859 78.579788 76.279266 58.025467 0.000000 
90.778481 73.290848 81.616348 55.168549 61.736057 0.000000 
87.704758 79.278313 88.224815 78.655899 72.532402 0.000000 
87.377556 76.670464 78.485344 81.761215 65.260559 0.000000 
86.882957 73.357338 63.517876 69.445259 70.190811 0.027976 
89.468437 77.056938 72.650467 69.310913 62.457993 0.000000 
93.238678 94.221497 87.479515 92.487862 73.723015 0.000000 
90.080910 80.834618 75.118729 68.703583 56.684505 0.019782 
87.264580 88.504578 83.149811 73.158211 55.869259 0.019782 
88.087906 65.378998 85.123276 79.276711 75.963051 0.000000 
92.225136 75.815392 83.746193 81.427948 61.152485 0.019782 
88.213890 75.713058 75.816216 77.013985 72.296486 0.000000 
92.426315 82.016006 80.624603 80.818275 75.949097 0.000000 
94.341812 78.250526 74.903587 78.626358 59.936218 0.000000 
90.336853 67.044365 66.501678 52.760559 51.435207 0.019782 
94.153816 69.428017 70.698944 63.154907 53.245800 0.000000 
86.500122 76.586922 85.035324 69.183632 71.201019 0.027976 
87.276878 71.500961 68.659180 71.201530 60.128407 0.000000 
91.942886 94.003487 90.385101 90.553352 80.225525 0.000000 
90.809235 78.864296 85.915108 77.110016 69.540367 0.000000 
90.101082 70.178535 81.832108 74.142937 58.084663 0.000000 
89.208595 69.969643 80.704239 73.774086 44.880573 0.000000 
84.995125 77.263031 85.529709 69.232803 70.937881 0.000000 
87.406250 80.158691 80.102470 68.521225 69.891357 0.000000 
92.851112 74.945892 72.242569 72.899414 50.352757 0.000000 
87.105965 80.542206 84.434219 73.325157 70.619537 0.000000 
91.548218 70.339890 68.719101 79.636139 56.818710 0.000000 
91.513031 78.670547 79.471870 82.609657 61.184185 0.019782 
85.717598 71.182373 70.736465 78.322975 51.772812 0.000000 
90.593277 75.007919 72.589378 63.327026 46.190125 0.027976 
88.863777 64.932938 74.683197 66.806496 56.613491 0.019782 
90.254005 79.556610 74.564934 76.592140 61.037178 0.000000 
89.548065 55.664326 68.672089 50.939190 40.211391 0.027976 
86.545677 75.740044 75.756577 71.782455 71.426064 0.000000 
89.910919 79.930054 89.885498 92.245811 57.368118 0.019782 
91.422798 82.323814 73.514870 74.310555 45.410934 0.000000 
84.266052 77.008728 84.130798 75.607086 63.082813 0.000000 
88.476898 64.968048 74.621445 73.062286 45.596020 0.000000 
85.512489 80.795273 79.163597 84.604301 55.495644 0.000000 
88.761780 85.112267 85.842834 82.247749 51.561935 0.039565 
85.312584 78.022263 69.147537 63.970596 62.731579 0.000000 
89.262032 69.442741 65.047699 76.019943 50.847103 0.019782 
84.815506 73.490425 75.482224 65.810524 58.484680 0.000000 
91.291649 76.640282 72.005440 68.819519 49.200859 0.000000 
94.482262 70.973206 71.468399 73.868210 45.236870 0.034264 
92.642014 54.224377 64.163574 72.982132 67.159744 0.000000 
83.902267 69.512497 72.392197 76.051910 61.751026 0.000000 
88.913612 79.068832 86.261314 89.504547 66.359726 0.027976 
89.341095 68.197922 75.660530 74.698303 55.772610 0.000000 
89.372017 72.331039 78.188507 75.448959 52.295788 0.019782 
98.395752 71.863808 73.956154 73.772041 54.847443 0.000000 
90.801323 62.703304 62.336464 70.560509 52.395290 0.000000 
90.172699 73.237495 72.569130 69.978813 56.870834 0.019782 
89.863876 79.250183 77.365135 71.554588 55.564220 0.027976 
84.109528 74.162514 64.444550 73.863777 44.699787 0.027976 
90.876976 81.969193 77.131065 73.903084 57.605583 0.000000 
86.160545 77.149277 62.613762 78.752930 63.649406 0.000000 
83.122269 77.748207 77.483528 71.574074 64.427788 0.027976 
90.269699 88.202263 91.154594 77.003319 61.409645 0.000000 
93.421555 67.295090 61.731171 62.002972 47.331921 0.000000 
94.342041 72.274651 65.333984 73.135391 58.832310 0.000000 
85.385902 78.800484 75.090500 56.894169 53.328876 0.000000 
94.788857 82.617447 78.068077 69.449562 49.909218 0.027976 
87.580673 79.188568 78.456604 78.220039 49.336708 0.000000 
89.406433 62.005608 63.598526 62.498756 54.635765 0.019782 
88.251938 77.307114 72.907562 78.664360 48.977100 0.000000 
90.355011 80.843781 85.602608 76.890877 56.263023 0.019782 
90.927467 79.235649 72.769081 71.948936 58.881950 0.019782 
82.573021 66.804642 81.716362 67.998375 61.121441 0.000000 
91.452591 68.158295 64.253471 61.079472 49.801891 0.027976 
81.823784 88.532539 83.886414 67.424477 66.689667 0.019782 
89.067749 68.405983 74.349152 75.349419 75.255905 0.019782 
84.635284 86.799515 88.016624 88.689354 56.030571 0.000000 
89.213310 79.155540 87.193466 90.021606 53.080120 0.000000 
89.511360 82.117393 81.833572 84.817101 57.334831 0.000000 
94.131248 81.278862 74.572464 71.095718 51.382561 0.000000 
86.967690 76.002594 74.862518 70.999725 55.314846 0.000000 
80.921608 73.692726 71.773468 66.212906 48.945332 0.019782 
90.261490 89.354424 71.447891 81.648010 49.603226 0.000000 
85.739128 78.926956 80.530479 73.615227 62.338882 0.000000 
90.139153 79.594933 76.958481 70.840317 56.608845 0.000000 
87.681023 71.523758 75.508781 77.321838 56.338261 0.000000 
92.064873 84.673332 85.242233 72.944817 59.776211 0.000000 
87.485107 85.738274 75.243530 87.058563 70.011078 0.019782 
83.525620 68.088783 73.863770 75.794029 52.390533 0.000000 
88.442863 71.955841 75.912125 75.970207 47.339230 0.027976 
87.031990 75.362114 76.491280 61.110645 57.000027 0.027976 
89.336403 76.798088 73.174568 78.302834 44.491070 0.000000 
85.810776 63.566879 68.132538 63.056137 58.546188 0.000000 
89.542694 83.592873 91.763992 85.096359 64.078880 0.000000 
89.286980 86.846336 94.065231 76.487740 55.353455 0.000000 
88.697426 78.661674 84.671417 74.936386 48.253899 0.000000 
86.857040 71.507812 74.652046 62.585876 50.530163 0.027976 
89.322830 72.437386 70.792229 67.805161 58.048710 0.000000 
84.357948 75.995331 78.880882 76.977066 56.478436 0.027976 
92.229759 65.888931 65.236229 63.077354 42.693665 0.034264 
90.503387 69.690941 68.014091 64.913788 52.473961 0.019782 
88.536789 70.328888 74.167412 83.615463 51.761368 0.019782 
90.540283 58.619713 61.281460 54.562889 32.288006 0.027976 
86.187187 79.027710 74.559349 67.881432 49.160408 0.019782 
86.866676 58.560085 64.025627 58.271923 49.882149 0.000000 
90.807129 72.105286 79.596031 67.111839 54.502499 0.000000 
90.302330 69.311050 71.225677 65.896355 46.149872 0.000000 
90.821014 63.118023 69.297333 70.025185 48.544758 0.019782 
90.620934 67.599770 64.447266 60.439316 43.299252 0.019782 
93.229561 66.235802 73.283783 74.427361 59.007248 0.019782 
91.946625 72.677200 74.629807 67.495720 43.070343 0.000000 
89.932808 93.355949 78.720413 94.666794 61.881481 0.000000 
91.504005 67.411972 65.723518 66.975578 48.176365 0.027976 
93.461922 63.256691 62.489632 63.917759 36.394444 0.019782 
84.273239 77.754280 80.269394 68.422592 43.139477 0.000000 
87.676399 70.440201 69.225334 66.966843 40.619289 0.000000 
92.470108 61.697781 71.214737 56.994934 45.993305 0.000000 
84.428108 73.175095 76.629723 73.432457 54.570972 0.019782 
91.416702 66.963486 66.829964 67.357544 49.337997 0.019782 
93.455978 66.414536 66.746414 68.520157 58.972668 0.000000 
86.357170 74.757210 66.312515 73.518806 57.658634 0.027976 
84.761368 71.359520 68.150208 70.161812 47.750759 0.019782 
86.109444 67.917206 77.465981 69.840500 64.230080 0.000000 
89.162888 72.451462 68.192604 64.144760 56.686226 0.000000 
96.285278 72.836327 69.507027 88.444099 60.863033 0.019782 
86.096535 73.634483 72.284821 76.549339 43.122730 0.019782 
93.591118 76.007248 68.177223 70.093140 47.774071 0.000000 
86.297478 81.362251 82.425217 79.443985 53.986774 0.000000 
89.884735 82.733391 83.927017 81.628777 46.300526 0.000000 
90.194427 80.103485 89.119469 79.671707 55.028164 0.019782 
91.309357 68.753487 73.826805 78.512642 57.221424 0.000000 
88.467392 80.112137 88.282402 70.161217 46.398170 0.000000 
89.428635 86.415001 74.467186 87.528076 70.949959 0.000000 
86.501968 73.215401 73.167564 83.290527 55.901363 0.000000 
85.432228 66.704208 83.425591 79.202362 49.477890 0.000000 
85.294395 83.699364 85.717972 68.011292 47.658676 0.000000 
84.592873 75.541336 81.649216 72.546104 65.181473 0.000000 
87.343544 66.140984 66.560837 70.381584 54.263721 0.019782 
91.044266 63.605450 77.000328 64.936417 44.066746 0.027976 
84.746674 76.222626 77.540291 67.487831 52.676311 0.019782 
90.259140 97.569260 97.294472 93.602989 50.863373 0.000000 
85.672714 83.185738 82.991013 79.839706 50.201355 0.000000 
91.320496 77.597710 81.105728 82.689972 52.013382 0.000000 
85.975578 72.437119 87.805351 70.518547 53.876068 0.019782 
87.875237 79.592407 80.759781 76.886314 57.487595 0.019782 
89.518959 74.494263 75.389549 70.988266 51.790733 0.019782 
87.440025 74.993706 76.195251 80.761246 50.244373 0.000000 
82.855133 72.293373 64.158539 69.320389 51.876564 0.027976 
89.034279 73.575584 79.655083 66.584518 50.749191 0.000000 
88.006538 73.810715 77.485992 62.080208 46.575935 0.019782 
89.805763 62.151894 63.519260 55.856903 44.955971 0.000000 
83.278419 52.413822 50.850773 50.247330 45.892269 0.027976 
87.515396 63.200539 68.758018 67.825974 52.141075 0.000000 
88.840347 46.868679 46.478798 47.705231 43.899330 0.000000 
86.167030 61.176853 59.967567 68.246361 55.728992 0.000000 
77.135437 54.601700 57.498299 60.523109 52.895039 0.000000 
91.101364 60.770908 53.985783 48.574772 37.710243 0.000000 
86.872902 63.120255 63.181908 57.458897 43.708027 0.019782 
89.300018 55.156574 52.091095 57.692474 48.239857 0.000000 
88.914680 65.326485 73.197067 67.157509 53.241512 0.000000 
84.331161 61.900909 53.890102 53.753242 30.536440 0.000000 
90.044052 51.032536 60.049725 56.447353 32.551350 0.000000 
87.590149 60.616112 56.779427 54.784229 38.288197 0.000000 
93.320724 72.069527 69.963135 62.926121 43.449646 0.019782 
84.035728 58.962936 55.970383 54.020195 42.083023 0.027976 
84.089287 58.755692 58.990372 59.828590 45.793736 0.000000 
83.526863 61.003193 59.474472 65.424301 35.004765 0.027976 
85.717865 56.287769 49.637897 53.377052 38.376987 0.019782 
85.027740 72.258942 62.966740 65.042854 35.018593 0.027976 
84.991989 55.450649 52.896397 49.219887 43.217407 0.019782 
88.367943 64.456039 59.389286 53.381695 38.745480 0.000000 
85.576614 67.981705 72.732208 69.112198 37.538025 0.019782 
84.330879 42.611938 50.782906 48.988762 43.650097 0.027976 
88.941612 58.502899 57.882793 51.431576 41.319450 0.000000 
85.132828 66.247078 69.667282 68.239197 45.726021 0.000000 
91.617317 60.709343 68.663109 58.932899 48.640854 0.000000 
83.978951 80.991325 77.107681 66.681389 44.514812 0.000000 
88.671814 57.817177 51.494778 58.435982 35.557224 0.000000 
84.920464 59.070641 59.040249 51.181667 35.281322 0.000000 
92.540283 55.392971 72.205643 60.474194 55.904232 0.000000 
89.457809 87.064461 79.500763 63.652031 35.783131 0.000000 
88.377403 48.126167 53.123432 55.008961 44.023018 0.027976 
88.776382 67.840813 73.103905 80.519966 58.029465 0.034264 
89.897484 55.612183 61.100983 63.577316 36.661278 0.000000 
90.695740 61.311218 55.410305 60.079094 42.872910 0.019782 
82.787239 55.325729 60.991230 65.209045 46.438656 0.000000 
90.252518 71.537613 66.705704 62.263168 43.191864 0.000000 
85.610054 82.445518 72.530052 76.979317 42.846085 0.000000 
92.600166 54.319389 52.880836 53.274372 46.581085 0.000000 
88.870758 59.377296 61.828129 51.751087 43.090317 0.000000 
90.224716 69.209175 61.674332 67.252296 37.228596 0.019782 
81.856003 38.391361 48.894073 52.033367 44.457687 0.000000 
94.995865 56.415745 56.148018 64.921143 71.058731 0.000000 
86.322533 77.091888 79.072296 78.277359 54.929989 0.019782 
91.781639 67.410934 73.351822 73.322289 48.960735 0.019782 
