Episode: 501: [1. 1. 1. 1. 1.] 
Episode: 502: [1. 1. 1. 1. 1.] 
Episode: 503: [1. 1. 1. 1. 1.] 
Episode: 504: [1. 1. 1. 1. 1.] 
Episode: 505: [1. 1. 1. 1. 1.] 
Episode: 506: [1. 1. 1. 1. 1.] 
Episode: 507: [1. 1. 1. 1. 1.] 
Episode: 508: [1. 1. 1. 1. 1.] 
Episode: 509: [1. 1. 1. 1. 1.] 
Episode: 510: [1. 1. 1. 1. 1.] 
Episode: 511: [1. 1. 1. 1. 1.] 
Episode: 512: [1. 1. 1. 1. 1.] 
Episode: 513: [1. 1. 1. 1. 1.] 
Episode: 514: [1. 1. 1. 1. 1.] 
Episode: 515: [1. 1. 1. 1. 1.] 
Episode: 516: [1. 1. 1. 1. 1.] 
Episode: 517: [1. 1. 1. 1. 1.] 
Episode: 518: [1. 1. 1. 1. 1.] 
Episode: 519: [1. 1. 1. 1. 1.] 
Episode: 520: [1. 1. 1. 1. 1.] 
Episode: 521: [1. 1. 1. 1. 1.] 
Episode: 522: [1. 1. 1. 1. 1.] 
Episode: 523: [1. 1. 1. 1. 1.] 
Episode: 524: [1. 1. 1. 1. 1.] 
Episode: 525: [1. 1. 1. 1. 1.] 
Episode: 526: [1. 1. 1. 1. 1.] 
Episode: 527: [1. 1. 1. 1. 1.] 
Episode: 528: [1. 1. 1. 1. 1.] 
Episode: 529: [1. 1. 1. 1. 1.] 
Episode: 530: [1. 1. 1. 1. 1.] 
Episode: 531: [1. 1. 1. 1. 1.] 
Episode: 532: [1. 1. 1. 1. 1.] 
Episode: 533: [1. 1. 1. 1. 1.] 
Episode: 534: [1. 1. 1. 1. 1.] 
Episode: 535: [1. 1. 1. 1. 1.] 
Episode: 536: [1. 1. 1. 1. 1.] 
Episode: 537: [1. 1. 1. 1. 1.] 
Episode: 538: [1. 1. 1. 1. 1.] 
Episode: 539: [1. 1. 1. 1. 1.] 
Episode: 540: [1. 1. 1. 1. 1.] 
Episode: 541: [1. 1. 1. 1. 1.] 
Episode: 542: [1. 1. 1. 1. 1.] 
Episode: 543: [1. 1. 1. 1. 1.] 
Episode: 544: [1. 1. 1. 1. 1.] 
Episode: 545: [1. 1. 1. 1. 1.] 
Episode: 546: [1. 1. 1. 1. 1.] 
Episode: 547: [1. 1. 1. 1. 1.] 
Episode: 548: [1. 1. 1. 1. 1.] 
Episode: 549: [1. 1. 1. 1. 1.] 
Episode: 550: [1. 1. 1. 1. 1.] 
Episode: 551: [1. 1. 1. 1. 1.] 
Episode: 552: [1. 1. 1. 1. 1.] 
Episode: 553: [1. 1. 1. 1. 1.] 
Episode: 554: [1. 1. 1. 1. 1.] 
Episode: 555: [1. 1. 1. 1. 1.] 
Episode: 556: [1. 1. 1. 1. 1.] 
Episode: 557: [1. 1. 1. 1. 1.] 
Episode: 558: [1. 1. 1. 1. 1.] 
Episode: 559: [1. 1. 1. 1. 1.] 
Episode: 560: [1. 1. 1. 1. 1.] 
Episode: 561: [1. 1. 1. 1. 1.] 
Episode: 562: [1. 1. 1. 1. 1.] 
Episode: 563: [1. 1. 1. 1. 1.] 
Episode: 564: [1. 1. 1. 1. 1.] 
Episode: 565: [1. 1. 1. 1. 1.] 
Episode: 566: [1. 1. 1. 1. 1.] 
Episode: 567: [1. 1. 1. 1. 1.] 
Episode: 568: [1. 1. 1. 1. 1.] 
Episode: 569: [1. 1. 1. 1. 1.] 
Episode: 570: [1. 1. 1. 1. 1.] 
Episode: 571: [1. 1. 1. 1. 1.] 
Episode: 572: [1. 1. 1. 1. 1.] 
Episode: 573: [1. 1. 1. 1. 1.] 
Episode: 574: [1. 1. 1. 1. 1.] 
Episode: 575: [1. 1. 1. 1. 1.] 
Episode: 576: [1. 1. 1. 1. 1.] 
Episode: 577: [1. 1. 1. 1. 1.] 
Episode: 578: [1. 1. 1. 1. 1.] 
Episode: 579: [1. 1. 1. 1. 1.] 
Episode: 580: [1. 1. 1. 1. 1.] 
Episode: 581: [1. 1. 1. 1. 1.] 
Episode: 582: [1. 1. 1. 1. 1.] 
Episode: 583: [1. 1. 1. 1. 1.] 
Episode: 584: [1. 1. 1. 1. 1.] 
Episode: 585: [1. 1. 1. 1. 1.] 
Episode: 586: [1. 1. 1. 1. 1.] 
Episode: 587: [1. 1. 1. 1. 1.] 
Episode: 588: [1. 1. 1. 1. 1.] 
Episode: 589: [1. 1. 1. 1. 1.] 
Episode: 590: [1. 1. 1. 1. 1.] 
Episode: 591: [1. 1. 1. 1. 1.] 
Episode: 592: [1. 1. 1. 1. 1.] 
Episode: 593: [1. 1. 1. 1. 1.] 
Episode: 594: [1. 1. 1. 1. 1.] 
Episode: 595: [1. 1. 1. 1. 1.] 
Episode: 596: [1. 1. 1. 1. 1.] 
Episode: 597: [1. 1. 1. 1. 1.] 
Episode: 598: [1. 1. 1. 1. 1.] 
Episode: 599: [1. 1. 1. 1. 1.] 
Episode: 600: [1. 1. 1. 1. 1.] 
