93.406075 75.952995 75.603439 63.664188 42.696621 0.000000 
88.901810 76.897987 66.388565 67.917267 33.316128 0.019782 
88.767532 83.015541 76.232323 68.229309 49.184280 0.027976 
92.273384 77.241592 69.273468 45.688957 34.636726 0.000000 
90.019814 72.849304 65.476501 55.854744 37.823971 0.000000 
87.330132 76.134438 64.449951 58.534706 27.230543 0.000000 
85.901779 84.641991 63.097679 65.928108 38.459309 0.019782 
87.979446 85.584000 83.675255 76.310303 47.580406 0.000000 
88.255890 84.844452 70.531067 72.831032 31.653946 0.000000 
91.178650 72.459969 81.934196 62.249809 38.424442 0.000000 
88.808929 69.240921 78.045700 50.007839 41.616467 0.000000 
89.923759 70.963257 67.552750 50.371796 24.879164 0.027976 
90.336884 79.469757 90.818726 51.228413 31.929270 0.019782 
88.563545 97.051315 74.285583 66.412827 35.781815 0.019782 
89.777069 90.402084 71.904747 57.928173 36.857388 0.000000 
88.698311 71.438568 68.383446 63.590595 33.885132 0.000000 
86.051781 78.380203 63.625416 55.250568 30.192358 0.019782 
91.129234 84.787811 77.857857 82.900024 41.036140 0.000000 
91.243843 91.047920 87.720093 83.275597 53.273525 0.019782 
87.814796 78.061340 60.700871 63.699608 35.810280 0.000000 
90.645409 77.278618 76.361107 67.358673 36.836464 0.000000 
88.719810 65.842072 67.189369 57.949562 46.070702 0.000000 
90.300888 81.890045 81.531563 78.083717 45.393578 0.000000 
87.514137 84.639000 79.249390 62.052448 35.323299 0.000000 
91.837158 78.049088 77.612152 68.859283 42.827919 0.034264 
89.419174 68.591507 69.547951 56.540230 31.771036 0.000000 
85.919685 82.991516 75.009155 64.228767 36.262207 0.027976 
88.614418 74.436737 86.350746 77.337257 44.053867 0.019782 
90.909119 80.932159 79.308105 59.276241 42.314289 0.000000 
91.708641 72.694626 80.625504 62.536144 40.079552 0.000000 
87.264954 72.838295 66.364014 49.528931 20.482788 0.027976 
88.977585 79.062477 76.172363 59.032436 38.391453 0.000000 
88.993858 80.517639 73.084007 68.401680 50.528416 0.000000 
85.403160 79.603241 83.823196 70.336891 44.215538 0.000000 
95.056953 87.714951 79.456055 64.290825 47.418640 0.000000 
84.704185 75.923805 79.519180 70.376228 56.389214 0.000000 
92.186798 83.436928 70.665611 60.093025 49.735489 0.000000 
92.096069 85.603233 71.159760 78.334480 30.525682 0.019782 
87.153908 83.291992 73.867996 75.800194 40.847515 0.019782 
82.458298 89.390663 87.193420 74.290184 39.971878 0.000000 
89.714058 83.954796 81.158600 81.184616 50.905586 0.000000 
88.589180 79.767441 82.097923 64.614586 37.273594 0.000000 
88.550240 65.434509 64.136070 51.927444 34.181541 0.000000 
81.770767 82.594818 82.688156 60.753307 31.152697 0.000000 
95.256630 90.229317 84.113823 80.394409 50.992237 0.019782 
89.058006 69.290260 62.918232 58.315372 26.899628 0.027976 
88.959732 74.475975 83.466843 67.684296 38.359432 0.019782 
91.784935 76.929260 74.404602 83.865868 36.769047 0.000000 
88.873138 72.910973 75.399963 62.852280 53.086132 0.000000 
94.138359 72.725655 68.600655 81.439529 48.861382 0.019782 
