89.789261 98.083000 95.024315 98.090729 93.399368 0.000000 
90.830238 87.769325 93.914009 83.056328 93.075958 0.000000 
87.290802 78.235168 85.995171 84.838501 87.706429 0.034264 
90.179283 96.133446 92.168930 94.873207 90.440025 0.000000 
91.878036 71.693138 77.170860 85.325340 84.271950 0.000000 
88.903984 88.228088 90.699997 86.373520 90.555054 0.000000 
94.819893 100.816788 92.642540 94.495163 90.503906 0.000000 
89.910690 90.334351 90.668022 92.917633 89.077408 0.000000 
87.156075 105.718689 95.734840 94.415298 92.041267 0.019782 
89.183289 94.643326 87.451736 85.503456 90.719772 0.000000 
93.588676 96.619316 88.481255 89.886215 90.550423 0.000000 
87.052444 90.524269 83.717224 83.482216 89.651062 0.019782 
84.363121 83.971092 89.173759 80.864220 91.238647 0.000000 
85.919022 98.340012 97.027191 98.418327 90.163857 0.000000 
86.046539 101.980278 88.497063 94.017677 90.217499 0.000000 
87.873451 88.027405 83.678574 83.234314 86.516632 0.000000 
91.395821 88.084244 85.815109 90.536652 88.704117 0.000000 
94.436966 94.300056 92.463745 92.723465 92.064499 0.000000 
89.195305 86.305214 82.367226 81.316902 91.624207 0.000000 
94.825325 87.131958 91.865776 92.621292 96.037552 0.000000 
