2061.362305 991.010925 441.368744 191.628113 73.426292 
2473.883789 957.007690 283.879059 194.418335 101.553879 
2248.181641 716.151489 533.721252 316.826263 135.832245 
2393.703369 854.565247 427.081207 204.659424 59.723171 
1757.536621 467.126923 231.268936 95.717033 52.612652 
1909.859131 527.054810 279.297943 135.634735 49.503315 
2169.677002 537.011719 340.948212 143.091660 53.561928 
2089.022217 690.927002 290.250214 147.621536 66.476662 
1770.239868 549.616150 332.103790 176.845886 76.033798 
2268.236816 1012.197144 377.053436 92.228264 72.139488 
1782.093018 745.108582 210.164474 113.796059 82.693619 
2166.931152 754.120483 229.591736 60.903179 25.384453 
1809.023071 651.864685 273.596802 98.269707 37.397018 
1946.408325 550.362183 322.848907 132.455429 97.662651 
2015.560669 694.896912 363.680084 146.745346 75.788826 
1609.445312 531.873657 179.619308 79.493324 61.993698 
1893.632202 427.560486 319.194214 128.130676 51.280048 
2700.599121 836.845825 326.920746 209.479691 75.057274 
1766.943481 828.552612 334.707306 190.244019 96.381508 
1942.657104 651.429688 271.943878 129.025970 66.905228 
1620.992432 658.939575 270.671112 131.891724 66.304840 
2298.301270 814.737122 363.530334 149.673218 51.697575 
2280.442383 704.755798 298.774963 205.881927 53.066303 
2721.955811 489.271729 235.761398 199.484833 75.002434 
1972.155884 756.568970 296.955170 165.311111 83.037346 
1550.574463 970.332947 336.548859 175.253082 58.324329 
1499.499634 467.971466 197.482483 121.183357 80.621635 
1717.058228 652.923157 243.588318 72.804329 62.931076 
2039.434204 790.202454 333.406158 194.646713 111.456451 
1966.012573 769.909119 225.666275 176.805588 124.463936 
1633.923950 636.069702 321.657562 95.317093 59.932194 
2435.148193 593.549194 367.289734 129.979523 65.635887 
2023.012695 537.656555 205.498428 130.432755 56.706390 
1975.139648 584.017700 225.708344 87.430832 56.128021 
1671.647949 507.852783 276.042816 86.371552 41.289181 
2141.380371 754.563782 426.576813 167.013580 129.701538 
1726.527954 596.021423 400.076752 124.244797 55.980679 
2671.525879 715.136658 430.575562 162.834717 74.177658 
1870.373779 598.894958 285.151276 86.458061 47.941319 
2156.591309 652.577454 209.455963 167.864517 112.380470 
2014.907959 634.874634 220.771179 149.210220 68.252495 
2125.891602 651.772583 368.257874 174.893677 95.230766 
1689.748047 698.503052 404.729767 154.264557 60.088379 
1729.591064 484.411224 212.772018 77.499916 33.996181 
1745.504272 562.087341 230.361282 131.240112 60.207657 
1654.862427 798.428284 285.306366 151.239944 75.477448 
2285.770752 600.603516 256.206757 116.611191 66.616310 
1823.267944 657.927002 427.975189 143.945801 29.844721 
2051.470215 482.737854 284.779846 130.195206 52.487675 
1777.355591 532.541199 175.765640 84.394493 41.692879 
1701.853882 414.240845 188.947876 65.742905 36.965893 
1742.982544 606.143250 431.294189 164.106689 59.343460 
2182.605957 594.762817 289.161621 122.811546 77.123520 
1805.505249 610.330444 305.900757 182.863998 98.406441 
2233.776367 577.964905 505.445221 205.075470 98.460602 
1826.086914 417.663879 226.490570 72.971642 73.743774 
1662.185425 433.061951 208.761520 129.987579 41.140930 
1886.122559 563.328735 160.812927 93.488945 34.743160 
1851.048706 432.173065 211.163300 101.644409 57.244442 
2028.687622 447.955078 221.040405 84.758995 39.991287 
1768.597412 634.834900 364.753632 108.265785 50.908501 
1787.432495 519.276672 213.761383 102.262352 52.950287 
2228.076416 811.494995 304.738739 180.678345 66.974503 
1590.007690 732.475769 367.724792 192.259216 92.137978 
1839.768677 508.177521 315.621429 153.949280 53.851173 
2140.375977 488.800842 143.332230 89.593773 40.168266 
2246.797119 631.346497 306.176849 196.334091 57.543503 
1747.329224 645.375183 322.670715 113.404396 61.133224 
1785.120239 542.963135 182.833267 132.344620 54.505577 
2044.494507 516.011169 224.801834 91.000885 53.976097 
1689.664917 375.668518 219.836105 122.853989 46.279129 
2090.353027 505.001678 278.225220 106.507469 47.079536 
1754.966064 744.561890 187.800079 88.526794 75.248848 
1850.791992 526.451294 246.003891 69.235962 44.549614 
1344.605103 418.171021 208.481232 101.471245 63.949841 
1861.408081 607.163696 254.646927 128.319824 50.536190 
1786.651001 640.914551 347.527008 116.177147 58.318874 
2152.484619 637.464355 181.378143 140.601898 58.754322 
2019.845581 563.970032 245.859573 60.844666 51.591320 
1674.087524 388.400085 218.998734 178.677628 53.193501 
2152.305176 517.963318 274.662628 129.787384 48.343529 
2097.040039 463.604492 188.959259 145.210602 60.953987 
1860.552368 383.534607 216.867706 89.242088 49.144382 
2181.457031 515.216370 191.450668 102.884483 47.989056 
1711.382446 583.215027 273.316162 134.674835 27.722141 
1711.001831 588.495667 277.695038 179.894318 55.846558 
2092.559326 708.411011 289.418304 104.039742 64.987579 
1607.592041 509.414185 277.931396 138.234848 37.151608 
1907.645142 433.394806 158.619064 125.798515 46.765121 
1881.946289 349.313263 261.712738 147.705505 50.955223 
2020.325317 524.000610 197.663422 111.050873 42.199890 
1769.224731 382.261688 237.728134 99.537300 79.757919 
1887.149780 414.381439 227.759537 149.405746 88.996796 
2000.874878 657.788269 185.145966 66.897865 44.788376 
2011.539429 515.817200 234.063385 90.988274 49.094379 
1925.107300 515.987427 233.990997 220.660782 65.499573 
2161.096191 693.162354 243.916687 152.726288 67.637894 
1664.632446 542.330444 294.897583 160.979431 73.352959 
1645.048706 494.686157 211.422089 95.436996 32.293045 
2045.855713 653.674500 268.578064 160.413727 56.339813 
2151.994629 405.591766 308.505859 163.126526 34.410458 
2020.237183 577.702332 234.753235 105.218590 54.318882 
1559.481323 747.191528 179.879532 86.487892 47.575146 
1917.583862 528.913025 223.373627 123.024956 78.634811 
1729.781372 655.948608 230.296875 137.780289 32.756119 
2102.983643 500.382477 296.599854 161.016541 31.976332 
1893.666748 481.776337 240.611237 91.316368 61.217297 
1824.746216 391.825562 299.617462 102.663315 36.501934 
2074.511475 515.151550 181.970581 94.261711 38.630211 
1823.464355 515.348999 194.260605 116.193138 49.504124 
1743.140869 547.388367 434.743835 171.825912 67.596519 
1893.189331 543.466187 187.361053 56.667637 38.681889 
2447.912598 659.804077 239.357971 62.566898 27.304111 
1951.543823 466.160156 230.970825 101.405739 42.926548 
1807.397339 356.058289 185.430893 92.837898 30.403702 
1936.932983 364.952759 242.797440 114.787117 41.360783 
1872.428589 489.321442 159.214218 143.882584 49.889454 
1821.275757 404.938538 144.999313 78.516327 48.271080 
2167.546387 451.483063 156.534927 60.221466 26.570133 
2012.947144 367.948517 182.554977 101.913383 48.245274 
1879.738403 351.288177 265.634064 113.234589 48.605347 
2262.489746 461.155487 163.803513 60.984615 26.983162 
1525.728149 390.873871 163.077423 128.565216 48.728390 
2155.802979 334.584686 267.393127 99.372513 54.190037 
1653.770142 331.163330 217.147339 79.023697 32.769836 
1967.203613 492.743500 209.103729 111.183105 49.006535 
1967.747681 460.906738 142.381500 122.239159 38.045425 
1900.070190 487.000183 140.887939 77.970680 48.904495 
1880.535889 363.332092 157.518585 161.953506 40.007710 
2185.478027 380.919098 235.565598 105.848244 40.183914 
1953.987061 402.940338 166.919312 107.419342 39.767773 
2221.794434 447.716766 251.692413 98.509850 35.282825 
1983.144043 397.089203 172.162354 77.763039 42.982460 
2290.686279 512.037109 298.558807 215.338531 51.256668 
2098.605957 373.467957 246.269882 127.719337 64.188873 
2162.903809 491.897095 300.640533 135.365662 67.179329 
1717.965942 588.567444 257.877014 112.309509 53.011642 
1591.181030 331.412231 170.732788 77.225143 32.777992 
2063.712402 355.697174 215.863846 161.273041 38.942047 
2088.711914 370.171936 221.491180 141.628098 60.422527 
1835.356445 406.070068 260.647858 82.314674 33.433872 
1702.044678 343.830231 110.147247 89.083870 26.626455 
1749.553467 415.678741 130.730606 74.343536 20.100216 
1556.375977 361.216248 162.885010 90.902840 42.968517 
2149.803467 335.298676 198.878052 99.144203 25.428373 
1741.518311 256.308258 199.796082 67.784248 29.497995 
2062.176758 388.817139 139.261154 125.162567 35.066368 
1836.446655 324.524048 157.749802 106.872574 42.665848 
1948.542236 387.512726 197.568802 123.668335 37.547535 
2043.801880 427.843872 254.148071 74.170082 36.891754 
1914.424683 331.820007 146.292130 53.577675 25.274981 
2276.383789 383.967499 164.931046 90.558388 43.179398 
2153.029053 295.985626 111.515137 59.942692 33.973866 
1559.403931 349.856476 162.625885 92.440430 39.307518 
1855.631470 347.303680 152.203018 92.738281 34.649567 
2300.429688 301.310822 173.623230 102.586456 51.431686 
1921.425537 435.649933 129.657455 54.488892 30.607752 
2078.937988 416.837677 168.735809 60.207348 43.101669 
2187.481934 351.929657 237.203201 137.926178 32.511963 
1989.568848 367.589386 128.857651 76.082321 21.321146 
1937.655640 372.051880 182.056931 119.510063 40.346367 
2125.723633 263.536163 163.349167 60.510132 31.461107 
2051.530518 313.116119 161.950897 76.679253 35.735516 
1835.107422 389.574219 164.160599 85.204071 31.966570 
2615.124268 447.915436 241.539795 101.937431 31.191326 
2042.173950 342.588684 183.005020 70.359207 39.835587 
2060.369873 378.359955 172.412277 68.649963 30.168203 
1849.941040 384.335876 167.644501 93.880325 61.927486 
1818.445068 445.183624 372.306610 200.975540 92.967834 
2010.070435 281.992004 190.789932 80.406097 24.178068 
1986.748047 398.783813 188.892456 107.603508 44.897766 
1534.268433 364.013062 146.252197 81.184433 42.263470 
1863.348389 282.418884 120.402954 110.454552 48.235764 
2195.651855 373.894623 117.737244 117.899925 31.770626 
2253.562988 438.806091 132.963013 99.393661 49.132027 
2034.662964 351.384125 134.358475 87.341133 30.502684 
1956.456543 326.949585 177.794434 82.324707 48.854336 
2210.848145 455.087372 140.784042 67.514107 74.142197 
1801.277832 341.431488 198.479782 72.196869 41.818653 
1607.970093 374.674713 217.917007 134.116959 36.591396 
2109.800537 429.538910 160.232910 89.755898 28.921066 
2297.687256 318.092224 172.296448 181.342697 50.630253 
1842.825439 474.568024 261.094238 62.702286 47.046074 
1865.103516 428.173279 197.107132 93.572044 39.810917 
1983.917358 403.341064 204.184555 86.254051 40.846004 
2179.469727 302.498138 169.985672 83.265205 49.237823 
2179.703857 395.658508 144.573029 125.055771 52.413170 
1738.770752 306.294922 162.586533 101.167747 47.445660 
1764.980347 316.473328 187.497849 88.764198 31.847288 
2289.148438 321.707794 139.432190 83.834053 22.509647 
1969.927490 409.770782 178.291550 80.838562 37.633839 
2382.596436 458.419220 158.076950 119.726120 58.789162 
2104.616699 434.709717 161.548386 110.563026 43.906288 
1808.529907 490.194855 141.787018 79.620209 38.398056 
1736.182373 424.715912 255.848282 140.600891 63.673931 
1693.818726 449.453308 150.572296 109.985199 49.335648 
1774.127441 503.462799 189.251083 74.518951 36.413979 
2104.437500 477.436096 162.200500 61.703999 41.828480 
2066.302246 422.272125 211.771667 103.486252 40.112331 
2072.851318 337.538147 172.871948 124.334213 59.865662 
1755.928589 360.751801 251.273422 148.237381 56.110420 
1864.064087 406.491730 210.525330 65.884262 24.538469 
2085.759277 429.281860 241.523880 172.544144 68.274406 
2085.919434 663.663086 253.058853 132.126282 37.007908 
1800.986694 412.598206 278.442596 144.509735 56.984993 
2219.672852 507.799225 222.662262 114.425636 52.513683 
1851.170166 592.396606 265.535980 159.769073 73.721169 
1846.656738 552.134705 290.308929 137.338058 53.332584 
2589.111572 1359.908813 432.234375 407.092255 101.804985 
2478.754395 882.816406 459.362244 139.215836 125.921730 
2726.927002 1094.180542 442.915619 185.614304 165.541000 
2659.466553 1121.183716 566.789001 417.222046 159.213364 
2080.884033 1181.089722 373.811798 307.158051 103.684296 
2051.233154 1129.179077 487.595978 264.259735 171.125000 
2405.538574 2073.350098 1302.194092 589.923889 220.903412 
2369.525635 2210.836670 2584.417480 1266.204224 792.738403 
1843.087158 2025.096191 1670.698242 2077.088379 1348.873779 
1658.114136 1326.083740 2452.148926 4425.589844 4810.675293 
1821.544312 1374.044922 1506.178955 1762.761475 3426.523926 
1632.414429 1003.662537 776.275085 985.617554 3509.098389 
1684.149292 1476.942627 1226.493164 1649.190430 3353.539795 
2092.842285 1341.122925 1277.725708 1228.196777 5855.403320 
2116.617676 1302.974365 773.850708 510.743042 6132.504883 
2411.920410 1227.549561 948.813843 700.771729 5850.274902 
2673.322021 1596.057983 1139.293457 791.955322 6028.046387 
3161.625488 1899.238892 1364.524902 956.159058 3745.841309 
3153.726318 1851.090698 1538.311157 1191.946533 8860.485352 
3499.303955 2177.436523 1145.983276 1027.081177 5969.682129 
3707.102783 2109.946289 1417.311157 772.258301 6167.601562 
4879.418945 3577.299805 2358.303711 1426.266357 8375.341797 
5164.395020 3570.773193 2729.246094 1295.639404 5749.167480 
5601.068359 3394.250000 2085.461914 1366.526001 8409.033203 
5794.340820 4126.777344 2949.737793 2175.913086 8529.894531 
7277.360840 5102.590332 3495.901855 2424.448975 12732.425781 
6872.473633 4991.985352 4348.206543 2693.909180 12925.082031 
7518.557617 4815.034668 4417.241699 3983.709473 12259.831055 
8323.250000 6049.036133 4251.837402 4527.866211 10460.322266 
8920.405273 6820.410645 5164.503418 4149.266602 14882.410156 
8347.443359 6990.864258 5024.011719 3905.364990 9817.406250 
8095.876465 5263.661133 4027.758301 2258.468018 10701.534180 
10127.194336 8160.723633 7019.922852 5428.372559 13073.015625 
11272.390625 8421.580078 6888.713867 5518.012207 12597.409180 
9102.679688 7405.776855 5796.925293 4926.325684 9376.823242 
11867.425781 9515.397461 7806.262695 4923.082520 11273.245117 
9108.492188 7339.845215 5965.671875 3869.920166 10247.503906 
11960.946289 10399.160156 8259.694336 6392.460938 16177.023438 
10576.583984 8493.546875 6967.201660 6075.075684 15495.446289 
12452.858398 10098.963867 10174.734375 6547.075684 18444.458984 
11488.631836 9078.648438 6872.776855 6485.427246 11011.165039 
11599.382812 8994.989258 6829.604004 6699.283691 21371.681641 
10070.485352 7704.585938 7570.737793 6871.418457 13676.263672 
12291.662109 9928.482422 8168.627930 7632.325684 13670.210938 
10446.243164 7906.521973 8160.769043 7458.330566 12852.183594 
10525.939453 10282.444336 8898.853516 7576.246094 18820.046875 
10246.796875 9706.819336 9619.464844 6436.761719 13360.595703 
11852.247070 8821.770508 9924.219727 8783.966797 15049.421875 
10130.479492 7959.653320 6826.139160 6046.826660 12433.527344 
10855.541016 8338.407227 7891.399414 5936.253906 19381.376953 
11764.733398 8399.386719 6824.814453 6842.218750 11461.293945 
8759.007812 6394.965820 5594.233398 5174.145508 11722.768555 
8881.083984 7661.417969 7225.190430 4938.729004 14322.299805 
9742.029297 7330.920898 6903.918457 5401.589355 18815.892578 
8339.080078 5933.947266 5115.676270 3025.335205 15264.190430 
9418.909180 8453.480469 5653.071777 4806.179688 13319.690430 
9332.219727 6460.300293 6299.460449 5042.359863 12442.677734 
9497.444336 7846.169434 6219.631348 4220.979980 13739.762695 
8801.322266 6916.215820 7735.933594 6101.678711 24064.755859 
7479.293945 5942.385254 4904.595215 3944.191162 11461.150391 
7862.633789 6683.227051 5230.936035 4745.075195 12725.155273 
6658.585938 5524.020508 4476.691406 4330.377441 12935.443359 
7148.633301 8096.786621 6841.812500 4235.208008 34023.050781 
7253.868652 5731.450684 3911.525635 2579.877686 13334.822266 
6420.573242 4528.832520 3810.129883 3136.672119 11307.781250 
6510.760742 5437.696289 4182.716797 3585.973633 12533.845703 
6711.491211 5912.484863 4387.618164 2992.619629 15428.273438 
5141.818359 4366.980957 3626.123291 2971.607422 11886.255859 
4718.551270 3771.331055 3182.344971 2727.575928 10861.554688 
6135.270020 4456.462891 3666.796143 2090.322266 14919.316406 
5475.552734 4225.515625 4175.638184 3359.506592 12546.027344 
5618.957031 4848.221680 4249.490723 3638.965820 12087.466797 
5903.939453 4633.384766 4646.553711 3375.379883 21165.640625 
5232.378418 4409.772949 4468.844727 2723.010010 17932.011719 
6263.561035 4536.141602 3907.912354 3434.800293 16723.498047 
6577.217285 5074.627441 5788.884277 4689.435547 15867.851562 
5278.037109 4996.706543 2932.858154 2880.719238 13231.514648 
6571.149902 4912.915527 3489.358643 2836.065430 18170.416016 
5673.551758 5418.876953 5667.239258 4400.091309 12884.309570 
6969.489258 5410.820801 4779.901855 3694.338135 19717.099609 
6916.816895 6068.725098 4520.161621 3913.305176 13181.839844 
7046.521973 6272.863281 6449.071777 5051.131348 23725.767578 
5790.274902 4628.784668 3870.829102 2697.102539 12389.246094 
15718.595703 36453.812500 12440.869141 11129.556641 50039.519531 
6855.145508 8076.414551 5304.317871 4052.813721 27724.261719 
6706.208008 6124.198242 4305.182617 2770.214111 19279.599609 
8379.702148 8391.060547 7971.910156 5613.794922 19693.576172 
7095.258789 6893.819824 6035.096191 5811.683594 21241.785156 
6825.813965 6566.441895 4918.008789 4403.529297 15738.463867 
6704.743652 7359.770996 6479.807617 4686.048828 19356.228516 
7960.035645 8441.140625 6480.743652 3396.668457 29990.902344 
1008057.312500 59186.523438 29998.386719 8881.535156 63358.011719 
6263.784180 5842.923340 4929.491211 4742.425781 16394.275391 
9104.277344 9111.126953 8595.461914 8895.695312 24500.312500 
8333.785156 8365.140625 6625.136719 4857.201660 23633.076172 
7122.478027 6944.917969 6246.782715 4867.129395 17675.064453 
6745.605957 6788.021484 5838.102539 4848.516113 20977.726562 
9529.104492 8940.217773 11232.632812 7246.550293 20687.144531 
10205.153320 11393.119141 8693.478516 6237.459961 26006.390625 
7817.216309 6065.285645 4573.654297 4160.092773 32692.791016 
6951.311523 6624.841309 7592.503418 6248.062500 20904.960938 
7241.856445 6505.595703 6703.761719 4681.074707 22087.476562 
7290.059082 7647.512695 5687.555664 5120.027344 24597.458984 
29390.177734 185338.312500 54512.082031 29544.886719 85611.101562 
6107.787598 5445.406738 4846.245605 4093.158203 20290.722656 
7519.591309 6330.930664 4692.990234 3607.324219 16223.801758 
8042.691406 7839.680176 7035.614746 4652.699707 23339.751953 
6228.575684 4965.116699 4250.435547 2652.597656 13585.261719 
7311.990234 5577.282715 3865.752441 3694.645996 19876.593750 
6942.616699 5175.938965 4802.878418 4196.058594 18833.939453 
7087.282227 6642.688965 5749.203613 3596.677002 17631.845703 
6718.240723 5449.510742 5539.272949 4569.219238 21278.900391 
6694.313965 6016.823242 4905.624023 5170.868652 21185.101562 
6302.964844 4653.996582 4401.365723 3431.776611 15071.671875 
6163.437012 5431.067871 4323.069336 4701.521484 16075.169922 
6603.847656 5450.684570 5342.677246 4053.451416 20674.960938 
5315.550293 5291.979492 3856.985840 3164.349121 17125.761719 
30268.294922 46904.789062 24263.828125 12883.926758 59618.218750 
7472.101074 5979.156250 5170.274902 4836.816406 18603.322266 
7124.189453 5777.296387 5379.018066 3693.621582 24169.431641 
7326.083496 6490.796875 5893.778809 5474.779297 28953.720703 
5637.554199 4065.156494 3211.797363 2681.338867 16480.242188 
6599.057129 6012.842285 6548.047363 6272.777344 22533.498047 
6419.692871 4457.647461 3982.007080 4115.119141 15522.361328 
6461.127930 5334.104004 3542.411621 2714.470947 18142.609375 
6754.331055 5485.518555 4845.588379 3355.866699 19892.429688 
7700.044922 6011.928711 5388.615234 4170.788574 15924.662109 
7690.151855 6621.339355 6481.022461 4025.389404 22500.626953 
7188.529297 5720.725098 5551.808594 3812.281494 25148.710938 
8115.088379 6552.716797 5722.073242 3857.452637 30176.359375 
7041.042480 5997.963379 5105.371582 4765.179688 19721.646484 
7150.447266 5477.995605 4444.832520 3486.933838 27442.458984 
7631.649902 6135.131348 5779.371582 4061.949951 22417.408203 
5006.261230 4410.660645 3225.156250 3112.206299 18187.132812 
6825.159668 5866.282227 5394.983887 4400.294434 17225.720703 
7263.963379 6028.098633 5193.360352 3710.143311 20507.703125 
5994.205566 5164.887207 5001.297852 4048.837158 18675.923828 
8002.514160 6844.419922 6421.400879 5662.895508 22516.505859 
5821.612305 5220.195801 4369.659668 3601.664551 16420.740234 
7043.869629 5841.785156 5542.108887 5059.541504 26635.587891 
7765.180664 7363.296875 6176.250977 5874.864746 24964.052734 
7009.112793 5896.694824 4866.159668 3723.771973 23349.580078 
7232.362305 6467.463379 6297.397949 5585.895996 20101.273438 
5911.249512 4351.040527 4103.093750 3105.750732 14715.049805 
7115.063965 6090.073730 5764.222656 4112.381348 18413.146484 
6497.743652 5192.452148 4537.125000 4064.000732 16367.261719 
6635.423340 5217.248535 4251.479492 3272.342285 15191.459961 
6093.833496 5190.866699 4625.987305 3912.476562 19589.708984 
6480.677246 5033.662598 4821.040039 5110.396484 19670.640625 
7019.918945 5260.973633 4539.298340 3256.443359 19962.853516 
7179.695801 5965.980957 5584.363770 4719.225098 17823.341797 
6700.739746 5280.218750 4519.674316 3769.680420 18726.056641 
7815.861816 7298.427246 5754.377441 5276.387695 18166.173828 
6678.808105 5722.786621 4483.516602 4992.100586 22969.378906 
6320.349609 5246.005371 4428.600098 4579.879395 15648.810547 
5637.062988 4962.315430 4295.726562 4886.439941 14095.851562 
6568.271973 4309.500977 3820.020752 3367.291748 11872.662109 
6606.877441 5097.802246 3612.462402 3929.923096 22986.888672 
7220.055176 6505.728516 5102.881348 4390.270508 18895.042969 
6646.711426 7139.637695 5716.527344 5068.454102 16538.041016 
6762.142578 5614.295898 4459.465332 3113.941406 20831.740234 
8033.819336 6150.044434 5191.261230 5379.410645 22154.384766 
7891.729004 8104.066895 7677.044434 4425.901855 35655.992188 
7627.379395 6689.185059 5110.208008 4044.620117 24422.117188 
7515.464844 5367.587891 5003.765137 2901.854736 19062.341797 
6468.953125 5285.703125 4549.559570 3694.421143 28064.572266 
7143.129395 5427.981445 6393.966309 4205.809082 32117.347656 
6914.936523 4808.088867 3761.930176 3282.749512 14457.916016 
75597.960938 32614.957031 10377.839844 8044.292480 49693.250000 
6909.272461 6456.589355 4970.590820 4609.896484 21275.914062 
7828.975586 10933.399414 21350.388672 9023.537109 39126.062500 
6537.493164 5904.998047 5521.730957 5041.986816 21836.492188 
6703.613281 5838.329102 5152.733887 3595.426025 17633.675781 
6327.874023 5100.577637 4488.299805 4270.847656 20038.208984 
6451.776855 5308.686523 5230.544434 3498.025146 15417.763672 
6892.025879 4897.051270 4502.734375 3645.229980 17142.314453 
8232.755859 7376.862793 5424.072266 4875.566406 26530.488281 
7090.919434 6076.753906 5128.120117 4684.270996 21528.087891 
7171.935059 5803.629395 4506.229492 3856.631104 25072.826172 
6419.125488 4644.461426 4527.907227 3527.381348 18377.240234 
7153.002441 5397.614746 4477.902344 4399.343262 16794.789062 
6968.623047 5273.748047 4238.045410 3059.433105 20485.097656 
7419.520996 6090.379883 4800.777344 5086.060059 20785.533203 
6336.069824 5212.918945 4183.543945 3126.979248 16777.972656 
7665.208984 6955.609863 6341.360352 4844.223633 27667.410156 
7617.732910 5052.125977 4644.979004 4053.177979 15340.232422 
7052.235840 5795.317871 5008.250977 3791.291748 22296.328125 
7485.839355 6459.084473 5165.437500 4070.120117 20016.173828 
7489.501953 6941.147949 6316.703613 3811.102051 17801.437500 
6618.380859 5152.109863 5662.354492 3240.113281 19373.753906 
6543.205566 6204.005859 5569.605957 4139.982910 20812.777344 
5425.152344 4120.248535 3460.255127 2698.254150 15164.727539 
8360.329102 6817.450684 6646.133301 5378.169922 35519.082031 
6440.499512 6253.153320 5030.270508 4757.644043 17388.185547 
7443.162598 6490.202148 6537.180176 5328.291504 15341.496094 
7445.103027 6208.799805 4965.316895 4747.080078 20781.900391 
7291.122559 6837.982422 5764.145020 5684.510254 22178.882812 
6286.041504 5109.585938 4380.905273 3405.963623 13787.719727 
7356.622070 5374.434082 5197.904785 3983.467285 24082.824219 
5792.478027 4920.928711 4589.597168 3706.545898 18596.875000 
7991.335938 6711.982422 4707.439941 4285.556641 20953.013672 
7328.370605 6229.975098 4587.879395 4535.091309 17700.398438 
6574.111328 5581.043457 4775.450684 4401.767578 18825.330078 
8006.144043 8108.447754 7239.238770 5396.710938 26878.259766 
7517.770508 6044.662598 5962.920410 4690.885254 25177.935547 
7281.769043 5800.191406 4746.345215 4098.858887 23234.386719 
7437.281738 5816.916992 5334.353516 3929.049316 26619.259766 
7554.615234 5888.256836 5115.963379 5316.631836 22496.695312 
6708.813965 5455.771973 4335.483887 3945.750488 19340.042969 
7316.349121 5854.519531 6117.377930 3913.328613 13375.778320 
7431.365723 5637.276855 5151.028809 3875.867432 20112.394531 
6341.182129 4497.143555 3289.967041 2741.654053 15639.409180 
8110.136719 6447.866211 5648.750977 4877.190430 32346.990234 
6917.333496 5855.900879 4748.135254 4211.236816 20138.093750 
6013.061035 5088.364258 3808.925781 2699.835449 21508.583984 
6149.012695 4536.513672 4355.955566 4022.655518 14548.715820 
6759.638184 6558.873047 5311.242676 4984.208984 24047.910156 
6811.550781 5977.040039 4616.886719 3615.297363 22516.830078 
7520.055664 5785.943848 5654.085938 4535.062500 22826.494141 
8196.877930 6437.804688 6500.866699 4762.307617 23974.478516 
7699.233887 5597.423828 4624.411133 4926.743652 20506.181641 
7187.049316 6274.064453 5930.266602 4189.891113 21911.863281 
7461.036133 5679.017090 4624.080078 4624.936035 25080.083984 
6243.750977 5537.044922 4158.460938 3260.495605 23566.460938 
7091.625977 6249.728027 5600.211914 3553.164307 23646.978516 
8517.021484 7697.276367 6862.079590 4865.045410 37801.023438 
7523.296387 6302.462891 6268.909668 5431.927734 22084.482422 
7012.465332 5620.126953 5781.978516 5205.258301 27177.179688 
6510.557617 5173.791016 4337.352539 3302.972412 16922.816406 
6915.373047 4990.226074 3487.023193 2872.600342 18296.232422 
7300.482910 4688.506836 4572.642090 3787.825684 21107.439453 
7521.053223 5572.271973 4561.917480 3254.362549 27342.476562 
7384.647949 5744.738281 4460.936035 2936.709229 16333.283203 
6682.840332 5390.163574 4766.472168 4997.183105 19649.099609 
7252.247070 6232.500977 5713.406738 4861.291504 22928.542969 
7055.801270 4881.176758 4268.054199 3736.580322 21763.740234 
8707.560547 9264.665039 8212.820312 4741.997070 48478.679688 
7148.370117 5960.089355 5087.957031 4278.996582 23703.044922 
7370.241699 5758.510254 4604.020996 4158.396973 27584.072266 
6378.528809 4729.327148 4280.417969 3450.892822 20089.982422 
6998.361816 4934.426758 4070.323975 3594.451416 17654.359375 
6979.634277 5831.452148 5465.141602 4328.616211 21096.564453 
7750.248047 6003.212402 5967.576660 4784.167969 22656.019531 
7310.413086 6688.391113 5814.982910 4935.556641 30579.339844 
6722.608887 5356.864746 3887.517578 3268.456299 18693.365234 
7425.413086 4998.934082 4926.494141 3670.589355 20848.167969 
6710.478516 5918.248535 5998.576660 4837.290039 23742.650391 
7567.457520 5629.828125 4325.701660 3069.282227 19655.080078 
6543.812988 5456.635254 5366.525879 4218.467285 20634.738281 
7890.454590 6098.247559 5311.167969 4970.410156 20395.187500 
7082.781738 5444.087402 4436.653320 3224.593506 21672.304688 
6712.163574 5493.685547 5025.086914 5305.410645 17551.572266 
7336.297852 6185.923340 5716.428223 6238.624512 19685.314453 
8456.607422 7182.468262 5108.333008 4528.770996 21774.169922 
7320.398438 5984.971191 5381.508301 4283.311523 21573.449219 
5955.757324 4772.034180 4232.886719 3077.354492 17704.123047 
6777.232910 4717.216797 5397.010254 5111.075195 23218.527344 
7404.679199 6082.326660 5209.166016 3495.151367 21955.007812 
8337.178711 6430.108398 6205.155762 5948.118652 24423.519531 
6028.347656 5442.848633 4812.594238 3763.148438 16624.910156 
7041.149902 6040.187500 5187.834961 4862.380859 19942.873047 
6255.475098 5171.560059 4663.245117 4153.772461 15029.924805 
6551.625000 5328.433105 5339.864746 3803.049316 23760.531250 
7632.941406 5591.993652 5020.069336 3319.202148 21062.980469 
7401.280273 6858.408203 5272.340820 7500.660645 27851.121094 
7166.251953 6065.670898 5900.362793 4990.114258 24210.027344 
8089.773438 6706.621582 6450.828125 4732.950195 31060.916016 
7340.236328 5712.171875 4525.829102 3085.064941 17457.580078 
6551.151855 4955.501953 3813.520996 3789.492920 17023.962891 
7578.581055 6863.608887 6491.030762 4195.487305 26292.021484 
6906.264160 5994.652344 5398.770508 5374.168945 15663.668945 
7533.332031 6490.645996 4654.578613 4787.615234 20411.412109 
7861.464844 5932.736816 5843.324707 5157.660645 24119.257812 
7257.021973 4818.670898 4341.018555 3346.456299 17567.460938 
6364.938477 4322.240723 4237.567871 3457.220215 14793.743164 
8161.897949 7047.729004 6281.249512 4320.005859 17698.474609 
6527.031738 5416.206055 5514.210449 3481.808838 20957.492188 
6769.620117 4971.344238 4254.858887 3540.951416 19281.269531 
8101.042480 7127.724121 6510.531738 4745.080566 20131.498047 
8669.388672 7840.997559 6629.634766 5959.767578 22113.857422 
6569.182129 5989.027832 5227.493652 5806.456055 24196.785156 
7616.857910 6036.843750 5172.161133 4297.104980 23511.021484 
7810.407715 6018.891113 4855.842773 3322.195801 23313.314453 
8317.910156 7281.987793 6423.631348 6410.404785 15768.319336 
6645.368164 5493.646973 4545.839844 3564.324707 21025.335938 
7185.834473 5295.352539 4474.616211 3999.269775 14634.817383 
7372.335449 6914.860352 6366.900879 3414.048340 28346.328125 
8381.842773 7066.206543 6180.779785 4428.096680 27916.888672 
6842.597168 6405.135254 5240.254395 4757.700684 19647.007812 
7213.444336 5691.460938 4680.139648 3372.373779 31282.099609 
7246.629395 6155.669922 5771.219727 4145.806641 23482.513672 
7108.743164 6042.158691 5711.912109 5618.117188 20730.138672 
