90.823662 71.537888 93.065567 79.611664 71.576706 0.000000 
87.555168 111.943489 120.789139 79.566330 149.637070 0.000000 
90.409119 44.693909 71.130920 59.009857 75.133362 0.000000 
87.853325 60.769249 78.941818 78.152847 104.324692 0.000000 
90.651115 66.994797 82.092842 48.877602 135.316864 0.000000 
88.047234 68.997040 83.072556 86.228386 106.619774 0.000000 
79.695961 138.325455 94.905479 72.553017 155.759079 0.027976 
93.925453 45.600414 77.153709 58.527218 70.019554 0.000000 
87.477936 107.668823 107.288254 57.957310 161.363129 0.019782 
98.276581 41.447170 74.708382 55.068008 84.000977 0.000000 
81.268127 128.994293 82.622719 107.407066 141.713089 0.000000 
86.490044 80.098709 70.150711 63.081688 141.229340 0.027976 
93.548714 55.341896 71.289429 66.832428 112.311996 0.034264 
91.526550 51.782116 69.048500 64.370598 96.091507 0.034264 
86.136635 48.295116 74.960213 60.248001 85.544052 0.000000 
91.450996 51.609966 83.824783 61.735291 104.139862 0.000000 
92.174461 64.936630 79.166656 63.068611 77.515419 0.000000 
92.758957 66.338318 77.960014 69.001053 99.833229 0.000000 
87.213539 38.259094 68.910423 47.873089 76.775902 0.019782 
94.964088 63.332653 86.747543 67.051727 104.819740 0.000000 
87.917160 119.508858 118.319023 94.034157 152.419952 0.034264 
91.621010 58.974705 93.052330 59.099064 81.061493 0.019782 
91.300140 109.175133 109.651062 97.093666 154.758759 0.000000 
91.878113 57.695690 74.071915 71.124435 80.016068 0.000000 
88.295273 47.677387 81.811859 54.314259 76.875114 0.000000 
92.484688 60.901608 76.556259 76.032875 107.242050 0.000000 
79.985771 110.860695 124.393311 81.350716 142.639099 0.019782 
