8412.155273 812.041809 602.138550 355.890289 164716.984375 
43931.882812 1292.075317 833.511169 646.818237 165500.875000 
455385.000000 1258.147217 885.944092 1039.722534 237980.000000 
25332.451172 1367.952393 1066.355713 820.970764 183564.390625 
8453.703125 990.437805 560.046021 424.540710 110856.687500 
14416.059570 832.088989 570.222229 458.081390 194615.468750 
8835.512695 772.444580 549.711365 538.231079 165610.281250 
45737.566406 1535.929199 1084.998779 730.457520 237294.953125 
3305.516113 1095.701050 883.732727 1149.003418 220909.984375 
15086.466797 847.506714 762.353210 542.126221 206527.500000 
