37.243935 21.020084 22.732746 28.102789 49.853241 0.000000 
31.640434 8.143505 7.967674 9.862944 14.181570 0.000000 
24.071489 14.345020 15.988252 24.243145 26.448296 0.027976 
22.204290 4.759669 2.973745 5.582652 2.699507 0.000000 
23.911261 10.104974 10.265733 12.565421 15.587403 0.019782 
22.469723 7.539421 7.558423 11.647181 16.797861 0.019782 
25.326406 7.587394 6.637287 9.480458 5.577875 0.000000 
24.064287 3.569961 2.480255 3.021548 6.790037 0.019782 
23.518053 8.978791 10.281070 16.126596 9.858118 0.027976 
17.631413 6.615564 9.085407 16.730326 4.920876 0.000000 
19.227877 5.723205 6.495583 9.013190 9.447310 0.000000 
23.260418 3.672479 2.941113 3.632163 3.920864 0.000000 
29.866535 7.956975 5.424299 9.019945 10.086251 0.000000 
19.065779 7.233130 6.961226 7.387641 12.493040 0.019782 
34.792435 9.281353 12.244563 15.425504 16.865782 0.000000 
20.372044 6.207346 7.350872 9.297221 13.579268 0.000000 
31.454412 11.478317 12.180812 21.717476 4.911950 0.000000 
27.110825 7.739791 7.164343 11.605511 17.121946 0.019782 
18.970423 8.388061 8.695200 12.741576 18.049849 0.000000 
12.719833 3.351410 2.700811 3.447817 5.953481 0.027976 
