92.661247 78.491859 100.573128 85.836113 86.602104 0.000000 
91.094574 92.863029 100.779449 98.962204 90.349533 0.019782 
93.850014 100.432449 83.197113 92.223175 88.727890 0.000000 
92.028580 93.863045 97.209038 93.833908 110.411201 0.027976 
91.928856 88.016838 96.648544 100.370262 82.705856 0.000000 
84.699852 83.483292 85.505142 87.850708 84.489220 0.000000 
84.301590 89.710640 91.101501 89.211487 65.738014 0.019782 
91.145798 94.895027 89.310600 88.159805 80.446075 0.000000 
90.310753 92.103432 96.302238 112.117493 111.605019 0.019782 
89.429855 92.254402 87.632362 90.195648 104.324615 0.000000 
84.243523 75.562325 79.877609 92.783844 92.477303 0.000000 
89.998413 91.984779 79.256424 76.377342 100.967010 0.000000 
94.179047 77.837738 86.958473 80.579369 88.531158 0.000000 
89.988686 78.620865 91.299232 80.465210 88.895531 0.000000 
93.565231 84.533585 91.261299 109.397263 95.911209 0.000000 
92.975891 90.902222 101.327217 86.621124 76.787193 0.000000 
86.845535 94.401939 78.092232 77.666168 81.415970 0.000000 
84.741592 85.934174 95.682472 93.947098 81.279182 0.019782 
92.167564 82.689812 80.890869 90.592102 79.012230 0.019782 
93.199287 83.343231 78.002258 88.394638 77.946182 0.027976 
90.436989 77.374535 77.834534 67.314896 86.387863 0.019782 
92.297203 98.815010 85.898804 91.905693 101.880203 0.000000 
92.031349 85.978210 69.751656 76.002930 85.354973 0.034264 
88.727379 85.295296 87.223442 89.527451 71.162231 0.027976 
87.216400 82.961502 91.429955 92.621178 78.418266 0.019782 
88.673264 83.830139 82.908714 96.393135 91.778191 0.000000 
93.115578 93.262390 81.933174 81.515511 71.491745 0.027976 
89.278885 89.365913 76.406532 82.143639 82.480858 0.027976 
86.587234 83.096519 72.647537 75.188889 84.186592 0.000000 
93.540504 88.178131 87.569572 84.976761 104.424103 0.000000 
93.309593 79.039085 94.972069 85.945152 75.948708 0.000000 
91.323326 87.278709 78.488007 98.886398 75.323090 0.039565 
85.723343 83.132210 89.230148 79.028656 74.810944 0.000000 
91.191399 88.273849 87.334175 80.750755 80.047844 0.000000 
92.283493 93.208221 90.814812 75.647209 87.571098 0.027976 
91.019402 90.050194 80.087410 95.970474 75.707733 0.000000 
92.993080 92.429626 78.863419 73.302124 102.833069 0.027976 
87.876030 89.034538 78.926468 87.670601 91.156242 0.019782 
88.537285 79.154068 84.748421 99.418785 99.333694 0.000000 
90.722801 96.091209 85.157799 82.702713 90.298080 0.000000 
91.801430 84.588585 83.495956 90.226036 76.613548 0.000000 
90.973549 95.522652 76.253540 85.740593 97.050659 0.027976 
86.753708 80.498932 85.469498 78.782730 80.807106 0.027976 
91.569466 83.635300 85.877014 88.666267 93.780968 0.000000 
94.196312 91.356392 89.035469 84.409576 99.793015 0.027976 
91.116615 83.395012 73.682617 78.561501 77.030045 0.000000 
86.564285 89.783096 84.562500 106.825027 83.801773 0.027976 
88.109901 95.610725 93.314713 84.836090 84.124397 0.000000 
89.103188 100.560020 95.971069 79.777580 79.293907 0.019782 
87.195923 86.338142 94.509888 83.870010 82.949226 0.000000 
90.477577 84.499527 87.851395 87.294678 80.287796 0.000000 
88.266296 90.337173 95.784004 84.476021 89.140358 0.027976 
91.099785 87.489815 88.167572 93.175499 103.409790 0.019782 
94.043526 88.076675 92.667091 83.103432 82.742905 0.000000 
86.806923 82.232925 84.210884 75.375359 83.841431 0.034264 
88.919182 83.803612 95.983475 94.894600 96.894028 0.000000 
86.600967 96.541199 87.935432 90.199455 91.135101 0.039565 
89.213814 89.799774 83.481171 88.483482 78.647476 0.034264 
89.077271 94.525452 85.655556 91.830467 83.309196 0.019782 
90.800613 96.329872 80.247299 92.781113 84.693176 0.000000 
84.037918 88.851166 91.570213 92.823257 87.922890 0.000000 
86.551102 96.385239 79.917465 97.121445 93.152374 0.000000 
87.428154 97.083328 88.531868 85.180931 77.922974 0.000000 
90.878952 84.756706 75.333870 89.259102 86.925621 0.000000 
91.620438 87.728477 91.826096 101.579422 97.913361 0.000000 
95.762993 86.171471 80.410995 95.775696 86.863487 0.000000 
93.370872 83.854805 98.127083 87.553276 98.336533 0.019782 
84.955620 88.996956 80.548126 86.250465 79.613335 0.000000 
89.918236 100.533562 76.505310 84.388062 109.588341 0.000000 
88.304138 88.813927 91.854439 83.063347 79.699509 0.000000 
89.290337 92.244072 83.559837 90.918152 75.316269 0.019782 
87.669418 91.723114 87.386307 85.052856 78.641777 0.019782 
83.529922 92.623848 89.984550 83.529716 87.973389 0.034264 
88.048126 101.648216 85.147842 88.566704 80.623512 0.000000 
86.414223 90.527863 86.541718 93.288216 76.632210 0.000000 
87.055214 97.259918 94.945572 86.507858 95.624725 0.027976 
86.414963 96.293846 97.838066 67.749687 74.230728 0.019782 
91.606857 93.359390 99.050293 86.717613 89.539040 0.000000 
85.747269 95.368820 84.537491 91.018860 91.615814 0.019782 
87.080849 84.844933 84.246223 88.615273 82.244942 0.019782 
91.165215 93.566353 86.237434 95.486824 96.821686 0.000000 
87.391235 85.583107 83.904190 89.189224 77.028305 0.000000 
90.443291 96.401825 80.348389 93.414902 82.189835 0.000000 
89.918770 90.960892 83.109444 91.451630 96.536491 0.000000 
89.668655 85.865562 92.968842 91.468513 70.096001 0.000000 
86.648392 86.884705 88.359802 77.678963 98.640747 0.019782 
88.890274 90.500862 82.844429 80.897430 91.903473 0.027976 
90.613220 84.244415 94.378204 85.069511 108.384026 0.000000 
90.322021 89.893555 77.507217 80.392616 79.828003 0.034264 
89.215424 92.901207 87.507111 83.663918 84.519318 0.019782 
88.467583 97.969528 100.519272 95.967850 80.740150 0.027976 
89.923210 102.386681 86.459610 94.434479 78.538383 0.019782 
95.799866 82.969368 90.290611 89.348412 83.564453 0.000000 
85.380112 75.882050 91.318069 88.466850 87.505219 0.034264 
89.749771 94.082375 96.552849 92.069260 79.531715 0.000000 
91.964348 93.674728 90.344460 95.020065 80.164360 0.000000 
91.510040 94.261681 89.543953 91.023247 84.622215 0.027976 
91.525986 91.798096 85.280914 79.417130 99.899422 0.027976 
90.150948 88.684380 99.167679 89.389862 89.692131 0.034264 
91.349724 92.046089 91.137833 79.874603 89.555244 0.000000 
85.797020 92.330688 86.910881 97.218140 85.519188 0.027976 
83.110497 84.006104 90.260796 96.826759 71.735123 0.000000 
93.685730 87.899605 86.643524 81.439186 88.801575 0.000000 
90.697021 89.851334 91.479408 92.036324 73.619537 0.039565 
90.542336 91.326828 84.716187 88.874237 82.679764 0.019782 
90.878555 93.841476 86.628845 81.444893 74.868416 0.000000 
89.582588 91.579803 86.964104 81.992348 84.832970 0.019782 
88.843658 87.419136 98.715637 88.528145 71.327560 0.000000 
89.485580 86.808899 82.886238 96.903976 91.475769 0.000000 
94.688301 88.788300 86.164932 92.622498 83.578033 0.027976 
86.389397 84.241806 101.046890 93.058945 80.731018 0.000000 
90.037399 99.625572 95.922096 92.671379 83.450996 0.019782 
94.139313 89.737236 98.126244 93.057701 69.003571 0.000000 
86.284378 87.167671 99.425064 84.078194 84.681480 0.000000 
91.814903 94.592583 76.466560 91.277611 76.805702 0.000000 
88.092209 90.429848 84.124817 67.999542 86.565170 0.000000 
87.474648 99.685867 101.851784 75.142906 85.914673 0.000000 
93.081703 92.463081 89.637711 102.777954 80.771240 0.034264 
95.206619 89.958031 77.075562 100.760559 87.582298 0.000000 
97.133736 95.638962 83.767441 100.851349 73.886772 0.000000 
87.304497 90.578461 87.985558 95.227844 75.496643 0.019782 
88.631477 95.401817 93.532539 102.610359 79.585945 0.000000 
93.495705 97.333702 94.366737 87.549553 80.283707 0.000000 
81.679947 85.896950 89.136848 100.248726 88.700394 0.000000 
90.817245 91.601959 86.227753 93.031067 67.329102 0.000000 
93.520340 85.226875 89.530090 91.375732 60.111549 0.000000 
95.045601 94.139465 91.119804 94.002586 85.252930 0.000000 
89.246033 84.227303 88.393616 83.265717 69.957695 0.000000 
88.573822 84.024315 89.023834 98.560295 64.473251 0.019782 
94.090965 91.716400 95.321632 95.339066 77.357498 0.000000 
91.286995 87.585793 85.059250 84.597672 77.631042 0.000000 
89.375603 100.151634 91.910851 90.619415 80.601707 0.000000 
93.160660 86.714127 96.610115 86.030228 72.143524 0.000000 
90.705978 85.838921 92.108742 83.436317 66.591728 0.019782 
90.525642 92.477432 90.334610 88.283943 79.097961 0.000000 
87.083305 85.229179 84.191833 85.219444 100.784615 0.000000 
89.942451 84.675507 89.795540 83.203407 78.712631 0.027976 
89.302597 87.899544 90.848801 92.488792 81.717323 0.019782 
90.625595 86.992592 84.752182 95.817200 89.921394 0.000000 
87.571655 80.506744 96.186157 86.575012 72.050400 0.000000 
91.273499 85.502739 80.091370 91.486542 88.108856 0.019782 
91.438957 86.494743 83.114944 93.062340 74.727982 0.000000 
90.904755 86.190292 94.153831 101.680527 91.421539 0.019782 
87.519310 92.170029 78.210991 87.977097 81.861351 0.034264 
90.539703 95.349030 94.124702 92.225441 88.353539 0.034264 
83.037186 89.568947 87.165031 87.595596 81.505341 0.034264 
93.041565 83.347832 94.655853 95.967720 90.513344 0.000000 
91.715157 85.530670 88.908073 87.275131 104.480835 0.000000 
90.461792 86.251877 81.324715 95.842209 82.920059 0.019782 
89.253647 95.813446 77.517403 86.776245 84.226067 0.000000 
92.249771 88.603004 79.632820 91.403404 93.096184 0.019782 
95.335022 97.016853 93.829018 96.448471 99.023193 0.019782 
93.946503 91.794556 96.908730 84.837608 77.629349 0.019782 
85.974129 85.817406 82.334732 73.566200 85.221161 0.000000 
90.374863 93.417770 95.001930 103.165398 72.078033 0.000000 
87.664642 85.659500 85.207497 79.651436 68.192993 0.000000 
93.714088 90.971909 90.345879 97.617104 79.164787 0.027976 
82.677544 84.932358 82.513245 75.743126 78.537422 0.000000 
91.697006 84.624275 86.795395 88.918755 79.957565 0.027976 
91.030914 91.404770 95.352242 89.832741 68.023453 0.000000 
88.421730 88.940063 91.786285 94.918900 85.411736 0.000000 
88.155212 89.272659 95.944481 83.819366 81.054344 0.000000 
89.242935 90.836266 85.074867 82.640038 85.030563 0.019782 
92.254616 94.331116 87.938805 100.262955 79.183022 0.019782 
88.061821 84.045677 90.955956 90.287155 89.126091 0.027976 
86.983109 95.985779 94.084480 99.019035 80.976372 0.000000 
91.859245 95.695450 82.098358 88.704582 77.225372 0.000000 
87.009750 92.902229 87.665459 89.427437 82.586037 0.000000 
84.270226 84.749802 92.461052 84.748909 76.742500 0.000000 
89.321678 89.882515 85.549217 91.823708 74.162079 0.000000 
91.840347 82.283958 91.552254 88.779480 71.017365 0.034264 
94.495064 85.016380 96.394943 82.159439 61.673096 0.000000 
86.509758 83.202049 88.452660 90.853523 78.946693 0.034264 
92.131638 84.992386 86.066841 104.710144 74.405327 0.000000 
92.611938 89.485748 78.710426 88.340210 79.489975 0.000000 
89.655663 84.755768 104.593529 103.150032 73.110458 0.000000 
90.345558 87.032066 84.910896 86.094856 101.519791 0.000000 
87.167168 93.825119 85.654091 83.440735 79.149490 0.019782 
87.414627 80.198814 82.591797 84.981995 77.754440 0.000000 
92.130096 84.798187 92.964417 89.703316 85.067322 0.019782 
96.190643 89.187561 90.336830 101.618874 80.282410 0.000000 
89.161171 82.403320 94.176941 97.288208 77.834427 0.000000 
86.628601 85.558212 87.922935 86.855194 85.203896 0.000000 
89.533325 90.091927 102.550636 95.465454 84.670448 0.000000 
93.118393 84.995872 94.457375 82.640816 80.091530 0.034264 
84.310936 94.672379 84.682938 78.279045 78.683380 0.019782 
88.798935 94.005890 92.694336 94.511276 76.602646 0.019782 
86.875191 88.467842 85.212769 85.385185 85.462074 0.019782 
93.373222 73.863457 88.331978 84.727829 75.272903 0.000000 
82.891365 81.702621 85.095200 85.398598 81.077003 0.000000 
86.658279 98.085777 84.084099 92.041473 77.643959 0.000000 
88.790283 95.524193 88.709213 84.994545 70.020767 0.027976 
92.524368 90.930099 90.752457 94.940689 81.759285 0.000000 
90.184059 78.632202 89.131363 85.823074 76.603012 0.000000 
94.298195 84.459343 88.059586 87.207008 75.640717 0.000000 
96.773552 92.610886 91.137299 93.705856 88.124237 0.000000 
88.595665 89.472527 85.783318 83.097565 77.654999 0.000000 
91.708923 99.693413 91.100983 96.977676 73.657478 0.000000 
91.590752 90.577675 80.414597 91.018768 83.903442 0.000000 
89.450554 87.930176 87.680168 82.982018 72.275101 0.027976 
88.200531 83.640289 95.144669 91.392029 65.504440 0.027976 
95.487648 89.556541 85.051170 76.150932 87.131989 0.000000 
89.537552 88.974388 89.936272 90.446693 75.420509 0.000000 
85.996056 97.495705 97.484253 84.202187 70.407089 0.000000 
88.094208 98.317604 92.284027 80.252632 66.016510 0.019782 
89.104752 84.432999 99.399216 89.947922 83.678513 0.019782 
91.249710 83.253418 97.381424 81.166946 87.545280 0.034264 
93.500648 90.294716 81.486588 82.153015 78.747635 0.019782 
91.892403 90.089424 94.311287 91.813278 91.860573 0.000000 
88.595665 87.348465 98.626114 89.474731 99.969566 0.000000 
96.312004 94.375328 91.038498 92.121468 84.213333 0.027976 
83.245926 90.724625 90.291351 81.117393 75.928497 0.000000 
90.478111 90.214371 90.374870 90.464020 76.742989 0.019782 
92.143990 84.687172 93.854774 79.713158 82.083092 0.000000 
86.953926 82.488037 87.818108 86.543098 65.900772 0.027976 
93.875046 93.932854 91.096657 85.715858 89.983818 0.027976 
95.131927 89.022423 91.668678 76.321091 99.570625 0.000000 
88.851494 81.559982 100.387932 105.756584 96.911942 0.000000 
89.028198 86.721085 90.780243 87.649460 72.741806 0.000000 
91.614433 83.423599 90.778175 92.187515 91.259277 0.000000 
89.382507 87.148438 93.217804 88.312988 84.009132 0.019782 
89.447220 84.539688 81.002686 89.259422 68.925995 0.019782 
91.140968 75.282036 91.235672 79.117416 77.838058 0.000000 
92.257240 88.597435 87.744400 87.704491 76.215622 0.000000 
90.333443 81.200211 83.989601 95.152687 79.048744 0.000000 
93.960121 84.481712 97.457932 93.243896 62.343643 0.000000 
89.497658 99.870712 93.155861 88.122704 79.029633 0.000000 
93.164162 81.621063 89.253296 77.372131 68.616478 0.000000 
90.507179 83.205208 88.360596 91.241951 76.447769 0.000000 
92.688164 80.125465 83.024399 89.602837 92.692741 0.000000 
87.234856 90.168541 99.813644 84.534538 84.068047 0.019782 
87.042969 89.856621 79.663483 77.790779 79.068916 0.000000 
92.004143 92.011940 72.363907 78.151482 73.394180 0.027976 
90.384468 92.206352 90.963196 89.363106 79.328651 0.034264 
93.490997 88.489212 94.119774 75.270020 60.530376 0.000000 
86.525345 88.464035 92.389626 98.561111 69.780670 0.000000 
92.964920 89.396126 82.316238 85.810486 72.576729 0.019782 
93.682098 80.941925 93.485237 86.681625 80.586388 0.000000 
87.266884 80.133133 96.926125 100.101532 80.187683 0.019782 
91.207283 90.686211 81.930893 82.648865 79.905609 0.019782 
93.772141 85.335564 95.077301 93.475121 71.007301 0.000000 
90.576981 85.106979 91.373222 79.381424 80.315910 0.019782 
88.614075 84.214294 101.376167 74.558846 63.617008 0.000000 
88.182487 87.585838 79.265259 88.772141 70.356155 0.000000 
87.376877 85.576385 87.208870 93.735435 78.493073 0.034264 
87.183418 87.181999 80.005928 85.899368 84.916748 0.000000 
94.540123 83.542023 89.924393 96.661934 74.721718 0.027976 
92.245003 86.700836 94.767860 93.943375 77.610764 0.000000 
88.623283 94.271812 80.020172 87.675575 61.012810 0.000000 
91.916710 85.442932 88.883255 97.164436 81.105759 0.027976 
89.890457 79.155418 83.384956 92.257088 59.649078 0.000000 
91.193008 81.714798 88.862274 84.936523 69.290878 0.000000 
86.909233 91.992699 83.735603 78.549774 57.932056 0.027976 
90.798531 92.416161 93.870621 94.487259 84.342346 0.019782 
92.437340 84.598351 88.298912 79.319435 66.310852 0.019782 
90.642159 95.885880 93.596962 80.575661 70.728561 0.000000 
90.304230 91.048729 81.699150 82.797455 69.486435 0.027976 
90.952278 83.154961 78.014122 76.445633 65.757545 0.000000 
87.280708 79.252800 86.673599 84.931557 66.571663 0.027976 
92.154549 93.612213 77.061523 90.676331 68.351410 0.019782 
85.851784 88.556572 82.863617 92.186020 89.052658 0.000000 
87.548637 84.994270 87.414101 75.185951 70.671211 0.019782 
86.839478 81.042725 99.949242 83.935974 73.311630 0.000000 
90.170784 84.781441 80.088013 83.447105 78.557426 0.000000 
97.734741 105.200073 92.397484 82.424324 62.296936 0.000000 
85.780716 98.188065 94.559570 76.659241 73.314430 0.019782 
90.232079 89.314720 93.376984 91.388000 64.210922 0.000000 
94.951912 93.988235 86.396492 101.289909 85.514229 0.000000 
84.421211 87.542145 89.337250 88.864532 65.298721 0.000000 
90.803619 90.782104 86.352783 73.542847 68.313324 0.027976 
90.969849 81.591988 83.952423 79.861931 83.084839 0.000000 
91.447243 83.213661 87.179955 82.095192 60.692764 0.019782 
90.228668 88.570381 90.617775 81.047905 66.638550 0.019782 
88.056297 96.307045 89.700050 82.009796 82.689415 0.039565 
92.166679 91.685234 99.935600 89.813133 58.863834 0.034264 
89.248932 81.697235 81.982567 77.302292 70.267403 0.000000 
95.851822 89.418671 94.074615 105.177353 94.843002 0.000000 
89.396706 86.544899 87.012825 84.018028 60.035736 0.019782 
90.205803 83.523033 79.833817 68.608589 70.815582 0.000000 
88.554802 90.180099 98.968208 99.473274 80.075539 0.019782 
85.525368 87.826973 90.035187 82.823051 59.766983 0.019782 
88.801613 98.310539 93.211411 86.029633 68.394791 0.000000 
95.692276 89.819939 89.638481 93.887573 71.574646 0.000000 
87.908974 95.684303 85.102043 88.188660 77.955231 0.000000 
86.804703 82.832031 74.864090 74.533791 78.506905 0.000000 
80.940674 92.389519 95.254066 90.916138 71.795120 0.034264 
97.916794 78.807671 74.286240 87.335045 74.655945 0.000000 
88.590881 82.892563 85.183548 86.674843 70.238472 0.000000 
88.283897 92.069244 85.880730 86.387207 100.082901 0.000000 
88.520042 90.438820 88.645638 94.763885 61.382565 0.019782 
86.317581 88.974709 91.631538 84.771080 64.411209 0.000000 
89.492691 93.429474 85.504059 77.087173 60.984570 0.000000 
87.774124 82.454872 77.973488 80.171722 60.114105 0.019782 
85.538399 88.117401 75.582756 72.256889 54.130810 0.000000 
91.211815 97.019890 82.624435 93.938919 79.637016 0.019782 
87.427689 84.826675 90.012733 91.307892 60.074829 0.034264 
95.425003 94.496544 96.962418 96.791245 71.546768 0.000000 
91.517578 91.923088 87.567535 72.610405 71.546440 0.019782 
86.926750 93.632210 84.849792 91.150024 75.359535 0.034264 
95.667572 74.718208 81.675819 86.949158 77.595520 0.019782 
87.927773 83.179581 86.364914 82.156914 68.942444 0.000000 
89.348343 89.233452 98.255844 85.782288 87.967041 0.000000 
92.913963 91.691391 92.543159 86.830780 74.105515 0.000000 
93.717934 87.947113 79.893578 93.924583 74.357483 0.019782 
90.805313 87.347870 80.320816 85.210838 78.490532 0.000000 
91.262741 92.282997 91.353065 94.287956 75.230270 0.019782 
92.268890 91.693848 93.526672 93.119568 70.093124 0.000000 
86.898468 78.793396 94.903641 90.644760 75.656273 0.019782 
89.727753 87.912033 84.828484 84.693649 77.155510 0.000000 
84.589745 75.262627 85.966553 84.204094 65.134682 0.019782 
89.318382 78.506584 82.007401 86.417854 61.243015 0.019782 
90.063599 93.845528 96.565430 88.069702 76.793365 0.000000 
91.578033 75.812019 87.900185 83.405693 72.070076 0.000000 
89.783447 76.946022 85.778030 72.507416 61.779812 0.000000 
93.113289 86.766716 95.755287 76.112602 68.348511 0.000000 
90.824509 79.627968 91.861481 88.300247 69.385216 0.000000 
95.690544 85.536140 81.962326 76.182777 74.291962 0.000000 
93.235397 85.028236 89.186951 67.996178 42.450153 0.000000 
91.408699 101.549683 91.139839 92.907539 72.335281 0.000000 
96.438370 82.897675 85.256775 70.637505 70.002808 0.034264 
91.387688 84.043495 86.601532 93.139809 80.839638 0.027976 
87.869408 86.282608 90.280724 87.390610 72.454628 0.000000 
89.165108 93.855278 90.111893 84.372124 69.502670 0.000000 
92.598267 87.409813 87.522293 70.817368 63.100346 0.019782 
94.740898 88.756477 91.560684 74.396820 75.090347 0.039565 
87.074150 84.395943 79.407181 89.229462 64.494400 0.000000 
93.324944 80.453255 89.413086 83.301811 80.767189 0.027976 
92.488876 87.389618 83.697807 79.110016 82.379631 0.000000 
89.038399 89.045799 88.119347 90.768333 77.810303 0.000000 
91.093124 91.954704 89.457809 84.243851 79.810272 0.000000 
88.017769 84.873238 101.124390 106.296524 73.729218 0.000000 
87.578522 94.351837 91.419228 65.167160 70.416115 0.019782 
92.561691 96.151772 91.336357 86.832657 86.231781 0.019782 
85.904350 87.338264 89.806107 92.440285 70.146408 0.000000 
89.616943 77.898453 97.182510 80.650101 66.772980 0.027976 
89.852600 92.070755 84.852272 81.648834 67.889236 0.027976 
93.638863 90.891342 77.287514 90.619736 72.512634 0.019782 
89.260239 81.115814 77.295410 86.619446 83.290131 0.000000 
87.041985 82.838860 87.119141 82.528473 60.147579 0.000000 
84.594986 85.502327 90.373123 76.159340 70.526863 0.027976 
83.072433 85.229996 91.882935 70.581429 71.462685 0.019782 
91.519234 82.558952 78.165375 85.966301 75.950615 0.000000 
86.367470 92.356033 89.615517 81.584030 73.588318 0.019782 
91.082901 93.943047 85.949455 88.352539 59.017738 0.000000 
89.206352 87.215981 99.955688 82.206177 74.063248 0.000000 
87.251289 86.695595 94.661720 80.214325 55.653316 0.000000 
84.132294 92.106827 78.586647 91.129898 74.567169 0.034264 
87.030113 83.265480 88.833504 78.614891 63.554264 0.019782 
87.570137 86.472374 91.786644 79.067780 77.059113 0.034264 
82.959358 88.589088 89.615547 89.589890 71.506462 0.000000 
91.466629 93.878128 92.754768 84.609238 77.750130 0.000000 
92.223839 82.638115 90.585289 86.511993 62.691444 0.000000 
90.104889 91.273911 91.008308 70.745567 75.488968 0.027976 
93.710709 80.440689 88.856400 79.060165 69.942551 0.000000 
91.279388 81.489204 87.235199 85.007599 60.723553 0.019782 
87.775757 81.094597 84.270897 76.380791 63.792229 0.034264 
91.927773 92.110252 80.706268 76.382401 69.971298 0.019782 
92.873528 88.074005 86.546463 88.332741 70.868713 0.019782 
91.612480 96.928001 94.624062 83.264282 61.550137 0.034264 
91.495712 93.643410 71.667099 86.811798 54.420219 0.027976 
92.656273 81.436211 70.034195 85.839340 68.909462 0.019782 
90.050446 90.220306 86.801880 90.284073 60.951279 0.027976 
94.629341 87.292122 85.488167 80.182846 76.101089 0.000000 
94.256760 93.834534 98.429779 74.912483 72.746033 0.000000 
85.732315 96.842201 95.884659 73.116531 64.445564 0.000000 
89.919418 90.972916 95.514618 97.534294 65.906837 0.000000 
85.798859 83.740967 86.351997 79.584892 74.034416 0.027976 
88.400475 90.794754 93.061378 88.444946 62.607555 0.034264 
85.399109 77.610756 88.707642 90.009132 71.387222 0.019782 
86.557732 85.707458 75.579819 77.951683 54.735012 0.000000 
97.012527 85.024559 86.791451 100.103142 70.052994 0.019782 
87.676514 81.486305 89.872772 79.823326 59.431576 0.019782 
92.093018 86.022079 87.796562 84.024872 75.254929 0.019782 
87.251305 81.615326 72.587143 85.567032 69.459213 0.000000 
94.726906 96.255463 82.506721 73.165459 57.991444 0.000000 
92.261215 85.014374 75.599525 86.460884 68.970047 0.000000 
89.107552 83.253616 77.712753 86.649673 64.861259 0.019782 
91.542427 74.725677 79.260071 77.400475 78.978096 0.000000 
94.085876 78.501968 84.247650 78.034012 59.787033 0.000000 
93.450981 81.657768 81.630608 84.226021 48.553226 0.000000 
90.853729 93.808311 102.171951 96.629166 66.094269 0.019782 
88.406059 80.742180 81.242409 85.195099 64.425102 0.000000 
88.799393 87.763824 79.067345 83.804924 62.764900 0.000000 
88.586838 86.724129 83.691856 76.998703 66.720512 0.027976 
86.355209 88.044853 82.670158 70.462921 63.470459 0.000000 
88.459892 101.388107 106.016060 108.769112 83.228630 0.000000 
88.112289 82.285736 78.372398 79.122238 82.539589 0.000000 
90.043976 89.392403 87.288757 75.522118 84.752220 0.019782 
83.345718 93.194687 93.392395 86.805946 67.755272 0.019782 
86.806374 89.750351 84.681824 71.014320 61.796741 0.000000 
88.467842 94.144974 88.547737 76.915665 56.253979 0.000000 
90.319038 88.722343 88.235947 83.640862 73.667503 0.000000 
89.673904 101.641464 91.365776 74.202797 81.396790 0.000000 
87.656357 89.418564 89.403839 83.322182 67.578117 0.000000 
88.395027 92.697472 93.314911 85.084740 71.358047 0.027976 
92.994141 85.202370 77.567490 80.598122 73.103592 0.019782 
90.568260 72.594009 81.423027 88.739807 66.540535 0.000000 
87.451637 88.055588 80.513695 72.596313 59.537498 0.027976 
86.563782 88.157730 85.284798 86.873863 72.030815 0.034264 
83.495338 85.664894 82.940239 59.375679 58.679470 0.027976 
86.064453 89.559036 69.287971 61.042511 59.364498 0.000000 
83.935547 86.323845 97.029465 82.607346 61.728584 0.034264 
84.451492 84.668480 83.226334 83.135170 73.604523 0.000000 
89.428192 93.699951 88.180618 82.707283 70.356483 0.000000 
87.454323 83.529999 88.068810 84.496216 77.813133 0.000000 
91.341476 95.297562 92.971214 85.654045 53.026188 0.019782 
92.247658 88.363548 89.999901 95.252769 72.071007 0.000000 
92.925148 91.454903 84.813797 83.492889 61.147282 0.000000 
87.238235 91.723488 81.685524 74.312805 76.292496 0.027976 
90.974190 99.106781 86.766876 75.618782 63.692852 0.000000 
86.717896 92.559807 84.735298 90.699722 87.519485 0.000000 
89.539436 79.030235 81.431389 76.705727 72.842529 0.000000 
90.307350 83.794533 86.526596 78.546768 56.325108 0.019782 
86.337669 92.502396 88.012337 91.151398 93.639717 0.019782 
87.462784 76.406921 96.098717 80.967804 79.843575 0.034264 
88.814034 84.354393 87.248787 86.843933 71.201118 0.000000 
91.228165 86.072914 80.559395 89.825897 69.062195 0.000000 
87.291946 88.566498 92.679581 87.010735 70.059479 0.000000 
94.556274 84.631630 82.737282 77.867905 61.378975 0.034264 
84.423737 92.670815 84.143867 79.191765 66.844727 0.000000 
92.603256 92.035576 83.149643 65.787788 66.668877 0.000000 
85.660912 91.569145 84.966484 85.013588 65.385727 0.000000 
88.669357 91.311829 89.988594 96.842484 69.255791 0.000000 
90.053970 86.219894 85.114204 92.714111 52.140488 0.000000 
87.639038 71.239723 73.144829 75.456184 55.663540 0.034264 
86.331963 95.819450 80.884216 79.934898 60.275604 0.019782 
89.971146 97.876160 89.796875 76.966637 56.948345 0.019782 
93.066032 79.229416 79.775093 80.161125 69.044121 0.000000 
90.511406 97.680557 84.072090 91.762001 82.513939 0.019782 
85.180573 76.054008 86.156494 90.232948 61.657009 0.000000 
83.631561 87.381790 77.957619 74.588120 59.728451 0.019782 
90.917511 82.868149 73.760239 79.017097 69.831131 0.027976 
89.285469 75.689613 78.332283 80.734886 50.628197 0.027976 
85.322327 94.290092 84.833023 84.342293 59.691231 0.000000 
95.602982 81.773300 86.837204 78.906128 63.132622 0.000000 
91.822144 85.364532 87.326889 76.495377 60.312386 0.027976 
89.046455 90.838737 92.647270 66.883430 57.522396 0.027976 
89.748375 87.370529 95.548683 79.787666 61.421329 0.000000 
90.639221 87.544182 87.781448 85.299660 55.631855 0.019782 
88.774071 88.164474 76.971458 76.566124 58.485050 0.019782 
86.937843 95.374092 92.790230 86.485085 56.261299 0.019782 
93.981522 83.183121 85.235252 83.179031 74.329842 0.000000 
88.699593 85.566414 83.375862 78.347015 61.422604 0.019782 
90.706848 83.120979 85.427460 90.449348 74.597031 0.000000 
92.115639 101.491142 87.339737 92.760292 72.841660 0.027976 
93.140152 91.443359 76.690865 73.868614 89.282448 0.027976 
93.184082 90.007385 79.858841 87.922302 76.733932 0.019782 
85.877747 89.001434 84.026443 83.910767 71.931602 0.034264 
88.625237 91.795204 90.547394 89.935738 61.345112 0.000000 
94.426308 87.879601 84.503586 88.409637 59.789124 0.000000 
92.183357 89.070572 85.671593 74.937187 59.742149 0.000000 
89.141983 87.517235 95.944687 92.093086 68.478745 0.027976 
86.819588 80.171097 95.921219 99.424248 66.800339 0.019782 
88.554550 81.734207 76.793289 67.823997 70.489029 0.000000 
91.985741 88.850403 82.479958 75.970238 68.659462 0.019782 
89.469261 83.488235 79.169281 84.071190 61.787598 0.027976 
91.922867 85.456703 93.650467 78.645348 77.212776 0.000000 
97.046005 92.020416 87.342010 92.427231 69.255875 0.000000 
88.729729 85.696747 81.276627 72.226524 67.257401 0.000000 
89.357597 82.398819 88.552284 75.796890 68.368042 0.019782 
85.670479 88.461121 88.056770 93.524536 73.611771 0.000000 
89.274994 81.897194 81.683464 64.443756 52.866810 0.027976 
90.345566 85.958168 81.689804 95.051743 58.726608 0.000000 
87.319382 75.914650 85.664856 73.832626 79.790199 0.034264 
91.755577 90.390671 92.316498 78.819908 70.031075 0.000000 
93.135933 89.757805 85.306755 80.184052 47.127216 0.000000 
86.168724 87.379478 79.409340 82.463028 61.887550 0.000000 
86.439934 98.019730 91.951279 79.310493 64.018486 0.000000 
93.555138 88.660080 84.379967 80.737892 60.364815 0.000000 
86.592628 88.460312 90.940971 75.196617 53.448601 0.000000 
90.533516 79.273911 73.026733 75.160591 52.009178 0.027976 
85.302521 76.501801 88.064323 84.133324 57.609531 0.027976 
92.119934 94.033089 87.272491 72.149673 54.260571 0.000000 
90.649498 84.601311 88.920403 84.208145 51.124233 0.000000 
83.981682 85.610893 88.254707 78.495644 65.807869 0.034264 
87.114822 90.647186 83.469215 79.993141 71.151741 0.000000 
86.264725 87.698570 80.148483 83.556465 69.649323 0.027976 
96.314934 83.249977 77.809814 82.656303 60.762032 0.000000 
89.671730 89.664360 84.149658 83.409706 78.773499 0.000000 
89.455887 88.131912 83.207764 94.306030 56.160191 0.039565 
95.417336 94.680061 89.549644 79.406540 65.406799 0.019782 
89.501137 83.078079 80.895309 87.396011 56.566753 0.000000 
85.823952 83.765793 93.498123 79.283348 58.167297 0.000000 
92.558136 88.296570 88.935158 83.409950 67.209526 0.000000 
91.524513 86.330009 85.164261 70.327675 59.059425 0.027976 
88.011414 91.560081 97.317047 83.141273 86.775269 0.000000 
94.019363 85.992798 79.870598 71.568069 75.491875 0.027976 
88.926712 90.296112 83.937004 87.803383 75.097931 0.019782 
90.192772 78.310448 79.216293 71.386780 67.133499 0.027976 
88.550461 85.322006 76.519653 79.993942 66.153343 0.000000 
92.783363 82.772781 77.650589 85.632690 60.758492 0.019782 
91.584679 87.072014 85.846748 92.253220 79.754059 0.000000 
90.480965 81.004852 90.312637 81.897697 62.757896 0.000000 
88.084381 85.965492 79.761833 79.032211 56.898361 0.044235 
91.074677 80.364563 88.949234 75.574203 63.364143 0.000000 
88.495583 88.501144 100.572052 74.278648 68.639053 0.000000 
88.122314 89.407898 79.648071 81.219643 69.775131 0.000000 
83.479813 85.228439 80.155281 72.191742 62.597645 0.000000 
90.379501 91.237656 86.414192 92.224373 76.235794 0.000000 
87.189377 84.162025 81.031677 64.794357 58.382557 0.034264 
