8071.190430 864.170105 583.690308 502.633057 198326.625000 
26911.361328 1522.628052 1167.848999 1083.235840 219373.109375 
46726.816406 1281.118530 761.835815 748.158813 211476.312500 
12048.407227 1259.371826 911.801941 832.452637 201840.312500 
16083.815430 921.875793 578.651550 418.551788 135465.234375 
17057.605469 937.480042 618.346497 758.048828 221496.187500 
10229.289062 786.514832 529.940796 608.336670 171656.593750 
28501.595703 955.073669 617.530212 518.240051 194680.281250 
4147.155762 1099.614136 831.041199 847.260681 201716.968750 
16633.250000 904.977356 816.958923 699.779724 201459.062500 
