90.323799 34.621532 18.516167 23.788275 27.935505 0.000000 
85.719818 36.938923 27.937048 21.070059 17.521940 0.000000 
84.123917 39.230583 22.623558 20.632637 17.900000 0.019782 
84.918579 39.939396 26.813236 20.089882 19.128723 0.000000 
86.799286 48.387878 42.023216 37.299248 32.134090 0.019782 
90.231598 36.847939 22.875469 21.130791 26.273159 0.000000 
89.878281 31.286449 25.531761 18.908648 19.948795 0.000000 
88.470238 32.491001 25.676086 21.531263 23.035833 0.019782 
91.951767 36.885769 27.252621 27.723530 26.826595 0.000000 
87.206650 47.967064 27.086514 25.651224 16.418226 0.000000 
87.518707 45.996311 30.749420 19.724337 27.102146 0.000000 
85.352837 33.349808 23.579878 18.279936 17.040503 0.000000 
81.125877 33.584061 28.520308 21.915918 20.579935 0.000000 
86.998199 41.252701 32.327267 25.288210 26.082220 0.000000 
90.867599 40.852890 30.589058 26.132898 26.823788 0.000000 
82.298607 50.349098 40.768562 29.470638 37.890285 0.000000 
95.133797 43.405552 37.459480 28.844851 26.248375 0.000000 
93.091949 28.285608 21.540354 20.263233 27.591673 0.000000 
88.148804 33.253731 28.516445 17.835016 26.595634 0.000000 
88.010056 31.301762 21.326654 15.576188 19.083261 0.027976 
82.338631 41.229771 34.301434 26.824257 22.129662 0.019782 
77.807961 29.810553 22.810001 14.028049 17.954243 0.027976 
89.042358 39.860405 32.633862 24.988268 29.714310 0.000000 
95.576164 37.624561 31.078026 31.813910 28.728933 0.000000 
82.015808 37.039406 26.804590 19.799454 18.548466 0.027976 
89.841621 38.444523 26.858967 20.767557 26.092525 0.000000 
86.720596 28.968561 21.347330 17.607462 23.158806 0.027976 
87.439056 47.573734 38.420952 23.762201 19.242680 0.000000 
87.314369 42.139515 35.969116 31.808645 30.664116 0.019782 
89.775864 40.890423 33.129898 29.097200 24.731667 0.019782 
89.600418 40.454876 42.136871 39.067890 40.483055 0.000000 
84.395386 41.769894 37.494190 32.440105 32.782173 0.000000 
90.163681 34.763298 32.816936 33.137596 27.894444 0.000000 
94.372757 41.965366 30.957308 28.903643 25.307663 0.000000 
87.617493 58.192169 45.803078 39.740780 36.154163 0.000000 
86.370781 36.196491 23.826904 18.282440 18.978771 0.000000 
84.846092 47.457722 27.697044 22.945248 15.706264 0.019782 
86.204033 43.243980 30.203543 21.532417 26.154615 0.000000 
80.963707 30.779160 22.260559 21.554199 18.782372 0.019782 
88.183212 43.460396 33.934372 24.471628 22.218454 0.027976 
85.078957 40.655090 27.581549 21.841036 16.544069 0.000000 
95.096626 48.462284 29.268473 23.832451 21.696995 0.000000 
88.019127 37.824394 29.958321 20.677946 20.472967 0.000000 
92.103752 35.350883 22.866814 21.209394 17.517733 0.019782 
82.639610 39.348511 35.092323 32.677189 24.301773 0.000000 
92.865555 49.659729 40.380295 43.109650 49.863964 0.000000 
88.562660 41.969509 36.522018 32.567123 30.142670 0.000000 
86.361046 36.347309 19.593374 17.067041 27.773268 0.000000 
87.591179 49.446091 34.250801 24.068686 30.128328 0.000000 
82.611168 43.260429 30.787086 27.655193 22.563137 0.000000 
