43276.335938 1388.229248 439.377136 8296.566406 41553.289062 
50592.554688 429.099213 235.418991 14646.801758 37128.902344 
46497.437500 574.009888 325.493744 5181.057129 38616.843750 
47464.695312 1063.378784 435.874725 10123.244141 53115.992188 
36596.906250 450.557739 371.285217 13149.399414 32106.203125 
44475.066406 1068.893677 357.348511 11918.559570 46301.621094 
45670.703125 539.592529 222.527863 8784.912109 41716.652344 
50514.070312 473.091949 298.127167 5969.039551 41471.617188 
47622.367188 1775.085815 400.537140 8638.087891 41408.410156 
47290.671875 438.788727 193.096024 6729.863281 39388.937500 
43707.222656 1456.712036 767.632202 11807.951172 45046.636719 
42812.660156 375.280670 188.132339 11814.072266 40027.562500 
58446.804688 666.707031 243.531311 6042.099121 44069.703125 
47214.562500 1851.076538 890.941345 19492.648438 55648.808594 
52255.117188 2827.071533 706.890076 10349.458008 56584.492188 
37464.460938 1574.984985 540.709229 21601.050781 61440.183594 
42912.460938 1836.775269 484.629456 4764.724609 46769.300781 
51198.847656 1796.446045 344.787506 12904.490234 55436.972656 
56063.742188 1246.784912 798.838806 11310.299805 51887.378906 
50661.769531 2776.393066 899.004517 16517.599609 38561.976562 
