0.261207 
0.536672 
0.533795 
1.065638 
0.582458 
1.021315 
0.631835 
0.346410 
0.587839 
0.403743 
0.745566 
0.953446 
0.277841 
0.425965 
0.451895 
0.859016 
0.180469 
0.582950 
0.910805 
0.919264 
0.337540 
0.494845 
0.741696 
0.703438 
0.355791 
0.399457 
0.602202 
0.526387 
0.302311 
0.262843 
1.350021 
0.567583 
0.544537 
0.434495 
0.347187 
0.765746 
0.572482 
0.456887 
0.703437 
0.184786 
0.869990 
0.570592 
0.252455 
0.653194 
0.550277 
1.030140 
0.598441 
0.375721 
0.347372 
0.639178 
