1428.198364 4273.331055 4913.287598 1001.817627 60300.949219 
2026.662720 9191.600586 7400.239258 953.626404 61308.347656 
1339.841064 12905.269531 3707.928467 824.775146 64602.675781 
1853.527466 7847.108887 3002.663330 819.260376 53077.246094 
1904.744873 7616.830078 5279.435059 908.029053 55513.503906 
1434.627686 13754.182617 6876.539551 986.564819 56717.550781 
1268.615356 8015.270996 6813.495117 1462.827881 53498.222656 
1118.707275 9355.396484 3220.979004 368.593597 46262.355469 
1567.483521 4175.881836 3672.803711 979.893799 59737.855469 
1350.265259 3220.980713 5626.913574 1357.926636 56006.281250 
1998.996948 7198.490234 5840.768066 1516.487549 55112.398438 
2697.620117 12175.489258 4568.185059 868.878296 53807.371094 
1515.888306 10058.091797 4571.647461 563.565674 60904.097656 
1571.341675 3961.921631 4877.874512 495.033813 60473.164062 
1937.721191 12041.838867 3777.364746 1476.040894 69183.898438 
917.266602 9199.656250 5606.813965 759.601807 47892.386719 
1944.434692 6942.880859 2761.530029 632.550415 55019.789062 
1655.203857 5880.060059 4422.120117 895.761414 48879.105469 
1542.188721 6861.092285 3437.385742 1200.583984 46108.750000 
1498.803955 9031.375977 8040.794922 1588.697144 64146.984375 
1802.510376 8805.509766 3882.873779 1562.947998 58080.257812 
1634.445190 16461.830078 3685.216309 1407.853516 61185.664062 
1495.878296 5175.165039 2705.228760 1078.246094 64507.257812 
1606.001099 8444.169922 3654.505615 1953.196289 53139.050781 
1544.930176 6991.428223 3264.633789 771.700684 57018.039062 
1344.309448 5237.635742 4314.912598 811.432434 56978.105469 
2191.276123 8883.086914 11034.268555 6099.999512 64410.414062 
1278.624146 5536.486328 3732.600098 421.299164 46346.890625 
1329.737427 6540.865723 4676.037109 787.093018 64055.789062 
1539.358032 4899.344238 2654.030273 1327.940552 55649.542969 
1696.962280 3783.880127 3324.722168 1190.315796 68712.796875 
1857.964355 5378.181152 4625.253418 1083.967407 65045.765625 
1677.873413 3789.100830 7919.150391 875.224304 62265.964844 
2988.889648 9275.695312 4104.148438 969.743164 60502.449219 
1341.438110 4664.198242 3502.537598 598.013367 53672.140625 
2090.768066 4300.500488 4861.558594 1691.276245 61052.742188 
2189.094971 6478.607910 5196.920410 2819.978027 71934.062500 
1838.948364 5950.248535 6736.947754 572.228333 59191.847656 
2055.776611 4913.560547 4041.205566 986.092468 45360.363281 
2222.782471 8381.508789 4502.993652 1013.843445 63600.136719 
1092.929077 10663.384766 5752.570801 1254.949463 57973.054688 
1495.973389 13209.282227 4186.094727 1099.466431 60156.304688 
2198.747070 8720.680664 8194.647461 1217.528687 67736.304688 
1603.662964 9812.074219 9026.441406 1013.428284 50507.527344 
1694.340576 7080.582031 2058.325684 514.771790 52867.722656 
1612.377075 10257.804688 6022.918945 734.430298 68729.000000 
1447.259644 12026.986328 4059.449463 854.365540 52393.179688 
2180.098145 7468.586426 5860.684570 1257.524658 57699.800781 
2202.180664 7253.160645 3926.081543 1177.987549 75109.570312 
1314.054443 8842.318359 4626.748047 856.011658 47121.632812 
