97.845535 82.306328 69.983406 91.741035 86.270523 0.000000 
93.543846 57.540531 81.487785 75.886276 84.077423 0.034264 
87.970589 63.723988 83.724640 76.836716 88.012505 0.000000 
99.894775 42.058014 81.445702 63.880833 91.537811 0.019782 
106.302429 53.383060 80.977325 63.204880 91.633705 0.000000 
98.784317 71.326675 80.319740 86.682808 96.782455 0.000000 
87.200836 65.126915 71.055862 87.998505 98.272636 0.000000 
111.150375 60.841232 80.364265 81.361122 98.736145 0.000000 
73.560692 81.685455 87.261421 102.028923 95.095520 0.019782 
106.194023 53.999081 79.939438 69.255592 93.801430 0.019782 
94.844025 47.599693 80.363922 74.556915 94.424797 0.027976 
87.603638 68.478310 77.480331 77.674507 93.384926 0.039565 
102.132591 42.510651 72.708931 65.960640 97.569824 0.000000 
78.936050 81.204468 90.679680 91.807404 102.857582 0.000000 
90.930397 71.773827 86.371277 83.387169 97.623329 0.000000 
114.299553 70.473427 87.470673 84.600967 93.015343 0.019782 
91.566223 62.043045 76.014908 71.489769 98.824646 0.000000 
86.777824 70.807625 71.890205 85.273415 79.658348 0.000000 
98.579117 46.905979 62.353577 54.187279 86.683350 0.019782 
106.009026 64.661995 78.598030 84.414299 89.238770 0.000000 
