22564.521484 1357.505249 1016.053345 901.638611 94574.906250 
26091.566406 1856.012451 1242.105347 1016.595825 97754.234375 
29555.708984 2807.107910 1613.737305 1848.568604 124091.757812 
28609.779297 2205.433105 1548.755371 1168.924438 97431.156250 
26540.066406 1691.637451 1149.048218 922.846069 83110.828125 
22910.312500 1792.114868 1071.514282 769.902893 74318.382812 
22656.716797 1825.130127 1342.888550 1274.212524 78583.992188 
25264.660156 1776.443237 1078.206299 823.530945 98087.460938 
31391.906250 2456.112793 1486.120117 1365.575684 169248.078125 
30177.964844 2349.053955 1283.903564 1163.348267 82064.976562 
33857.460938 2598.505615 1506.471191 1175.809937 108509.945312 
25730.875000 1911.197632 1355.675903 1194.662354 121360.671875 
27439.582031 1703.164429 925.790283 782.486328 71664.570312 
22152.199219 1550.922119 1105.391235 918.630615 89035.289062 
28362.046875 2644.038574 1204.064697 1128.318604 103768.078125 
20096.410156 1381.524536 894.535767 825.188354 86610.148438 
33973.191406 2629.654297 1782.576172 1654.058350 91392.773438 
34326.750000 2785.240967 1775.868652 1231.317505 105980.429688 
21890.474609 1730.513184 945.642944 800.012756 73697.171875 
26106.277344 2242.728271 1330.148071 1097.602295 114889.382812 
