0.426554 
0.638947 
0.175604 
0.356985 
0.729820 
0.401321 
0.244642 
0.499725 
0.465243 
0.667939 
0.487859 
0.430114 
0.433508 
0.646124 
0.521642 
0.255378 
0.252660 
0.651570 
0.489138 
0.629327 
0.577176 
0.875153 
0.460445 
0.407666 
0.955849 
0.630931 
0.384680 
0.671734 
0.630864 
0.215011 
0.431141 
0.414461 
0.648758 
0.667900 
0.283574 
1.033922 
0.515636 
0.550027 
0.754200 
0.579495 
1.752810 
0.528265 
0.701665 
0.918260 
0.538604 
0.260466 
0.975433 
0.301190 
0.401959 
0.696706 
