84.597221 72.854713 61.408772 44.883541 35.072598 0.019782 
88.350090 64.878914 64.939369 55.236221 34.994545 0.000000 
86.514801 54.455147 54.667767 44.750751 29.448078 0.000000 
89.560417 80.687157 64.243500 48.142124 29.113377 0.000000 
89.558640 71.609924 48.719757 37.849468 27.472149 0.027976 
88.271400 80.846031 61.643288 43.774738 37.853073 0.000000 
93.324905 73.759117 49.498066 48.696529 45.196873 0.000000 
90.428612 66.788635 50.713554 50.139576 42.376377 0.027976 
91.251564 66.584724 55.712143 42.877884 25.896624 0.000000 
91.450684 83.660751 62.819431 55.821907 23.284559 0.019782 
92.675766 67.899139 65.603058 47.807652 33.143353 0.019782 
80.889328 61.598572 48.642700 39.436081 33.874496 0.000000 
85.460716 69.373497 61.907253 43.992664 39.447254 0.000000 
85.003891 59.177509 54.658287 48.728565 30.860327 0.000000 
88.166107 73.972488 50.026478 50.117363 37.592342 0.000000 
92.089043 68.312927 62.375790 49.053436 25.774160 0.019782 
91.776840 78.765488 56.467323 55.763474 43.012131 0.000000 
92.740067 72.266815 48.630108 35.551643 23.354603 0.000000 
90.579926 82.082184 66.575569 58.730946 32.045029 0.000000 
86.116760 68.438728 61.386257 42.987774 28.528772 0.000000 
