82.043373 37.312130 36.091854 33.619015 44.538639 0.027976 
77.725327 53.715305 56.940628 62.051575 47.658222 0.027976 
78.636101 40.276749 36.363998 56.197453 66.134003 0.000000 
66.956024 31.562624 36.162685 46.011879 43.633591 0.019782 
85.315727 36.534542 39.124596 35.200336 35.048862 0.000000 
84.875305 27.815403 42.120270 32.654747 25.762320 0.000000 
77.494644 37.301777 34.806969 48.255627 53.467281 0.019782 
83.743248 37.902546 38.680904 42.969395 48.398499 0.027976 
86.968330 35.346439 33.584370 31.615294 35.244328 0.027976 
78.910950 34.711712 35.478306 50.866459 40.389984 0.000000 
82.944519 35.150150 38.212791 36.498623 41.840317 0.000000 
78.516655 43.240780 40.759327 36.910923 54.099773 0.000000 
93.403221 31.416592 35.212189 40.791672 36.003651 0.000000 
68.720322 24.879652 36.537014 32.470901 35.658329 0.000000 
82.193710 40.354622 42.292870 44.938309 38.004063 0.000000 
70.492294 26.137333 31.363478 34.289997 35.182896 0.000000 
78.664772 39.012886 42.849743 33.414631 45.684959 0.000000 
71.054726 54.151131 59.522362 72.045273 38.770874 0.000000 
85.759621 33.797600 36.960987 40.782894 39.257439 0.000000 
76.999214 44.761112 36.469021 40.969486 34.912460 0.019782 
71.943710 30.631689 36.817799 36.863560 32.786411 0.000000 
70.589134 29.588203 33.624306 37.968018 57.801743 0.019782 
80.573021 32.229927 40.778217 45.436932 46.624233 0.027976 
82.602905 38.348778 38.751526 35.802120 32.721405 0.000000 
85.544159 33.833954 37.018219 39.471119 39.739510 0.000000 
85.175499 36.249294 40.513100 32.178833 38.556149 0.019782 
79.218460 36.663620 34.100479 41.879513 46.571991 0.027976 
80.207314 43.481144 39.505970 28.859335 38.147091 0.000000 
77.239067 31.681450 33.812370 29.065954 39.563046 0.000000 
84.992104 37.548409 42.309174 35.530804 50.603325 0.000000 
77.768219 34.299622 35.569016 32.224129 46.537834 0.000000 
78.104538 43.239651 47.568638 43.324142 45.199421 0.000000 
76.431129 36.007504 34.268330 41.440239 52.536293 0.000000 
75.663712 31.844955 39.463135 42.803898 48.797497 0.019782 
81.512634 34.399818 33.883873 31.661098 33.415462 0.000000 
82.610367 46.530453 41.431137 47.208923 45.393330 0.019782 
72.761002 27.564795 30.047415 30.019726 29.915781 0.019782 
82.463638 32.126888 38.344501 31.184593 40.761833 0.000000 
69.170959 29.865467 40.194035 46.747864 38.768875 0.000000 
76.674469 29.470430 29.215017 28.074125 48.536781 0.000000 
78.628113 37.640041 37.342793 39.666489 41.568531 0.019782 
79.319267 29.483368 31.488096 32.254555 33.435684 0.000000 
78.973015 31.911230 37.891922 43.030651 40.295231 0.000000 
86.953011 36.815441 39.823742 38.934765 41.097878 0.000000 
80.001816 36.642731 30.051369 31.214294 28.488777 0.027976 
72.591736 32.096195 35.839417 35.278725 41.522957 0.019782 
80.438789 31.935112 37.928677 33.205410 44.190716 0.000000 
77.955345 28.794146 31.470020 35.600445 33.746052 0.000000 
78.229851 42.454556 39.779903 34.713818 39.291286 0.000000 
81.503326 35.417179 35.643127 29.525286 46.015648 0.000000 
