70122.312500 42586.894531 44095.570312 23955.554688 6183.187500 
16136.983398 13637.382812 8943.534180 9584.049805 26404.658203 
25950.931641 21359.726562 17687.769531 12853.529297 374339.031250 
23397.109375 19381.978516 15750.120117 11075.842773 625002.000000 
18794.638672 15469.977539 13372.285156 10235.093750 332387.375000 
15983.455078 15098.108398 10534.697266 8532.683594 36989.226562 
15789.955078 12382.845703 9724.027344 7089.039551 170414.390625 
19460.126953 16142.027344 13253.985352 10010.789062 1035021.187500 
17319.335938 18285.287109 17748.003906 20470.013672 22130.953125 
17903.330078 14826.694336 12333.709961 9530.604492 570468.500000 
19772.347656 12940.267578 15539.000000 18049.382812 14172.425781 
12266.850586 10249.827148 9780.585938 9065.659180 34385.222656 
13678.745117 11270.205078 8104.536621 6178.604980 494565.187500 
11011.836914 9662.162109 8264.912109 6129.209473 965421.375000 
11336.314453 9020.410156 7175.632812 5812.214844 203704.656250 
11562.021484 9205.371094 7474.579590 5704.003906 73528.195312 
8486.644531 5708.625977 4253.662598 1626.953369 1326.529907 
10001.567383 8424.922852 7034.916992 5369.386719 337296.718750 
11733.915039 9154.834961 7938.956543 5674.098633 166351.515625 
10800.677734 9258.534180 6749.264648 5401.029785 194385.250000 
10093.934570 7996.303223 6223.537109 4862.749023 1042038.250000 
10673.699219 8953.939453 7384.735840 5878.436035 406043.531250 
10734.254883 9636.798828 7430.219727 5682.945801 934349.875000 
10484.537109 9364.353516 8220.537109 6655.548340 482122.562500 
10279.128906 8886.959961 7535.845703 5453.419922 509883.937500 
10219.067383 9630.334961 7837.705078 6335.559570 347173.843750 
11317.395508 9899.136719 8675.845703 7348.942871 549664.750000 
9909.531250 8095.044434 6628.066895 5089.773926 519896.437500 
10303.048828 8243.281250 7075.372559 5322.629395 756180.125000 
10218.935547 8586.822266 6476.922852 5336.948242 325133.343750 
11081.339844 9087.216797 6856.564453 5633.020508 877972.562500 
10010.358398 7386.550781 10868.861328 11071.910156 4008.349121 
9879.516602 8796.571289 7310.407715 5923.742188 114204.765625 
9964.609375 8851.844727 7667.414551 6250.461426 849124.437500 
8659.217773 6834.800293 5819.123535 4112.509766 973481.375000 
10688.192383 8365.753906 7448.098633 5464.921875 87026.515625 
10444.735352 9207.021484 7657.048340 5779.566406 596852.187500 
10450.487305 8170.773926 7427.761719 5515.998535 74724.398438 
9702.341797 7975.181641 6867.461426 5861.506836 824961.000000 
9918.136719 7659.080566 5613.999512 3838.770508 31018.843750 
8820.448242 6917.000000 5789.253418 3770.519043 43558.218750 
10391.466797 8862.416016 7311.644531 5689.138184 684933.625000 
10599.477539 8811.821289 6883.871582 6081.874512 87197.054688 
12002.199219 11183.086914 9889.572266 13533.975586 10075.018555 
11708.497070 10101.572266 9082.228516 6918.847656 197727.453125 
10307.360352 8680.000000 6907.630859 5557.148926 400306.437500 
9963.463867 8700.791992 7164.958984 5937.334473 1302149.875000 
9046.151367 8175.286133 6228.666992 5298.941895 957050.312500 
14010.534180 11662.195312 8780.191406 7014.170898 203907.375000 
12435.390625 10699.013672 9215.357422 7079.849121 196848.421875 
11557.862305 9706.727539 8231.520508 6676.447754 1057661.625000 
10851.462891 8898.462891 7527.201172 5470.751953 964276.750000 
9594.692383 8302.299805 6359.754395 4754.455566 1470346.875000 
11430.646484 9972.042969 7729.561035 6614.339844 189947.593750 
9256.505859 7752.128418 6330.174316 4959.474609 1142553.000000 
13015.048828 11595.046875 9664.492188 6891.847168 150528.718750 
12986.848633 9247.911133 8317.393555 6487.023438 65842.171875 
11218.171875 9836.123047 8199.916992 6158.490723 817722.375000 
10201.524414 8642.606445 7020.151855 5301.284668 1066885.750000 
7641.992188 6495.356445 5953.175293 4417.867676 1203564.125000 
12221.239258 10003.121094 8314.121094 6434.142090 281327.343750 
12172.043945 10775.884766 9024.135742 6936.329590 127927.359375 
10911.715820 9977.823242 10051.910156 7473.188965 17202.535156 
10475.608398 8408.697266 5997.615723 4011.877441 41058.289062 
5325.527344 4456.923340 3661.921143 3243.573730 961806.250000 
9851.843750 6946.260742 5773.461914 4455.228516 41321.449219 
5617.444824 4774.995605 4608.487305 7424.829590 944178.000000 
7060.998535 6005.810059 5024.152344 3626.518311 791982.437500 
8586.703125 6479.130859 4814.954102 3677.117432 53149.660156 
11269.990234 9312.544922 10238.639648 10241.323242 7526.420410 
4699.216797 3910.123779 3342.694092 3140.933105 899667.562500 
10398.232422 7840.684082 6110.271973 5566.450684 57805.621094 
3945.798828 3984.299072 3643.244873 4651.146973 700930.750000 
3625.949707 3552.094238 4865.802246 3979.186768 708475.750000 
7117.078125 6827.522461 5915.748535 4765.917969 609468.687500 
6079.671875 5353.384277 4673.916992 4553.883301 746743.000000 
5894.460449 5222.439453 4541.363770 3688.701416 541054.500000 
5248.390625 4753.412109 4585.303223 3559.180908 627409.875000 
4200.401855 3994.962891 3475.924316 3345.466553 640512.187500 
5237.916504 4554.268555 4116.310059 3465.835693 482877.125000 
5571.389160 5139.636719 4645.434570 3710.449951 486287.718750 
3920.552979 4093.890869 3517.973145 3252.901611 599200.187500 
4927.674316 4283.031250 4100.686035 3253.198242 331702.656250 
3794.746826 23771.000000 25277.312500 25847.435547 425865.218750 
5125.574219 4581.402344 3995.218506 3246.557861 426823.375000 
2899.065918 2764.620605 3267.929688 2773.760986 366997.406250 
11773.759766 13056.525391 9802.131836 6452.543945 5084.589355 
3148.839355 5176.258789 7680.995605 4951.660156 316233.781250 
2764.912598 2669.229248 3857.049561 5380.895020 264922.812500 
5616.662598 5318.418945 4331.301270 3647.429932 210882.921875 
4984.331543 4571.379395 4337.259277 3868.461914 134285.640625 
6941.539551 5098.082031 4382.050781 3206.144043 52435.367188 
4659.250977 4391.627441 4033.384766 2797.914551 232303.468750 
2627.242432 3312.906006 2926.099121 3137.190430 284371.968750 
2934.133301 3950.089111 4697.098145 4242.128418 229931.343750 
2827.673828 5088.226074 6082.487305 3973.750244 253511.078125 
5642.079590 5024.156738 4540.229492 4092.739990 273520.187500 
7480.804688 6149.561035 5229.008301 4699.207520 71099.031250 
6124.453613 4662.958496 4158.721680 2631.500000 72211.046875 
3702.977295 4728.179199 8208.006836 6143.835449 387531.250000 
8525.490234 8327.547852 6427.344727 5723.795410 158713.609375 
7795.297852 7305.352051 6184.926270 5506.988281 168628.531250 
4967.342773 4309.946777 3973.807373 3390.892334 430596.468750 
3677.769775 2817.391113 2351.800537 2677.742432 425628.093750 
6310.838867 5673.150391 5108.616699 3863.865479 358995.156250 
3861.783447 6531.572754 13620.873047 6438.164551 489199.843750 
8239.833984 7595.089355 6135.705078 5112.371094 412153.562500 
5707.008789 5030.982910 4200.070801 3448.835205 342881.375000 
6205.946777 5199.013672 4796.086426 3763.787109 598890.000000 
4410.090820 8647.615234 8734.838867 10378.391602 657672.562500 
3840.877197 3021.310059 4236.362793 8230.674805 668855.750000 
5576.142090 5290.232910 4289.629395 3624.957275 499881.625000 
4617.750488 4111.343262 3622.941650 3558.410400 669467.312500 
4791.712891 5556.277832 9590.265625 14236.805664 642883.000000 
4659.739258 4139.527344 4138.458984 3006.543213 657827.750000 
6666.035156 5766.194336 5507.911133 3720.602539 353088.312500 
6248.614746 5560.211426 4649.156250 3676.611816 628324.125000 
4236.825684 10225.537109 13578.008789 12474.500000 665827.937500 
6096.878906 5575.151855 5178.675293 4036.241455 427111.062500 
4267.780762 4329.423340 3860.428955 3071.086914 426224.312500 
3417.755615 2813.748047 3145.214355 4112.598633 399214.562500 
4011.712158 3857.689209 3197.939453 3094.199951 359896.531250 
6814.502930 6176.822754 4928.113281 4310.601074 167401.218750 
3536.274170 3620.247803 3128.483643 2656.754639 411399.562500 
4452.162109 4545.053711 3719.325684 3566.810791 430191.468750 
7119.857910 7361.221680 5389.512695 6782.226074 12376.411133 
3158.941406 2603.329346 2841.827637 2761.607422 351878.218750 
6482.770996 21713.634766 23486.625000 37250.082031 364396.812500 
5702.115234 4895.706055 3936.382080 2835.057861 83193.445312 
4225.936523 4693.444824 17723.353516 11245.957031 253883.953125 
4628.145020 4204.546875 4108.646484 3105.305176 266541.531250 
7298.470215 6655.955078 5855.063477 5084.911133 89200.515625 
3669.062256 7244.061523 6786.266602 11505.986328 377891.593750 
3881.504639 3358.276855 3596.607910 3293.671631 411307.781250 
3649.543701 3304.816895 2582.152344 2543.331055 429859.281250 
5275.421387 8549.689453 11656.325195 13427.077148 404461.218750 
4548.491699 4170.835938 3985.729736 3018.289062 361581.562500 
6248.316895 4958.452637 3623.369629 3495.505371 99555.312500 
8362.917969 6752.090332 6096.276855 4649.750488 80508.500000 
6047.499512 5430.802246 5119.986816 3995.979492 313469.187500 
6873.172852 13668.040039 23756.876953 18356.492188 437514.031250 
4412.122070 4402.971191 20930.115234 11612.121094 692015.625000 
5067.705566 4913.566895 4282.572754 3474.939453 567829.375000 
7668.816406 6165.464355 25182.085938 15452.285156 651196.500000 
6251.608887 9905.504883 14507.935547 28214.218750 562701.812500 
4472.641113 4382.459961 3704.813232 2747.380371 329081.843750 
12987.098633 13192.809570 88064.296875 59887.492188 476394.843750 
7183.748535 6237.972168 5430.431152 4512.007324 136549.718750 
3682.426758 4124.121582 3719.137207 3286.322266 477849.000000 
16337.146484 18657.876953 49865.898438 46979.285156 385006.843750 
30238.845703 35898.593750 78980.367188 52123.910156 381904.687500 
5597.680664 5219.014160 4220.580566 3625.359375 46375.539062 
6070.272949 5097.688965 4499.851562 4282.816406 175312.406250 
4201.363281 4101.428711 5509.360352 11849.412109 654356.000000 
4307.694336 3451.020508 4033.531006 3365.882324 600338.125000 
5516.500488 5046.349121 4655.631348 3962.323730 374120.375000 
6453.253418 5736.523926 5273.341309 4309.038086 168501.625000 
24971.691406 57800.550781 112440.937500 66899.617188 443275.312500 
8283.152344 7012.581543 5991.232422 4369.060547 86622.617188 
6049.952637 5441.340332 5083.542480 3770.403809 421869.125000 
4948.729492 5068.762695 4246.909668 3588.474121 720973.250000 
5374.826660 4846.690918 4197.444824 3377.561768 489511.000000 
8323.734375 6973.306152 25076.714844 22473.384766 617179.812500 
5946.534668 10738.929688 16006.689453 18574.337891 528250.937500 
15900.051758 68389.640625 89024.820312 56916.210938 488817.500000 
3772.264893 3408.727051 3331.334229 2770.246338 394557.656250 
5458.161621 10074.046875 14679.796875 32060.750000 483595.625000 
5951.917969 5385.313965 4658.144531 3929.069824 181529.796875 
3145.156250 3040.490723 9969.035156 2931.748779 297611.875000 
6039.990723 5642.083008 4458.541016 3995.442139 136405.609375 
2744.186523 2176.728027 2354.519287 2468.360840 304727.593750 
12299.028320 47459.531250 76557.898438 49607.000000 384021.000000 
6233.395996 30724.666016 20236.886719 37426.828125 357743.218750 
3315.395508 3538.167236 4963.923340 3195.630371 280272.156250 
7114.222168 5929.562988 4979.470215 3383.954590 66170.312500 
5407.018555 5464.437012 5500.445312 5529.156738 181210.578125 
3129.985596 2526.298340 3497.297607 2924.533936 227474.593750 
5978.589844 5702.043945 4890.768555 4400.877930 269647.625000 
4781.008301 4474.083984 4449.063477 3507.811523 318694.281250 
6059.899902 4752.496582 3714.918945 2701.898193 33978.195312 
3203.208740 3078.708008 2682.017334 2377.034424 283706.500000 
4558.221680 4059.917725 3922.060303 2988.246094 260182.093750 
6703.166992 5645.950684 4266.322754 3688.266846 14529.510742 
29725.873047 246745.062500 64698.320312 12672.743164 1016416.312500 
2814.042236 5368.628906 4472.683105 7075.263672 384820.156250 
6107.992676 6126.537598 5104.612793 5048.686035 159143.125000 
6407.107910 5448.424805 3971.126709 3603.434082 73291.132812 
5323.525391 4573.088867 4039.725830 3299.777344 84388.421875 
6605.306152 5890.905762 5084.253906 3661.544434 90740.585938 
2618.213379 2432.031250 1908.202026 1843.708862 309154.937500 
5150.417480 4786.768555 4592.197754 4423.389648 224207.140625 
5304.831543 4781.853516 4168.620605 3362.170166 256584.703125 
4257.255859 4020.168701 3465.233398 3213.501953 292673.218750 
4807.716797 4470.696289 4370.904297 3450.671143 209941.968750 
3268.327881 9689.584961 20164.402344 20691.310547 308915.937500 
3583.459473 3095.354980 3000.529297 2844.442383 273653.500000 
4777.538086 4692.051270 3510.610840 3156.620605 202677.218750 
6238.303711 13271.167969 27452.478516 41539.417969 298779.875000 
2605.335938 2337.196777 2720.891113 2975.992188 351887.562500 
3186.095215 4703.149902 8986.109375 7715.054199 377430.625000 
7359.920410 7283.723633 5822.918945 4624.349609 73852.539062 
6014.930664 5173.373047 3632.203613 2899.653564 29915.833984 
4306.208984 3801.310303 3559.687988 2679.138184 373811.625000 
6367.942871 4394.761719 3320.955811 2411.254883 25084.593750 
3693.303955 3131.792725 3225.578125 2393.828857 277286.906250 
11160.041992 93009.664062 53911.820312 48375.781250 560602.687500 
6751.820801 4799.199219 3650.597412 3794.837158 27858.353516 
3046.218994 5295.486816 7704.969238 10436.152344 312566.500000 
2797.645508 2716.528564 2688.477051 2422.620117 381664.000000 
2944.594482 2459.042969 3098.682861 2582.078857 362304.437500 
3872.524902 3478.741699 3478.641357 3866.909424 491356.500000 
3044.840088 2811.072266 2721.147217 2009.610352 333284.593750 
40497.691406 37069.851562 12604.389648 10542.708008 769884.875000 
5484.605469 5128.119141 4692.271973 4336.361816 218923.296875 
5161.412598 4572.458496 4397.393066 4191.035156 105613.476562 
2412.108887 2322.620117 3015.517822 2064.720947 299453.375000 
4264.370605 4010.026855 3675.127930 2712.250244 315280.875000 
6315.249512 5712.774902 5139.666504 4381.594238 118013.046875 
3121.426025 5819.793945 8282.963867 8064.093750 411036.031250 
3234.694092 3218.319580 9272.156250 7193.717773 303961.562500 
9548.735352 18423.380859 23266.853516 14070.033203 756591.437500 
3086.186768 3641.234131 8482.677734 9205.669922 290014.000000 
3409.159424 17136.451172 8985.374023 27903.542969 409484.375000 
3122.177246 2541.898438 2111.941895 1887.481934 406483.125000 
4978.749023 4663.044922 4129.067383 3755.705811 407655.906250 
7542.940918 5009.287598 3884.187500 3326.930176 17684.089844 
4669.117188 4517.476074 3812.273438 2817.668945 454168.812500 
4851.468262 4526.802734 4326.986328 3419.231689 407102.093750 
6693.244141 5081.866211 4124.993652 3770.919678 44646.265625 
5751.179688 15053.271484 12078.196289 6774.243652 801598.375000 
2555.152100 3278.010986 3399.184326 6123.412109 380348.781250 
10793.571289 17558.218750 10534.404297 9928.289062 1329607.750000 
2218.519775 2462.347900 1814.964600 1899.001465 290483.750000 
21812.814453 12013.529297 12664.216797 12367.178711 1778468.000000 
4260.164551 3775.323975 3111.215820 2797.672852 252937.500000 
29481.087891 11141.793945 12456.504883 10576.902344 1559140.000000 
4318.359375 15769.737305 10516.689453 7220.712891 519847.343750 
6396.225098 5544.858398 5502.213867 4551.193359 176746.671875 
11026.084961 13611.250977 14575.568359 12873.365234 1333294.500000 
6768.343750 28482.783203 18562.312500 8348.587891 688686.750000 
2460.174316 2251.440918 2886.451172 2248.590820 426916.843750 
5808.450195 5544.812988 3807.256836 3562.416992 84953.820312 
4527.663086 4322.690430 4050.703613 3450.935059 492719.500000 
5062.381348 6016.290527 7048.145020 10127.607422 593080.687500 
3676.510986 4757.889160 13800.140625 10338.115234 419244.781250 
2281.870605 2528.834717 3458.834229 2771.767090 302027.593750 
3730.694336 3459.559814 3086.485596 3129.824707 438624.218750 
2511.013428 2072.473633 2775.648682 2601.861816 435826.093750 
4211.590332 6263.284180 8908.272461 19101.634766 607901.062500 
2390.262695 1911.906494 2067.376709 1779.862427 417305.750000 
2487.194580 2038.085571 2484.966797 1736.379150 365085.468750 
6372.417480 5827.579590 3774.645508 2978.070068 41166.097656 
3840.394043 3634.877197 3701.425781 3304.933105 326880.187500 
2939.489258 2641.080322 2284.903809 2086.916260 298347.781250 
2850.997559 2661.996826 2290.478516 2248.583984 260617.671875 
2163.081543 1759.686401 1765.366943 1303.314575 338180.093750 
2254.035156 2115.739014 1696.567261 1393.824097 284354.187500 
1760.612427 1651.517822 1587.922974 1258.040894 229728.250000 
4134.907227 4135.333984 3753.111816 3223.865479 142039.093750 
2319.127930 1944.060303 1734.695312 1465.548096 232816.593750 
4523.594727 3785.708496 3533.549316 2112.370850 43512.621094 
2164.597656 2076.615723 1966.998169 1793.572144 193854.734375 
2504.259277 2324.989258 2336.938965 1778.866943 228259.375000 
2066.735352 1545.439697 1641.403687 1166.893066 183268.625000 
3942.998047 3689.727295 3615.323486 4139.060059 142282.375000 
3843.315674 4084.126709 3545.075195 2967.299805 82317.960938 
4096.900391 8619.222656 8007.581543 9940.853516 223128.968750 
4214.704102 3934.947510 3101.729980 2582.390381 35087.234375 
2341.214111 2182.318359 1930.745239 1826.207520 224525.500000 
4263.443848 48078.285156 26944.919922 25064.166016 392128.906250 
4353.000488 5619.604492 14858.211914 6078.056641 239147.625000 
4206.615723 3947.567871 3369.736328 3125.846191 120510.218750 
2370.362305 1893.142822 1671.442139 1491.988403 283974.750000 
2486.036865 2517.172363 2979.585938 1377.080566 167316.343750 
2148.929199 1654.180664 1425.803101 1324.541626 273433.750000 
2321.336426 2280.513428 3295.210449 3427.655762 294435.781250 
1867.480835 1348.993164 1392.940674 1155.965454 218182.765625 
2163.111572 2058.837402 1938.622314 1672.579590 334280.531250 
3069.662354 5346.068359 5287.173340 4108.741211 503882.125000 
2614.184570 2402.234863 2015.658325 1764.794800 325223.906250 
4317.809082 4186.327637 4005.678711 2958.216309 274064.718750 
4404.014160 4951.286621 3520.771973 3678.510254 199252.109375 
2039.832886 2135.623047 2037.678467 1689.130859 376419.531250 
3646.636475 3530.955566 3052.834473 2858.381104 295809.312500 
1826.985229 1435.521729 1528.716797 1240.162842 226506.421875 
3215.068848 2785.421143 2375.203613 2100.505615 405025.343750 
5070.685547 4391.721680 3469.730225 3505.032959 80823.968750 
2273.144531 1947.835083 1787.835449 2294.944580 376251.125000 
3501.944580 3220.582520 2935.137695 2399.063232 324325.531250 
5218.098145 4456.564941 4619.796387 2554.738281 63920.214844 
2123.074707 1744.531860 2384.702637 1270.107544 257530.734375 
3115.815674 3977.427979 5710.400391 3676.314941 407415.093750 
2634.322754 5660.145508 6598.118652 4357.670898 590563.000000 
2315.229980 1779.210693 1589.766724 1597.801025 378996.093750 
3016.546387 5387.032715 7060.158691 7610.086426 580234.687500 
2327.508789 4092.788818 2378.934570 2408.683594 508849.281250 
3379.405762 3526.047607 3187.208496 2790.369141 213186.343750 
1991.085571 1643.639160 1809.946411 1237.599731 274397.500000 
2180.834961 1711.483154 2251.643799 2272.874268 327807.968750 
4625.406250 5084.070312 4773.022949 4513.988770 121359.867188 
4004.617920 4223.538086 3773.705322 2831.527344 221338.859375 
3205.000977 3252.334717 3177.116943 3075.472656 326613.500000 
2086.157715 1780.967529 1559.561157 1735.710083 229666.078125 
2589.216309 2421.441895 2206.304932 2030.738892 244101.218750 
5165.752441 7447.236328 5810.059570 7024.016113 777555.812500 
2484.719971 1876.653076 3352.894287 2035.509644 303980.937500 
4000.501709 3635.242920 3119.879883 2681.973877 174983.718750 
5862.771973 5289.002930 4286.036133 3022.373047 44799.128906 
5431.537598 5133.262695 4763.968262 3453.366455 80955.132812 
2089.490967 1880.473389 1651.336060 1450.099609 291879.687500 
2756.388672 3289.974121 8829.682617 3934.303955 551044.500000 
1858.568481 1810.997192 1667.725220 1303.326904 232373.578125 
5931.035156 4292.424316 3593.092041 2935.005371 29124.820312 
2864.503662 2797.797852 2507.561035 2004.007690 209711.000000 
4147.779785 4149.313965 4408.010742 3985.331543 263085.593750 
4083.155518 11685.997070 6708.822266 5607.519043 916142.500000 
5129.286133 4905.360352 5037.923828 4101.006348 99901.601562 
6017.403320 7722.202148 8255.388672 6554.653809 951261.125000 
2007.512329 1587.497925 2411.708496 1382.433594 261977.781250 
3390.699463 3307.250244 2930.635986 2520.205811 297594.562500 
4828.741211 4300.128418 3923.045166 3775.659668 152859.562500 
3432.016113 4737.751953 4380.918457 3427.501953 534636.125000 
5498.416016 5207.819336 3834.271240 2836.050781 40471.699219 
5560.589355 4285.603027 3793.323486 2779.415039 40411.402344 
1931.729980 1753.772217 1220.943726 914.986816 132308.796875 
2770.688477 2728.224365 2584.786377 2134.719482 330022.187500 
2665.940674 7001.341309 11309.672852 4552.876465 498151.281250 
3152.993652 5889.201660 6587.812988 3739.218262 660451.062500 
5126.968262 5279.203613 3868.010986 3176.301758 51943.492188 
2427.801270 2163.791748 4899.799316 2853.987305 340499.312500 
3374.917969 3103.723877 2921.550537 2407.099609 184644.562500 
4500.093262 4223.807129 4579.175781 3538.858398 132703.015625 
5462.782227 5247.418945 5593.459961 4449.235840 173616.062500 
3737.350830 3274.534668 3094.370117 2698.744629 306286.656250 
3571.719727 3222.860596 3129.596680 2841.483643 398440.031250 
2146.676270 2058.365234 1636.342651 1791.428589 266202.906250 
7026.392090 5669.754883 5755.043945 4649.260254 66424.929688 
3054.155273 4415.562500 6341.429688 4092.552979 703623.000000 
4126.474609 3422.618652 3480.319092 3220.734863 361392.656250 
2803.940430 3232.662842 5558.897461 2422.669434 374655.031250 
2920.662354 2902.898682 2472.617188 2571.853271 391526.312500 
2223.742432 2347.399658 1734.072510 2475.077393 410200.062500 
2368.153809 2127.475586 1687.975220 1595.862915 345140.406250 
1945.781616 1698.627441 1435.598267 1164.642212 242044.875000 
5719.155762 4996.871582 4932.026367 4578.816895 83649.375000 
3159.031738 3017.272217 2773.072021 2628.552246 290467.375000 
2693.892822 3961.826172 4277.211914 3885.397217 529320.750000 
2591.228516 3067.118652 4007.520752 2651.666992 654439.312500 
3369.193848 3203.941650 2549.489014 2603.610840 301718.750000 
2599.132568 3079.445068 3252.535645 4602.925781 394033.062500 
6540.391602 5440.379395 4277.414551 3050.876221 28800.134766 
2522.929932 2491.114258 2345.071533 2141.862549 266130.093750 
3098.724365 4659.389160 7562.119629 5206.813965 651362.875000 
5537.425293 4911.910156 5341.840820 4257.089355 104226.195312 
2514.463379 2288.562988 1974.496826 1847.239014 257780.750000 
5295.918945 4705.795410 4525.604492 3739.449219 36810.984375 
1988.532471 1550.966919 1484.696899 1353.724243 243759.703125 
2131.586914 1771.916870 1591.878662 1000.440552 165395.062500 
3143.182373 9642.057617 13846.433594 5436.537598 571623.750000 
2974.633789 5087.764648 4920.963867 4704.475586 762350.125000 
3171.735596 5272.160156 5660.411133 4975.528809 914313.937500 
1639.133545 1537.557739 1500.327515 1156.142700 234665.671875 
1865.296509 1595.897095 1829.892944 1390.294922 239612.437500 
2601.021729 4673.818848 4572.851562 3087.067139 722566.000000 
6575.908203 4482.329590 4166.186035 2755.672363 29696.273438 
5254.182617 4575.907715 4308.510254 3411.647949 233948.187500 
1905.547119 1807.406128 2184.129883 2036.652222 454820.656250 
5005.351074 4782.313477 3948.907715 3613.066406 174352.890625 
4135.696289 3351.016602 3248.891602 2819.012207 290300.093750 
3699.415771 3463.920898 3095.657471 2280.933350 292829.093750 
2039.533813 1712.491699 1543.293213 1510.572266 422637.531250 
2042.893188 1838.552856 1334.711670 1355.831787 287806.656250 
1943.775757 1679.895020 1602.286621 1265.880615 297867.968750 
4225.330078 2705.637207 2050.941895 2417.440674 10230.999023 
2221.261475 1854.786377 1649.877075 1294.968872 304951.000000 
1918.604370 1611.851440 1500.426025 1232.919434 350049.906250 
5002.563965 4493.319336 4294.163574 3810.805664 102196.328125 
2298.660889 1831.068115 1359.190674 1665.751343 387603.906250 
5266.872070 4563.199707 4162.718750 3771.570312 119411.898438 
3573.511963 3190.692871 3333.080566 2452.353516 292284.906250 
3146.757080 3038.178467 2806.846924 2676.666992 259811.828125 
5318.256348 5186.062500 4368.138672 3496.105225 104255.851562 
2902.473633 3071.140381 2805.762451 2513.636230 327763.531250 
2556.104980 3338.729248 3317.015381 2954.606445 325691.125000 
3925.641602 3917.831299 3738.668213 3246.223877 135695.218750 
3698.070557 3662.233643 3365.628662 2705.360107 260532.734375 
2395.099121 1982.487305 1799.310303 1715.939575 354035.031250 
1726.559692 1498.270020 1167.800781 926.323425 209416.062500 
5538.431641 4712.427734 4034.795410 3109.764160 43169.281250 
2455.829590 2219.345215 2012.375854 1679.264038 350513.062500 
5172.515625 3827.560303 2716.651855 1843.478882 27931.964844 
2510.177979 2852.634521 2919.502197 2631.006104 526611.625000 
3922.885010 3654.686035 3555.651611 2993.886475 98496.289062 
1715.391235 1452.784790 1129.762207 927.716125 167933.406250 
1949.670654 1611.007935 1416.520874 1295.925049 179683.656250 
2185.525879 1872.337524 2250.082275 2041.177612 373086.093750 
2075.028564 1871.560791 2070.586670 1881.246948 357246.906250 
4020.307617 4138.888184 3939.671143 3368.406982 175665.937500 
2541.734131 2753.268311 2086.145996 2059.564697 248053.421875 
2429.094971 2625.756592 3533.616943 3426.182373 490699.906250 
1797.989136 1405.630981 1320.723999 1018.827576 143940.437500 
2487.487549 2140.558594 2019.680298 1709.528076 261894.281250 
2235.466553 2151.843506 2012.046997 1577.007690 166283.687500 
2044.675659 1916.931763 1883.703491 1833.908813 472386.062500 
5654.339844 3902.539062 2858.485840 1645.297241 29203.589844 
6159.967285 4925.485352 3886.442139 2678.122070 38418.980469 
5034.944824 3782.390869 3397.034424 2302.250488 30300.054688 
3117.217041 5126.939941 6398.757324 5463.629395 759536.375000 
3054.583252 2987.826416 2585.883057 2384.618652 324846.437500 
6622.633301 5320.595703 5149.766113 3371.415039 63051.863281 
1763.073120 1372.858765 1213.305176 1085.990967 242000.828125 
6229.334473 4620.922852 3482.036377 2961.294678 24909.365234 
2402.910645 2146.895996 2156.000977 1779.742065 330919.312500 
1791.493164 1527.475586 1358.520386 1252.423462 227711.546875 
1824.672241 1675.833008 1630.754883 1556.600830 306012.906250 
3802.041748 6039.975098 6007.301270 4732.163086 721608.750000 
2063.156006 1839.339355 1892.656860 1735.288574 406538.718750 
2871.041504 2670.008301 2307.099854 2062.233398 294783.781250 
10129.285156 7227.286621 7131.625488 6423.423340 1266355.125000 
2069.417725 2013.716309 2595.234863 2260.714111 449903.031250 
3308.750244 3311.807373 3286.206543 2982.096680 256637.968750 
1992.845703 2264.552490 2859.861816 3383.833984 406422.343750 
5958.373047 5233.972656 5575.241699 4047.006836 58921.835938 
2368.642578 2118.701172 1990.348633 1647.604126 237412.093750 
5222.254395 5169.532227 5104.346680 3779.842529 148092.937500 
7477.636230 8484.223633 8533.160156 6732.350586 1164851.500000 
8447.283203 6458.059570 5463.796387 8060.275391 862856.062500 
2451.982666 2384.564209 2196.905029 1868.147583 337543.843750 
2968.241943 6214.137695 6912.850586 6199.736328 701711.125000 
4965.537109 5139.697266 4256.622559 3923.610840 143785.359375 
4471.926758 6760.345703 5414.491699 5183.142090 702389.500000 
1985.801758 1960.989258 2496.014404 2501.022705 456095.375000 
2197.787354 1959.332397 1789.958740 1643.015747 293233.218750 
1715.505371 1435.046509 1321.489624 1177.650269 190980.812500 
3166.331787 2750.197021 2897.067383 2044.056763 225643.203125 
5829.511230 5074.508789 4467.922852 3861.113525 95265.648438 
2796.665771 2486.609619 2296.016113 1986.928955 237760.343750 
2200.756104 2099.317871 2003.044312 1833.005859 219714.859375 
1885.069946 1545.347046 1583.344360 1118.135498 156381.828125 
4083.834717 4388.302246 4108.957520 3306.035156 133079.140625 
2961.566895 3667.126953 4918.241211 5022.344238 532485.375000 
7028.864746 6373.633301 7352.226562 6279.954102 819594.062500 
2101.763184 1942.980591 1666.167725 1507.390991 313817.281250 
2294.104004 3194.357910 3863.390381 3462.162109 558326.750000 
2351.362793 2902.477051 2889.754639 2923.517090 538097.000000 
4559.723633 3992.938721 3566.145996 3044.193848 47822.585938 
3116.427734 2899.851074 3170.030029 3037.353027 309845.312500 
1702.723022 1386.967163 1219.798462 1016.303589 197224.265625 
1783.120972 1317.435669 1489.423950 990.001221 230996.953125 
2428.964844 2184.545654 1950.072510 1905.580444 312859.906250 
6569.766113 4856.437988 4160.051270 2869.401611 32366.433594 
2807.277344 3296.836670 4165.810547 3013.091309 636713.437500 
2857.252930 3012.826904 3505.646484 3553.581787 732412.437500 
6568.608398 5115.414551 4048.343994 4725.153809 43316.429688 
2703.125000 2494.735352 2556.048340 1791.175171 357399.781250 
1915.403198 1332.723999 1285.813477 1006.303833 265922.156250 
2855.892578 2227.083984 1969.324829 1749.428955 406004.406250 
5504.976074 4808.104980 4656.374512 4088.270752 121184.531250 
1826.297241 1451.615112 1242.045410 1133.280884 292848.562500 
4232.313965 4136.696289 3854.743652 3863.251465 211634.281250 
2423.140381 1581.530640 2658.482178 2436.360352 391038.468750 
6614.743164 5841.421387 5447.636230 3658.158936 122669.976562 
4101.455078 3941.034668 3730.121582 3355.438965 286567.562500 
5060.631348 5006.687500 4434.188965 3449.444580 144832.281250 
4319.538574 4128.817383 3592.185547 3934.507812 292602.812500 
1982.105469 1348.591064 1119.134033 830.188721 125325.398438 
2287.554688 2325.393555 1808.728760 1545.194336 352189.875000 
6187.133301 4731.887695 3727.967041 2799.292480 38827.988281 
2890.500732 2699.737549 6857.585449 1978.633911 349475.031250 
3613.495605 3324.677002 3009.545166 3303.134766 329228.437500 
1556.975952 1168.578613 1135.525024 829.420715 128097.476562 
3193.687256 3293.504395 4141.874023 3980.612305 579936.562500 
1964.030029 1738.531494 1947.609131 1222.518677 366596.312500 
2408.282227 2022.946411 2076.248291 1705.323853 473093.000000 
2173.954590 1799.962158 1540.554688 1240.206421 315150.250000 
2139.729004 1675.320801 1376.432495 1320.577026 288184.750000 
1833.258057 1438.885132 1283.058716 1111.505249 274789.031250 
5304.814941 4490.716797 3829.645752 3062.739014 55931.996094 
1900.534790 1852.921753 1388.064453 1155.981812 258899.843750 
2822.086426 2483.479980 2226.525146 1555.163208 274561.593750 
1785.380615 1375.591431 1137.570068 902.615845 206462.609375 
1680.907471 1868.340454 1543.900269 2218.521729 430063.531250 
5098.484375 4767.667969 3824.151611 3486.369385 45400.796875 
2289.112305 2127.382324 2283.735840 2996.243408 530054.125000 
1825.687866 1365.594849 1118.430176 787.502197 205386.109375 
4334.341309 3930.631348 3563.625488 2786.577637 142152.156250 
2145.132568 1876.362915 1932.094849 1731.555054 306623.375000 
1850.366943 1456.111938 1270.916870 1066.959961 320332.718750 
1718.075317 1407.681763 1451.372070 973.954285 286485.125000 
2050.368896 1905.292969 1544.649780 1550.608154 338806.281250 
2689.520996 2959.693359 3080.374023 2841.868896 472796.000000 
2594.110840 2873.327393 3147.421387 2335.233154 520617.468750 
2363.625000 2218.927246 2143.036377 1500.405884 293575.875000 
2457.506836 2328.596191 2156.048584 1818.109009 298516.562500 
2113.465820 1641.333862 1315.561646 1319.456299 220040.953125 
4930.913086 4746.672852 3976.501221 3906.354004 52755.148438 
2448.054688 1811.071899 2285.980469 1953.862305 412267.531250 
2999.849854 2721.997803 2494.955811 2215.965088 317401.968750 
2706.567139 2829.434082 2589.585205 2656.386963 511347.281250 
2878.869629 2644.527100 2417.481934 2001.724121 287299.156250 
2617.085693 2632.986084 2352.286377 2120.257324 292318.218750 
3743.006348 3648.034424 3557.862793 2933.558105 195416.828125 
1999.849487 1868.160400 1664.921997 1789.858032 430481.437500 
2908.926758 3793.923584 4646.391602 3827.889160 502966.031250 
1955.141602 1373.059448 1296.497192 980.278442 203899.703125 
5434.101074 5055.471191 3501.405518 4073.712158 57189.011719 
2028.826782 1931.109375 1602.585571 1383.907837 316079.906250 
2190.736328 2884.856934 3654.554443 3387.266846 565629.687500 
2161.297119 2393.146729 2833.615234 3432.305420 567837.375000 
2081.793213 1730.104126 1914.060547 1906.633667 412355.250000 
2247.395996 2205.303955 1951.531616 1513.142456 209382.937500 
2428.416016 2190.633301 2250.949463 2452.216064 148556.109375 
2021.913330 1620.430664 1345.267944 1250.982544 186372.062500 
3197.952148 2994.621338 2826.990234 2786.881592 169422.250000 
2181.971191 2788.079102 3114.061768 2681.484375 496761.531250 
1998.527588 1844.918823 1594.453613 1379.265625 178774.843750 
4927.548828 4575.928223 4276.499512 3519.663574 81592.062500 
3134.703369 2932.730957 2804.119385 2710.590820 162617.781250 
4033.932129 4132.252930 3229.131348 2918.455566 134033.546875 
2106.026611 1528.060059 1373.159302 1353.450562 242014.546875 
2430.529785 2686.728027 3140.651367 2559.311768 530754.937500 
3394.590088 3148.804688 3511.507812 2771.387207 500647.468750 
2283.519287 2205.844238 1813.848999 1827.301880 220600.875000 
2406.282715 2376.092285 1967.947388 2352.122803 226794.531250 
1968.164062 1568.356323 1394.044922 1120.884033 264596.593750 
2012.971436 1726.517456 1332.653809 1344.172363 218263.421875 
3221.929199 3214.386230 3517.436035 3125.138672 586531.875000 
2002.177002 1838.917969 1454.437012 1468.345215 179275.234375 
2912.429199 2075.650879 2607.522705 2500.336426 441731.656250 
1510.542969 1278.984863 1127.845093 906.962036 119882.492188 
1509.120239 1109.200684 941.541565 750.415283 146258.718750 
2879.090088 2614.975830 2591.893066 1853.334595 255803.875000 
2133.783203 1486.500732 1083.510010 1268.516113 279789.406250 
1840.039307 1545.219849 1258.840942 1129.465454 295576.125000 
2282.270996 1925.249634 2163.041992 1534.510254 266048.812500 
4907.042480 4503.514648 4417.885742 4161.277344 52925.195312 
1998.412354 2118.667969 2176.082031 2070.784180 584005.500000 
2305.154785 2033.209595 1532.166748 1525.889038 237149.796875 
2514.212646 2168.432617 1599.316772 1308.355713 349098.937500 
1526.952881 1235.473267 1219.948730 963.955444 179161.843750 
1739.743774 1199.682495 887.154480 765.583862 144347.859375 
1917.233154 1340.972656 1138.237183 843.528259 150919.984375 
2059.350830 1100.350464 1105.812866 607.570374 170038.437500 
2174.152832 1903.642578 1495.759155 1407.719238 324048.625000 
2176.228760 1832.597534 1689.856201 1255.276489 227130.046875 
4238.934570 3569.206543 2949.493408 2561.385254 44307.546875 
1769.441284 1560.450073 1287.113647 1154.633057 232475.500000 
1991.907104 1808.792969 1504.558228 1453.822754 228756.109375 
1941.346558 1301.376221 1134.219849 930.380798 350546.531250 
1828.282104 1468.081543 1207.317017 961.321594 272210.531250 
3324.190430 3227.175049 2807.850830 2542.316650 195210.531250 
3473.161621 3436.692139 2345.625000 1433.558716 15925.580078 
3847.485596 3617.412842 3669.079346 3290.321045 204012.140625 
1776.952271 1307.569580 1131.947021 1007.312317 264535.687500 
2304.419434 2134.083984 1880.012939 1470.230835 341983.031250 
4500.572266 4307.652832 4521.407227 4139.244629 150306.359375 
5206.084961 4435.141113 3485.645020 2553.943848 28550.263672 
2071.341797 1905.471558 1846.334839 1592.582153 329370.000000 
1769.097656 1194.828735 1008.568970 814.824097 146825.625000 
5692.055176 4498.504395 3484.145020 3483.853027 39423.726562 
1613.478027 1303.309814 1180.532349 1251.382568 287564.000000 
2204.505371 2171.186523 1948.394409 1537.186768 225814.359375 
4710.663086 4648.588379 4162.114258 3480.707764 84715.210938 
3794.177246 3989.173584 3542.209961 2996.094482 172862.531250 
1954.019409 1639.349121 1435.968872 1164.933228 381748.093750 
2357.277344 2069.117432 2110.396484 1720.475464 467445.375000 
4818.353516 3929.025391 3639.425049 2789.872559 69364.218750 
1705.275269 1251.202759 1337.789551 985.137939 193845.187500 
3099.202148 3218.062988 3052.236572 2675.623535 245798.687500 
4561.791992 4115.182617 4135.716797 3068.565186 72525.789062 
3573.318115 3681.003662 3235.960693 2634.595947 172108.625000 
1468.466187 1066.899658 917.033325 710.660217 164352.796875 
1814.752441 1825.761230 1923.139526 1813.286865 471749.812500 
1916.541626 1841.105347 1375.209106 1178.933838 186456.875000 
4751.971680 4613.547852 3355.391357 4109.543457 59504.976562 
1814.801514 1278.337769 1004.487793 878.903503 154181.343750 
2320.229980 1824.086670 1841.889526 2186.256348 420248.406250 
1703.839600 1374.007568 1278.760620 957.394470 215318.593750 
2916.714111 1814.718628 830.225647 839.774292 144909.968750 
2134.954102 2174.968262 1625.466187 1486.701904 211905.890625 
2723.006836 2656.111084 2402.405029 2345.311279 179288.000000 
2533.895508 2374.634766 2165.719238 1815.815674 159476.203125 
1915.364868 1311.398315 1195.615845 753.665405 144037.437500 
2911.188232 1706.589966 1475.125000 1023.668457 348733.718750 
1881.839111 1160.657837 1253.607422 920.432983 252653.125000 
2116.554443 1652.224121 1499.709106 1288.793945 283136.875000 
1829.359375 1161.997314 1023.881958 947.132446 174012.812500 
1927.429810 1149.572021 895.278625 658.400635 163892.203125 
1887.201538 1277.437378 1432.044922 1047.542969 325506.250000 
2242.496826 2024.761719 1987.077637 1513.584717 212705.453125 
2239.534668 1924.848633 1707.145996 1576.683472 243301.343750 
2396.633545 2232.644043 2137.530029 1790.860352 185609.796875 
2664.688477 2777.284912 2237.165527 3071.797363 139000.234375 
2723.838623 2615.339355 2623.237549 2379.428467 188461.859375 
1798.816772 1607.734497 1305.268921 1187.420288 239153.203125 
1833.907471 1198.927612 965.392273 768.912231 204218.125000 
1520.296387 1180.728882 1147.690308 933.443359 203116.093750 
1982.824707 1846.039795 1562.710693 1373.037720 257945.843750 
2107.805420 1888.354126 2070.777344 1768.339722 259437.296875 
2304.199219 2167.833008 1899.260132 1605.276245 237677.046875 
2288.903320 2083.115479 1767.176270 1521.471069 261669.093750 
4429.249023 4293.082031 5222.745117 4642.059570 93954.484375 
2202.321533 1667.862305 1652.992065 1312.097656 285030.531250 
1798.234741 1516.171997 1341.263184 1204.841187 301154.093750 
2425.832275 2199.005127 2106.654541 2539.221924 194581.250000 
1929.692749 1223.643066 1253.436646 850.589355 225468.796875 
1871.094482 1450.393311 1516.946899 1743.175903 316746.500000 
2043.833252 1706.826050 1657.980225 1315.259521 195484.281250 
2181.693115 1917.253784 2275.244141 1924.194580 399909.812500 
2002.387695 1369.175293 1395.578125 1176.772583 267481.843750 
2107.403320 1757.971680 1713.176636 1804.759766 380539.875000 
2641.489502 2638.311768 2510.416504 2036.294556 153294.718750 
2135.738770 1741.994995 1504.535156 1149.878784 304680.468750 
3486.646484 3439.105469 3596.800049 3723.012207 90886.218750 
3975.120117 3933.838379 3422.031738 2496.503906 41821.535156 
2539.146729 2384.115479 1067.183716 1066.362915 210836.562500 
3072.102539 3232.125244 3234.665771 2120.064453 220930.171875 
4201.464355 4148.372559 3342.761475 3249.474365 81091.476562 
3842.346924 3802.056152 3476.305420 2850.934082 101095.062500 
2296.074951 1156.575928 1084.914551 771.200439 176597.218750 
3681.964355 3527.268555 2758.723145 2026.486206 42522.574219 
1915.368530 1700.932861 1388.736816 1281.553345 231045.312500 
1735.456421 1311.178955 1105.070679 911.201782 110807.187500 
1574.029907 1227.574219 1238.490112 932.372559 170112.843750 
3768.146484 3288.975830 3636.171387 3279.992676 110907.859375 
1552.131104 1175.974487 1011.569702 869.345703 120034.015625 
2081.646973 1213.704956 903.346619 909.516052 140552.062500 
1916.505249 1269.537720 926.469299 737.633972 168684.671875 
2405.278564 2407.135254 2252.239258 1883.969727 213266.421875 
5461.409668 5156.350098 3895.475098 2899.103760 46587.847656 
1838.743896 1571.762939 1379.003296 1365.104980 389053.562500 
3316.190186 2883.838379 3231.862549 2722.297363 213771.171875 
2314.169922 2152.587158 1975.005371 1708.747437 237816.031250 
2213.985352 1991.159424 2036.192993 1507.192017 229442.546875 
1979.219360 1599.507446 1328.654785 1114.302612 289628.062500 
4483.951172 4016.099121 3693.056396 3187.740479 118450.250000 
2528.449707 2097.524902 1975.166382 1674.359131 231371.890625 
2233.779053 2030.425049 1701.437866 1748.267334 269253.500000 
2304.171143 2007.886963 2320.672852 1859.452393 435616.031250 
1916.520996 1560.931152 1460.828003 1243.699341 185154.062500 
1826.675781 1547.970581 1348.377808 1059.367554 202604.953125 
2800.574707 2617.970459 2557.586914 2487.510986 90446.468750 
4108.823730 3952.254883 3901.445801 2869.359375 102036.531250 
1816.331299 1584.948608 1318.790161 1263.623413 274652.312500 
2764.249756 2554.174072 2467.079590 2347.914307 155187.812500 
2869.916992 2842.627441 2345.846924 1788.918457 172880.062500 
2754.197510 2528.412354 2466.753174 2109.710449 175885.687500 
3466.649170 3110.879639 2433.994873 2454.249756 148776.437500 
1878.591431 1813.657593 2011.520630 1716.107666 355707.406250 
2481.555664 2380.756104 2536.801758 2220.243652 384730.500000 
2171.800293 2627.154053 2696.242676 2776.971680 525698.437500 
2218.701416 2498.124756 2672.692383 2318.008301 457938.281250 
1882.967163 1540.542480 1466.220581 1096.359741 213413.656250 
1867.844849 1882.865845 1739.667969 1419.771240 292307.343750 
3684.199219 3621.259277 3400.838867 2612.723389 154991.703125 
2247.063965 2136.718994 2458.272949 2533.929443 491073.906250 
1811.703125 2180.660156 1815.850098 2298.957520 435515.000000 
2802.062744 2685.615967 2423.969482 2344.265381 143600.828125 
1592.733521 1451.747070 1207.412231 1094.490479 158481.359375 
1992.807861 1045.187134 903.756531 654.327148 154290.875000 
1459.050293 1206.221313 1027.430054 879.118774 294447.718750 
2043.762573 1773.185669 1497.944580 1315.274658 196848.015625 
2076.816895 1744.543335 1544.101318 1189.914673 197059.609375 
2469.581299 2189.463379 1868.208618 1448.663940 242201.640625 
4543.917480 3782.381348 2922.302734 2116.897949 28814.513672 
1630.934570 1289.601562 1096.956299 790.236816 223037.218750 
1749.857910 1422.865234 1106.475708 858.866760 143772.000000 
1767.012451 1038.886230 847.000427 603.948303 123768.039062 
1917.753296 1542.553589 1109.698975 806.455017 285748.968750 
2509.343750 1574.020264 1231.625366 992.931946 294345.843750 
1707.458374 1335.632202 1082.710815 799.696106 153466.484375 
1322.630005 1069.952271 909.870544 660.242493 132556.031250 
2873.741699 2631.184570 2412.357666 2432.063232 208486.796875 
2390.544189 1442.686157 1550.140991 1310.919312 326055.093750 
1614.068848 1141.787109 1018.002441 774.331848 220968.656250 
1854.112183 1657.733276 1528.306641 1279.759521 230728.156250 
1878.968750 1517.602417 1266.458374 1091.455078 256599.500000 
2538.191406 2361.034180 2081.225830 1915.257690 306525.437500 
4511.272461 3582.846680 3954.770508 4068.168945 61545.578125 
1474.057739 1011.562805 813.127502 631.957520 167705.890625 
3372.739746 4009.203613 3094.087891 3185.654785 107370.781250 
2019.456055 1594.856445 1313.875244 1318.142822 254801.546875 
1970.636963 1626.377686 1562.262817 1264.632202 191174.375000 
2384.249023 2201.477295 2178.523438 1470.233521 200092.562500 
1667.308105 1444.307617 1275.337524 1176.837769 141645.937500 
2131.696289 1408.385376 1199.326294 1168.535034 296983.406250 
1595.248901 1169.821655 897.474487 672.626953 126987.046875 
1986.053711 1153.428467 1027.998047 968.301575 258381.375000 
3557.438232 3541.324219 3437.981201 2761.964600 64313.574219 
1984.046509 2111.381104 1553.846680 1345.183716 122369.726562 
1796.146240 1393.113770 1252.210449 1198.879761 205690.046875 
1798.222778 1476.030640 1346.730713 1022.841125 215122.968750 
1956.669434 1700.918335 1503.173218 1431.135010 177393.671875 
4339.775879 3798.539062 3072.675293 2563.139648 36996.257812 
1897.891113 1594.675171 1396.463257 1086.691528 132291.531250 
3833.552246 3609.919189 3090.968750 3265.633545 88920.773438 
4023.412842 2671.497559 1678.471924 1473.580322 20305.949219 
3152.900146 2857.965332 2807.156494 2347.257568 92186.007812 
1503.673828 1147.935669 904.535156 694.318787 119535.148438 
1660.058594 1257.234619 843.867981 812.163330 126387.929688 
2794.019531 1397.839478 1170.917114 1623.659180 263464.281250 
1728.135864 1305.103271 968.550720 856.032776 172843.265625 
2081.449951 1192.237061 958.653137 826.727905 228037.234375 
2144.230469 1905.207031 1661.719849 1522.062134 179997.593750 
1997.506226 1509.159912 1267.849609 993.686829 215108.531250 
1590.745483 1358.561523 1097.575439 835.928284 122649.132812 
1448.082886 935.193787 753.157532 594.956848 109296.281250 
2568.977539 1453.298584 1859.029297 1431.415283 380579.343750 
1876.044067 1439.857178 1187.653442 1099.874268 179806.156250 
2082.873047 2117.290527 1951.128296 1583.650024 111044.031250 
1970.736206 1301.396606 1146.739380 988.751160 230220.828125 
1902.751221 1494.272949 1290.234985 1081.662964 156646.062500 
4420.547363 4103.847656 3282.598877 2455.830078 34969.324219 
1691.904541 1521.585938 1540.803589 1302.250488 184146.093750 
2609.040039 2599.718750 2393.065186 1909.052979 112832.062500 
2053.723633 1927.591309 1789.025269 1364.497314 173181.781250 
2397.158936 1584.000122 1702.442505 1710.557495 359616.093750 
2260.096924 1390.743042 1270.210083 1060.166870 262923.593750 
2692.652344 1498.409058 1202.851074 924.635132 193991.218750 
1871.976318 1348.427734 1082.759521 888.859436 160216.265625 
1695.286377 1447.033813 1190.947144 1164.107666 125015.523438 
2164.670654 1682.137573 1608.771484 1293.242310 259430.187500 
4103.129883 4053.809814 3625.317871 2928.549072 65261.617188 
2786.596191 1511.094482 1819.304443 1763.611328 339676.375000 
1928.432495 1240.225464 909.488098 836.762268 196808.984375 
2654.704590 2702.761230 2492.209961 2125.487305 149456.187500 
1727.080566 1426.315308 1196.517212 1151.441406 243580.531250 
4470.318848 3236.708984 2781.050781 2550.860352 34308.324219 
2200.287109 2383.830811 2507.449951 2569.249023 474245.156250 
1617.616333 1178.952393 997.211121 889.925293 173955.312500 
2175.490479 2060.326172 1802.149292 1479.724121 185611.031250 
1499.598633 1197.211426 1113.336914 874.026672 192655.656250 
1974.305908 1399.343994 1434.942993 1496.496216 327220.312500 
1913.501831 2045.037598 2343.670166 1871.253174 639053.937500 
1754.978516 1190.203735 1144.098389 860.789062 325628.343750 
2793.655762 2544.794678 1971.618286 1697.957153 251448.078125 
4946.320801 4625.443359 4395.689453 4088.352783 60926.128906 
1816.776489 1620.187500 1316.100464 1063.126831 281066.750000 
1634.129028 1193.155518 1022.218933 739.074158 277310.500000 
2205.974854 1788.866577 1573.498413 1354.635864 363915.718750 
3745.169189 3271.258057 3370.098633 2483.052734 104930.382812 
3875.870850 3760.548340 3354.549072 3429.893066 94572.375000 
1892.049561 1849.736938 1463.010864 1273.539062 355726.562500 
4790.956543 4994.562500 3937.364746 3663.473389 86338.585938 
3307.264404 3345.386230 3015.346924 2355.809814 68042.171875 
1691.883789 1213.522827 988.338684 816.593872 218469.453125 
4070.970459 3383.690918 3349.103271 3417.273926 138841.843750 
2751.444336 2790.260986 2589.572998 2654.417480 264379.812500 
1720.699219 1274.418701 1228.976562 1136.596558 361474.843750 
2848.815674 2818.219727 2367.447754 2233.959717 139556.687500 
1903.874878 1433.470581 1135.986572 862.147644 266003.468750 
4915.858398 4269.753906 4231.214844 3170.758789 40313.246094 
3874.532959 2632.263428 2067.639404 1552.232910 19522.664062 
2304.708740 2129.719727 1986.538208 1654.069824 179530.078125 
4324.157227 3462.313477 2491.739990 1706.518433 26652.630859 
1069.284302 852.774414 664.434998 567.633362 138358.859375 
1820.917847 1381.569580 1373.986938 955.078979 360420.968750 
3573.296631 3491.922119 3683.687500 2633.880859 97966.914062 
1607.762329 1012.302490 822.059692 693.208862 206611.109375 
3545.042480 3694.786621 3442.701904 2868.147949 218386.156250 
2305.568115 2029.769531 1887.114990 1496.881714 184003.015625 
1786.607788 1409.923340 1275.653931 1061.395386 251308.406250 
2134.968750 1680.557129 1476.671387 1148.686890 267837.468750 
2045.355347 1478.301025 1377.044556 1055.707031 215754.515625 
2509.428955 2315.417236 2374.788818 2306.145020 136610.609375 
3086.569580 2896.377686 2832.156250 2343.889404 192694.562500 
2216.043457 1815.223633 1784.391113 1238.055420 307259.781250 
2685.026611 2220.770996 1697.541016 1580.154663 264974.281250 
2018.401855 1944.133667 1709.909424 1460.602295 267756.781250 
1628.636475 1017.102966 721.809570 596.980164 218764.765625 
4230.942871 3353.510742 3185.188477 3036.747314 64418.027344 
1636.311768 1178.676025 1076.418091 902.035339 218883.593750 
1802.309326 1327.832397 1158.885498 921.253906 207330.812500 
1910.283569 1746.190186 1586.702881 1180.175781 338615.156250 
2773.379639 2667.102783 2460.474609 2285.434814 145904.281250 
1747.701416 1221.857178 1072.082764 832.798584 252251.109375 
4412.049805 3912.836914 3292.728516 2581.222168 39193.613281 
1675.183105 1286.208374 1142.815186 773.402954 218899.593750 
1725.822388 1373.902344 1179.618408 1008.960754 307347.812500 
1894.190674 1319.448853 1014.182312 805.942871 284237.500000 
1768.167114 1100.192139 800.236084 783.582947 138683.093750 
4945.939941 3946.900635 3066.502197 2969.500732 34510.980469 
3844.546875 3960.978027 3221.652832 2803.788330 126025.609375 
2459.885010 1889.997192 1709.915771 1992.622559 403127.343750 
1982.215210 1833.849365 1620.285400 1411.085815 154870.453125 
1766.413086 1318.609253 1029.902710 847.801514 219738.031250 
4050.376709 3140.657959 2338.598877 2193.394531 12755.090820 
2021.062988 1430.160767 1381.807007 1151.420654 255182.781250 
1504.964600 1228.083130 977.115723 782.577515 135925.703125 
1898.626099 1156.343994 814.909241 650.828064 116358.898438 
1776.784424 1301.690552 1031.103882 834.794312 145381.484375 
4524.162598 4399.140625 3869.270996 2543.518555 51101.679688 
2193.596436 2026.103271 1791.377563 1605.246948 195317.218750 
1940.759399 1281.130615 1077.402344 700.587463 217639.218750 
3083.103271 2867.219727 2622.560059 2393.195801 131496.718750 
2092.694336 1943.051636 2019.490723 1457.883179 153461.062500 
1708.189575 1252.875244 1213.015015 1034.542603 372802.000000 
2213.158203 1168.123291 880.553528 850.972717 256232.000000 
2145.762207 1854.081299 1416.576538 1319.508179 282815.968750 
1681.668823 1282.091187 954.145264 869.594727 238530.406250 
1717.964966 1178.531006 946.707458 751.637573 221046.468750 
1732.775269 922.669373 760.993958 590.282227 138577.078125 
4495.855469 3582.932373 2442.682617 2787.127686 25802.238281 
3452.482422 3149.148193 3020.068115 2499.618164 120052.437500 
3880.000977 3683.973633 3271.919189 3188.219238 171906.812500 
1919.529785 1704.419678 1671.569336 1336.912109 265397.968750 
1859.978149 1490.061768 1400.325317 1447.372192 471416.750000 
1407.234619 1017.842896 847.116760 658.395874 169213.218750 
2037.097168 1763.975952 1441.431030 1187.425293 277740.375000 
1762.214722 1242.437500 934.035767 788.407654 275424.437500 
1644.638428 1366.793701 1200.264648 1029.257202 204698.359375 
3505.606201 3600.837646 3472.288086 3069.994141 120065.906250 
2204.919189 2029.872559 1847.381714 1383.953003 334520.593750 
1664.189575 1125.923950 922.052063 716.125977 256318.906250 
4458.323242 3805.014404 2446.091064 2571.929688 34691.382812 
1660.304443 1056.968506 829.294861 697.949707 244441.093750 
1808.130127 1453.012695 1143.096802 968.651550 299728.437500 
1772.566284 1170.498657 1123.491455 1052.870605 358787.843750 
2456.940918 2141.010254 1990.813965 1720.368530 161395.062500 
2261.887207 1694.520874 1524.734985 1268.434082 297808.687500 
1737.788818 1052.822876 961.241516 771.185303 247349.281250 
1348.803467 1095.752563 905.943909 688.383972 201400.203125 
1744.279175 1242.604126 1065.852661 794.948242 239928.062500 
1542.045166 994.843994 846.515076 692.012939 134930.000000 
1960.190674 1694.560425 1591.810181 1486.802490 199494.500000 
3707.892578 3467.533691 3484.440674 2828.153320 62156.707031 
3017.838379 2898.413818 2964.227783 2978.468506 114248.023438 
2447.525146 2276.882812 1962.942871 1730.480469 233020.656250 
2085.348145 1869.660767 1770.405884 1513.856567 127565.273438 
2453.603271 2378.177979 2055.934326 1723.394775 93285.523438 
1807.100586 1252.141602 964.484009 819.146179 202863.640625 
1601.303955 1040.155518 955.485168 850.976929 243477.281250 
1581.542847 1100.493286 956.912354 726.995605 172726.531250 
2379.734375 2097.571533 2337.068848 1848.295410 211434.500000 
2081.816162 1635.208984 1551.459717 1483.381958 163753.156250 
1948.357056 1492.252197 1267.744751 1192.587158 304757.031250 
1989.135010 1670.639038 1482.246216 1065.797119 236238.859375 
2861.435791 3024.308594 2531.163086 2254.163330 126756.210938 
2884.226318 3091.794189 2463.310547 2474.950439 55644.000000 
4646.117676 4192.716797 3488.882812 3037.422363 42079.496094 
2493.697998 2344.564941 1989.549438 1980.853027 132749.968750 
1719.452271 1587.785278 1112.006958 827.695374 254393.734375 
1961.373047 1586.824463 1356.804199 1206.882324 219917.468750 
1986.645996 1769.930176 1793.551392 1872.783813 94632.953125 
2967.877197 1368.147583 1182.971191 890.727539 199490.359375 
2399.746582 1135.659180 897.756653 805.691772 188666.828125 
3438.819580 3620.548584 3411.188965 2202.970215 93737.664062 
1956.533081 1879.881958 1601.947876 1418.862671 145963.703125 
4088.797119 3668.010498 2890.207031 3451.108398 34926.906250 
3055.324219 3026.395752 3027.229492 2364.441162 122429.984375 
2233.996826 2391.750000 2143.820557 1889.618164 149442.828125 
1821.651123 1140.513916 932.035767 911.810547 180618.015625 
2076.880859 1972.257202 1514.987793 1455.836792 179463.953125 
3028.968262 2637.879883 2421.158203 2097.029297 161852.234375 
1873.571411 1179.755981 1023.760254 854.686035 232125.765625 
1628.179932 1182.823242 933.524597 799.048523 124360.789062 
2118.763184 1269.304810 1115.646240 1015.053955 255803.187500 
2600.223145 2396.755859 1964.138916 2033.771118 209888.812500 
2595.027588 2402.905029 1897.447754 1579.533936 143695.484375 
2324.830322 2122.139893 1831.902344 1650.768188 159716.671875 
2272.990234 1588.857056 1587.739624 1356.570435 355560.500000 
1979.937012 1721.892578 1637.812012 1623.260864 269885.968750 
2176.958740 2005.321411 3055.994629 2103.134766 464434.000000 
2093.373779 1626.209717 1488.110718 1360.317383 229660.875000 
1758.724121 1432.223022 1211.160522 1081.882812 246942.625000 
2210.580811 2035.510986 1793.569580 1456.884644 314172.562500 
1924.166504 1582.909912 1846.261719 1728.245361 367791.312500 
1658.652222 1049.134766 851.819946 746.867493 139231.031250 
1910.300903 1761.838013 1661.951538 1601.467651 331899.406250 
1674.622925 1078.708618 920.152222 657.664795 191016.343750 
2385.213623 2235.426514 1872.832397 1645.115601 165133.203125 
2126.272949 2005.913818 2336.426025 2290.384766 422787.125000 
1941.626221 1392.925903 1093.451050 858.202820 167993.359375 
1737.114014 1351.918213 1302.603516 1148.999023 255866.531250 
1877.859375 1380.707397 1318.862305 1248.213867 264747.375000 
1705.570557 1275.452515 1141.377808 1057.883423 210151.000000 
1856.143555 1389.234375 1302.641479 1247.566772 190466.578125 
1939.500488 1764.530640 1288.267334 1257.025269 187313.234375 
1942.445923 1589.482056 1443.201050 1104.602295 207233.000000 
1938.140015 1715.330933 1562.875977 1516.413452 199506.546875 
1670.210205 1448.875244 1166.304199 1221.459595 240786.531250 
1796.782715 911.709778 847.013428 673.448181 160834.109375 
2093.117188 1664.343018 1619.846680 1635.329590 307574.968750 
2039.202026 1722.484985 1484.357056 1247.726318 209935.312500 
1896.626709 1715.849487 1401.200562 1377.181885 179150.687500 
3236.020264 2872.974609 2743.868652 2899.120605 95927.515625 
1793.420288 1518.418091 1381.705200 1352.225098 282434.625000 
2339.017578 2659.219727 2806.981445 2218.456299 419929.062500 
2538.772949 2296.724121 2397.366943 1912.109741 135301.734375 
1896.893799 1716.631714 1622.195923 1290.694946 183872.390625 
1931.701538 1330.406006 1350.476685 1136.948242 272437.625000 
2434.131348 1914.924805 1670.057129 1712.128906 276084.625000 
1426.807739 1116.204102 960.548096 826.599548 104837.101562 
1771.297363 1492.768677 1671.149536 1496.130859 380494.562500 
1767.652954 1175.383789 1144.590820 898.143127 222022.609375 
2338.848389 2014.126465 1914.128296 1787.487671 174714.937500 
2966.475830 2585.571777 2544.241211 2358.850586 167439.437500 
1958.063843 1632.162598 1514.754395 1156.726685 322731.625000 
2898.281006 2749.774902 2537.822510 2263.525635 140712.906250 
1816.136230 1347.430176 1212.874756 1078.132935 332299.406250 
1698.710571 1420.428467 1335.137939 1211.639526 349297.156250 
2183.142334 1878.138428 1493.807617 1307.507812 206873.625000 
2099.277588 1844.724854 1628.531250 1561.747803 219330.656250 
2723.168457 2456.943848 2098.286865 1664.408325 151014.453125 
2282.418945 1951.394165 1669.115967 1898.148438 189934.390625 
1721.176147 1187.615845 959.430237 839.622070 163839.515625 
2869.601318 2942.964111 2794.394287 2341.980713 129608.851562 
3028.765869 2963.855957 2775.325928 2607.222412 100790.765625 
1769.204834 1520.972046 1336.495605 1099.331909 212445.171875 
1714.986450 1318.382080 1232.218262 985.746033 288398.968750 
3049.168945 3124.410156 3121.777832 2606.242676 142796.625000 
1547.493408 1164.602905 1009.475220 828.131104 235221.750000 
1557.245728 1001.772095 1036.000732 674.362976 217841.171875 
3283.551270 3353.583008 3175.626709 2730.473389 126087.195312 
1878.171387 1822.539185 1419.182861 1180.668945 189199.109375 
3472.905518 3414.604004 3573.497803 2936.308350 104779.718750 
1695.730591 1473.108765 1206.319702 1056.863770 329580.000000 
1983.866699 1576.901245 1506.347412 1366.461426 164837.171875 
1568.948242 1217.923584 1131.137085 794.436462 227662.859375 
1657.443115 1092.180908 923.176819 769.087036 299400.875000 
3493.231445 2531.642822 1863.037109 1408.815186 19074.527344 
1854.076294 1719.996460 1563.604736 1455.310547 207289.406250 
2043.367676 1695.213745 1515.425171 1380.211304 238634.906250 
2013.149048 1631.765259 1594.446411 1090.121216 232923.687500 
1783.856812 1329.717041 1093.904419 1009.597778 206416.796875 
2547.985840 2405.084473 2496.770264 1921.149292 87437.164062 
1662.237061 1173.272339 1107.402710 831.942871 184163.671875 
4324.329590 4123.495117 2948.942383 3366.214600 47621.695312 
1574.291748 1132.249390 863.195557 812.445801 196362.734375 
1521.326416 1380.583740 1122.488770 896.916748 188291.031250 
1733.092896 1571.867920 1548.944214 1367.632080 207615.828125 
1832.978760 1360.606079 1108.575195 976.193359 207213.890625 
1873.755371 1658.870117 1236.575195 1142.509277 203274.640625 
2098.674316 1732.193237 1383.666626 1410.563721 160043.515625 
1692.095581 1192.312866 904.903259 695.125000 204499.953125 
1515.235474 1178.154907 1025.407227 854.706360 120047.976562 
1568.258423 1171.164917 972.920715 797.078491 171383.390625 
2416.092285 2513.570557 2218.584961 1716.271362 96330.632812 
1458.755981 1032.969482 768.356812 654.833435 145811.312500 
1543.308228 1164.628418 1056.195435 715.883484 153631.890625 
1895.599121 1293.867065 917.564819 873.360291 245604.156250 
1972.808228 1022.340393 893.214111 730.343994 209802.296875 
1598.378052 1228.843140 999.651367 804.105713 206849.078125 
1695.581299 1233.565430 1063.093262 762.903931 259292.796875 
4190.147949 3774.964355 3451.962891 2861.691162 36264.402344 
4703.802734 4089.998779 3861.006836 4039.730225 34957.273438 
1838.734375 1459.969360 1081.635376 1175.681152 258047.468750 
1943.287720 1413.540771 1095.712891 1121.923340 232181.109375 
1982.521606 1540.075928 1549.410889 1282.804321 255295.265625 
1904.559814 1530.683228 1454.934814 1144.717529 222452.453125 
1557.330322 1006.764038 763.880127 555.321045 158789.453125 
1805.929321 1445.800903 1178.991211 969.449890 240439.890625 
3742.281006 4596.797852 3882.465332 3608.399414 88790.484375 
1875.422852 1470.110596 1330.672363 1203.019409 243556.015625 
2127.205566 1980.758911 2018.005371 1433.325684 104451.976562 
1842.938721 1314.243164 1198.993652 907.564148 237112.140625 
1969.040771 1746.302124 1613.577881 1279.664917 245320.140625 
1666.280762 1271.384521 1086.917358 902.092529 201683.906250 
1794.191284 1497.920410 1390.356079 1429.651001 149914.625000 
1892.355835 1369.917603 1240.607300 1026.409912 165984.546875 
2606.711670 2186.537842 2051.139160 1676.093750 151574.468750 
1511.798340 1158.652588 955.701172 803.797607 155717.718750 
1756.008179 1273.733276 1077.220947 783.950745 205830.359375 
1948.727173 1631.112915 1288.637573 1079.570312 264427.125000 
2414.299805 2101.362305 2135.669434 1653.974243 174054.296875 
4060.318848 3286.506836 2748.898926 2395.699707 43503.292969 
1678.367798 952.531433 781.369385 620.372803 117641.632812 
1659.234009 1285.885986 1183.168579 1059.546875 190854.640625 
1886.057251 1539.964600 1332.030884 1064.125000 226551.968750 
2048.978271 1819.490845 1671.838257 1339.998047 137543.531250 
2747.283203 2439.744629 2363.090088 1989.245239 84718.265625 
1800.170288 1449.753296 1287.781006 1105.649048 107345.078125 
2051.716309 1212.811523 895.384094 757.300903 164174.953125 
2163.402344 1300.354248 948.232056 956.384338 189497.656250 
2123.627197 1113.850098 901.620422 754.012146 167555.640625 
2122.937012 1218.395630 1145.263916 911.538147 221376.937500 
1865.868286 1219.085815 963.237488 757.203125 148020.500000 
1591.706055 1123.270264 961.485168 790.753113 129248.367188 
2353.929199 2213.271973 2138.725098 1798.232788 94489.898438 
1889.937134 1122.182007 875.347473 739.408447 150927.437500 
1546.465332 1192.146118 1060.200195 851.177124 128785.265625 
1984.320801 2166.445801 1742.440796 1707.726685 84624.226562 
2070.571777 1719.812256 1910.424316 1621.962402 183237.578125 
1662.904419 1323.293579 1184.740967 883.241760 140891.906250 
1860.005493 1532.157837 1467.939453 1188.655762 128126.117188 
2057.782715 1000.219177 769.732605 640.258484 165567.656250 
4073.120850 4034.934814 4534.707031 3078.708984 50343.121094 
1920.803223 1499.325317 1291.801392 1167.647705 321709.062500 
1930.875732 1524.959351 1211.406128 1187.844604 237431.500000 
1451.645630 1088.512085 969.618774 917.366089 209797.609375 
1801.967285 1734.973022 1309.481079 1150.582520 156787.187500 
2750.572754 2455.383789 2189.378418 1786.720703 146772.609375 
1795.682983 1404.565063 1252.790161 1052.031006 200945.734375 
1971.621338 1212.395508 1008.996155 903.087158 238690.515625 
1486.885742 1202.681519 915.807617 820.284973 181404.640625 
1708.155151 877.260864 663.919312 625.548035 180499.500000 
4407.563965 3833.001953 3841.285889 2860.457275 51166.812500 
2331.412598 2044.792603 1849.229614 1458.487915 215279.265625 
1619.868408 1427.201172 1147.456909 912.776367 142127.234375 
1862.389771 1564.535522 1411.939697 1274.849609 245765.968750 
2667.639893 2574.857178 2318.969238 2023.925537 174920.890625 
1870.024414 1533.902954 1411.690308 1262.119751 226094.390625 
1906.331787 1446.219849 1099.476807 947.501648 261833.437500 
2067.892822 1645.357544 1598.212524 1584.287720 380454.562500 
2849.941650 2647.150146 2132.055176 1857.613525 156853.375000 
2004.234131 1536.695435 1147.456665 948.742188 258719.812500 
1629.760254 1305.998901 1096.154663 898.791321 175779.906250 
1744.668579 1164.380493 956.005371 939.553528 250710.734375 
2381.836426 2377.517822 1867.229004 1673.945557 104827.281250 
1636.370728 1347.934692 1117.492432 838.091614 194770.484375 
2092.610596 1774.126099 1313.434448 1154.523926 193613.671875 
1848.966187 1488.195801 1274.489502 1158.768433 199547.093750 
1794.851196 1441.046997 1417.097778 1110.997070 169604.187500 
2676.653076 2464.382812 2062.348633 2135.061279 180120.531250 
3810.755371 4156.361328 3781.068115 3838.525879 61671.167969 
1577.738159 1130.122192 852.390564 719.188782 128596.984375 
1976.121338 1680.628662 1430.326660 1331.628540 125452.593750 
1773.333130 1427.048706 1206.670776 1131.328247 196885.062500 
2078.429932 1170.387207 971.862366 760.846130 215618.937500 
1955.713867 1731.492188 1592.703979 1768.704224 162246.593750 
2776.325684 2574.301514 2584.349121 2177.594971 98519.929688 
1629.364136 1122.606323 914.969360 778.399536 162727.375000 
1979.324951 1571.867310 1390.561279 1068.315063 163684.921875 
2037.410889 1610.645752 1330.791992 1108.277222 225615.062500 
2058.374268 1883.491211 1858.634277 1551.666992 354656.875000 
3046.198730 2832.175781 2856.055664 2109.367188 70909.992188 
3268.533936 3316.638916 3160.807861 3043.645264 61437.589844 
1997.782837 1615.046509 1225.405884 974.082947 144501.046875 
2294.637207 2189.931885 1794.403931 1793.373413 71488.804688 
2318.773438 1162.430908 1254.902222 1307.374023 239667.859375 
2142.043701 1938.347534 2270.262451 2358.699219 428523.031250 
2074.504883 1186.210938 1245.704346 960.972778 292194.156250 
1734.965454 1327.662720 1365.735840 1049.696777 298440.687500 
1707.413330 1366.778442 1333.785645 1096.857056 94847.140625 
2274.691406 1830.027466 1948.948853 1875.398071 455455.125000 
3370.608887 2949.517090 2226.007568 1668.659424 20396.365234 
3837.669189 3577.201172 3507.463135 3522.938965 50319.507812 
3463.160645 2727.451172 1987.944214 1609.655640 16528.974609 
1367.145386 1150.801758 922.963501 778.266296 186846.687500 
1744.580933 1314.317505 1176.032349 1134.864380 379234.218750 
1466.781860 1001.472717 936.358643 701.748657 165153.890625 
1685.032959 1360.566650 1153.873657 787.862000 176532.093750 
1757.528687 1382.914429 1094.092651 855.807983 167630.750000 
3807.656006 3288.773438 2223.637695 1572.418213 17002.566406 
2384.822754 2108.476074 1920.670532 1782.381958 173210.921875 
1619.091675 1344.762573 1302.317993 1022.117920 189028.875000 
2499.129883 2187.033203 2535.458984 2086.202148 147653.812500 
2405.240967 1983.732178 2057.924805 1567.228271 163839.531250 
2455.254150 2038.070435 2107.097412 1708.582153 104468.804688 
2048.445068 1373.108398 1256.568970 1097.582520 255393.531250 
1813.809937 1188.147339 975.123718 722.051697 216690.046875 
1457.073364 1195.824585 930.050842 791.990662 170905.109375 
1865.795166 1086.700562 883.704224 664.637268 247079.656250 
3732.762695 3567.147461 3005.028564 3041.074951 57833.585938 
1560.705078 1110.539429 1043.384888 716.631470 141063.281250 
1529.106689 1188.032959 1070.097534 954.339233 269943.343750 
1295.218384 975.328369 802.467529 689.374878 134281.406250 
1778.004395 1348.709595 1016.349304 826.797424 294186.468750 
3373.717285 3448.694336 3498.160400 2607.359375 77324.031250 
2371.963867 2112.937988 2155.682129 1907.713501 136892.859375 
2604.142578 2079.324951 1633.975830 1897.885864 216327.359375 
3228.835693 3120.140625 3138.496582 4329.403320 62604.039062 
2131.472168 2015.135986 1920.808594 1923.826538 112687.125000 
1540.734375 1158.104736 1137.696655 816.976318 170328.359375 
2108.190430 1604.214478 1484.057251 1183.059570 181942.046875 
1869.506714 1271.316162 985.955688 722.108582 219096.765625 
1633.066772 1058.316284 978.802429 921.034058 259143.609375 
3748.326660 3972.922119 2593.323975 2309.786377 38273.742188 
1804.569824 1429.366333 1411.272949 1124.912720 130667.117188 
1907.718506 1634.499146 1395.412231 1263.804321 139539.906250 
1998.353027 1676.174072 1528.250244 1273.421997 257287.203125 
3336.603516 2759.466797 2670.541748 1706.730835 29177.285156 
2020.180542 1035.730469 782.098816 591.785400 164817.656250 
3162.662842 3081.583984 3413.893799 2152.362549 83959.625000 
1583.667725 1137.651123 893.449341 780.060425 182173.468750 
1748.216919 1032.751099 738.857117 606.306946 166426.578125 
1980.064331 1137.540161 879.907166 713.370544 178265.968750 
1794.858032 1323.316284 1004.764160 977.696533 260683.578125 
1524.477051 952.503967 803.874023 677.344910 140800.578125 
2139.599121 1581.965210 1565.854614 1328.600342 233626.546875 
1779.483276 1469.688232 1312.225952 1095.839478 196721.234375 
1811.315674 1043.337036 823.035828 711.054138 187347.343750 
1601.548584 1060.286865 854.316956 681.202026 237729.359375 
3094.619385 2797.560303 2399.427490 1893.063477 180919.718750 
1739.972290 1226.478149 990.007568 806.279541 148224.156250 
2118.217285 1569.173950 1240.593872 1137.158081 302819.062500 
1909.202637 1448.729248 1370.330688 1240.942139 232362.515625 
1963.274170 1540.609863 1418.091431 1188.717041 267027.906250 
2956.667480 2686.966064 2638.304932 2479.362061 200010.171875 
3285.477783 2976.847900 2760.684570 3128.479492 86031.539062 
1695.894531 1130.895874 1019.168823 986.050903 255438.281250 
1725.519409 1366.039551 1308.158081 1096.134277 332416.000000 
2001.921997 1640.137817 1306.769409 1224.759644 194790.203125 
1812.879883 1190.858887 980.810852 1018.578003 264381.187500 
1657.630127 1143.308105 947.487915 789.921021 214219.218750 
2085.204590 1948.229370 1797.479004 1848.946167 97335.601562 
1850.920044 1104.164673 905.774414 659.238708 155577.312500 
5108.829102 4968.048340 4506.411133 3507.950684 42906.492188 
1927.367188 1698.193970 1284.863037 1035.294189 212687.890625 
3910.620117 3355.883545 3978.806641 2963.777100 39862.843750 
1840.163696 1332.617920 1110.629150 923.463501 267962.125000 
2612.250000 2854.363525 2384.468262 2180.865723 156838.718750 
2021.602905 1767.835815 1536.135620 1151.610229 116699.929688 
1773.831421 1180.538330 952.441345 889.689758 243323.078125 
2111.574463 1539.168579 1523.634399 1319.362671 150075.000000 
1588.021118 1053.250610 1045.373291 796.872559 246044.125000 
3083.968018 2913.439697 2737.710449 2443.187744 91285.343750 
1603.372437 1133.301270 1024.441650 813.679871 185957.265625 
2116.854980 1616.765747 1452.652100 1306.563965 173631.734375 
2035.442871 1860.383301 1542.660278 1802.837891 157287.781250 
1673.771606 1316.509644 1259.494751 1027.670288 233468.953125 
2564.260498 2376.150879 2508.956543 1988.211304 91675.171875 
3825.458740 3079.204590 3467.612305 2053.573486 21896.060547 
1944.698486 1455.801025 1235.875000 1060.482178 164336.468750 
2809.375977 1180.055054 859.035156 758.388855 173109.140625 
4239.514648 3508.839111 2896.675781 2019.882568 23353.021484 
1822.993896 1407.479126 1193.188477 966.943115 143739.125000 
1913.152710 1474.856323 1577.067871 1441.889282 307300.375000 
2320.112061 2218.094727 1937.919922 1929.872437 99083.179688 
2339.187744 2400.668701 2092.908936 1801.897583 81619.843750 
2075.757080 1932.825928 1646.869385 1383.807739 109642.531250 
1898.504761 1580.128296 1317.038330 1038.467529 149198.468750 
1940.206177 1454.471313 1321.397827 1147.204224 166267.625000 
2111.106445 1133.753296 976.597412 676.890564 96833.992188 
3013.776855 1457.564209 1356.031494 1389.946533 308039.781250 
2188.932861 2133.907227 1585.378418 1667.890991 132924.968750 
3677.882812 3062.425781 3397.756592 2300.644287 85474.929688 
2180.407227 1955.302246 1853.899292 1595.884277 382062.593750 
1583.872925 1191.121948 1033.725830 893.828857 100323.312500 
1696.539673 1121.818604 1040.030273 844.890259 172676.140625 
1912.959473 1543.589966 1322.312866 1501.019775 191028.890625 
4539.923340 3810.518311 3585.781738 2469.211914 42760.429688 
1548.213745 1064.467285 885.825317 663.049072 129157.671875 
1883.046997 1568.088013 1791.066284 1354.298950 298912.343750 
1643.998901 1383.723755 1223.511719 1007.401062 105866.109375 
3047.123779 2634.629395 2562.041016 2090.184814 87915.687500 
3699.805908 3518.023682 3042.147461 2561.517822 63125.605469 
1586.997070 1271.302612 1063.767212 1002.724609 204645.546875 
1695.200562 1222.505859 1004.663330 834.433350 202438.750000 
1718.909424 1030.962280 830.700867 802.161072 235469.156250 
2426.485352 2153.223633 2272.030029 1642.894165 98475.679688 
2712.155029 2479.307129 2120.084717 2016.713135 179276.984375 
1814.733521 1450.234131 1363.573853 1394.986206 355027.593750 
2322.407471 2126.670166 1594.453979 1532.425171 294723.062500 
1697.762573 1142.499023 907.405518 782.670349 157653.562500 
1904.621704 1338.574341 1103.751465 891.867065 216493.453125 
1999.749146 1520.398438 1478.717651 1312.563965 416909.593750 
1502.821045 1168.399902 996.250793 770.737610 148435.015625 
1463.847656 1148.592529 1060.604370 944.962097 331653.093750 
2010.116943 2026.472046 1574.811279 1299.655762 114570.804688 
1579.418091 1106.876221 1212.796143 1321.972290 282884.718750 
1894.848145 1114.162109 973.868652 921.208679 292475.125000 
3343.414062 3211.787842 3221.659668 2455.846924 45578.250000 
2192.661133 1832.560059 1325.479248 1330.536499 238527.671875 
1861.777466 1511.252319 1230.160400 1103.701050 167513.359375 
1836.491821 951.885315 736.580933 745.629822 252679.687500 
1696.421753 973.053528 700.007385 564.782349 156138.281250 
1258.792725 865.950562 678.875854 502.998566 125035.226562 
2914.206787 3020.020264 2573.363281 2473.598633 84365.570312 
1759.849976 1349.317627 1178.525146 904.078735 189451.546875 
1582.534180 1074.372559 834.858093 707.246704 194058.203125 
1809.739990 1152.707764 976.060242 788.318237 174700.328125 
2679.452393 2350.697266 2076.981689 2275.945801 135378.234375 
1820.216064 1605.481079 1246.531128 1055.324829 159965.765625 
2069.088379 1188.601318 1022.445679 844.366089 246339.609375 
1709.431885 1086.209106 987.678284 726.093018 234470.109375 
1860.154175 1497.112549 1318.887207 1129.233154 162536.312500 
3845.282959 3891.515381 3065.579590 2227.302734 41592.589844 
2835.045654 2889.789307 2592.282471 2099.932861 116901.867188 
1690.308472 953.955017 727.667603 561.108337 165770.625000 
1893.266724 1353.531616 1207.151123 1206.394897 228771.781250 
1798.986084 1179.768799 901.128418 638.866577 180526.500000 
2339.670166 2021.847778 1645.097656 1547.500000 166570.453125 
2542.082031 2389.809082 2402.971191 1557.990356 179343.015625 
1891.783447 1330.890869 1092.875610 1041.439819 199183.890625 
3273.860840 2662.311768 2221.389893 1520.951782 16006.965820 
2418.485596 1973.279541 2014.966553 1634.256104 112335.867188 
2032.014282 1705.710449 1543.678101 1523.743774 108746.835938 
4692.838379 3702.165283 3598.844238 2577.559570 45576.523438 
2091.844971 1827.057983 1386.256592 1609.922241 193436.453125 
2169.186035 1825.451294 1785.736572 1729.021484 90060.343750 
4298.466309 3623.459229 3513.191162 2884.129395 71180.992188 
1529.682251 1294.156860 1099.406982 968.968445 133907.937500 
1828.691528 1648.985962 1616.936646 1086.940796 125560.359375 
2020.216553 1426.983887 1355.882324 1278.593628 280002.906250 
1809.042480 1286.637085 1093.609497 921.956665 251380.625000 
2376.183594 2122.957031 1859.800781 1416.097412 216674.734375 
2064.776367 1982.755005 2185.901367 1742.565308 163406.906250 
1724.122070 1532.048828 1349.153931 1177.608887 140754.296875 
1919.877441 1085.049561 850.756287 630.158813 157684.906250 
1750.911499 1348.197632 1140.391235 804.432434 124174.226562 
1749.241333 1685.063599 1471.255249 1433.961182 93850.437500 
3239.154541 964.080872 711.344238 493.285583 191951.328125 
1798.028931 1131.123169 1082.909668 900.594177 201145.375000 
2186.506836 1994.037964 1915.181885 1526.508423 138969.531250 
1814.381958 1239.262451 1042.469727 1022.175598 218967.953125 
2958.518555 2751.284180 2529.148193 2203.512207 103158.507812 
1512.360229 993.616150 883.793274 697.010620 153779.062500 
1749.996704 1274.411621 1097.932861 1115.322632 277117.406250 
2885.636963 2454.282715 2773.461670 2586.729248 140941.218750 
