1303.872070 666.205811 538.945068 546.020386 1913563.625000 
1602.958252 858.432190 743.141113 892.446472 3240030.250000 
1129.463135 643.333984 518.715454 527.058838 2049335.500000 
1737.191528 1111.677734 1024.928467 1043.227661 2043421.750000 
1807.207275 942.419189 1183.300781 740.263245 2005286.625000 
1149.126343 702.205139 484.368988 425.349396 2047144.375000 
1058.326416 721.954590 625.141846 501.915161 2251655.500000 
1759.246094 937.525696 625.605225 594.262878 2161135.000000 
1867.565552 1286.299194 977.201904 883.992737 2489493.750000 
1432.295532 792.419373 638.792358 767.192322 2331820.750000 
1341.903687 749.951477 647.698364 767.290039 1938456.875000 
1474.014648 840.452942 652.047974 744.843079 2912342.750000 
1375.282959 722.919434 654.844788 604.091614 1815084.875000 
1737.740845 1295.435913 767.073730 810.284912 1718876.875000 
1760.422241 792.110352 816.004883 470.817017 2372695.000000 
1291.375854 819.432312 1064.022217 812.208923 1343090.875000 
1222.932739 740.966858 755.654053 693.219360 2777030.250000 
1738.361084 873.617126 899.411194 851.559265 2760356.250000 
1258.007324 702.994446 596.783752 458.211945 1984701.750000 
3122.902832 1236.750610 1498.167480 1105.368408 1378876.250000 
