89.045059 75.335632 82.958450 81.575211 70.809906 0.027976 
89.518272 74.458252 67.304405 62.784779 62.791641 0.019782 
89.805809 83.833549 79.854500 74.595169 63.716194 0.019782 
86.260612 82.950012 76.566963 60.119839 44.061768 0.019782 
89.745850 83.808365 72.858688 59.700771 53.490063 0.027976 
89.518173 67.257072 62.571186 60.311592 56.243652 0.000000 
89.029762 74.147491 73.186119 65.507332 35.311279 0.000000 
90.428009 84.471115 84.136360 61.186180 47.286118 0.019782 
86.616173 86.439041 83.052727 70.890831 54.556107 0.000000 
91.887894 85.386681 82.416084 75.885811 68.226234 0.019782 
87.282204 89.475182 80.674294 66.416977 45.858532 0.000000 
87.111412 79.076485 57.693447 63.041782 47.354515 0.019782 
83.781921 94.071854 87.392174 75.532143 51.758995 0.019782 
87.429703 88.976822 87.102707 76.576195 86.474892 0.000000 
90.358208 85.836014 63.157822 68.595337 50.209995 0.000000 
87.178825 74.144577 66.897079 55.404598 41.228405 0.000000 
87.960854 74.445068 67.376045 60.189117 50.167126 0.019782 
88.466644 79.369095 72.465508 63.172192 45.639393 0.000000 
92.061127 83.552933 60.949219 63.192776 71.180939 0.000000 
87.435265 75.264565 78.507599 68.867371 64.254333 0.000000 
