87.408272 69.587387 66.844193 52.823601 45.225830 0.027976 
81.339790 73.249451 60.858253 52.929550 39.146515 0.027976 
87.727440 68.096146 55.638844 38.583984 30.116072 0.019782 
86.180550 69.873512 57.023472 40.357639 27.806412 0.000000 
87.483025 71.473099 67.529915 51.985600 31.717676 0.000000 
93.224846 70.274849 51.332916 31.960014 21.514580 0.000000 
90.291634 65.443985 66.809822 52.620033 30.605560 0.000000 
88.926208 62.687840 55.630276 48.806583 35.390240 0.019782 
83.450439 61.273392 54.667549 40.972389 31.771692 0.000000 
87.352486 64.750275 54.050335 55.154369 40.813251 0.000000 
91.975960 66.522919 48.172829 33.959091 26.413910 0.019782 
85.606979 56.632362 47.660408 44.869587 26.982555 0.000000 
87.804077 55.092617 49.053658 37.591820 30.057959 0.027976 
93.993698 63.234348 44.442146 42.402939 26.501942 0.000000 
86.839630 59.396465 51.291805 44.211933 23.872953 0.000000 
92.044609 63.127308 62.493702 44.571144 31.400652 0.000000 
90.816345 80.476357 91.089340 77.811813 51.391552 0.039565 
88.127754 56.566738 52.628330 41.436325 25.021860 0.027976 
86.942589 64.426071 54.447788 39.540253 38.961601 0.000000 
92.964470 59.593929 62.587208 52.610504 35.496456 0.000000 
89.464394 75.352928 63.872265 57.140224 38.675865 0.019782 
92.017822 67.901749 59.339172 59.009953 29.263697 0.000000 
78.183388 59.327553 43.069931 32.529144 22.164467 0.000000 
83.692558 66.961830 62.354687 60.699860 33.999878 0.000000 
94.115997 76.453079 62.489029 56.367203 33.539944 0.000000 
93.762726 57.006527 43.732738 37.376453 22.599573 0.000000 
89.227295 60.445248 52.088699 45.629509 24.889534 0.019782 
87.597359 59.605099 46.592381 34.831795 28.520571 0.019782 
90.098885 73.404228 58.673725 49.152348 33.732971 0.000000 
89.966843 54.334061 46.920113 47.515507 34.799431 0.000000 
89.443825 57.034042 54.213856 48.974686 45.363106 0.019782 
85.131584 61.553989 52.812355 46.693810 27.533529 0.000000 
90.972931 56.778831 47.244377 42.911362 29.513468 0.000000 
89.303787 63.014530 49.506332 38.138020 19.538195 0.019782 
85.902603 72.343353 59.158501 54.125141 49.081345 0.034264 
86.803116 55.885269 49.189514 41.732235 25.839701 0.000000 
89.809402 56.911983 51.589966 49.619480 42.100399 0.000000 
90.471275 51.627781 55.312786 52.547001 30.208986 0.000000 
92.075180 70.508179 62.344421 64.025238 48.711338 0.000000 
89.346649 56.494209 49.261173 38.643360 29.187841 0.019782 
85.658829 54.629524 37.429226 31.118431 20.835836 0.000000 
96.121880 68.676018 55.519188 57.686123 48.418255 0.000000 
88.751465 62.592896 58.751259 60.298672 39.734425 0.000000 
85.759148 79.617256 74.861557 55.175007 37.764347 0.000000 
88.832390 68.209244 63.832218 42.857494 20.040779 0.000000 
86.957130 70.347923 61.738346 60.797073 36.709881 0.000000 
90.243027 55.793812 53.174892 34.806030 24.776056 0.000000 
86.693939 54.005489 52.064106 44.865158 51.776451 0.000000 
89.490730 61.325466 62.569408 59.932369 39.615379 0.019782 
92.603394 55.633873 51.039459 38.006977 28.977882 0.000000 
87.119736 71.054260 57.295528 50.052029 30.723793 0.019782 
86.149071 73.564957 67.454010 49.389492 28.718922 0.000000 
79.756897 63.765591 53.236740 41.126049 28.286688 0.000000 
86.306129 62.562710 59.933704 47.025120 41.503502 0.000000 
90.398674 75.842949 60.676052 51.174622 34.637844 0.000000 
93.614685 54.913940 46.543140 41.742092 33.914421 0.000000 
91.498291 61.470703 52.030960 40.833641 35.252720 0.000000 
84.459045 66.070900 46.355198 38.257751 22.505571 0.000000 
84.773659 62.197475 50.408077 45.662418 37.675079 0.000000 
89.863693 63.423237 52.639893 40.285583 26.481823 0.000000 
81.877335 64.499062 53.152702 50.992439 32.956989 0.027976 
91.151764 75.129524 64.619118 47.810787 24.094053 0.000000 
88.828773 67.591232 58.745403 44.906124 30.417830 0.000000 
86.207016 81.528946 58.095428 44.643673 36.492573 0.000000 
90.671974 58.171707 55.440010 52.656109 29.216860 0.000000 
81.232529 56.441582 46.620537 42.662376 19.494770 0.000000 
92.805458 65.467453 56.791618 47.139732 27.199667 0.027976 
91.470726 64.991898 49.898254 42.950729 29.194330 0.000000 
88.573860 65.201378 51.641167 39.010616 24.334797 0.000000 
81.285095 58.834511 46.619148 51.183178 42.185822 0.019782 
84.062187 48.832088 38.977974 34.731224 30.887032 0.000000 
80.790031 57.315147 53.045177 43.963898 20.956421 0.019782 
88.447685 72.244133 68.473511 48.518749 27.148647 0.019782 
90.981644 63.513542 61.264965 63.098473 51.659611 0.000000 
88.902756 58.825699 57.901573 47.758377 30.560694 0.034264 
86.455078 67.551239 48.940781 41.718227 26.560522 0.000000 
82.700020 63.854404 64.201088 56.018127 57.098942 0.000000 
89.272835 79.531334 76.864632 48.596260 30.717432 0.000000 
91.658653 57.644157 51.506981 43.731602 27.267323 0.000000 
91.574501 53.783043 43.038971 41.857544 35.490646 0.000000 
93.781685 66.613060 66.073822 69.651146 49.037560 0.000000 
87.908562 58.796955 53.100193 43.839146 30.281240 0.000000 
89.324112 67.862938 59.002510 61.022713 40.140285 0.000000 
93.192970 62.794224 63.194908 44.688915 28.047989 0.019782 
86.869751 66.794945 58.331776 53.238552 35.131653 0.000000 
87.839607 51.578075 46.537426 33.327271 31.218832 0.000000 
87.231888 73.123711 67.154953 56.605049 30.740128 0.000000 
93.383614 64.383400 61.434135 54.272125 38.848122 0.000000 
88.893784 66.258324 59.679882 43.598907 24.941944 0.027976 
88.171562 70.687218 69.569084 51.810169 28.326012 0.000000 
89.949524 55.366215 57.483730 48.045086 36.539032 0.000000 
94.258354 72.211365 65.089333 43.557522 23.030273 0.000000 
88.095421 65.853699 57.081375 51.250244 30.869673 0.000000 
92.026871 73.378571 63.796288 54.144909 39.373272 0.000000 
91.379089 47.493038 39.970432 45.602947 31.603071 0.019782 
94.023933 71.731537 73.128410 70.935730 56.690781 0.000000 
93.372559 58.405220 53.888062 42.919125 31.192772 0.000000 
90.241898 61.006184 51.772976 44.898685 36.435158 0.000000 
86.981232 58.331314 53.313164 43.117016 32.966949 0.000000 
81.535500 58.826130 61.299809 54.078407 37.682362 0.000000 
