0.263757 
0.519554 
0.251822 
0.489815 
0.264457 
0.308184 
0.602174 
0.292344 
0.292188 
0.380576 
0.311857 
0.525130 
0.149586 
0.374078 
0.401343 
0.479804 
0.637047 
0.681604 
0.461268 
0.429969 
0.365962 
0.262380 
0.126314 
0.377598 
0.235866 
0.198527 
0.286533 
0.454430 
0.455745 
0.325506 
0.200923 
0.511749 
0.266427 
0.591683 
0.635669 
0.330160 
0.395594 
0.191157 
0.519276 
0.351042 
0.328280 
0.294245 
0.413204 
0.491451 
0.415875 
0.527836 
0.194614 
0.274163 
0.200189 
0.375547 
