88.849228 73.537453 73.853287 69.551949 33.497524 0.000000 
86.316689 71.878983 81.374573 69.715080 32.726368 0.027976 
83.250214 87.525871 72.176003 54.877697 29.292870 0.000000 
85.077805 72.425430 79.425987 69.125969 47.466362 0.000000 
88.440796 73.862732 79.615654 64.702797 28.626762 0.000000 
86.115082 71.354156 76.343559 84.871048 33.125702 0.019782 
86.643555 81.923073 87.241531 68.386642 42.277393 0.019782 
89.386635 64.525589 65.323814 54.778313 42.047447 0.000000 
91.459457 65.622322 78.218346 69.446312 38.359306 0.000000 
88.292732 72.654213 73.669548 67.594330 30.782698 0.027976 
91.471870 69.414253 66.072845 61.869087 42.407963 0.019782 
89.698959 87.138374 90.871765 68.650909 52.348660 0.000000 
88.255821 85.790611 84.257172 79.142136 57.991360 0.027976 
86.996017 80.589767 78.753189 59.709145 41.662205 0.000000 
89.634109 78.817070 84.751999 56.069149 40.768456 0.000000 
90.316124 79.043907 67.840698 66.374100 47.886799 0.027976 
90.220963 79.714836 89.603531 55.954826 41.255619 0.000000 
87.496048 85.756203 79.578506 71.316772 32.523712 0.000000 
91.152359 82.513542 83.399811 77.328087 59.794136 0.000000 
89.871239 69.144409 67.877464 67.571815 53.125832 0.000000 
90.581268 66.969353 61.357693 56.951439 38.644993 0.000000 
94.011734 74.428284 68.863762 60.453114 36.326977 0.039565 
95.000984 75.273186 70.150192 47.195118 38.844173 0.039565 
88.570763 85.105225 74.370323 59.835979 47.563629 0.000000 
89.948204 75.949883 74.539070 67.515739 43.958401 0.000000 
87.762474 68.227425 73.606483 71.816978 38.062851 0.000000 
91.553070 82.907654 63.587299 52.814899 33.365326 0.000000 
92.625488 82.471634 73.426186 67.927513 53.390133 0.000000 
88.677246 81.116646 71.143822 65.632309 52.381603 0.000000 
89.870705 70.977188 87.050545 67.124199 30.607450 0.000000 
92.295853 83.146606 79.364967 61.336243 38.964645 0.000000 
90.606331 77.890602 63.983879 49.247791 26.954752 0.019782 
88.479576 71.358368 66.112442 61.826645 44.174492 0.019782 
90.923798 82.852898 73.852280 59.216290 28.840673 0.000000 
97.179276 89.307114 73.602806 81.283180 50.833149 0.019782 
94.973114 97.814514 95.095444 90.469643 46.700462 0.000000 
90.126892 92.330589 72.410210 78.242462 67.606544 0.000000 
93.852097 71.449402 80.349045 64.857368 24.494717 0.000000 
88.678169 80.084663 74.030800 68.376122 52.354538 0.000000 
87.524910 77.872475 66.187508 76.688332 40.846516 0.034264 
88.854355 74.303764 67.441154 66.693375 33.125778 0.000000 
87.270004 89.068901 87.664986 75.696587 34.219242 0.000000 
92.006065 83.547539 79.292870 62.011726 39.661526 0.019782 
85.061356 80.822327 69.631462 60.312119 29.256577 0.000000 
89.762901 80.287231 76.125343 51.335194 31.755781 0.000000 
87.336998 97.279434 87.213570 81.185722 44.707539 0.000000 
87.178337 66.820778 68.963951 59.710110 49.810509 0.000000 
90.875801 81.031784 81.022926 47.685940 39.186058 0.027976 
89.644623 78.526947 65.210335 69.082390 75.001610 0.000000 
93.350517 70.740158 66.895264 47.544891 42.559864 0.000000 
