1.638432 
2.592313 
1.972535 
2.758233 
1.384856 
2.021638 
2.196828 
1.300569 
1.595327 
1.133355 
1.411510 
1.479171 
1.420400 
1.634467 
1.625230 
2.249365 
3.622853 
1.758363 
2.045751 
2.381035 
2.423790 
1.946536 
1.912943 
1.914289 
2.394690 
1.961579 
2.738414 
0.750237 
2.075648 
1.553297 
0.658012 
0.740754 
3.105406 
0.613333 
1.335360 
1.999880 
1.723560 
1.301978 
3.570954 
1.027673 
1.944587 
1.231100 
3.054700 
1.615126 
2.744480 
1.207187 
2.011538 
1.836900 
1.579993 
2.119266 
