92.329163 79.805626 87.382683 102.588150 70.941162 0.019782 
88.599388 106.215843 117.490829 119.418724 113.066475 0.027976 
89.425491 85.888374 94.944923 97.090385 96.830643 0.000000 
85.853081 102.717552 91.251984 83.541451 83.024704 0.000000 
92.402527 78.203117 77.563995 76.192703 84.039467 0.000000 
88.597687 97.025963 100.508629 93.769058 88.840431 0.000000 
86.641388 119.168892 121.213776 114.371758 107.452179 0.000000 
86.096527 77.669937 84.464645 82.091454 85.271805 0.027976 
89.095634 103.476982 100.811073 104.011597 108.391281 0.019782 
89.740189 85.520859 90.083786 81.601044 71.013885 0.019782 
90.538177 98.842056 80.013367 84.665451 66.798622 0.019782 
95.322212 83.302269 85.839096 80.087593 72.811577 0.000000 
87.212585 99.839645 92.320343 97.348412 60.379826 0.000000 
92.841721 81.428040 65.872429 73.337769 56.571911 0.034264 
93.329262 95.390060 109.494049 115.148323 100.385857 0.000000 
89.687271 79.808281 82.309891 87.122688 46.899288 0.000000 
93.245850 67.381096 68.308479 80.517319 50.940342 0.000000 
92.879227 80.219727 80.945534 77.556740 58.646317 0.000000 
88.317688 124.136810 124.148407 127.508301 116.076790 0.000000 
86.669334 94.286018 82.111115 82.170601 59.330082 0.000000 
86.916626 95.415039 83.342422 76.367935 40.758350 0.000000 
92.376945 95.091240 78.968163 83.752022 81.036156 0.000000 
95.407967 82.581909 89.040054 68.411018 61.118969 0.000000 
86.654755 64.490181 70.819565 56.359539 58.254333 0.000000 
88.433693 75.872902 66.910080 67.816978 61.013218 0.019782 
91.438705 116.609482 114.927605 115.157669 101.505821 0.000000 
87.625893 83.326439 67.302437 70.741470 61.873028 0.000000 
88.391273 89.866318 90.542023 82.048103 76.929260 0.000000 
86.011467 81.418350 85.454521 62.318970 53.911480 0.019782 
89.696754 62.987343 72.628571 63.349659 66.491699 0.019782 
90.161659 94.976013 81.783531 82.786957 55.813499 0.000000 
90.838158 75.587540 59.883518 57.543564 39.960480 0.000000 
91.429024 73.289490 62.745682 67.283791 58.509876 0.000000 
89.167473 97.080315 99.487152 104.740120 98.128250 0.019782 
91.318214 73.664871 92.783821 84.748009 77.338654 0.019782 
87.246513 84.754616 76.862045 80.214401 76.430542 0.000000 
91.757584 70.615143 73.020210 56.907104 36.551952 0.000000 
95.088684 106.170631 98.858803 90.919624 66.790939 0.000000 
83.884636 86.703918 87.008148 84.380928 65.063194 0.019782 
88.321983 98.951553 97.637932 98.410225 95.908653 0.000000 
87.350777 95.721954 98.046021 100.796288 73.295876 0.000000 
89.186584 91.851547 89.070641 96.350952 62.879566 0.019782 
89.778061 81.502327 78.340958 76.640694 63.039257 0.019782 
92.730339 97.309158 99.491707 76.933586 73.983917 0.000000 
89.767502 86.823029 98.713715 87.183647 71.260017 0.000000 
90.023796 86.545166 71.335938 71.877594 52.836437 0.000000 
91.773605 86.030418 89.245995 83.760117 57.756142 0.000000 
88.475677 96.910995 91.223465 103.070236 99.130699 0.000000 
93.399712 83.879532 93.205544 97.675056 93.505447 0.019782 
85.794830 94.134583 102.480255 105.479713 58.880051 0.000000 
90.840057 91.934563 84.496742 90.942162 44.500755 0.019782 
86.610786 112.932465 108.890602 114.021515 101.583458 0.000000 
89.230072 102.875717 105.027550 95.723824 91.130295 0.000000 
90.902901 119.298866 119.924156 115.294586 100.275955 0.000000 
91.695732 98.671028 105.730194 105.181190 109.550812 0.000000 
90.411514 95.877792 95.101067 84.506805 79.056046 0.000000 
89.993111 89.681152 80.595284 80.428978 61.733757 0.034264 
93.633598 123.333290 127.138191 120.854317 113.119247 0.000000 
83.052437 121.962677 134.945740 133.005234 127.501869 0.027976 
93.063087 122.713165 124.998184 108.136055 107.803589 0.000000 
88.562683 115.628723 109.757454 97.608238 85.740364 0.000000 
89.936607 124.100662 118.280991 134.653397 124.744682 0.000000 
88.076057 98.863419 96.907959 107.951088 100.674133 0.000000 
89.082451 95.171463 84.942680 70.683182 61.351257 0.000000 
92.649300 104.994080 103.994629 105.167664 111.732086 0.019782 
89.458405 103.655807 109.797569 113.248306 98.672150 0.019782 
90.114662 80.130302 85.753876 81.274696 82.391647 0.000000 
87.903038 82.370461 65.330994 69.283485 76.709579 0.019782 
87.860367 99.093773 96.857224 117.104897 115.229294 0.000000 
88.493835 91.446732 85.471893 71.608109 69.733864 0.000000 
88.203690 97.461639 81.785721 88.595543 83.811852 0.000000 
89.309547 97.973732 90.073990 82.929642 82.343185 0.000000 
90.227776 85.221069 88.885071 90.310005 63.451729 0.034264 
86.591553 91.262794 77.298981 78.061119 34.325832 0.000000 
92.403343 91.582153 91.834419 91.504997 79.816635 0.000000 
89.927490 80.131104 76.715752 81.913589 52.462032 0.000000 
87.373192 99.942940 89.668785 96.024048 87.018654 0.000000 
91.464539 95.805695 91.281639 80.181992 77.595718 0.000000 
90.205658 87.933449 85.391502 69.792671 61.749020 0.000000 
91.072021 79.728607 94.080986 90.058922 67.691048 0.000000 
89.211830 67.157425 61.914917 45.801662 39.831364 0.000000 
92.813248 83.783882 87.929466 71.437973 55.311218 0.019782 
89.956558 93.272179 81.156212 87.234909 53.414684 0.000000 
90.677193 81.095787 69.048843 69.881790 55.827305 0.000000 
88.447449 94.235596 76.845306 77.036499 53.522137 0.000000 
91.385872 77.148689 75.968697 66.558640 51.098309 0.000000 
90.347374 82.119530 82.090981 79.161781 62.696640 0.000000 
85.748047 73.547554 87.375572 92.197342 66.286842 0.000000 
89.128166 86.342453 95.152504 91.055199 76.501465 0.019782 
93.163216 85.991402 88.265526 94.363571 75.539551 0.027976 
90.460152 80.972160 102.970139 109.275627 84.422203 0.000000 
85.004173 90.871880 63.105408 77.815392 71.647545 0.027976 
91.366707 76.989815 89.112396 96.008759 81.714561 0.000000 
94.189781 84.966896 100.226036 98.374199 80.419884 0.000000 
87.826889 85.015045 72.175407 81.878250 61.938560 0.000000 
91.796494 81.076691 78.293251 91.676819 59.865742 0.019782 
90.959633 82.559265 91.270721 87.171577 54.999977 0.000000 
87.536835 89.288895 80.323029 69.169594 56.827637 0.039565 
85.418289 79.943413 76.583824 91.890388 72.926430 0.000000 
87.766884 97.075089 87.062897 86.925476 87.805992 0.019782 
93.506729 87.489670 87.533951 68.877274 75.708115 0.000000 
88.279587 85.878021 74.406906 77.398674 62.919331 0.027976 
88.934647 91.756889 90.384430 102.096756 91.982056 0.027976 
93.411591 90.221268 81.233421 95.311104 84.197281 0.000000 
92.958885 84.735977 77.598198 75.495872 60.068001 0.000000 
90.003708 81.960770 92.412170 72.004059 68.935562 0.019782 
90.939415 86.003914 74.322929 73.254280 69.463585 0.000000 
88.639938 79.428589 65.853127 70.192314 61.314098 0.000000 
93.518219 83.811317 92.463966 93.499763 79.873405 0.019782 
86.768913 80.531570 69.040237 89.940742 66.775993 0.000000 
89.965637 77.503975 74.563911 74.886620 61.592266 0.000000 
91.347237 71.068077 72.470207 69.979347 44.758709 0.000000 
89.505516 93.242645 93.615807 88.998596 81.060112 0.000000 
92.615585 72.346375 73.964157 75.808609 66.222198 0.027976 
90.915482 74.610863 72.400894 78.523415 61.760323 0.000000 
84.395859 71.534279 77.848877 61.776180 57.228260 0.000000 
93.075211 90.418304 81.637421 93.028625 101.898552 0.000000 
89.172966 81.348007 92.780685 88.871391 78.769035 0.000000 
89.274994 81.502403 75.150337 68.824677 52.125103 0.000000 
85.705688 81.532303 75.256508 83.285805 59.752281 0.034264 
90.442543 99.101631 95.232628 99.838066 83.013008 0.019782 
86.167854 80.697029 87.518799 79.876595 79.173851 0.000000 
90.596603 85.708763 92.031158 79.263481 64.819672 0.034264 
88.289070 87.668800 81.460281 89.631714 77.268188 0.034264 
91.798416 84.467415 86.488632 81.213150 66.318451 0.000000 
89.374451 77.357506 73.269897 66.183632 73.057228 0.000000 
92.323349 76.862663 74.934845 84.826309 87.814468 0.039565 
93.236755 80.797432 77.903862 81.783005 57.286266 0.000000 
92.686279 75.473358 92.952751 81.314957 71.016930 0.027976 
85.803810 82.364922 95.195946 85.482170 85.152084 0.000000 
94.872643 78.099541 96.381302 78.680954 56.676205 0.019782 
86.581772 86.018616 80.472633 79.225952 97.170128 0.000000 
89.688820 85.606407 75.773247 55.817268 50.250328 0.000000 
87.069038 86.015823 82.394516 72.775093 45.269814 0.000000 
85.978577 77.656509 63.414299 63.595924 56.260830 0.000000 
85.731735 88.390556 94.085999 93.568504 84.158653 0.019782 
84.950539 74.197845 59.282459 71.202034 58.437431 0.000000 
94.655380 70.490662 66.195641 66.795013 41.027298 0.000000 
92.997337 76.251114 69.181770 72.929298 34.226013 0.000000 
91.371964 70.265419 56.991192 59.527573 63.703003 0.000000 
87.209221 72.427910 71.626579 74.426849 53.096935 0.039565 
85.901642 75.628304 86.810020 69.030334 53.795013 0.000000 
89.407677 85.922813 75.330505 74.137352 42.878315 0.000000 
91.678139 92.842056 102.257126 82.316284 70.119133 0.034264 
91.236412 71.142113 64.715675 66.453400 40.554966 0.019782 
94.696022 84.659470 85.584770 74.674019 49.510544 0.019782 
87.740150 81.445374 79.124283 86.211136 59.059071 0.044235 
87.012466 63.003208 61.231777 60.643768 39.676876 0.000000 
86.229340 77.776810 100.781891 74.145027 59.594273 0.039565 
88.846336 90.011276 77.993652 72.341354 36.779690 0.019782 
87.681808 75.349510 69.882591 66.260414 54.785431 0.019782 
91.399345 74.572617 73.650551 63.228100 60.018387 0.019782 
88.971870 82.647934 93.072617 63.463978 51.500500 0.000000 
92.742523 70.850929 72.933754 59.939640 51.500214 0.000000 
89.153778 79.888802 62.118984 61.647583 43.621307 0.000000 
90.722290 69.338921 69.223701 68.138893 65.401955 0.000000 
86.592506 65.208549 65.342003 63.378281 45.497231 0.000000 
90.889938 82.699310 85.683502 79.800987 58.915051 0.039565 
84.937973 97.777229 85.888924 89.874969 57.098167 0.027976 
87.105736 63.398308 59.044151 59.953812 57.056065 0.000000 
90.100365 77.320709 85.892647 73.621460 59.052883 0.000000 
89.555374 81.823509 76.680679 60.086731 51.310459 0.000000 
83.113373 87.723282 100.832932 93.190361 79.599724 0.019782 
89.701515 93.301903 93.974365 95.229485 77.663155 0.027976 
93.421616 77.006355 77.818527 54.078938 53.189911 0.000000 
86.786972 88.909111 77.124420 72.881317 84.018303 0.000000 
88.229744 96.029945 104.073708 103.803192 93.120697 0.000000 
88.382500 77.118713 65.734192 64.336159 51.000225 0.000000 
90.882637 88.903961 90.566734 102.928719 89.306671 0.027976 
90.711708 74.744240 65.960304 75.055649 46.219170 0.027976 
92.902664 75.457390 74.662811 77.219421 76.705650 0.000000 
88.665611 66.145653 56.777847 51.990864 47.761967 0.019782 
89.657738 73.934456 72.847931 63.850647 44.708565 0.000000 
91.158844 75.370003 76.037323 72.255348 62.215664 0.034264 
88.178802 72.547516 72.256554 77.371773 68.411423 0.000000 
92.319199 76.248230 74.828857 84.819458 53.147743 0.000000 
88.276909 70.482101 74.601349 87.956009 61.530582 0.000000 
92.669312 80.581696 70.232193 63.336536 55.939472 0.000000 
87.725777 81.751373 73.556419 77.725395 50.988853 0.034264 
87.956299 77.084473 60.244453 79.504349 53.344608 0.034264 
91.820297 88.716606 95.662918 89.577858 78.077263 0.000000 
91.014885 92.897308 85.552368 72.824974 47.772518 0.000000 
89.507927 89.824692 80.922722 91.072922 99.851608 0.000000 
89.784668 74.009308 76.778564 70.861267 57.846359 0.027976 
88.413071 90.575462 92.182793 86.307022 65.041702 0.000000 
91.923439 83.882492 83.849075 85.880135 71.179131 0.019782 
92.731125 79.571068 85.210449 71.054382 53.088177 0.000000 
90.412575 71.936165 70.580719 64.706726 62.089382 0.000000 
87.780342 98.510979 78.412231 77.330147 68.739258 0.000000 
90.723091 93.659088 98.698906 94.624733 91.095413 0.027976 
92.527863 81.990906 76.471779 81.539055 62.926205 0.019782 
89.334274 73.399315 71.878525 76.775887 68.947823 0.019782 
89.423988 80.137825 80.813728 64.630714 35.733067 0.000000 
95.858170 73.026741 76.887016 68.881775 41.961304 0.019782 
92.032951 75.995445 75.083443 71.733780 73.846825 0.019782 
87.151299 80.123482 86.609337 79.788956 55.347260 0.027976 
89.051956 84.453323 79.866989 80.382408 57.630989 0.000000 
90.986115 66.609451 54.662659 54.333004 57.350147 0.000000 
90.714622 77.766701 63.402596 66.529968 73.403687 0.019782 
88.758484 77.189201 85.724701 83.903610 79.157356 0.000000 
92.556015 80.798279 83.134422 75.249367 56.123672 0.000000 
89.192001 86.229950 73.136147 89.318474 73.391266 0.027976 
89.442207 81.140549 93.935211 82.259964 64.077812 0.027976 
89.938049 85.095177 83.877640 90.846169 65.657349 0.000000 
90.661469 94.085068 80.525566 63.214691 50.161304 0.000000 
90.135735 89.089958 88.530418 88.806046 64.462173 0.039565 
87.390106 63.891888 74.484383 59.553593 56.835850 0.000000 
88.238968 89.172264 96.181244 85.142982 85.330933 0.000000 
84.883621 86.151703 84.441017 83.893478 81.186195 0.027976 
88.840508 91.802353 76.127281 82.710533 50.594135 0.000000 
89.388268 124.186501 112.204079 117.333443 123.020996 0.000000 
87.919189 74.853340 71.778717 69.184860 59.402550 0.000000 
86.770363 63.204395 73.805420 76.171295 60.434345 0.019782 
86.217171 81.140976 80.957405 86.672241 50.993134 0.000000 
94.889999 89.354164 79.886368 74.193825 70.209160 0.000000 
89.345512 109.184540 107.707726 101.462212 100.445473 0.000000 
88.873878 79.882675 66.001984 84.141335 52.295055 0.000000 
90.338806 82.404778 81.810822 87.110558 88.651367 0.019782 
89.113503 99.266617 84.952194 75.724007 86.535736 0.000000 
90.245178 76.351151 80.981094 78.460655 69.783684 0.027976 
88.791199 95.708740 107.400284 100.678795 98.475220 0.000000 
90.544434 100.728424 118.440102 110.540260 100.315178 0.000000 
86.217590 90.000038 108.379578 100.307930 95.067848 0.019782 
88.981323 96.733292 91.061172 100.585510 98.898384 0.019782 
87.871849 111.933464 105.785461 91.209488 72.170891 0.027976 
89.578255 95.636826 93.667412 91.532333 74.985893 0.000000 
92.697121 99.925606 113.685364 102.529694 97.686646 0.000000 
91.342072 83.465485 75.712738 78.595963 69.452316 0.000000 
92.324913 96.620956 83.064171 97.943176 96.917252 0.000000 
89.585052 104.101967 98.359550 90.441223 107.659180 0.000000 
92.877541 76.175072 85.370880 86.738312 53.711681 0.000000 
88.548111 75.145508 70.603790 65.164932 83.725845 0.000000 
89.772606 81.672409 82.624626 88.911499 77.277611 0.000000 
88.536644 91.821877 84.514000 84.352585 80.675888 0.000000 
88.954590 68.894356 70.779144 71.950356 76.614677 0.019782 
91.664772 70.972443 69.433861 66.794571 66.714462 0.000000 
86.595322 76.754410 84.950066 80.356247 77.495399 0.000000 
89.527016 73.734650 82.288307 80.710258 57.874500 0.000000 
88.902138 68.123772 68.226280 80.211143 67.694847 0.000000 
88.049324 103.150620 103.893005 127.778069 104.882774 0.027976 
90.204750 78.318268 79.021957 74.759201 65.862358 0.034264 
89.020676 97.611229 90.379311 100.349823 84.973633 0.000000 
90.437134 70.195122 84.035805 70.141632 63.271168 0.019782 
92.563370 67.144104 58.158199 57.180851 59.284435 0.027976 
93.951797 57.905296 58.367706 51.272499 60.303665 0.019782 
89.830353 73.842033 61.479782 83.352592 89.448463 0.019782 
87.216217 69.988098 79.282700 77.243492 70.099693 0.000000 
90.631454 79.447128 82.667488 87.364502 90.542671 0.000000 
86.397644 64.578468 65.241867 66.191681 76.146629 0.019782 
94.590889 71.335533 71.806198 78.807152 80.549271 0.034264 
93.646439 80.562820 92.829079 93.323326 89.591202 0.027976 
90.466591 79.412270 85.625336 88.929726 82.688286 0.019782 
89.519020 80.106453 78.499313 68.992035 61.447468 0.000000 
89.446281 70.737000 78.266296 60.625427 57.257645 0.034264 
89.100952 87.915665 96.675148 89.721176 95.088654 0.027976 
84.957047 78.101135 75.666794 85.093811 83.169205 0.000000 
88.049225 85.131950 83.685799 84.397919 75.769234 0.000000 
90.655830 58.614754 59.324535 51.406082 56.653072 0.019782 
93.521843 85.834473 82.332535 89.734718 72.601212 0.019782 
89.876251 65.897743 62.342804 61.023712 56.056511 0.019782 
87.661514 63.437328 62.966404 74.634071 72.247719 0.034264 
90.461349 72.841927 67.831772 72.693794 57.521049 0.000000 
85.905083 88.510834 94.990326 80.289467 49.065228 0.019782 
89.484619 74.037247 87.565880 85.346588 58.529144 0.000000 
93.320618 90.450142 94.470627 97.086548 64.439362 0.000000 
86.624672 86.614136 76.220665 84.092819 86.778580 0.000000 
92.802780 85.954124 78.571037 79.848457 65.699577 0.019782 
89.035217 92.972458 87.919098 101.923790 76.940414 0.027976 
87.429466 93.152229 103.889687 104.779846 97.979973 0.000000 
91.619026 97.172226 108.367661 96.891060 89.581764 0.000000 
91.286705 88.865868 90.646156 93.006653 76.917633 0.019782 
90.875496 65.923553 80.718346 81.333969 87.528885 0.000000 
88.226280 93.141685 83.902107 92.194206 70.424545 0.034264 
89.198059 85.976051 97.424713 88.765343 86.066643 0.000000 
97.508430 97.257256 101.452599 103.264023 102.072906 0.019782 
88.944527 87.948013 83.091133 76.489464 67.875893 0.000000 
88.234756 86.725502 83.521461 77.692467 65.576561 0.019782 
87.068680 79.415413 89.558456 90.935966 66.356972 0.000000 
89.370186 81.522179 84.148735 79.520576 49.083332 0.027976 
84.953705 80.357803 75.516678 72.641335 60.144867 0.000000 
90.716927 73.477150 51.632431 55.940105 51.582108 0.000000 
86.473579 75.325874 81.350586 60.036362 43.631493 0.000000 
90.619049 83.330017 77.549904 71.295387 76.557228 0.027976 
91.343819 73.080933 90.031647 64.957924 48.836784 0.000000 
86.306885 67.622719 77.200165 66.811172 74.768517 0.019782 
89.064896 77.635864 70.378265 79.679634 59.930386 0.027976 
89.190506 78.847557 64.796082 71.614502 53.773037 0.034264 
87.941719 82.354027 80.533546 63.068893 64.603859 0.000000 
87.802330 81.548264 83.723412 86.124153 57.078655 0.000000 
88.314400 80.735641 76.968437 78.409393 60.219231 0.000000 
90.077217 80.330864 67.237442 67.716484 73.756096 0.000000 
89.031418 86.619919 88.617294 78.266281 79.344658 0.000000 
88.893387 81.103287 92.652893 77.158737 74.063362 0.027976 
87.849869 83.049149 65.397804 74.992767 55.183571 0.000000 
89.028816 94.687042 89.409447 87.881615 60.092346 0.000000 
92.315323 84.322403 73.576332 91.192390 82.016586 0.000000 
84.782654 68.429352 63.394543 70.108353 57.833935 0.000000 
84.573189 102.405128 87.245232 93.529129 73.835609 0.019782 
91.510483 65.234093 77.634171 62.837120 43.211720 0.000000 
93.964935 71.463676 73.053368 70.032913 62.738010 0.000000 
83.795929 73.896957 82.078270 89.553291 57.892700 0.000000 
91.373344 89.342415 89.549629 94.850151 82.628731 0.000000 
89.351791 70.524635 69.160866 63.547173 69.823204 0.000000 
92.191856 70.841003 73.381470 84.375633 65.113266 0.019782 
90.629463 69.800880 74.722618 79.788277 73.170265 0.000000 
94.072586 75.871483 70.459709 71.831612 52.038532 0.000000 
90.150040 67.313507 61.940739 59.981480 55.832294 0.019782 
91.436859 69.492691 72.747276 68.679337 81.939781 0.000000 
88.288643 65.253731 60.798599 62.130234 66.680458 0.000000 
90.183174 85.375473 83.232895 97.415520 68.028214 0.034264 
88.091255 66.367882 60.763531 60.812603 54.712379 0.000000 
91.245331 88.085869 85.826340 65.516487 64.306610 0.027976 
86.743912 82.825493 81.794670 82.060570 59.857536 0.000000 
86.741898 75.922035 85.919373 91.086380 87.894089 0.000000 
89.581146 74.832794 73.669403 70.668900 46.405407 0.000000 
93.560768 64.529839 62.463333 60.922443 50.005917 0.019782 
89.163727 86.895477 86.854637 63.175491 61.169220 0.000000 
88.402634 78.597298 75.344116 58.890118 39.539970 0.019782 
89.784004 77.996834 62.874928 73.171921 64.033897 0.019782 
85.861931 78.569244 92.284607 78.691360 69.048325 0.000000 
92.151321 78.836075 64.478294 49.475323 40.665581 0.000000 
96.387085 75.127136 79.892448 76.191833 81.564819 0.019782 
91.239525 94.903297 82.821098 92.419785 62.494377 0.000000 
87.014717 62.770020 64.398247 65.332603 49.830257 0.034264 
87.015282 84.041969 90.533920 79.304535 64.676651 0.000000 
86.884178 62.187073 56.397926 57.319275 36.690842 0.000000 
92.765053 97.964905 87.245132 81.927086 68.965347 0.027976 
90.125687 76.169022 71.489876 82.010086 68.699608 0.000000 
88.044113 75.159904 85.187828 76.869583 50.473732 0.019782 
88.106384 69.212212 70.339279 64.842400 58.614803 0.000000 
87.886070 92.008270 91.493813 68.689774 45.539089 0.000000 
93.626099 82.689545 80.423576 70.464783 48.854435 0.019782 
84.924194 95.161064 85.534538 87.894760 71.467262 0.000000 
86.521072 94.016518 80.521141 93.972763 74.023918 0.019782 
90.696037 85.764977 85.722504 89.749603 81.193306 0.019782 
86.454033 67.348282 71.664085 59.271275 50.260098 0.000000 
83.953003 69.718811 63.234707 60.164268 52.358711 0.019782 
92.056686 78.062912 87.407906 84.784683 79.325272 0.000000 
90.342903 80.441513 85.217392 83.757896 57.036804 0.019782 
87.463295 65.125748 66.553467 57.812069 37.108681 0.000000 
92.818520 92.443352 79.572182 60.332260 37.274899 0.019782 
94.075760 70.228027 67.761421 62.990665 60.664112 0.019782 
87.236687 78.534111 75.379974 74.568497 48.469337 0.000000 
86.141991 68.827446 84.134651 71.012596 43.649704 0.000000 
90.396156 85.196274 75.985977 82.125580 65.991753 0.000000 
92.250343 75.049210 79.383507 78.046707 61.189064 0.027976 
91.088226 70.590500 79.093925 57.577698 26.351349 0.000000 
92.388878 95.566917 92.393883 91.709892 53.672718 0.000000 
88.541443 82.970840 70.164879 65.885658 31.317396 0.000000 
88.269180 89.024696 81.729248 81.451271 44.936630 0.027976 
92.679573 78.379341 75.766945 57.631229 49.531586 0.000000 
89.385704 95.460587 105.533096 99.343742 78.034157 0.034264 
87.152802 79.588806 71.323753 64.990585 45.503517 0.034264 
89.819756 90.228218 97.236198 94.202545 77.719460 0.000000 
87.174728 75.460007 83.697701 94.617165 67.965767 0.000000 
89.317780 61.629387 66.363686 63.435749 57.634335 0.000000 
91.866280 73.470116 82.140686 77.497185 64.972054 0.034264 
92.583000 82.414085 76.959869 78.071419 67.680687 0.034264 
89.615646 87.987411 70.255234 104.337807 64.212685 0.000000 
89.983856 74.134003 73.758476 62.507431 42.885281 0.000000 
84.320908 70.307434 49.453850 54.024067 45.121979 0.019782 
88.316612 94.586716 97.475792 96.965515 79.808243 0.034264 
91.695312 87.532806 75.618134 93.014076 71.180916 0.000000 
89.975113 86.877068 85.661018 82.150597 56.216251 0.000000 
89.470039 84.600304 84.124283 76.294006 50.889999 0.019782 
90.110611 89.022957 96.527550 88.461807 86.514198 0.027976 
90.632637 82.589699 74.384239 59.924786 49.116871 0.019782 
90.416389 83.729767 79.398758 65.319000 47.187138 0.019782 
87.278625 79.245453 85.017860 86.984146 54.778625 0.019782 
88.181305 74.071526 66.457260 67.911514 46.215881 0.000000 
89.308167 86.003357 74.744057 86.306931 74.178947 0.000000 
85.143814 80.199684 83.868675 72.164589 42.818459 0.034264 
86.784660 70.894974 80.864777 68.067734 47.766113 0.000000 
89.310455 78.356163 73.035027 67.747894 57.462780 0.019782 
95.184814 97.293739 70.890015 74.123825 61.892227 0.000000 
88.867699 79.391762 70.471832 74.581291 67.754341 0.000000 
94.499580 79.395363 73.509933 65.862495 50.148998 0.000000 
91.133202 89.909134 99.897095 105.750198 90.790421 0.000000 
90.606155 77.493103 80.381416 83.035530 69.660027 0.000000 
87.953453 92.784721 91.243721 102.452232 66.082954 0.000000 
93.164017 79.895897 83.395226 86.649879 76.474373 0.000000 
88.733871 76.650177 68.586861 61.045769 38.191189 0.000000 
92.387108 71.656540 73.711670 72.116104 39.172104 0.027976 
85.957443 70.169334 73.866684 70.825851 54.280949 0.000000 
90.742767 77.661125 89.069618 98.786118 58.395378 0.000000 
88.885277 90.833412 97.190056 109.207390 94.496948 0.000000 
87.476105 88.043182 80.228981 63.292519 51.696194 0.000000 
86.866287 75.109940 82.571671 58.450962 47.847420 0.019782 
94.127129 93.113876 98.412865 100.203316 93.224968 0.019782 
88.635780 101.965317 106.585999 106.314682 100.351250 0.000000 
88.469299 77.664421 74.312744 62.304604 48.525948 0.000000 
89.149330 79.968956 80.606667 70.167152 55.602886 0.000000 
91.363747 93.790886 101.584129 86.064819 84.052071 0.027976 
90.372543 76.958466 77.204399 70.431931 51.746326 0.019782 
88.935913 82.330315 88.396034 57.617218 39.488293 0.000000 
89.304298 111.154068 119.852646 111.204765 114.497902 0.000000 
90.132294 85.419029 92.685905 87.222893 76.150429 0.000000 
91.493561 89.471794 88.289139 61.571785 63.788288 0.000000 
85.696938 79.059219 65.012062 68.249062 61.719456 0.000000 
88.107178 91.906151 101.562630 101.019707 111.244431 0.000000 
90.700500 105.201256 101.704506 107.793137 97.397362 0.027976 
89.528320 82.340752 79.063606 68.806725 65.871101 0.000000 
88.343376 82.013374 79.188866 94.979370 69.275841 0.000000 
90.540184 83.134216 80.225174 78.830734 63.647198 0.019782 
90.463379 86.434059 93.215355 87.430809 62.058769 0.000000 
93.878281 85.810699 90.824608 95.357986 90.031403 0.000000 
86.493431 71.821709 69.808174 64.032883 63.646500 0.019782 
90.465508 83.666496 92.815506 94.230728 51.900597 0.027976 
91.527802 85.152702 84.225357 74.472244 77.056000 0.000000 
90.284386 87.498718 87.235847 96.219864 85.269989 0.000000 
90.643562 66.117813 59.416702 56.555027 49.369854 0.000000 
85.271126 53.580494 58.621716 50.902882 41.983139 0.027976 
84.695709 68.855377 76.579521 82.035896 82.376541 0.000000 
91.466545 57.328796 57.437325 43.630047 31.570232 0.000000 
88.594078 80.674995 74.620384 66.438194 38.386879 0.027976 
90.794617 85.054192 96.679832 81.975777 76.930962 0.000000 
89.980843 77.646332 87.094566 82.613052 64.930534 0.000000 
88.550041 72.518013 59.675495 68.203125 51.049191 0.000000 
89.251671 74.261192 71.714874 66.646133 62.990368 0.034264 
89.792229 90.604935 65.891541 68.013535 33.268906 0.000000 
91.773743 84.909302 75.552849 83.579643 66.272514 0.000000 
86.993340 69.855949 75.921341 76.812111 50.634174 0.000000 
89.340233 86.074310 95.237129 89.457413 72.352737 0.019782 
91.749092 83.886299 75.914322 66.797729 52.405605 0.000000 
88.600517 88.769043 94.022957 71.995026 58.949245 0.000000 
95.406120 86.064171 85.917465 89.484192 73.283943 0.000000 
92.602303 75.108452 69.763184 61.281109 62.817902 0.000000 
91.948318 86.872406 80.862144 67.727730 48.667538 0.027976 
91.010147 93.185013 89.123474 66.251976 48.408752 0.000000 
89.439995 67.262474 55.244370 55.592773 48.094269 0.039565 
90.267754 72.121521 88.073868 83.411018 50.281628 0.000000 
90.868248 64.909843 61.830959 63.636662 35.473572 0.039565 
89.426605 68.887436 73.517395 74.243813 45.575974 0.034264 
90.835258 91.594582 89.477539 77.078308 53.280693 0.000000 
89.928986 87.315186 80.583351 77.032837 40.183086 0.027976 
86.829735 70.553520 70.890709 68.028664 48.206879 0.000000 
88.401230 75.088654 83.195389 76.511665 53.573273 0.000000 
91.861610 76.276215 73.494141 59.054276 32.728397 0.000000 
88.793427 78.724266 83.189926 71.682938 37.473694 0.019782 
90.024902 68.004219 68.201164 53.706310 29.419636 0.027976 
93.088112 78.423431 76.794052 68.102341 43.318245 0.034264 
90.518486 79.890327 77.231087 87.404114 63.101246 0.027976 
89.036804 73.451584 84.571350 76.681625 46.618420 0.027976 
88.517166 57.873627 58.198811 68.172607 35.542099 0.019782 
90.876091 79.106110 94.624428 66.931381 49.978127 0.019782 
93.624367 92.925529 91.531174 64.931686 54.205383 0.000000 
91.704865 79.855354 72.101227 89.513443 62.869061 0.000000 
92.817352 83.077507 74.679794 70.058098 42.847939 0.019782 
93.743492 87.078629 74.214684 62.649570 47.245586 0.000000 
84.197205 89.138725 76.281563 94.016701 56.694046 0.000000 
89.661583 87.600250 84.943237 82.720932 65.984291 0.000000 
89.348633 68.802299 70.130028 67.285606 47.959358 0.000000 
92.073578 72.902138 65.680260 62.137806 49.271996 0.027976 
90.313667 77.000061 78.860092 86.888664 45.184555 0.027976 
87.194901 79.411583 73.033737 65.685982 41.938976 0.000000 
91.378044 86.173035 81.579948 72.697502 47.042606 0.000000 
85.740089 84.491211 73.774902 70.771057 49.033215 0.000000 
90.232201 71.695541 68.478012 58.205925 57.460098 0.019782 
86.710686 78.589607 76.932106 82.268013 60.780403 0.000000 
93.852112 69.730270 62.211220 77.584724 70.370834 0.027976 
86.140976 67.999306 64.501709 64.501831 48.526112 0.000000 
90.376312 79.652176 80.777824 64.712814 45.557121 0.019782 
86.188103 71.162750 77.869789 54.073914 53.551746 0.000000 
89.977325 85.232033 78.628807 67.567841 64.491333 0.000000 
91.925087 78.995415 82.093727 79.096436 52.989986 0.000000 
89.562553 62.771095 68.180214 63.722271 49.408897 0.000000 
89.312248 76.026772 64.034645 64.098808 54.994858 0.000000 
91.367493 74.509216 70.826027 73.874931 72.008675 0.000000 
90.902664 72.426888 94.934776 88.723099 77.878944 0.000000 
88.510399 84.185936 88.021744 81.951881 65.244774 0.000000 
86.815338 89.417198 102.879417 90.068855 38.728439 0.019782 
90.830475 87.399742 74.136780 83.030785 60.450676 0.027976 
91.047035 89.636513 88.518318 64.409409 40.751129 0.000000 
91.081657 79.679756 63.622925 63.276974 40.617416 0.000000 
87.587303 80.668488 80.668442 59.552509 46.590569 0.027976 
90.720413 83.550278 76.127800 71.435776 67.596664 0.027976 
87.137299 75.837029 72.496063 67.216827 43.079922 0.000000 
88.994331 72.475021 71.498154 54.997536 36.714016 0.027976 
89.425850 81.166374 95.045303 91.467506 81.866386 0.039565 
87.872932 80.744759 81.041664 83.555489 70.508018 0.000000 
93.436798 77.555992 90.143135 86.588219 72.593048 0.000000 
87.609177 83.412674 79.069077 74.846107 39.712921 0.000000 
91.592178 77.877113 72.732872 65.819176 55.736500 0.000000 
89.796112 73.737488 67.482391 62.278797 51.148956 0.000000 
88.267540 100.846588 103.377739 100.010132 84.922165 0.019782 
91.608269 72.657364 66.062645 70.723808 66.197685 0.044235 
88.380455 80.726204 88.992928 82.448555 78.642670 0.034264 
94.800407 90.040115 78.788521 65.278000 54.537819 0.027976 
89.911682 71.627045 67.464630 72.680183 69.451912 0.000000 
91.818878 82.222679 80.451286 84.641121 55.553806 0.000000 
86.563530 72.272072 64.670403 65.282280 51.483459 0.027976 
86.467056 75.564934 62.833530 50.078178 48.748272 0.000000 
93.051651 71.585930 82.199554 65.543571 55.358967 0.000000 
90.111809 89.912537 98.549263 97.957893 86.790466 0.000000 
86.880356 74.080963 72.153847 60.830006 40.906826 0.034264 
91.739182 80.547943 93.874321 87.007240 63.992821 0.027976 
88.356583 68.055161 82.057098 83.116302 73.318199 0.019782 
89.176125 81.076286 77.455643 92.644592 74.527939 0.000000 
92.257492 81.613571 87.072990 69.979401 33.712883 0.000000 
91.432014 101.790482 103.128281 83.607185 67.868362 0.000000 
