245.337631 160.661499 114.101479 70.372215 409745.468750 
453.267395 355.827118 275.856628 289.069458 939559.500000 
251.836288 139.052338 96.249634 63.215714 587303.062500 
303.653595 170.114349 101.690086 56.385452 598019.375000 
224.352280 134.844284 82.070839 62.211090 399264.468750 
315.679932 181.961563 116.847618 64.894119 580158.625000 
402.028870 298.062286 193.302933 115.696800 1022506.937500 
522.298279 307.258942 193.192307 140.493790 953275.000000 
644.003296 330.596741 387.940277 327.934265 926548.875000 
533.668152 310.428192 231.223465 199.759430 1004686.500000 
419.915985 355.034790 253.979553 162.179291 775908.000000 
288.951630 159.655182 99.960426 58.717625 537796.437500 
422.623627 259.560638 221.052322 157.500259 913290.437500 
343.280701 225.549713 184.779282 60.624081 605597.250000 
249.943787 138.151077 85.122841 58.602840 544012.562500 
385.536835 240.513397 180.686554 155.215866 675098.750000 
307.737335 185.722260 117.990822 78.851303 723015.750000 
297.218445 189.134735 115.687569 63.769474 757494.500000 
432.201782 259.493408 162.379776 83.990562 720732.062500 
403.623749 295.341003 243.509705 155.568985 745834.875000 
456.196899 365.172943 247.024780 150.192886 772264.125000 
416.391052 286.582550 235.736359 166.920334 1040733.562500 
295.263824 197.779175 135.280579 88.496956 637651.562500 
424.886536 249.692444 168.170715 118.566101 886382.625000 
329.563263 290.798157 187.830811 121.084816 624215.250000 
268.103577 165.180557 97.557426 65.730736 552149.875000 
307.648682 200.759384 116.465965 73.824074 600846.187500 
277.692810 139.341003 83.600792 59.720474 413189.781250 
269.000214 155.987823 83.428680 54.302113 445213.687500 
302.046997 171.106400 100.003395 73.723724 904899.062500 
238.442062 145.148193 92.441780 67.976799 523416.312500 
340.451447 214.570404 117.468513 94.817314 835640.250000 
435.425262 271.958893 159.037460 112.251183 880714.750000 
485.685883 473.230865 196.599503 517.359558 953890.687500 
531.119507 356.880157 275.605865 218.860458 802877.937500 
479.320221 346.451111 347.346466 404.381439 910613.125000 
476.132111 339.470764 262.434265 209.534439 701786.937500 
306.191925 233.281387 169.047012 70.032394 807713.937500 
287.800812 152.304901 92.410614 64.848343 512863.687500 
398.899536 276.312439 225.027985 104.503128 717575.875000 
339.785339 279.159241 184.834305 113.777580 512646.906250 
520.365845 402.799530 257.803894 156.063095 825441.000000 
340.153015 284.160400 149.382339 102.480309 728671.187500 
304.763184 200.825821 138.891327 77.505058 493726.062500 
269.550507 186.554749 150.099182 112.960876 605432.250000 
548.645813 378.621643 257.073822 174.767273 750461.187500 
656.207092 306.459320 302.301178 169.486511 1135386.250000 
296.797821 165.536972 100.274445 63.222401 753355.687500 
381.555634 330.661530 279.776306 427.661560 958602.812500 
352.834229 303.936829 219.045364 190.832291 562755.250000 
