92.397881 89.405418 101.226067 84.479843 94.606209 0.019782 
89.625656 95.349113 84.365379 99.708885 86.420273 0.000000 
94.170937 97.495987 97.243698 87.902054 87.668022 0.019782 
92.240288 94.243942 85.531731 90.105843 86.406296 0.000000 
89.375435 77.871384 94.537544 89.384407 96.655785 0.027976 
88.356438 92.251358 78.887161 84.019577 92.676025 0.000000 
91.816322 96.118378 90.969040 94.541313 81.908257 0.000000 
90.681068 89.356873 86.752670 95.250694 83.744713 0.000000 
82.660347 90.296898 96.709396 86.629845 94.336273 0.034264 
95.772919 88.021210 88.739342 90.091080 91.969902 0.000000 
94.497406 93.488159 93.578247 88.333138 90.020973 0.000000 
96.416077 90.761520 92.843643 98.826218 99.830284 0.000000 
100.904449 89.828323 99.102112 91.981506 91.018547 0.000000 
89.590263 93.982330 84.265678 100.613953 97.169304 0.027976 
100.824577 91.463715 85.076912 93.192986 86.235100 0.000000 
118.010910 97.508949 88.711830 85.705360 95.484489 0.000000 
93.217300 89.681618 85.548180 80.427536 90.752304 0.039565 
118.586502 84.464897 93.614838 80.350891 89.735352 0.000000 
69.007187 83.374702 89.265808 82.442421 88.680740 0.000000 
55.232403 90.937912 85.584312 95.977379 91.492271 0.027976 
108.866806 92.048073 87.294609 89.847801 90.435608 0.000000 
116.780548 95.963013 94.508766 88.221321 88.503738 0.000000 
129.535980 103.322029 86.469345 87.870941 82.786682 0.027976 
74.609367 79.506180 95.280174 80.528389 83.295677 0.000000 
92.276688 77.400063 89.707306 95.173454 74.534904 0.000000 
124.181061 109.764160 95.300781 91.660469 93.577545 0.000000 
12.523377 21.588491 50.101845 73.323540 77.312729 0.000000 
51.393440 66.075844 75.598007 72.851669 77.546997 0.019782 
27.790354 23.909321 56.108913 81.330574 79.183807 0.019782 
7.842074 7.388597 17.402594 50.450294 74.194443 0.019782 
10.482988 10.428056 27.416037 59.545979 74.054039 0.000000 
13.399572 3.571770 9.620629 27.547285 57.863281 0.019782 
17.231941 8.403170 18.947329 42.738216 70.145477 0.044235 
6.197199 7.870981 19.299074 43.672470 77.650162 0.034264 
5.587564 7.984262 18.369148 39.200615 68.093407 0.019782 
15.551139 9.068153 16.718433 36.784870 62.369789 0.000000 
11.803917 10.530502 21.187565 46.272896 72.291542 0.027976 
10.265214 13.309589 26.000605 49.073547 76.365555 0.000000 
17.787333 10.647231 16.228945 35.205379 51.266308 0.000000 
38.899693 26.565500 44.255615 62.148098 72.347054 0.019782 
11.396305 15.103183 27.448679 47.486481 57.904469 0.019782 
22.497782 19.142599 26.305437 37.175064 58.180653 0.000000 
24.145456 19.044857 27.072197 46.509163 69.744377 0.000000 
23.628061 23.590439 34.642609 49.227577 62.410877 0.000000 
34.941147 40.132423 53.291531 67.455658 68.566391 0.000000 
63.289444 77.370750 85.811661 82.952179 87.432632 0.000000 
59.148663 58.559868 67.053772 76.205803 77.693489 0.027976 
133.935608 136.152023 120.382042 102.973091 96.336151 0.000000 
43.501709 52.136536 63.957859 82.116333 84.437172 0.019782 
55.464096 49.478470 52.596504 64.224998 71.505981 0.027976 
83.746544 95.901970 90.184845 89.838875 83.190880 0.000000 
77.433975 68.555038 69.999420 79.778542 94.153999 0.019782 
81.850258 76.797470 82.935196 88.077942 81.548309 0.000000 
103.465805 98.272171 95.760284 90.550201 104.679749 0.000000 
113.221336 109.522240 106.271217 103.106796 94.914940 0.000000 
65.112694 64.581749 64.531303 65.796539 69.889519 0.034264 
76.417252 87.648247 84.311356 88.555336 97.400452 0.000000 
85.894981 82.140762 84.171432 81.807076 82.346390 0.000000 
74.913147 89.664581 94.029655 86.736572 96.309319 0.000000 
90.209717 100.782310 94.872856 82.085724 92.127144 0.000000 
84.857956 80.061394 80.320786 79.278069 91.657402 0.000000 
67.982491 62.376431 61.345928 69.652687 83.002968 0.019782 
101.519402 98.547295 95.256592 100.579376 86.664314 0.000000 
99.282730 98.871101 97.131729 91.658447 104.858566 0.000000 
102.311165 103.385880 95.759865 85.717491 85.479469 0.027976 
117.405701 114.168121 115.390221 99.287170 95.239082 0.000000 
96.639717 92.421028 89.048759 79.423904 84.597961 0.019782 
99.800179 95.531906 92.701599 85.518250 101.369461 0.019782 
78.442810 71.829056 66.922714 75.627403 89.874298 0.000000 
90.170296 85.678032 78.194893 92.723389 87.344414 0.000000 
88.322021 91.539062 85.880913 86.144516 85.324356 0.000000 
80.620537 89.570221 95.569214 83.595840 90.717514 0.019782 
96.715240 95.966705 89.074448 75.140686 75.466743 0.000000 
93.090881 91.251427 94.384308 84.876465 84.857147 0.000000 
88.260712 78.692352 82.729805 85.973671 80.860298 0.000000 
96.791946 95.220734 93.583344 90.984428 77.345276 0.000000 
92.656075 86.900215 94.736938 93.797188 78.914856 0.000000 
88.612923 89.962433 87.070427 79.027412 87.729340 0.019782 
83.541916 98.472198 95.031914 94.621696 88.234268 0.000000 
95.399483 91.228485 83.343124 82.854706 80.717354 0.000000 
33.473507 45.357555 56.702225 67.471222 77.496529 0.000000 
93.283661 90.235069 98.141510 94.613571 95.048935 0.000000 
113.235901 104.256905 96.071068 94.211914 94.344574 0.000000 
77.112526 123.618141 76.089249 90.924637 41.665630 0.000000 
88.753716 95.255859 93.456177 93.372223 86.395401 0.000000 
80.160599 86.540474 79.950043 97.188667 78.745102 0.000000 
20.849800 3.224826 7.039490 19.102757 10.902553 0.000000 
88.744225 93.440018 82.576874 86.069931 84.262444 0.000000 
83.907623 89.495399 87.182709 102.879807 89.858406 0.000000 
109.247505 101.873863 95.148331 71.340797 79.720741 0.000000 
62.969971 68.084015 77.160088 90.007607 83.223564 0.000000 
73.242661 81.308220 79.318306 78.120567 77.489792 0.000000 
77.470505 88.213249 93.094856 83.033363 81.154198 0.019782 
62.392925 54.461555 62.175652 73.503662 78.373413 0.000000 
84.585121 87.736504 87.106010 85.195335 109.946999 0.019782 
130.722488 120.432678 113.017944 87.189095 91.817238 0.019782 
94.800041 96.718925 89.394890 84.919525 83.849907 0.000000 
49.779144 43.147625 54.898575 80.137108 93.677582 0.000000 
44.084126 42.899288 47.314125 61.279434 68.290230 0.000000 
51.901848 74.055641 96.477715 89.051666 74.779060 0.000000 
83.724838 71.002945 83.056305 90.507584 90.860786 0.019782 
44.699234 36.078671 44.170925 51.820568 68.949265 0.027976 
93.691017 96.005028 91.314575 91.095596 88.706108 0.019782 
75.907082 80.329391 74.581940 95.149422 87.344940 0.000000 
44.477345 42.456577 57.608490 63.833878 70.780891 0.027976 
72.448082 57.540531 68.075394 82.514091 82.467484 0.000000 
97.483963 91.015984 85.869461 88.798195 83.481041 0.027976 
57.631229 51.085739 60.377659 69.825661 71.949318 0.000000 
40.680771 42.665558 53.333664 69.854568 75.584229 0.027976 
50.142483 40.927444 50.352242 56.147629 66.832253 0.019782 
87.351715 96.093582 100.039444 90.988800 87.598473 0.019782 
63.947796 83.992859 91.160088 96.539482 90.757561 0.019782 
73.559425 72.841225 75.232025 98.087303 93.351341 0.000000 
83.083229 88.518150 79.834679 80.708572 83.520287 0.000000 
86.545410 106.358459 101.232285 88.512810 89.640640 0.019782 
55.498226 65.919777 70.037933 79.023392 68.345314 0.000000 
91.442039 87.544350 87.125259 98.909615 82.990547 0.000000 
38.283699 41.965221 55.838005 60.483616 83.875275 0.027976 
71.563889 80.177338 88.749168 85.719147 91.307152 0.019782 
58.434662 53.023201 68.997131 75.588097 68.328751 0.019782 
76.786858 67.789421 78.204857 90.707771 92.295509 0.000000 
62.194401 59.618259 72.806015 76.977142 86.920509 0.000000 
19.836422 22.921057 31.606911 44.746296 70.710587 0.000000 
74.268677 80.948326 96.410591 95.893456 93.683167 0.000000 
53.518723 57.041138 69.850899 83.225937 95.293213 0.019782 
53.684322 40.291969 53.866463 75.670670 69.614143 0.019782 
34.347973 37.502522 40.699596 68.138405 75.557251 0.000000 
43.232780 26.542980 35.017227 44.981289 53.618603 0.000000 
65.258179 61.737392 81.112663 91.601692 95.260437 0.034264 
41.989616 60.441700 79.606682 89.726471 90.364914 0.019782 
54.623997 81.774979 90.204865 94.779312 82.077591 0.000000 
114.614326 109.126930 94.404114 83.640259 98.119553 0.019782 
46.088909 43.049633 59.012356 69.307632 58.690182 0.000000 
55.184139 53.210152 70.118958 83.722374 65.975945 0.019782 
37.033569 41.146694 60.281403 78.195404 94.166496 0.000000 
39.885010 34.294048 53.599979 66.129646 74.431358 0.000000 
56.362858 56.947422 71.043831 68.879387 91.612106 0.000000 
35.467739 36.514038 48.908058 63.736786 71.134476 0.019782 
52.033333 56.930214 67.766235 80.126434 88.289627 0.000000 
32.430820 42.546764 61.971062 79.399055 86.709198 0.000000 
38.042809 28.615604 33.855183 50.444630 68.589470 0.000000 
45.575790 44.736118 62.010815 68.642319 76.101273 0.000000 
31.461872 29.227837 46.878410 62.233532 73.982101 0.000000 
43.684952 57.299526 62.918251 84.114624 79.162048 0.019782 
46.179512 54.204098 71.947403 83.897820 85.539879 0.000000 
93.568230 77.304794 77.959343 85.322357 76.653770 0.000000 
60.259586 62.566433 75.391655 79.315002 92.822311 0.019782 
49.612507 54.125156 68.044746 67.540054 69.544876 0.000000 
48.598171 46.544392 62.496441 82.869820 85.988213 0.027976 
53.601830 43.943329 60.616722 81.303978 83.436478 0.000000 
96.148544 90.276833 92.075668 102.592316 104.502907 0.000000 
74.854080 87.572510 89.620529 95.503868 86.292923 0.000000 
76.447159 81.885994 92.517502 98.219902 94.278038 0.000000 
32.559307 31.248335 43.828541 67.127197 76.539955 0.000000 
54.046547 55.705032 56.622868 77.639061 79.937439 0.000000 
79.278481 67.420189 78.416336 90.592583 96.908768 0.000000 
86.393959 64.124260 74.663040 87.777077 75.632713 0.000000 
58.785839 49.949631 59.219513 79.827515 66.156342 0.000000 
76.667686 66.892807 65.711914 88.938354 90.555458 0.019782 
76.345222 68.583366 85.118286 77.833549 78.823723 0.019782 
34.880974 31.282171 40.973911 58.117405 66.450417 0.019782 
62.990784 62.701790 72.169975 85.070045 84.309669 0.000000 
65.088814 87.327637 91.782471 94.248535 86.921906 0.027976 
35.198780 27.579329 37.331516 43.600700 62.604660 0.027976 
42.322353 32.796173 44.951931 58.414463 79.897156 0.019782 
65.007072 65.466736 77.455788 84.996780 77.730156 0.019782 
63.538799 62.875782 77.160034 90.684967 102.633270 0.019782 
34.462879 35.656582 47.118210 70.351265 86.265564 0.000000 
30.787708 22.724781 34.138264 45.601250 55.288734 0.034264 
59.754715 52.005943 72.785706 84.299339 89.532333 0.000000 
59.730415 39.753757 52.005348 65.165871 87.694687 0.019782 
46.018036 27.999151 46.270145 56.931278 61.730770 0.000000 
69.161652 58.639877 69.626053 79.888344 87.274483 0.000000 
42.874592 43.735867 56.748066 68.972229 71.559715 0.000000 
83.354317 64.632690 79.839180 78.137154 85.241013 0.000000 
60.146481 56.060963 75.610016 83.275558 75.704147 0.000000 
52.538723 40.045444 56.055374 76.430122 83.773491 0.027976 
42.666252 46.597630 65.200142 71.989349 74.173843 0.000000 
32.824711 34.560925 48.330704 69.458008 74.986816 0.000000 
39.646233 29.559284 41.724449 61.807144 89.929436 0.019782 
100.558342 114.529877 105.715576 101.617111 92.066689 0.019782 
28.305822 27.291830 35.623829 50.029694 68.448212 0.000000 
52.572914 44.296463 60.449875 72.861763 69.946838 0.000000 
96.440880 92.778831 95.015358 104.604584 85.101555 0.019782 
51.124298 56.579212 59.782036 80.734299 68.297256 0.019782 
90.768799 105.334625 113.566704 94.124237 87.690910 0.019782 
67.831573 67.268890 67.348297 95.059975 103.468483 0.000000 
84.122360 113.789795 94.704910 95.569855 90.654305 0.027976 
37.027298 35.616234 45.845314 65.772339 68.682922 0.000000 
93.117500 110.656670 108.401825 89.726936 73.129578 0.039565 
30.413273 31.806274 43.382858 74.360619 84.516426 0.019782 
41.614937 35.578583 46.190960 64.858009 73.947487 0.000000 
54.034218 58.501743 67.098228 70.993851 81.044624 0.027976 
42.748028 71.975365 83.773697 94.733887 90.231445 0.000000 
36.372173 24.103939 29.225258 50.519520 58.287090 0.019782 
44.482693 38.555676 46.718010 81.314354 89.515038 0.000000 
32.198318 24.568516 34.786480 48.171432 66.348816 0.019782 
53.475830 53.811470 78.156647 84.128609 76.882599 0.027976 
30.520893 26.636408 39.974537 54.745853 68.989075 0.000000 
45.801128 67.284714 83.637917 86.444038 92.741066 0.000000 
36.927597 36.728828 54.514637 77.578392 89.359863 0.000000 
56.087307 51.208996 64.890205 71.779785 103.234856 0.000000 
46.026066 31.936792 50.784981 53.755611 81.779549 0.000000 
76.552826 68.860847 79.771362 84.919792 76.082306 0.000000 
42.735054 37.480556 43.858498 53.315575 49.921734 0.000000 
48.410976 43.274830 55.838791 70.267960 81.312889 0.000000 
34.507961 28.643473 40.725536 63.349834 74.233078 0.019782 
23.886889 21.987850 30.723120 36.548336 62.513634 0.019782 
73.839149 61.694099 68.906006 70.178894 75.844620 0.000000 
79.036743 67.253090 74.715897 83.917435 75.993263 0.027976 
76.176262 63.296017 74.828468 78.558029 89.298851 0.000000 
30.894974 27.285210 34.900070 40.933342 43.815552 0.000000 
30.205694 32.477898 46.224354 67.870155 80.298981 0.019782 
20.871323 27.330864 44.302803 54.061272 60.813732 0.000000 
64.381546 70.261131 69.028740 76.340332 98.237488 0.000000 
80.180161 66.697922 80.878983 81.559036 81.722710 0.019782 
51.764214 48.412991 58.353676 79.971779 76.702560 0.000000 
27.465294 44.994419 53.406036 70.366646 78.689499 0.000000 
76.350952 72.017448 73.485855 89.393791 94.000946 0.000000 
55.189545 37.338043 46.042992 63.614010 83.570358 0.034264 
37.695549 33.848591 45.305389 54.882938 67.210449 0.000000 
45.459515 59.608494 81.309761 79.106903 90.963768 0.000000 
63.551205 99.392754 94.625778 92.708374 73.360924 0.000000 
27.567802 32.043976 44.052189 63.299854 81.303841 0.000000 
74.275169 72.323586 80.922012 92.784073 91.627678 0.000000 
61.284946 54.311893 65.212204 87.150925 85.886826 0.000000 
77.557281 70.725143 79.676163 98.933502 68.964447 0.000000 
33.860435 24.762218 36.655457 52.427456 66.006424 0.000000 
31.573572 36.127964 47.153664 65.806740 71.529617 0.019782 
39.462902 29.251087 41.136024 52.888069 70.645393 0.000000 
45.475765 45.041489 65.850960 82.392441 95.270752 0.019782 
48.240067 38.277390 51.390633 66.351021 67.298889 0.000000 
41.119778 66.328049 83.416733 69.999626 94.515694 0.027976 
44.293709 35.705093 41.828503 61.599022 70.253578 0.000000 
57.649052 41.098911 54.114193 70.325439 77.400597 0.000000 
66.508705 108.563583 112.606636 89.134621 88.655632 0.027976 
59.541790 63.773102 73.032883 92.530602 75.475266 0.000000 
34.043106 30.754780 42.541744 54.534946 74.032654 0.027976 
56.943615 58.483601 73.016647 85.420158 91.939301 0.000000 
55.726822 29.534182 39.839394 56.769981 79.070465 0.019782 
48.610851 40.634758 59.004715 65.224174 88.438805 0.000000 
96.816391 92.582130 78.330231 89.162453 93.127174 0.000000 
35.873421 33.701756 40.361717 65.905052 86.528511 0.000000 
40.506763 52.444271 68.966141 81.662849 80.238136 0.019782 
27.090212 18.632833 26.322460 33.299580 47.605247 0.000000 
88.834953 85.596069 101.095497 87.939529 76.269257 0.019782 
50.023384 49.661682 57.500687 65.248505 99.229408 0.000000 
113.531471 99.811836 94.681335 90.544304 92.002220 0.000000 
31.495554 23.120247 29.768768 45.791164 59.179050 0.000000 
23.372698 37.162224 54.471725 67.895607 86.175713 0.019782 
31.118994 34.723003 52.487453 71.821892 73.091530 0.000000 
89.847450 91.855774 94.823021 97.639359 83.373413 0.000000 
76.674866 89.452499 99.289215 90.149490 82.196480 0.000000 
69.572922 66.519669 86.575432 80.337029 88.636208 0.019782 
42.985500 49.838001 67.936668 80.678795 90.364258 0.000000 
49.547119 55.306477 74.522331 87.229469 73.132202 0.019782 
52.880932 42.021984 46.664444 66.605476 72.497345 0.000000 
59.684635 85.605003 92.377197 87.874710 93.135925 0.027976 
56.715130 38.482132 61.413548 73.071739 78.178741 0.000000 
55.199219 57.298843 69.919693 74.021706 81.044296 0.000000 
53.142292 40.307396 67.083229 79.437393 78.314873 0.000000 
49.004009 27.597307 31.315392 44.087997 50.699242 0.000000 
69.560646 89.371300 85.881584 96.205635 72.378265 0.000000 
42.456314 47.401741 59.532635 65.180588 93.143707 0.000000 
57.008503 60.503700 79.296448 92.840240 91.387260 0.000000 
34.891552 23.110739 38.294312 58.933289 68.715973 0.000000 
79.017326 83.023109 83.566956 94.542732 83.473999 0.000000 
46.403000 52.172588 71.397690 78.553406 90.754662 0.000000 
39.767918 38.204815 49.054958 72.738586 76.447693 0.000000 
35.555183 38.493061 52.007164 75.973839 87.611908 0.000000 
48.676376 49.019138 67.081169 81.609436 85.660767 0.000000 
39.629005 24.250811 32.430832 35.835381 44.594799 0.000000 
56.208794 57.090031 71.087006 86.409988 90.700867 0.000000 
39.052246 35.411617 48.383163 69.375801 91.869370 0.000000 
28.695848 55.781624 72.865166 85.024147 92.911568 0.019782 
34.947395 22.549337 34.211170 51.792618 63.002735 0.000000 
42.225056 45.077473 56.548725 67.369011 71.164955 0.000000 
36.812500 33.775394 43.925690 48.048859 68.704155 0.000000 
47.226429 26.422438 32.506916 42.468861 62.184006 0.019782 
81.996422 74.711967 71.056160 81.961632 86.402695 0.000000 
92.323883 78.254875 92.347717 80.849930 80.267052 0.027976 
59.286655 87.829140 97.830719 80.039574 106.614708 0.000000 
75.279724 89.733589 86.474983 97.754807 90.044373 0.000000 
39.656784 30.989817 42.681286 55.346458 68.027420 0.000000 
44.153610 40.392197 47.952366 76.682121 79.747520 0.034264 
32.231861 48.281090 72.091881 76.819321 81.762253 0.000000 
51.333309 59.772171 73.151382 76.792084 78.569351 0.034264 
61.915962 53.425545 70.926376 73.633873 84.029922 0.000000 
71.860497 51.660667 64.654442 82.489128 84.486076 0.000000 
62.045135 65.684914 80.556885 75.688812 84.820419 0.000000 
35.793022 29.202015 32.174168 36.484165 51.677288 0.000000 
62.539272 73.142822 87.063148 85.771637 93.340523 0.000000 
61.236183 66.802696 82.416023 78.944969 77.154701 0.000000 
89.946686 82.586929 83.640167 79.941307 91.092522 0.019782 
65.356750 65.208633 80.305931 77.823318 99.014847 0.000000 
67.879265 83.011520 88.260841 82.596115 81.759506 0.027976 
31.406834 25.784124 34.050896 55.764153 70.965004 0.000000 
39.044067 49.523941 67.154343 73.606300 74.670448 0.000000 
35.309013 31.604422 51.589947 68.485840 87.246338 0.000000 
39.812824 38.367847 57.894497 70.585358 72.481102 0.019782 
58.859196 46.992920 62.442322 81.507454 81.932159 0.000000 
41.479904 35.635212 44.712200 47.562634 73.032570 0.000000 
48.659401 48.220654 53.273346 74.761932 90.734276 0.000000 
54.232433 36.258106 42.804615 65.317436 75.162682 0.027976 
58.421967 48.344090 68.092354 76.307671 77.481323 0.000000 
72.908752 50.979534 63.789783 76.369766 81.879982 0.000000 
56.237679 36.081001 48.153576 59.847424 80.112968 0.000000 
84.089432 88.758736 88.698441 87.919724 77.704506 0.000000 
50.039185 55.383141 72.595207 87.635269 93.723701 0.000000 
62.334736 55.377041 66.687935 85.334450 80.075462 0.000000 
36.164082 29.564293 38.218708 67.944885 79.755722 0.000000 
47.547081 31.518904 44.185432 70.573761 78.621941 0.000000 
51.781284 57.508827 68.853523 82.823204 86.157715 0.019782 
44.513847 47.377106 65.809578 80.523430 68.715385 0.019782 
71.992050 66.589760 76.410706 95.457886 85.173378 0.027976 
39.602726 32.071499 45.827515 64.295975 74.586014 0.000000 
46.466484 46.758820 61.118263 60.832550 72.986763 0.000000 
98.498375 82.591957 78.164467 93.726257 75.926605 0.019782 
61.909668 71.016220 84.187645 81.749062 73.125862 0.027976 
63.738026 48.522011 58.373360 73.716461 81.960686 0.019782 
91.986328 89.219864 87.880783 97.643135 86.178810 0.000000 
60.012821 50.970005 60.973408 83.126854 78.650658 0.000000 
32.406612 29.684793 39.019150 55.541401 77.343063 0.034264 
73.550232 76.457680 98.811394 81.613121 89.738960 0.000000 
88.265793 92.348175 96.747154 90.545471 72.961182 0.000000 
33.623882 29.928047 37.567417 51.740993 62.738426 0.027976 
67.629204 63.356800 78.443901 86.787712 90.655472 0.044235 
44.448685 32.404110 38.988316 61.966690 63.820915 0.000000 
46.287544 38.424019 51.850620 66.500916 82.443520 0.000000 
44.542389 45.483200 56.253845 74.995201 81.045998 0.034264 
28.375765 22.749733 33.082500 49.236111 69.669388 0.019782 
18.048635 13.928603 19.185740 29.812664 55.392563 0.000000 
50.396992 64.649940 86.583481 90.459816 82.788254 0.000000 
58.345371 62.642921 69.903503 83.343117 83.041237 0.027976 
56.463768 53.849190 64.464531 79.531395 77.100967 0.034264 
42.547722 32.031265 40.301727 53.291607 73.917015 0.000000 
96.792381 91.584244 100.667351 95.802773 91.100891 0.019782 
90.474007 95.731308 97.415611 94.288071 89.187088 0.000000 
36.049091 33.190609 43.161175 62.121819 69.262466 0.034264 
53.886391 51.241962 75.662773 77.319450 72.077362 0.000000 
48.767857 39.913464 48.914234 77.689293 77.688576 0.000000 
127.302689 121.831802 115.121536 84.215919 83.542374 0.000000 
36.944683 25.821009 35.851116 39.254707 56.641785 0.039565 
45.552986 48.056786 69.449028 76.507950 64.915321 0.000000 
28.950747 20.437290 29.662792 51.017075 73.710777 0.000000 
92.599602 98.754211 90.199234 92.201920 95.586372 0.000000 
36.246666 34.719635 51.534023 64.711807 72.273972 0.000000 
61.139393 67.769073 81.254730 93.489822 92.094154 0.019782 
50.464397 49.992905 73.409256 91.112625 91.827545 0.019782 
63.599209 78.216682 79.457588 85.681511 74.843719 0.027976 
68.889732 58.699749 71.558441 86.118851 83.626534 0.000000 
48.365799 41.042774 54.210892 78.179436 91.166367 0.000000 
63.383110 63.598251 69.825035 74.560043 100.592232 0.000000 
60.823215 51.787632 64.817429 78.811440 103.125320 0.000000 
31.198133 52.505257 59.392330 84.013474 73.156769 0.000000 
23.440310 23.527700 35.532207 47.162342 52.772442 0.019782 
27.607731 31.032471 41.651203 61.320820 67.290184 0.000000 
51.468491 51.054882 55.456219 69.195625 73.588470 0.019782 
45.305534 34.303402 44.208717 62.612614 79.044304 0.019782 
51.328323 49.535305 57.889183 83.208961 84.003273 0.019782 
64.544144 50.631474 61.178253 80.923775 72.115150 0.019782 
90.203438 96.315742 86.554398 108.241722 83.222015 0.019782 
27.910007 31.687798 43.806606 61.189999 75.918510 0.019782 
35.559071 35.299911 52.021664 64.431465 83.638222 0.000000 
29.162752 24.985317 35.558746 53.438297 74.336166 0.019782 
53.450943 59.245182 67.764893 77.393478 80.937027 0.019782 
41.020206 31.002609 39.248085 60.517673 80.282822 0.000000 
74.051323 65.500191 79.694862 79.419487 81.658997 0.027976 
72.575279 68.469055 75.156204 81.247223 105.095100 0.000000 
57.272701 47.549339 62.179955 68.771477 79.346001 0.000000 
85.709763 91.843300 78.873161 77.356674 80.056839 0.000000 
47.202469 37.165035 55.119057 62.181633 71.584679 0.000000 
47.230087 41.781818 53.581806 74.498909 83.034767 0.000000 
63.729725 70.667618 74.570061 71.165001 87.660194 0.027976 
74.225304 72.191292 81.818390 83.494949 90.060875 0.000000 
34.563721 28.963404 38.541298 52.766647 51.509296 0.000000 
58.934326 42.683990 50.271729 65.657097 73.641403 0.000000 
78.032547 90.235275 91.646446 84.863892 75.722290 0.000000 
68.743240 71.213173 72.924171 87.140396 74.535492 0.019782 
103.252663 108.104095 99.746521 96.626183 74.110741 0.000000 
68.146034 71.165642 90.699928 83.387581 81.231155 0.019782 
47.137386 46.496296 62.968037 79.783501 79.136314 0.000000 
47.973595 39.480053 58.091999 65.094727 92.274002 0.027976 
31.089323 21.138802 30.179787 44.269512 57.500385 0.019782 
69.677765 56.070179 67.848518 74.039856 84.673553 0.000000 
55.727211 51.372200 65.480446 72.644882 74.092346 0.000000 
93.388840 89.754227 95.517769 102.631332 87.441872 0.000000 
40.407600 36.511406 54.556107 68.795593 84.121109 0.019782 
47.875134 40.940193 56.854275 69.967979 81.540825 0.000000 
47.620373 43.985638 57.347237 67.545837 77.159492 0.027976 
56.916878 48.636623 79.472298 75.692665 73.787430 0.039565 
38.582111 41.278469 59.049007 78.558975 80.898216 0.000000 
62.827412 51.668709 64.916618 75.020203 96.532974 0.027976 
46.605465 27.387672 32.538918 45.263596 65.517441 0.000000 
51.302185 54.479076 78.340530 82.759743 94.871353 0.027976 
44.663101 48.984200 56.907337 75.169151 90.798607 0.000000 
37.950039 29.614159 44.433968 59.660172 72.663055 0.019782 
35.127525 50.244984 60.647488 71.975563 97.204521 0.019782 
61.289265 39.763443 61.575840 72.938499 74.994370 0.000000 
90.130005 71.397598 77.312729 82.817490 89.322563 0.000000 
76.661392 54.376858 67.816437 76.059547 78.259201 0.027976 
46.174492 35.256996 50.827309 58.328297 81.345490 0.000000 
37.134178 35.232944 47.882244 61.441673 85.727089 0.000000 
75.151306 72.229660 79.527512 98.948318 82.609116 0.000000 
31.196733 22.327318 30.220181 42.386387 56.325542 0.000000 
58.857098 50.162201 62.355206 79.383774 85.219330 0.000000 
63.309223 68.179207 76.173729 78.385704 66.474419 0.000000 
63.455776 76.012718 83.238525 90.364044 85.731522 0.027976 
55.796871 45.626472 65.080070 73.196251 85.303734 0.000000 
77.025330 89.847061 97.941666 88.756668 89.787491 0.000000 
38.109402 32.098450 39.287449 50.597164 81.037247 0.000000 
65.305008 94.084473 95.981339 80.291199 82.547829 0.000000 
50.027870 36.924675 48.397816 61.534180 73.532326 0.019782 
36.491764 35.002224 47.806755 61.365162 76.585281 0.019782 
23.279858 33.671303 54.916508 58.269390 74.680237 0.000000 
64.103508 41.864689 49.603924 58.504627 67.746506 0.000000 
53.865582 60.871094 69.202766 85.375381 97.091736 0.000000 
22.382540 23.998903 30.331064 48.620483 66.249535 0.000000 
59.513279 52.488403 65.489731 78.303215 81.181221 0.027976 
85.012856 91.668106 96.824837 104.962418 85.245987 0.027976 
29.791199 26.546473 33.698360 49.727112 69.760193 0.027976 
46.882946 50.056763 67.213196 65.679192 75.279274 0.000000 
38.561188 48.886967 62.692493 75.875069 84.219063 0.000000 
22.670420 20.553921 29.444410 41.873730 52.527328 0.000000 
67.415840 99.659653 98.568855 95.603302 89.746056 0.000000 
72.819923 56.142746 60.713078 70.765106 75.620804 0.000000 
66.534630 60.841286 72.609840 79.380539 94.692177 0.034264 
43.505356 36.773014 47.818470 61.414581 74.766716 0.000000 
55.502495 47.541466 54.922012 70.643265 79.254570 0.019782 
83.963097 95.980667 97.790710 92.507446 69.185143 0.000000 
77.738197 85.565216 88.146248 88.738152 87.068695 0.000000 
61.249825 49.142223 61.533825 79.349510 84.620430 0.039565 
46.560875 41.767529 53.071224 67.874390 88.389023 0.000000 
58.872532 56.981743 67.392471 86.769867 90.559364 0.000000 
55.896999 45.119591 57.612534 61.036030 70.906654 0.000000 
77.493919 79.539276 79.581528 85.526680 88.636002 0.019782 
66.274628 40.859573 47.345325 75.316399 74.426582 0.000000 
66.795135 68.559998 76.268066 89.787788 72.054031 0.000000 
82.747276 85.374138 81.481735 86.281906 97.986069 0.039565 
70.740143 83.730171 86.452469 77.167526 92.642189 0.000000 
53.090534 48.693657 60.836430 66.760956 70.802635 0.000000 
48.087570 34.330658 46.115742 66.611786 69.635162 0.019782 
46.804482 78.702789 91.097237 91.766594 107.373390 0.000000 
80.919159 72.439224 73.023239 78.558372 86.451515 0.000000 
61.868835 102.349541 98.334305 96.336227 73.893127 0.000000 
34.653244 50.637882 63.131138 79.171577 73.127899 0.039565 
40.385815 42.471741 56.640774 64.574753 77.539215 0.000000 
32.662560 37.232456 51.180908 71.876320 68.994926 0.000000 
38.772964 34.182510 41.675079 51.884537 66.068802 0.000000 
65.532494 68.707458 79.153587 85.486259 96.790421 0.019782 
65.809525 64.416977 73.024933 78.251671 92.413269 0.019782 
45.837730 44.697670 54.738754 73.429169 87.527557 0.027976 
38.143631 36.452026 51.583103 56.544270 78.895569 0.000000 
44.453167 59.781174 68.332726 75.564529 79.579445 0.000000 
32.330410 25.672428 39.390537 52.659302 71.062195 0.019782 
34.171646 27.230450 38.254051 60.283157 83.475731 0.000000 
86.440895 97.159775 98.240494 85.622849 101.442444 0.000000 
36.212414 37.565712 47.362095 55.429642 64.202263 0.000000 
53.553455 96.800308 93.766434 96.294846 99.118355 0.000000 
43.951942 40.659504 52.272915 59.837807 71.333290 0.000000 
65.901604 72.113205 75.572418 87.072586 97.728691 0.019782 
81.210709 67.054710 79.368759 81.006477 84.931824 0.019782 
44.637276 83.930290 85.866585 83.940300 97.729149 0.000000 
31.858294 31.138298 45.494965 66.815132 63.042564 0.027976 
61.818661 67.391441 77.236313 77.750565 85.025238 0.000000 
32.328121 43.310925 50.286560 66.188499 68.049767 0.019782 
70.173553 69.374664 75.063591 84.187393 85.023666 0.019782 
24.916842 22.068241 30.067728 51.726112 69.632362 0.000000 
40.155327 26.904835 33.534847 45.739471 72.939964 0.034264 
31.650860 34.719231 52.302437 63.016354 77.484940 0.000000 
55.289906 46.126560 51.205582 59.687954 75.642998 0.019782 
45.605846 40.435970 54.631439 74.149651 87.656197 0.000000 
38.341770 33.847950 51.774174 68.959084 84.836067 0.000000 
54.457066 39.895081 55.598320 68.918983 71.511688 0.019782 
51.572884 41.079548 57.665825 67.663818 66.803215 0.000000 
44.365990 37.314449 49.506851 55.971371 84.599617 0.000000 
31.771593 31.733648 47.388813 61.884804 82.641373 0.000000 
120.860329 106.910988 97.086823 92.877632 79.066376 0.000000 
45.080940 37.168835 48.909344 64.159958 76.189178 0.000000 
36.184124 34.289551 41.513035 54.326283 69.114616 0.027976 
47.725536 38.059536 44.472778 62.975590 72.329933 0.000000 
69.232819 61.604622 77.235947 87.615456 88.315125 0.019782 
40.758419 27.379099 35.921574 45.959053 52.625969 0.000000 
33.215908 28.500795 45.921268 57.776791 68.304916 0.019782 
73.787041 86.349342 97.105202 90.696777 84.606941 0.019782 
34.469376 31.105974 38.154854 56.451611 64.103455 0.019782 
53.571255 53.180359 65.664322 83.243286 79.184113 0.000000 
56.831699 50.418415 65.450005 76.428459 89.668243 0.000000 
43.260967 38.010139 53.428284 61.880859 71.943871 0.000000 
55.534100 86.477318 97.450966 91.701881 92.932571 0.000000 
50.078037 51.211098 63.692009 74.371994 87.504021 0.000000 
43.169479 34.011784 45.155983 67.697182 75.725822 0.027976 
35.599037 47.379433 58.330761 72.809311 86.687508 0.000000 
46.717506 49.468315 67.340485 74.980980 82.791824 0.000000 
40.560524 29.380432 38.281643 52.346470 70.712456 0.000000 
72.089653 98.350449 98.647179 79.842293 95.913597 0.000000 
53.106537 49.589191 70.387604 77.388885 73.039864 0.019782 
45.897533 60.824142 64.319313 82.755020 80.063385 0.000000 
55.269756 92.180908 94.366829 113.244392 94.758156 0.000000 
37.946148 30.636007 39.417385 51.444862 67.905876 0.019782 
