Episode: 1: [[0. 0. 0.]
 [0. 0. 0.]
 [0. 0. 0.]] 
Episode: 2: [[0.00039995 0.00039999 0.0004    ]
 [0.00039999 0.0004     0.0004    ]
 [0.0004     0.0004     0.0004    ]] 
Episode: 3: [[0.00079748 0.00079742 0.00080012]
 [0.00079707 0.00079737 0.00079909]
 [0.00080053 0.00080027 0.00069389]] 
Episode: 4: [[0.0011913  0.00119039 0.00119017]
 [0.00119036 0.00119045 0.00118817]
 [0.00118868 0.00119134 0.00103479]] 
Episode: 5: [[0.00158239 0.00158221 0.00158258]
 [0.00158264 0.00158242 0.00158018]
 [0.0015801  0.00158347 0.00139534]] 
Episode: 6: [[0.00197327 0.00197275 0.00196875]
 [0.00197362 0.00197302 0.001965  ]
 [0.001965   0.00196884 0.0017514 ]] 
Episode: 7: [[0.00236693 0.00236385 0.00235736]
 [0.00236583 0.00236428 0.00235291]
 [0.00235437 0.00235759 0.00212149]] 
Episode: 8: [[0.00263258 0.00263304 0.00263224]
 [0.00263513 0.00263556 0.00262957]
 [0.00262693 0.00263443 0.00239917]] 
Episode: 9: [[0.002875   0.00287955 0.00288577]
 [0.00288111 0.00288478 0.0028855 ]
 [0.00287777 0.00288923 0.00266159]] 
Episode: 10: [[0.00310362 0.00310668 0.00311286]
 [0.00310847 0.00311132 0.00311251]
 [0.00310519 0.0031166  0.00288853]] 
Episode: 11: [[0.00335594 0.00336204 0.00336962]
 [0.00336449 0.00336753 0.00337009]
 [0.00336135 0.00337287 0.00314636]] 
Episode: 12: [[0.00365185 0.00366132 0.00366985]
 [0.00366422 0.00366739 0.00367088]
 [0.00366108 0.00367274 0.0034473 ]] 
Episode: 13: [[0.00397676 0.003986   0.00399897]
 [0.00398941 0.00399239 0.00400101]
 [0.00398982 0.00400224 0.00377939]] 
Episode: 14: [[0.00431774 0.00432938 0.00434905]
 [0.00433349 0.0043369  0.00435255]
 [0.0043399  0.00435326 0.00413421]] 
Episode: 15: [[0.0046741  0.0046865  0.00471409]
 [0.00469137 0.00469538 0.00471952]
 [0.00470474 0.00471959 0.00450555]] 
Episode: 16: [[0.00503735 0.00505376 0.00509138]
 [0.00505974 0.00506649 0.00509924]
 [0.00508213 0.00509878 0.00488941]] 
Episode: 17: [[0.00538447 0.00542074 0.0054718 ]
 [0.00542761 0.00544036 0.00548339]
 [0.00546273 0.00548253 0.0052796 ]] 
Episode: 18: [[0.00572769 0.00578629 0.005854  ]
 [0.00579419 0.00581427 0.00587002]
 [0.00584485 0.00586822 0.00567286]] 
Episode: 19: [[0.00607473 0.00616278 0.00624851]
 [0.00617318 0.00620054 0.00626947]
 [0.00624024 0.00626657 0.0060791 ]] 
Episode: 20: [[0.00642907 0.00654459 0.00664842]
 [0.00655868 0.00659303 0.0066746 ]
 [0.00664156 0.00667024 0.00648965]] 
Episode: 21: [[0.00679102 0.00693426 0.00705597]
 [0.00695241 0.00699354 0.00708764]
 [0.00705008 0.00708149 0.00690814]] 
Episode: 22: [[0.00716691 0.00732705 0.00746496]
 [0.00734905 0.00739441 0.00750207]
 [0.00745974 0.00749376 0.00732782]] 
Episode: 23: [[0.00754513 0.00771927 0.00787526]
 [0.00774579 0.00779501 0.00791841]
 [0.00787081 0.00790739 0.00774984]] 
Episode: 24: [[0.00793024 0.00811446 0.00828897]
 [0.00814497 0.0081986  0.00833846]
 [0.00828538 0.00832512 0.00817584]] 
Episode: 25: [[0.00826871 0.00849121 0.00869401]
 [0.00852406 0.00859388 0.00875238]
 [0.00869246 0.00873777 0.00859636]] 
Episode: 26: [[0.00860364 0.00887053 0.00910102]
 [0.00890428 0.00899273 0.00916819]
 [0.00909989 0.00915188 0.00901691]] 
Episode: 27: [[0.00894698 0.00925785 0.00951014]
 [0.00929176 0.00939585 0.00958466]
 [0.00950846 0.00956604 0.00943542]] 
Episode: 28: [[0.00923515 0.00962339 0.00990211]
 [0.00965772 0.00978404 0.00998522]
 [0.00990043 0.00996416 0.00983707]] 
Episode: 29: [[0.0095613  0.01001581 0.01031499]
 [0.01005064 0.01019586 0.01040528]
 [0.01031261 0.01038136 0.01025566]] 
Episode: 30: [[0.00990064 0.01041589 0.01073224]
 [0.01045314 0.01061418 0.01082916]
 [0.01073009 0.010802   0.01067491]] 
Episode: 31: [[0.01028371 0.01084428 0.01116908]
 [0.01088174 0.01105368 0.01126904]
 [0.01116794 0.01124275 0.01111371]] 
Episode: 32: [[0.01066134 0.01126751 0.01159284]
 [0.0113045  0.01148695 0.01169499]
 [0.01159413 0.01167178 0.01153492]] 
Episode: 33: [[0.01104209 0.01170776 0.01202704]
 [0.01173775 0.01193603 0.01213001]
 [0.01202206 0.01210927 0.01195793]] 
Episode: 34: [[0.01145462 0.01217024 0.01248222]
 [0.01219466 0.01240538 0.01258541]
 [0.0124727  0.01256702 0.01240082]] 
Episode: 35: [[0.01189595 0.01264906 0.0129495 ]
 [0.01267044 0.01288928 0.01305173]
 [0.01293854 0.01303562 0.01284984]] 
Episode: 36: [[0.01230291 0.01306421 0.0133534 ]
 [0.01311276 0.0133151  0.01346164]
 [0.01337375 0.01345428 0.0132501 ]] 
Episode: 37: [[0.01262197 0.01342823 0.01369352]
 [0.01349927 0.01369559 0.01380906]
 [0.01375934 0.01382121 0.01357983]] 
Episode: 38: [[0.01289303 0.0137478  0.01397955]
 [0.01383581 0.01403164 0.0141025 ]
 [0.01409382 0.01414074 0.01385435]] 
Episode: 39: [[0.01304477 0.01386206 0.01408045]
 [0.01403928 0.01415968 0.01420891]
 [0.01427533 0.01425243 0.01394373]] 
Episode: 40: [[0.01311777 0.01392905 0.01413955]
 [0.01417458 0.01424694 0.01427372]
 [0.01439643 0.01432174 0.01398993]] 
Episode: 41: [[0.0128687  0.01368063 0.01389157]
 [0.01393064 0.0140008  0.01402666]
 [0.01415376 0.01407544 0.01374217]] 
Episode: 42: [[0.01263771 0.01345139 0.0136616 ]
 [0.01370547 0.0137739  0.01379749]
 [0.01392889 0.01384731 0.01351152]] 
Episode: 43: [[0.0124211  0.01323606 0.01344378]
 [0.01349508 0.01356051 0.01358013]
 [0.01371755 0.01363124 0.01329125]] 
Episode: 44: [[0.01221717 0.01303489 0.01323995]
 [0.0132974  0.01336097 0.01337658]
 [0.01351839 0.01342885 0.01308418]] 
Episode: 45: [[0.01203385 0.01285232 0.01305419]
 [0.01311966 0.01317989 0.01319099]
 [0.01333869 0.01324452 0.0128945 ]] 
Episode: 46: [[0.01187124 0.01269016 0.01288949]
 [0.01296214 0.01301937 0.01302663]
 [0.01317976 0.01308116 0.01272622]] 
Episode: 47: [[0.01172643 0.0125459  0.01274336]
 [0.01282274 0.01287706 0.01288111]
 [0.01303959 0.01293656 0.0125771 ]] 
Episode: 48: [[0.01160311 0.01242381 0.01262007]
 [0.01270443 0.01275721 0.01275863]
 [0.01292142 0.01281523 0.01245172]] 
Episode: 49: [[0.01149903 0.01232029 0.01251611]
 [0.01260517 0.01265618 0.01265575]
 [0.01282295 0.01271329 0.01234641]] 
Episode: 50: [[0.01140976 0.01223399 0.01242948]
 [0.01252236 0.01257312 0.01257044]
 [0.01274162 0.01262968 0.01225902]] 
Episode: 51: [[0.01133608 0.01216434 0.01236025]
 [0.01245553 0.01250721 0.01250277]
 [0.01267716 0.01256386 0.0121898 ]] 
Episode: 52: [[0.01127778 0.01210884 0.01230481]
 [0.0124034  0.0124554  0.01244887]
 [0.01262741 0.01251214 0.01213437]] 
Episode: 53: [[0.0112312  0.01206572 0.01226176]
 [0.01236373 0.01241626 0.01240745]
 [0.01259058 0.01247327 0.0120915 ]] 
Episode: 54: [[0.0111978  0.01203637 0.01223275]
 [0.01233794 0.0123912  0.01238013]
 [0.0125679  0.0124486  0.01206275]] 
Episode: 55: [[0.01117314 0.01201438 0.01221117]
 [0.01231955 0.01237325 0.01236022]
 [0.01255236 0.01243125 0.01204154]] 
Episode: 56: [[0.01115934 0.01200214 0.01219903]
 [0.01231097 0.01236461 0.01234957]
 [0.01254613 0.0124232  0.01202971]] 
Episode: 57: [[0.01115345 0.01199804 0.01219486]
 [0.01230993 0.01236406 0.01234682]
 [0.01254742 0.01242303 0.01202559]] 
Episode: 58: [[0.0111485  0.01199528 0.01219245]
 [0.01230935 0.01236497 0.01234597]
 [0.01255018 0.01242498 0.01202361]] 
Episode: 59: [[0.01115017 0.01199952 0.01219634]
 [0.01231567 0.01237298 0.01235142]
 [0.01255964 0.0124337  0.01202785]] 
Episode: 60: [[0.01115918 0.01201138 0.01220799]
 [0.01232976 0.01238888 0.01236472]
 [0.0125772  0.01245044 0.01203995]] 
Episode: 61: [[0.01118059 0.012036   0.01223281]
 [0.0123575  0.01241803 0.01239154]
 [0.01260907 0.01248095 0.01206615]] 
Episode: 62: [[0.01120775 0.01206682 0.01226444]
 [0.01239128 0.01245364 0.01242538]
 [0.01264772 0.01251845 0.01209981]] 
Episode: 63: [[0.01123737 0.01209963 0.01229792]
 [0.01242731 0.01249114 0.01246107]
 [0.01268826 0.01255764 0.01213533]] 
Episode: 64: [[0.01126805 0.01213271 0.01233319]
 [0.01246423 0.01252944 0.01249893]
 [0.01273071 0.01259826 0.01217351]] 
Episode: 65: [[0.01130192 0.01217027 0.01237336]
 [0.01250582 0.01257267 0.01254197]
 [0.01277837 0.01264422 0.01221718]] 
Episode: 66: [[0.01134244 0.01221391 0.01241973]
 [0.01255358 0.01262227 0.01259144]
 [0.01283309 0.01269721 0.01226733]] 
Episode: 67: [[0.01138356 0.01225617 0.0124645 ]
 [0.01260103 0.0126697  0.01263916]
 [0.01288604 0.01274797 0.01231599]] 
Episode: 68: [[0.01142866 0.01230238 0.01251327]
 [0.01265255 0.01272118 0.01269091]
 [0.01294323 0.012803   0.01236887]] 
Episode: 69: [[0.01147295 0.01234822 0.01256204]
 [0.01270346 0.01277235 0.01274269]
 [0.0130003  0.01285772 0.01242184]] 
Episode: 70: [[0.01151999 0.01239693 0.01261371]
 [0.0127575  0.01282658 0.01279759]
 [0.01306057 0.01291533 0.01247746]] 
Episode: 71: [[0.01156936 0.01244832 0.01266776]
 [0.01281348 0.01288366 0.01285494]
 [0.01312246 0.01297542 0.01253517]] 
Episode: 72: [[0.01162209 0.01250405 0.01272676]
 [0.01287449 0.012946   0.01291747]
 [0.0131898  0.01304098 0.01259792]] 
Episode: 73: [[0.01167446 0.01256161 0.0127877 ]
 [0.01293606 0.01301016 0.0129819 ]
 [0.01325746 0.01310813 0.01266269]] 
Episode: 74: [[0.01173062 0.01262161 0.0128505 ]
 [0.0129998  0.01307613 0.01304798]
 [0.01332675 0.01317716 0.01272932]] 
Episode: 75: [[0.01178466 0.01268006 0.0129113 ]
 [0.01306273 0.01314073 0.01311214]
 [0.01339537 0.01324464 0.01279376]] 
Episode: 76: [[0.01183334 0.01273382 0.01296785]
 [0.01312054 0.01320032 0.01317191]
 [0.01345885 0.01330705 0.01285383]] 
Episode: 77: [[0.01187892 0.01278652 0.01302371]
 [0.01317632 0.01325942 0.0132311 ]
 [0.01352047 0.01336877 0.01291279]] 
Episode: 78: [[0.01192006 0.01283434 0.01307477]
 [0.01322627 0.01331293 0.01328513]
 [0.0135759  0.01342489 0.01296641]] 
Episode: 79: [[0.01196008 0.01288118 0.01312407]
 [0.0132758  0.01336545 0.01333727]
 [0.01363019 0.01347911 0.01301761]] 
Episode: 80: [[0.01200842 0.01293219 0.01317712]
 [0.01333131 0.0134223  0.01339342]
 [0.01369088 0.01353757 0.01307216]] 
Episode: 81: [[0.01205705 0.0129859  0.01323137]
 [0.01338966 0.01348198 0.01345062]
 [0.01375414 0.0135977  0.01312712]] 
Episode: 82: [[0.01211125 0.01304402 0.0132903 ]
 [0.01345284 0.01354614 0.01351272]
 [0.01382245 0.01366274 0.0131872 ]] 
Episode: 83: [[0.01215933 0.01309755 0.01334326]
 [0.01350965 0.0136054  0.0135686 ]
 [0.01388373 0.01372238 0.01324048]] 
Episode: 84: [[0.01220787 0.01315049 0.01339496]
 [0.01356685 0.01366382 0.01362322]
 [0.01394457 0.0137808  0.01329228]] 
Episode: 85: [[0.01226461 0.01321307 0.01345624]
 [0.01363191 0.01373198 0.01368749]
 [0.01401322 0.01384911 0.01335402]] 
Episode: 86: [[0.01232605 0.01327852 0.01351941]
 [0.01370108 0.01380317 0.01375369]
 [0.01408566 0.01391995 0.01341735]] 
Episode: 87: [[0.01239139 0.0133462  0.01358331]
 [0.01377426 0.01387716 0.01382098]
 [0.01416209 0.01399332 0.01348108]] 
Episode: 88: [[0.01242352 0.01338459 0.01361786]
 [0.01381896 0.01392371 0.01385969]
 [0.01420949 0.01403798 0.01351397]] 
Episode: 89: [[0.01245584 0.01342006 0.01364895]
 [0.0138591  0.01396538 0.01389404]
 [0.01425154 0.0140778  0.01354247]] 
Episode: 90: [[0.01244968 0.01342296 0.01364524]
 [0.01386189 0.01397455 0.01389378]
 [0.01425755 0.01408431 0.0135354 ]] 
Episode: 91: [[0.0124535  0.01342767 0.01364137]
 [0.01387511 0.01398496 0.01389293]
 [0.01427309 0.01409109 0.01352677]] 
Episode: 92: [[0.01244077 0.01341509 0.01362177]
 [0.01387256 0.01397825 0.01387584]
 [0.01427252 0.01408066 0.01350133]] 
Episode: 93: [[0.01243705 0.01340735 0.01360537]
 [0.01387779 0.01397543 0.01386132]
 [0.01427851 0.01407272 0.013478  ]] 
Episode: 94: [[0.01242643 0.01339658 0.01358672]
 [0.01387575 0.01396973 0.01384487]
 [0.01427864 0.01406248 0.01345269]] 
Episode: 95: [[0.0124186  0.01338704 0.0135679 ]
 [0.0138762  0.013965   0.0138282 ]
 [0.01428052 0.01405294 0.01342721]] 
Episode: 96: [[0.01241494 0.01338426 0.01355565]
 [0.01387612 0.0139661  0.01381786]
 [0.01428161 0.01404964 0.01340879]] 
Episode: 97: [[0.01241623 0.01337997 0.01353769]
 [0.01387765 0.0139643  0.01380202]
 [0.01428211 0.01404195 0.01338449]] 
Episode: 98: [[0.01243126 0.01339091 0.01353489]
 [0.01389368 0.01397798 0.01380141]
 [0.01429807 0.01405056 0.01337598]] 
Episode: 99: [[0.01243581 0.0133936  0.01352362]
 [0.01389975 0.0139831  0.01379217]
 [0.01430354 0.0140505  0.01335878]] 
Episode: 100: [[0.0124364  0.01339411 0.01351115]
 [0.01390226 0.01398614 0.0137818 ]
 [0.01430593 0.01404878 0.01334105]] 
Episode: 101: [[0.01243541 0.01339189 0.01349899]
 [0.01390439 0.0139865  0.01377164]
 [0.01430917 0.01404571 0.0133249 ]] 
Episode: 102: [[0.01242366 0.01337729 0.01347226]
 [0.01389419 0.01397382 0.01374677]
 [0.0142984  0.01402913 0.013294  ]] 
Episode: 103: [[0.01241393 0.01336503 0.0134496 ]
 [0.01388615 0.01396367 0.01372602]
 [0.01429014 0.01401552 0.0132675 ]] 
Episode: 104: [[0.01240402 0.01335387 0.01342815]
 [0.01387778 0.01395425 0.01370615]
 [0.01428144 0.01400265 0.01324202]] 
Episode: 105: [[0.01240445 0.01334995 0.01341428]
 [0.01387885 0.01395188 0.0136938 ]
 [0.01428158 0.01399687 0.01322445]] 
Episode: 106: [[0.01240241 0.01334273 0.01339655]
 [0.01387737 0.013946   0.01367763]
 [0.01427934 0.01398778 0.01320347]] 
Episode: 107: [[0.01239339 0.01332737 0.01337109]
 [0.01386901 0.01393198 0.01365368]
 [0.01427004 0.01397046 0.01317474]] 
Episode: 108: [[0.0123819  0.01331027 0.01334456]
 [0.01385828 0.01391608 0.01362858]
 [0.01425829 0.01395138 0.0131452 ]] 
Episode: 109: [[0.01236572 0.01328953 0.01331638]
 [0.01384383 0.01389708 0.01360198]
 [0.01424388 0.0139301  0.0131146 ]] 
Episode: 110: [[0.01235071 0.01327022 0.01328923]
 [0.01383069 0.01387954 0.01357637]
 [0.01423102 0.01391014 0.01308517]] 
Episode: 111: [[0.012342   0.01325929 0.01326793]
 [0.01382044 0.01386994 0.01355686]
 [0.01422147 0.01389818 0.01306179]] 
Episode: 112: [[0.0123267  0.01324322 0.01324088]
 [0.01380449 0.01385566 0.01353173]
 [0.01420601 0.01388132 0.01303304]] 
Episode: 113: [[0.01231192 0.01322906 0.01321702]
 [0.01378968 0.01384351 0.01350989]
 [0.01419177 0.01386696 0.01300793]] 
Episode: 114: [[0.01229132 0.01320929 0.0131841 ]
 [0.01376701 0.01382463 0.01347813]
 [0.01416912 0.0138435  0.01297066]] 
Episode: 115: [[0.01227681 0.01319452 0.0131579 ]
 [0.01375089 0.0138108  0.01345299]
 [0.01415275 0.0138254  0.01294032]] 
Episode: 116: [[0.01226286 0.0131782  0.01312989]
 [0.01373442 0.01379535 0.0134258 ]
 [0.01413479 0.01380476 0.01290694]] 
Episode: 117: [[0.01224196 0.01315629 0.01309675]
 [0.01371094 0.01377368 0.01339313]
 [0.01410986 0.01377802 0.01286812]] 
Episode: 118: [[0.01222668 0.01313957 0.01307026]
 [0.01369333 0.01375763 0.01336735]
 [0.01409133 0.01375796 0.01283728]] 
Episode: 119: [[0.01221287 0.01312497 0.01304697]
 [0.01367808 0.01374391 0.01334518]
 [0.01407582 0.01374114 0.01281095]] 
Episode: 120: [[0.01220676 0.01311732 0.01303176]
 [0.01367037 0.01373749 0.01333122]
 [0.01406818 0.01373198 0.01279301]] 
Episode: 121: [[0.01221074 0.01311936 0.01302597]
 [0.01367262 0.01374086 0.01332676]
 [0.01407055 0.01373262 0.01278443]] 
Episode: 122: [[0.01221825 0.01312394 0.01302351]
 [0.01367808 0.01374685 0.01332576]
 [0.01407648 0.01373626 0.01277973]] 
Episode: 123: [[0.01223692 0.01313768 0.01303138]
 [0.01369392 0.01376228 0.0133353 ]
 [0.01409244 0.01375023 0.01278623]] 
Episode: 124: [[0.01225718 0.01315398 0.01304226]
 [0.01371283 0.01378054 0.01334802]
 [0.0141119  0.0137674  0.0127965 ]] 
Episode: 125: [[0.0122787  0.01317301 0.01305586]
 [0.01373355 0.01380166 0.01336344]
 [0.01413318 0.01378764 0.01280957]] 
Episode: 126: [[0.01230669 0.01320086 0.01307866]
 [0.01376188 0.01383219 0.01338836]
 [0.01416297 0.0138177  0.01283223]] 
Episode: 127: [[0.01232887 0.01322334 0.01309735]
 [0.01378433 0.01385697 0.01340882]
 [0.0141869  0.01384201 0.01285043]] 
Episode: 128: [[0.01235511 0.01324921 0.01311934]
 [0.01381133 0.01388559 0.0134329 ]
 [0.01421577 0.01387051 0.01287249]] 
Episode: 129: [[0.01238271 0.0132748  0.01314058]
 [0.01384035 0.01391413 0.01345638]
 [0.01424617 0.01389877 0.01289413]] 
Episode: 130: [[0.01241921 0.01330976 0.01317158]
 [0.01387796 0.01395226 0.01348961]
 [0.01428551 0.01393683 0.01292548]] 
Episode: 131: [[0.01245794 0.01334776 0.01320566]
 [0.01391778 0.01399348 0.01352596]
 [0.01432705 0.01397809 0.01296015]] 
Episode: 132: [[0.01249326 0.01338116 0.01323323]
 [0.013951   0.01402844 0.01355533]
 [0.01436261 0.01401328 0.0129879 ]] 
Episode: 133: [[0.01252048 0.01340727 0.01325413]
 [0.0139765  0.0140559  0.01357803]
 [0.0143909  0.01404098 0.01300929]] 
Episode: 134: [[0.0125437  0.01342972 0.01327159]
 [0.01399879 0.01407995 0.0135973 ]
 [0.01441547 0.01406496 0.01302708]] 
Episode: 135: [[0.01257211 0.01345782 0.01329528]
 [0.01402518 0.01410954 0.01362258]
 [0.01444435 0.01409448 0.01305081]] 
Episode: 136: [[0.01259542 0.0134811  0.01331457]
 [0.01404637 0.01413392 0.01364311]
 [0.01446761 0.01411883 0.01306977]] 
Episode: 137: [[0.01262444 0.01350904 0.01333802]
 [0.01407365 0.01416313 0.01366784]
 [0.01449652 0.0141475  0.0130927 ]] 
Episode: 138: [[0.01265373 0.0135358  0.01335987]
 [0.01410094 0.01419071 0.01369069]
 [0.01452521 0.01417428 0.01311359]] 
Episode: 139: [[0.01269011 0.01357058 0.01338909]
 [0.01413476 0.0142263  0.01372105]
 [0.01456005 0.01420903 0.01314187]] 
Episode: 140: [[0.01272825 0.01360727 0.01342023]
 [0.01417068 0.01426409 0.0137536 ]
 [0.01459729 0.01424622 0.01317285]] 
Episode: 141: [[0.01265881 0.01357692 0.01339107]
 [0.01411447 0.0142398  0.0137281 ]
 [0.01455361 0.01422375 0.01314914]] 
Episode: 142: [[0.01259041 0.01354417 0.01335896]
 [0.01405895 0.01421275 0.01369972]
 [0.01450968 0.01419883 0.0131228 ]] 
Episode: 143: [[0.01253459 0.01351966 0.01333494]
 [0.01401419 0.01419376 0.01367941]
 [0.01447602 0.0141822  0.01310431]] 
Episode: 144: [[0.01248531 0.01349808 0.0133138 ]
 [0.01397407 0.01417721 0.01366187]
 [0.01444562 0.01416784 0.01308833]] 
Episode: 145: [[0.01244223 0.01348055 0.01329623]
 [0.01393888 0.01416356 0.01364729]
 [0.01441915 0.01415591 0.01307492]] 
Episode: 146: [[0.01240051 0.01346015 0.01327244]
 [0.01390205 0.01414525 0.01362546]
 [0.01438914 0.01413754 0.01305294]] 
Episode: 147: [[0.01235934 0.01343868 0.01324781]
 [0.01386522 0.01412566 0.01360266]
 [0.0143586  0.01411798 0.01302988]] 
Episode: 148: [[0.01232837 0.01342713 0.01323307]
 [0.01384047 0.01411658 0.01358999]
 [0.01434001 0.01410884 0.01301677]] 
Episode: 149: [[0.01230546 0.01342439 0.0132272 ]
 [0.01382355 0.01411654 0.01358643]
 [0.0143298  0.01410875 0.01301285]] 
Episode: 150: [[0.01229097 0.01342659 0.01322706]
 [0.01381444 0.01412127 0.0135887 ]
 [0.01432739 0.01411396 0.01301522]] 
Episode: 151: [[0.01228954 0.01343829 0.01323588]
 [0.01381596 0.01413527 0.01359968]
 [0.01433468 0.01412798 0.01302568]] 
Episode: 152: [[0.0122817  0.01344173 0.01323552]
 [0.01380981 0.01414096 0.01360134]
 [0.01433386 0.01413349 0.01302669]] 
Episode: 153: [[0.01226957 0.0134425  0.01323602]
 [0.01380146 0.01414514 0.01360434]
 [0.01433301 0.01413945 0.0130308 ]] 
Episode: 154: [[0.01225564 0.01343891 0.01323079]
 [0.01378919 0.01414428 0.01360108]
 [0.01432672 0.01413961 0.01302823]] 
Episode: 155: [[0.01224988 0.01344221 0.0132323 ]
 [0.01378464 0.01415027 0.01360465]
 [0.0143279  0.01414672 0.01303269]] 
Episode: 156: [[0.01224592 0.01344662 0.01323517]
 [0.01378176 0.01415709 0.01360945]
 [0.01433039 0.01415468 0.01303844]] 
Episode: 157: [[0.01224992 0.0134575  0.01324468]
 [0.01378695 0.01417057 0.01362112]
 [0.01434096 0.01416975 0.01305141]] 
Episode: 158: [[0.01227193 0.01348197 0.0132664 ]
 [0.01380758 0.01419753 0.01364509]
 [0.01436573 0.01419792 0.01307644]] 
Episode: 159: [[0.01231016 0.01352131 0.01330283]
 [0.01384338 0.01424012 0.01368399]
 [0.0144056  0.01424139 0.01311561]] 
Episode: 160: [[0.01234411 0.0135551  0.0133335 ]
 [0.01387496 0.01427708 0.01371717]
 [0.01444126 0.01427954 0.01314943]] 
Episode: 161: [[0.01236725 0.01357384 0.01334502]
 [0.01388907 0.0142959  0.01372969]
 [0.01445618 0.01429832 0.01316128]] 
Episode: 162: [[0.01236838 0.01357071 0.01333594]
 [0.01388081 0.0142918  0.01372093]
 [0.01444774 0.014294   0.01315166]] 
Episode: 163: [[0.01237167 0.01356871 0.01332713]
 [0.01387276 0.01428772 0.01371196]
 [0.01443891 0.01428895 0.01314155]] 
Episode: 164: [[0.01237466 0.01355776 0.01331307]
 [0.01386038 0.0142738  0.01369782]
 [0.0144247  0.01427626 0.01312803]] 
Episode: 165: [[0.01236914 0.01353835 0.01328935]
 [0.01383811 0.01425063 0.01367377]
 [0.01440062 0.01425418 0.01310472]] 
Episode: 166: [[0.0123829  0.01353731 0.0132827 ]
 [0.0138344  0.01424574 0.01366678]
 [0.01439504 0.01424974 0.01309743]] 
Episode: 167: [[0.01237359 0.01351567 0.01325549]
 [0.01381152 0.01422008 0.01363851]
 [0.01436916 0.01422302 0.01306794]] 
Episode: 168: [[0.01234533 0.01347532 0.01320812]
 [0.01376812 0.01417394 0.01358852]
 [0.01432047 0.01417383 0.01301527]] 
Episode: 169: [[0.01231799 0.01343636 0.01316259]
 [0.01372654 0.01412973 0.01354078]
 [0.01427412 0.01412692 0.01296518]] 
Episode: 170: [[0.01228508 0.01339176 0.01311219]
 [0.01368149 0.01408093 0.01348878]
 [0.01422506 0.01407605 0.01291127]] 
Episode: 171: [[0.01225412 0.01335029 0.01306552]
 [0.01364154 0.01403634 0.01344098]
 [0.01418185 0.01402975 0.01286186]] 
Episode: 172: [[0.0122405  0.01332912 0.01303918]
 [0.01362193 0.01401289 0.01341428]
 [0.01416015 0.01400576 0.01283459]] 
Episode: 173: [[0.01222467 0.01330504 0.01300834]
 [0.01359929 0.0139856  0.01338275]
 [0.01413479 0.01397768 0.01280241]] 
Episode: 174: [[0.01222088 0.01329563 0.01299104]
 [0.01358977 0.01397253 0.01336498]
 [0.01412227 0.01396382 0.01278442]] 
Episode: 175: [[0.01223556 0.01330596 0.01299355]
 [0.0135976  0.01397949 0.01336735]
 [0.01412714 0.01397009 0.01278675]] 
Episode: 176: [[0.01226305 0.01332898 0.01301033]
 [0.013618   0.01400043 0.01338463]
 [0.01414574 0.0139912  0.01280454]] 
Episode: 177: [[0.01228557 0.01334678 0.0130228 ]
 [0.01363311 0.01401633 0.01339748]
 [0.01415967 0.01400726 0.01281824]] 
Episode: 178: [[0.01230837 0.01336525 0.01303683]
 [0.01364952 0.01403364 0.01341205]
 [0.01417543 0.0140248  0.0128336 ]] 
Episode: 179: [[0.01234067 0.0134008  0.01306771]
 [0.01368248 0.01406901 0.01344386]
 [0.01420762 0.01406075 0.01286687]] 
Episode: 180: [[0.01237663 0.01343837 0.01310036]
 [0.01371822 0.01410683 0.01347775]
 [0.01424283 0.01409946 0.01290243]] 
Episode: 181: [[0.01241351 0.01347628 0.01313279]
 [0.01375332 0.01414464 0.01351135]
 [0.01427727 0.0141383  0.01293788]] 
Episode: 182: [[0.01243269 0.01350184 0.01315311]
 [0.01377325 0.0141696  0.01353221]
 [0.01429561 0.01416292 0.01295944]] 
Episode: 183: [[0.01246498 0.01352524 0.01316892]
 [0.01379258 0.01418828 0.01354686]
 [0.01431108 0.01418055 0.01297451]] 
Episode: 184: [[0.01249187 0.01354541 0.01318154]
 [0.01380881 0.01420482 0.01355887]
 [0.01432456 0.01419667 0.0129871 ]] 
Episode: 185: [[0.01252989 0.01357424 0.01320295]
 [0.01383606 0.01423021 0.01357986]
 [0.01434844 0.01422142 0.01300844]] 
Episode: 186: [[0.01256858 0.01360617 0.01322776]
 [0.01386472 0.01425931 0.01360433]
 [0.01437375 0.01424943 0.01303297]] 
Episode: 187: [[0.01260536 0.01362993 0.01324329]
 [0.01388685 0.01427806 0.01361865]
 [0.01439121 0.01426737 0.01304688]] 
Episode: 188: [[0.0126338  0.01364958 0.01325569]
 [0.0139032  0.01429383 0.01362991]
 [0.01440347 0.01428146 0.0130568 ]] 
Episode: 189: [[0.01267302 0.01368363 0.01328348]
 [0.01393452 0.01432571 0.01365731]
 [0.014432   0.01431224 0.01308342]] 
Episode: 190: [[0.01270881 0.01371576 0.01331084]
 [0.01396654 0.01435684 0.01368425]
 [0.01446163 0.0143418  0.01310868]] 
Episode: 191: [[0.01274361 0.01374819 0.01333848]
 [0.01399849 0.01438916 0.01371208]
 [0.01449211 0.01437333 0.01313542]] 
Episode: 192: [[0.01277943 0.01378241 0.01336736]
 [0.01403249 0.01442396 0.01374144]
 [0.01452489 0.01440707 0.01316351]] 
Episode: 193: [[0.01282774 0.01382606 0.01340466]
 [0.01407805 0.01446875 0.01377961]
 [0.01456972 0.01445122 0.01320077]] 
Episode: 194: [[0.01287441 0.01386901 0.01344096]
 [0.01412271 0.01451305 0.01381702]
 [0.01461426 0.01449542 0.01323779]] 
Episode: 195: [[0.01288638 0.01387949 0.01344289]
 [0.01413243 0.01452302 0.01381879]
 [0.01461655 0.01450086 0.01323624]] 
Episode: 196: [[0.01289893 0.0138893  0.01344483]
 [0.01414386 0.01453308 0.01382103]
 [0.01462218 0.01450745 0.01323589]] 
Episode: 197: [[0.012926   0.013912   0.01345978]
 [0.01416884 0.01455605 0.01383698]
 [0.01464103 0.01452719 0.01324962]] 
Episode: 198: [[0.01295039 0.01393171 0.01346965]
 [0.01419163 0.01457555 0.01384739]
 [0.01465735 0.01454365 0.01325826]] 
Episode: 199: [[0.0129645  0.01394649 0.01347448]
 [0.01420771 0.01458973 0.01385233]
 [0.01466701 0.01455434 0.01326229]] 
Episode: 200: [[0.012969   0.01394797 0.01346644]
 [0.01420676 0.01458983 0.01384464]
 [0.01465954 0.0145515  0.01325376]] 
Episode: 201: [[0.01297417 0.01395379 0.01346451]
 [0.01421    0.0145947  0.01384307]
 [0.01465665 0.01455329 0.01325127]] 
Episode: 202: [[0.01299091 0.01397075 0.01347244]
 [0.01422391 0.01461089 0.01385163]
 [0.01466507 0.01456694 0.01325915]] 
Episode: 203: [[0.01300824 0.01399419 0.01348454]
 [0.01423927 0.01463328 0.01386386]
 [0.01467405 0.01458527 0.01327009]] 
Episode: 204: [[0.01301609 0.01400306 0.01348245]
 [0.01424043 0.01463997 0.01386155]
 [0.01466885 0.01458922 0.01326759]] 
Episode: 205: [[0.01302492 0.0140135  0.01348275]
 [0.01424346 0.01464907 0.01386194]
 [0.01466556 0.01459533 0.01326716]] 
Episode: 206: [[0.01302922 0.01401799 0.01347575]
 [0.01423986 0.0146507  0.01385415]
 [0.01465279 0.01459245 0.01325775]] 
Episode: 207: [[0.01303815 0.01402442 0.01346954]
 [0.01423881 0.01465403 0.013847  ]
 [0.01464375 0.01459244 0.0132495 ]] 
Episode: 208: [[0.0130103  0.01399119 0.0134209 ]
 [0.01419876 0.01461674 0.01379741]
 [0.01459545 0.01455027 0.01319834]] 
Episode: 209: [[0.01299008 0.01396323 0.01337795]
 [0.01416626 0.01458486 0.01375345]
 [0.0145552  0.01451378 0.01315288]] 
Episode: 210: [[0.01296959 0.01393693 0.01333387]
 [0.01413383 0.01455418 0.01370824]
 [0.01451492 0.01447847 0.01310631]] 
Episode: 211: [[0.01294109 0.01390351 0.01328328]
 [0.01409528 0.01451671 0.01365633]
 [0.01446883 0.01443642 0.01305281]] 
Episode: 212: [[0.01291921 0.01387479 0.01323714]
 [0.01406434 0.01448372 0.01360863]
 [0.01443078 0.01439926 0.01300336]] 
Episode: 213: [[0.01290227 0.01385149 0.01319632]
 [0.01403923 0.01445661 0.01356629]
 [0.01439911 0.01436818 0.01295901]] 
Episode: 214: [[0.01289575 0.01383707 0.01316558]
 [0.01402367 0.01443893 0.01353453]
 [0.01437805 0.01434741 0.0129256 ]] 
Episode: 215: [[0.0128833  0.01381773 0.0131296 ]
 [0.01400319 0.01441746 0.01349828]
 [0.01435352 0.0143239  0.0128882 ]] 
Episode: 216: [[0.01288053 0.01380614 0.01310074]
 [0.01399149 0.01440342 0.01346922]
 [0.01433816 0.014309   0.0128591 ]] 
Episode: 217: [[0.01289407 0.01380963 0.01308781]
 [0.01399652 0.01440484 0.01345645]
 [0.0143394  0.01430981 0.01284614]] 
Episode: 218: [[0.01288656 0.01379609 0.01306029]
 [0.01398216 0.01439072 0.0134294 ]
 [0.01432267 0.01429367 0.01281788]] 
Episode: 219: [[0.01289024 0.01379252 0.01304166]
 [0.01397946 0.01438664 0.01341099]
 [0.01431806 0.0142875  0.01279831]] 
Episode: 220: [[0.01289267 0.01378957 0.01302582]
 [0.01397663 0.01438344 0.01339556]
 [0.01431385 0.01428242 0.01278157]] 
Episode: 221: [[0.01289497 0.01378386 0.01301056]
 [0.01397691 0.01437805 0.01338085]
 [0.01431155 0.01427736 0.01276712]] 
Episode: 222: [[0.01288825 0.013769   0.0129888 ]
 [0.01397046 0.01436451 0.01335997]
 [0.01430415 0.01426425 0.01274675]] 
Episode: 223: [[0.01288367 0.01375538 0.01296905]
 [0.01396388 0.01435163 0.0133409 ]
 [0.01429676 0.01425242 0.0127286 ]] 
Episode: 224: [[0.01288262 0.01374655 0.01295516]
 [0.01396144 0.014344   0.01332797]
 [0.01429451 0.01424632 0.01271694]] 
Episode: 225: [[0.01288389 0.01374222 0.01294494]
 [0.01396124 0.0143407  0.01331899]
 [0.01429392 0.0142446  0.01270934]] 
Episode: 226: [[0.01288184 0.01373642 0.01293345]
 [0.01395881 0.01433573 0.01330815]
 [0.01429031 0.01423993 0.01269915]] 
Episode: 227: [[0.01288885 0.01374076 0.01293338]
 [0.01396748 0.0143424  0.01330968]
 [0.01429934 0.01424727 0.01270077]] 
Episode: 228: [[0.01290713 0.01375537 0.0129435 ]
 [0.01398776 0.01436011 0.01332186]
 [0.01432007 0.01426547 0.01271262]] 
Episode: 229: [[0.01292017 0.01376473 0.01294926]
 [0.01400195 0.01437226 0.01332938]
 [0.01433543 0.01427835 0.01271975]] 
Episode: 230: [[0.01292969 0.01377554 0.01295607]
 [0.01401319 0.01438467 0.01333694]
 [0.01434666 0.01429028 0.01272723]] 
Episode: 231: [[0.01293342 0.01378635 0.01296379]
 [0.014024   0.01439884 0.0133462 ]
 [0.01435827 0.01430387 0.01273619]] 
Episode: 232: [[0.01294767 0.01380583 0.01297992]
 [0.01404395 0.01442148 0.01336407]
 [0.0143793  0.01432689 0.01275424]] 
Episode: 233: [[0.0129708  0.01383295 0.01300451]
 [0.01407277 0.0144515  0.01339026]
 [0.01440783 0.0143565  0.01278004]] 
Episode: 234: [[0.01298174 0.01385141 0.0130221 ]
 [0.01409439 0.01447476 0.01340964]
 [0.01442973 0.01437765 0.01279851]] 
Episode: 235: [[0.01299498 0.01386922 0.01303848]
 [0.01411705 0.01449745 0.01342805]
 [0.01445338 0.0143991  0.01281635]] 
Episode: 236: [[0.01301385 0.0138913  0.01305885]
 [0.01414501 0.01452455 0.01345094]
 [0.01448265 0.01442596 0.0128396 ]] 
Episode: 237: [[0.01303147 0.01391177 0.01307733]
 [0.01417145 0.0145499  0.01347189]
 [0.01451058 0.01445159 0.01286132]] 
Episode: 238: [[0.01304189 0.01392473 0.01308729]
 [0.01419028 0.01456717 0.01348383]
 [0.01453053 0.01446867 0.01287383]] 
Episode: 239: [[0.01302816 0.01391655 0.0130756 ]
 [0.01418466 0.01456222 0.01347349]
 [0.01452502 0.014463   0.01286369]] 
Episode: 240: [[0.01302322 0.01391704 0.01307478]
 [0.01418906 0.01456679 0.01347448]
 [0.01452924 0.01446643 0.01286543]] 
Episode: 241: [[0.01302713 0.0139222  0.01307795]
 [0.01419875 0.01457526 0.01347919]
 [0.01453892 0.01447439 0.01287101]] 
Episode: 242: [[0.01303411 0.01392882 0.01308169]
 [0.01421174 0.01458517 0.01348457]
 [0.01455092 0.01448322 0.01287734]] 
Episode: 243: [[0.01304055 0.01393387 0.01308434]
 [0.01422352 0.01459295 0.0134887 ]
 [0.01456157 0.01449044 0.01288248]] 
Episode: 244: [[0.01304222 0.01393235 0.01307863]
 [0.0142289  0.01459314 0.01348395]
 [0.01456624 0.0144907  0.01287919]] 
Episode: 245: [[0.01304828 0.01393628 0.01307866]
 [0.01423943 0.01459911 0.01348536]
 [0.01457569 0.01449618 0.01288112]] 
Episode: 246: [[0.01304396 0.01392855 0.01306651]
 [0.01424036 0.01459426 0.01347505]
 [0.01457754 0.01449247 0.01287247]] 
Episode: 247: [[0.01303352 0.01391245 0.01304303]
 [0.01423407 0.01458017 0.013453  ]
 [0.01457133 0.01447934 0.01285215]] 
Episode: 248: [[0.01303551 0.01390659 0.01302845]
 [0.01423855 0.01457509 0.01343913]
 [0.01457532 0.01447505 0.01284012]] 
Episode: 249: [[0.01304435 0.01390998 0.01302402]
 [0.01425196 0.01458009 0.01343573]
 [0.01458832 0.01448031 0.01283811]] 
Episode: 250: [[0.0130504  0.01391134 0.0130177 ]
 [0.0142626  0.0145834  0.01343056]
 [0.01459863 0.01448335 0.01283377]] 
Episode: 251: [[0.01305183 0.01390522 0.01300312]
 [0.01426339 0.0145774  0.01341626]
 [0.01459831 0.01447755 0.01282126]] 
Episode: 252: [[0.01305309 0.01390092 0.01299131]
 [0.01426618 0.01457429 0.01340531]
 [0.01460063 0.0144745  0.0128119 ]] 
Episode: 253: [[0.01305063 0.01389623 0.0129784 ]
 [0.0142679  0.01457066 0.01339284]
 [0.01460039 0.01446956 0.01280107]] 
Episode: 254: [[0.01304315 0.01388458 0.01295859]
 [0.01426498 0.01455992 0.01337321]
 [0.01459687 0.01445813 0.01278324]] 
Episode: 255: [[0.01304103 0.01387975 0.0129465 ]
 [0.01426717 0.01455651 0.01336143]
 [0.01459856 0.01445366 0.01277276]] 
Episode: 256: [[0.01304601 0.01388108 0.01293912]
 [0.01427351 0.01455707 0.01335335]
 [0.01460229 0.01445322 0.01276663]] 
Episode: 257: [[0.01305685 0.01389198 0.01294261]
 [0.01429068 0.01456936 0.01335684]
 [0.01461586 0.01446185 0.01276965]] 
Episode: 258: [[0.01308169 0.01391635 0.01296078]
 [0.01432158 0.01459577 0.01337546]
 [0.01464358 0.01448483 0.01278767]] 
Episode: 259: [[0.0131039  0.01393785 0.01297542]
 [0.0143499  0.01461912 0.01339044]
 [0.01466866 0.01450462 0.012802  ]] 
Episode: 260: [[0.01311646 0.01395179 0.01298252]
 [0.01436936 0.01463513 0.01339777]
 [0.01468633 0.01451739 0.01280897]] 
Episode: 261: [[0.01313187 0.013966   0.01298948]
 [0.01439052 0.01465114 0.01340514]
 [0.01470625 0.01453122 0.0128167 ]] 
Episode: 262: [[0.01314776 0.01397598 0.01299077]
 [0.01440636 0.01466085 0.01340606]
 [0.01471755 0.01453831 0.01281775]] 
Episode: 263: [[0.01317197 0.01399553 0.01300222]
 [0.01443283 0.01468089 0.01341763]
 [0.01474051 0.01455645 0.01282972]] 
Episode: 264: [[0.01321275 0.01403069 0.01303219]
 [0.01447425 0.01471751 0.01344856]
 [0.01478211 0.01459433 0.01286271]] 
Episode: 265: [[0.01325432 0.01407258 0.0130676 ]
 [0.01451969 0.01476091 0.01348437]
 [0.01482502 0.01463567 0.01289933]] 
Episode: 266: [[0.01329999 0.01411931 0.01310775]
 [0.01457007 0.01481032 0.01352546]
 [0.01487361 0.01468323 0.01294149]] 
Episode: 267: [[0.01334754 0.01416821 0.01315073]
 [0.01462075 0.01486148 0.0135694 ]
 [0.01492162 0.01473251 0.01298648]] 
Episode: 268: [[0.01339659 0.01421796 0.01319608]
 [0.01467223 0.01491497 0.01361647]
 [0.01497243 0.01478446 0.0130343 ]] 
Episode: 269: [[0.01344332 0.01426471 0.01323566]
 [0.01471896 0.01496407 0.01365693]
 [0.01501568 0.01483124 0.01307506]] 
Episode: 270: [[0.01348608 0.01430951 0.01327372]
 [0.01476254 0.01501138 0.01369592]
 [0.01505609 0.01487601 0.013114  ]] 
Episode: 271: [[0.01351786 0.01434527 0.01330161]
 [0.01479579 0.01504968 0.01372464]
 [0.01508676 0.01491247 0.01314422]] 
Episode: 272: [[0.01353684 0.01436712 0.01331468]
 [0.01481683 0.01507472 0.01373917]
 [0.01510552 0.01493605 0.01316094]] 
Episode: 273: [[0.01354823 0.01437926 0.01331892]
 [0.01482921 0.01508939 0.01374417]
 [0.01511656 0.01494926 0.01316767]] 
Episode: 274: [[0.01354821 0.01437476 0.01330209]
 [0.01481862 0.0150811  0.01372334]
 [0.01509887 0.01493662 0.01314997]] 
Episode: 275: [[0.01355247 0.01437416 0.01328972]
 [0.0148127  0.01507705 0.01370747]
 [0.01508668 0.01492908 0.01313721]] 
Episode: 276: [[0.01356017 0.01437775 0.01328179]
 [0.01481235 0.01507793 0.01369648]
 [0.01508015 0.01492614 0.0131286 ]] 
Episode: 277: [[0.013552   0.01436566 0.01325721]
 [0.01479625 0.01506206 0.01366819]
 [0.01505716 0.0149067  0.01310297]] 
Episode: 278: [[0.01354031 0.01435259 0.01323445]
 [0.01477834 0.0150474  0.01364297]
 [0.01503773 0.01489144 0.01308213]] 
Episode: 279: [[0.01352523 0.01433938 0.01321219]
 [0.01475783 0.01503223 0.01361813]
 [0.01501479 0.01487567 0.01306183]] 
Episode: 280: [[0.01349516 0.01431054 0.01317471]
 [0.01472236 0.01500124 0.01357817]
 [0.01497774 0.0148449  0.01302641]] 
Episode: 281: [[0.01348177 0.01429922 0.01315431]
 [0.01470613 0.01498955 0.01355626]
 [0.01495816 0.01483108 0.01300714]] 
Episode: 282: [[0.01344394 0.01426861 0.01311292]
 [0.01466695 0.01495638 0.01351137]
 [0.01491598 0.01479488 0.01296388]] 
Episode: 283: [[0.01340083 0.01423219 0.01306678]
 [0.01462355 0.01491773 0.01346214]
 [0.0148696  0.01475368 0.01291655]] 
Episode: 284: [[0.01337218 0.01420929 0.01303375]
 [0.0145947  0.0148927  0.01342623]
 [0.01483625 0.01472579 0.01288267]] 
Episode: 285: [[0.01333956 0.01418284 0.01299591]
 [0.01456268 0.01486358 0.0133853 ]
 [0.01479847 0.01469358 0.01284473]] 
Episode: 286: [[0.01332163 0.0141698  0.01297171]
 [0.01454673 0.01484879 0.01335886]
 [0.01477638 0.01467543 0.01282079]] 
Episode: 287: [[0.01331884 0.01417196 0.01296385]
 [0.01454634 0.01484972 0.01334911]
 [0.01477016 0.01467267 0.01281222]] 
Episode: 288: [[0.01332953 0.01418462 0.01296563]
 [0.01455708 0.01486064 0.01334904]
 [0.01477475 0.01468068 0.0128134 ]] 
Episode: 289: [[0.01333006 0.0141841  0.01295235]
 [0.014556   0.01485751 0.01333362]
 [0.01476688 0.01467521 0.01279966]] 
Episode: 290: [[0.01331404 0.01416636 0.01292364]
 [0.01453837 0.01483711 0.01330252]
 [0.01474281 0.01465318 0.01277092]] 
Episode: 291: [[0.01330405 0.01415536 0.01290143]
 [0.01452871 0.0148234  0.01327775]
 [0.01472479 0.01463696 0.01274859]] 
Episode: 292: [[0.01328591 0.01413584 0.01286994]
 [0.01450949 0.01480095 0.01324359]
 [0.0146988  0.01461295 0.01271679]] 
Episode: 293: [[0.01327527 0.01412329 0.01284577]
 [0.01449785 0.01478605 0.01321705]
 [0.01468051 0.01459573 0.01269141]] 
Episode: 294: [[0.01328296 0.0141289  0.0128404 ]
 [0.01450568 0.01479071 0.01321041]
 [0.01468197 0.01459764 0.01268485]] 
Episode: 295: [[0.01329571 0.01413936 0.01284106]
 [0.01451808 0.01480064 0.01321011]
 [0.01468895 0.01460535 0.0126848 ]] 
Episode: 296: [[0.01330841 0.01414982 0.01284092]
 [0.01452953 0.0148103  0.01320884]
 [0.01469515 0.01461325 0.01268441]] 
Episode: 297: [[0.01332031 0.01415923 0.01284101]
 [0.01454153 0.01481848 0.01320739]
 [0.01469994 0.01461864 0.01268251]] 
Episode: 298: [[0.01333643 0.01417151 0.01284422]
 [0.01455458 0.01482815 0.01320885]
 [0.01470409 0.01462574 0.01268351]] 
Episode: 299: [[0.01335038 0.01418224 0.01284664]
 [0.01456648 0.01483655 0.01320974]
 [0.0147064  0.01463114 0.0126836 ]] 
Episode: 300: [[0.01337304 0.01419991 0.0128563 ]
 [0.01458704 0.01485226 0.01321798]
 [0.01471732 0.014644   0.01269136]] 
Episode: 301: [[0.01340335 0.01422365 0.01287269]
 [0.01461527 0.0148739  0.01323275]
 [0.01473667 0.01466311 0.01270569]] 
Episode: 302: [[0.01343948 0.01425369 0.01289633]
 [0.01465016 0.01490341 0.01325587]
 [0.01476389 0.0146896  0.01272767]] 
Episode: 303: [[0.01349665 0.01430125 0.01293722]
 [0.01470743 0.0149501  0.01329571]
 [0.01480901 0.01472915 0.01276206]] 
Episode: 304: [[0.01355908 0.01435413 0.01298328]
 [0.01477203 0.01500326 0.01334145]
 [0.01486264 0.0147753  0.01280246]] 
Episode: 305: [[0.01363395 0.01442387 0.01304739]
 [0.01484947 0.01507307 0.01340474]
 [0.01492591 0.01483704 0.01286136]] 
Episode: 306: [[0.01368983 0.01447541 0.01309277]
 [0.01490729 0.01512435 0.0134492 ]
 [0.01497142 0.01488167 0.01290255]] 
Episode: 307: [[0.01373566 0.01451125 0.01312002]
 [0.01495265 0.01515925 0.0134752 ]
 [0.01500687 0.014912   0.01292704]] 
Episode: 308: [[0.01376548 0.01453185 0.01313065]
 [0.01498134 0.01517809 0.01348384]
 [0.01502572 0.01492575 0.01293365]] 
Episode: 309: [[0.0137944  0.01454725 0.01313976]
 [0.01500004 0.0151892  0.01349031]
 [0.01504209 0.0149388  0.01294274]] 
Episode: 310: [[0.0138254  0.01456497 0.01315139]
 [0.01502233 0.015204   0.01350024]
 [0.01506172 0.01495557 0.01295551]] 
Episode: 311: [[0.01386075 0.01458757 0.01316775]
 [0.01504939 0.01522364 0.01351477]
 [0.0150848  0.01497705 0.01297357]] 
Episode: 312: [[0.01390654 0.01462236 0.01319553]
 [0.0150893  0.0152563  0.01354101]
 [0.01512104 0.01501107 0.01300289]] 
Episode: 313: [[0.01394292 0.01464751 0.01321224]
 [0.01511933 0.01527904 0.01355604]
 [0.01514782 0.01503557 0.01302106]] 
Episode: 314: [[0.01396752 0.01465885 0.01321468]
 [0.01513299 0.01528567 0.01355575]
 [0.01515649 0.01504516 0.01302495]] 
Episode: 315: [[0.0139917  0.01467063 0.01321838]
 [0.01514765 0.01529338 0.01355699]
 [0.01516647 0.01505538 0.01303008]] 
Episode: 316: [[0.01402266 0.01468977 0.01322958]
 [0.01517044 0.01530859 0.01356587]
 [0.01518403 0.01507267 0.01304207]] 
Episode: 317: [[0.01405485 0.01470915 0.01324067]
 [0.015194   0.01532376 0.01357473]
 [0.01520249 0.0150905  0.01305411]] 
Episode: 318: [[0.01408534 0.01472836 0.01325009]
 [0.01521843 0.01533695 0.01358068]
 [0.01522007 0.01510597 0.01306399]] 
Episode: 319: [[0.01408835 0.01472934 0.01324325]
 [0.01522313 0.0153362  0.01357154]
 [0.01522863 0.0151088  0.01305928]] 
Episode: 320: [[0.01408932 0.01472683 0.01323153]
 [0.01522502 0.01533182 0.01355722]
 [0.01523184 0.01510666 0.01304955]] 
Episode: 321: [[0.01408343 0.01472201 0.01321858]
 [0.01522226 0.01532551 0.01354168]
 [0.01522993 0.01510133 0.01303747]] 
Episode: 322: [[0.01406821 0.0147048  0.0131946 ]
 [0.01521066 0.01530693 0.01351533]
 [0.01521777 0.01508307 0.01301439]] 
Episode: 323: [[0.01405557 0.01468864 0.01317221]
 [0.01520083 0.0152893  0.01349061]
 [0.0152076  0.01506575 0.01299262]] 
Episode: 324: [[0.01403762 0.01466758 0.0131457 ]
 [0.01518481 0.015266   0.01346122]
 [0.01519016 0.01504204 0.0129657 ]] 
Episode: 325: [[0.01403052 0.01465442 0.01312615]
 [0.01517789 0.01524931 0.01343881]
 [0.01517755 0.0150244  0.01294575]] 
Episode: 326: [[0.01401728 0.01463646 0.01310188]
 [0.01516423 0.01522788 0.01341174]
 [0.01515884 0.0150022  0.01292075]] 
Episode: 327: [[0.01401173 0.0146266  0.01308736]
 [0.01515884 0.01521567 0.01339461]
 [0.01515129 0.01498932 0.01290528]] 
Episode: 328: [[0.01400804 0.01462083 0.01307746]
 [0.01515753 0.01520923 0.01338336]
 [0.01514963 0.01498321 0.01289632]] 
Episode: 329: [[0.0140041  0.01461515 0.01306695]
 [0.01515601 0.01520279 0.01337164]
 [0.01514679 0.01497697 0.01288705]] 
Episode: 330: [[0.01401764 0.01463001 0.01307831]
 [0.0151745  0.01521916 0.01338315]
 [0.01516238 0.01499172 0.01290023]] 
Episode: 331: [[0.01403894 0.01465261 0.01309794]
 [0.01520108 0.01524491 0.01340381]
 [0.01518717 0.01501523 0.01292143]] 
Episode: 332: [[0.01402515 0.0146428  0.01308419]
 [0.01519692 0.01524003 0.01339124]
 [0.01518265 0.01500773 0.01291098]] 
Episode: 333: [[0.01402224 0.0146418  0.01307672]
 [0.0152019  0.01524265 0.01338441]
 [0.01518512 0.0150073  0.01290598]] 
Episode: 334: [[0.01402538 0.01464801 0.01307713]
 [0.0152149  0.01525337 0.0133859 ]
 [0.01519459 0.0150135  0.01290859]] 
Episode: 335: [[0.01403766 0.01466249 0.01308638]
 [0.0152359  0.01527241 0.01339649]
 [0.01521378 0.01502911 0.01292013]] 
Episode: 336: [[0.0140333  0.01465933 0.01307877]
 [0.01523991 0.01527459 0.01339006]
 [0.01521595 0.01502574 0.01291378]] 
Episode: 337: [[0.01403363 0.01466604 0.01308224]
 [0.01525302 0.01528885 0.01339578]
 [0.01522956 0.01503441 0.01291969]] 
Episode: 338: [[0.01401753 0.01465698 0.01307329]
 [0.01525435 0.0152893  0.01339082]
 [0.01523514 0.01503173 0.01291565]] 
Episode: 339: [[0.01398828 0.0146346  0.01304894]
 [0.015241   0.01527508 0.01336994]
 [0.01522461 0.01501446 0.01289583]] 
Episode: 340: [[0.01398032 0.01462934 0.01304001]
 [0.01524328 0.01527772 0.01336488]
 [0.01522761 0.01501342 0.01289072]] 
Episode: 341: [[0.01397593 0.01462481 0.0130324 ]
 [0.01524697 0.01528004 0.01336075]
 [0.01523141 0.01501201 0.01288584]] 
Episode: 342: [[0.01399019 0.01463429 0.01303684]
 [0.01526541 0.01529514 0.01336831]
 [0.01525021 0.01502529 0.01289381]] 
Episode: 343: [[0.01401452 0.01465163 0.01305043]
 [0.01529176 0.0153183  0.01338479]
 [0.01527211 0.01504365 0.0129095 ]] 
Episode: 344: [[0.01404221 0.01467522 0.01307216]
 [0.01532432 0.01534941 0.01341021]
 [0.01530122 0.01506829 0.0129319 ]] 
Episode: 345: [[0.01406096 0.01468879 0.01308648]
 [0.0153469  0.01537021 0.01342867]
 [0.01532366 0.01508712 0.01295032]] 
Episode: 346: [[0.01408351 0.01470506 0.01310294]
 [0.01537213 0.0153932  0.01344914]
 [0.01534905 0.01510875 0.01297085]] 
Episode: 347: [[0.01404525 0.0146702  0.01306272]
 [0.01534757 0.01536724 0.01341277]
 [0.01532285 0.01507789 0.01293608]] 
Episode: 348: [[0.01401274 0.01464112 0.01302833]
 [0.01532905 0.01534664 0.01338206]
 [0.0153041  0.01505348 0.0129072 ]] 
Episode: 349: [[0.01400972 0.01463251 0.01301323]
 [0.0153304  0.01534426 0.01336953]
 [0.01530276 0.01504698 0.01289601]] 
Episode: 350: [[0.01401769 0.01463339 0.01300667]
 [0.01533924 0.01535041 0.01336551]
 [0.01530917 0.01505027 0.01289329]] 
Episode: 351: [[0.0139995  0.01461516 0.01298221]
 [0.015327   0.01533992 0.01334461]
 [0.01529256 0.0150343  0.0128718 ]] 
Episode: 352: [[0.013988   0.01460395 0.01296678]
 [0.01532224 0.01533679 0.01333305]
 [0.0152835  0.01502583 0.01285959]] 
Episode: 353: [[0.01396611 0.01458582 0.01294559]
 [0.01530943 0.01532661 0.01331565]
 [0.01526578 0.01500953 0.01284132]] 
Episode: 354: [[0.01395361 0.01457591 0.01293067]
 [0.01530521 0.01532261 0.01330315]
 [0.01525367 0.01499793 0.01282741]] 
Episode: 355: [[0.01394627 0.01457577 0.01292476]
 [0.01530945 0.01532877 0.01329964]
 [0.01524921 0.01499526 0.01282178]] 
Episode: 356: [[0.01394363 0.01458279 0.01292511]
 [0.01531678 0.01534063 0.01330134]
 [0.01524718 0.01499826 0.01282197]] 
Episode: 357: [[0.01392974 0.01457691 0.01291332]
 [0.01530822 0.01533796 0.01329027]
 [0.01522813 0.0149869  0.01280904]] 
Episode: 358: [[0.01389235 0.01454969 0.01288581]
 [0.01528112 0.01531755 0.01326558]
 [0.01519314 0.01495557 0.01277969]] 
Episode: 359: [[0.01386956 0.01453069 0.01286386]
 [0.0152626  0.0153035  0.01324588]
 [0.01516567 0.01493259 0.01275659]] 
Episode: 360: [[0.0138577  0.01452266 0.01285351]
 [0.01525554 0.01530074 0.01323762]
 [0.01515116 0.01492142 0.01274513]] 
Episode: 361: [[0.01384544 0.01451455 0.01284345]
 [0.0152509  0.01529794 0.01322916]
 [0.01513982 0.01490915 0.0127328 ]] 
Episode: 362: [[0.01384674 0.01452488 0.01285244]
 [0.01526603 0.01531599 0.01324092]
 [0.01514857 0.0149158  0.01273897]] 
Episode: 363: [[0.01387906 0.01456402 0.01288947]
 [0.01530379 0.01536059 0.01327829]
 [0.01517178 0.01494641 0.01276959]] 
Episode: 364: [[0.01391468 0.01460756 0.01293283]
 [0.01534518 0.0154099  0.01332209]
 [0.01520075 0.01498263 0.01280748]] 
Episode: 365: [[0.01394199 0.01464294 0.01296524]
 [0.01537891 0.01544963 0.01335511]
 [0.01522052 0.01501099 0.01283618]] 
Episode: 366: [[0.01396712 0.01467458 0.01299189]
 [0.01540941 0.01548417 0.01338189]
 [0.01523697 0.01503615 0.01286081]] 
Episode: 367: [[0.01399199 0.01470456 0.01301609]
 [0.0154388  0.01551632 0.01340582]
 [0.01525455 0.01506111 0.01288355]] 
Episode: 368: [[0.01402531 0.01474581 0.01304962]
 [0.0154791  0.01555977 0.01343935]
 [0.01528249 0.015097   0.01291542]] 
Episode: 369: [[0.0140508  0.01478068 0.01307746]
 [0.01551263 0.01559793 0.0134676 ]
 [0.01530663 0.01512863 0.01294286]] 
Episode: 370: [[0.0140503  0.01478233 0.01306695]
 [0.01551659 0.01560108 0.01345666]
 [0.01530321 0.01512901 0.01293454]] 
Episode: 371: [[0.01405252 0.0147901  0.01306367]
 [0.01552453 0.01561298 0.01345554]
 [0.01530385 0.01513792 0.01293576]] 
Episode: 372: [[0.01413309 0.01485733 0.01310907]
 [0.01560756 0.01568259 0.01349977]
 [0.01536635 0.01520139 0.0129897 ]] 
Episode: 373: [[0.01418672 0.0149115  0.01314397]
 [0.01567495 0.01573989 0.01353278]
 [0.01541498 0.01525046 0.01303127]] 
Episode: 374: [[0.01422891 0.01495186 0.01316686]
 [0.0157298  0.01578382 0.01355439]
 [0.01545335 0.0152869  0.01306058]] 
Episode: 375: [[0.01425747 0.01497859 0.01317789]
 [0.0157719  0.01581485 0.01356484]
 [0.01547782 0.01531022 0.01307814]] 
Episode: 376: [[0.01430015 0.01501498 0.01319792]
 [0.01582277 0.01585382 0.01358407]
 [0.01551334 0.01534389 0.01310425]] 
Episode: 377: [[0.01433504 0.01504621 0.01321393]
 [0.01586619 0.01588792 0.01359932]
 [0.01554718 0.01537551 0.01312782]] 
Episode: 378: [[0.0143694  0.01506948 0.0132181 ]
 [0.01589994 0.01590934 0.01359968]
 [0.01556206 0.01539647 0.01314094]] 
Episode: 379: [[0.01442774 0.01511383 0.01324468]
 [0.01595662 0.01595249 0.01362347]
 [0.01560276 0.01543996 0.01317552]] 
Episode: 380: [[0.01446971 0.0151433  0.01325677]
 [0.0159949  0.01597983 0.01363152]
 [0.01562935 0.0154667  0.01319227]] 
Episode: 381: [[0.01450397 0.01516963 0.01326791]
 [0.01602743 0.01600578 0.01364001]
 [0.01565516 0.01549293 0.01320825]] 
Episode: 382: [[0.01453869 0.01519836 0.01328225]
 [0.01606167 0.01603491 0.01365209]
 [0.01568449 0.01552295 0.01322777]] 
Episode: 383: [[0.01453426 0.01518786 0.01325634]
 [0.016056   0.01602432 0.01362379]
 [0.01567332 0.01551415 0.01320843]] 
Episode: 384: [[0.01452097 0.01516978 0.01322385]
 [0.0160429  0.01600766 0.01359068]
 [0.01565371 0.01549866 0.01318344]] 
Episode: 385: [[0.01450777 0.0151443  0.01318394]
 [0.01602658 0.01598234 0.01355044]
 [0.01563084 0.01547647 0.01315253]] 
Episode: 386: [[0.01450203 0.01512041 0.01314421]
 [0.01601151 0.0159558  0.01350803]
 [0.01561144 0.01545523 0.01312021]] 
Episode: 387: [[0.01449453 0.0151001  0.01310997]
 [0.01599342 0.01593256 0.0134718 ]
 [0.01559286 0.01543968 0.01309432]] 
Episode: 388: [[0.01448659 0.0150814  0.01307992]
 [0.0159781  0.01591237 0.0134408 ]
 [0.01557703 0.0154265  0.01307289]] 
Episode: 389: [[0.01449237 0.01507635 0.01306177]
 [0.01597637 0.01590566 0.01342165]
 [0.01557324 0.01542568 0.01306199]] 
Episode: 390: [[0.01444798 0.01503079 0.0129971 ]
 [0.01591885 0.01585348 0.01335201]
 [0.01551843 0.01538031 0.01300116]] 
Episode: 391: [[0.01440922 0.0149925  0.01294226]
 [0.0158677  0.0158092  0.01329284]
 [0.01547163 0.01534437 0.01295172]] 
Episode: 392: [[0.01437414 0.01495541 0.01288912]
 [0.01582284 0.0157667  0.01323523]
 [0.01543192 0.01531062 0.01290564]] 
Episode: 393: [[0.01435355 0.01493588 0.01285255]
 [0.0157931  0.01574288 0.01319481]
 [0.01539836 0.01529029 0.0128742 ]] 
Episode: 394: [[0.01433374 0.01491781 0.0128186 ]
 [0.01576789 0.01572246 0.0131583 ]
 [0.01536757 0.01527122 0.0128454 ]] 
Episode: 395: [[0.01432562 0.01491142 0.01279777]
 [0.01575495 0.01571385 0.01313504]
 [0.01534996 0.01526376 0.01282853]] 
Episode: 396: [[0.0143308  0.01491777 0.01278986]
 [0.01575719 0.01571914 0.0131254 ]
 [0.01534641 0.01526816 0.01282319]] 
Episode: 397: [[0.01433741 0.01492467 0.01278242]
 [0.01576341 0.01572599 0.01311604]
 [0.01534486 0.01527043 0.01281584]] 
Episode: 398: [[0.01434825 0.01493261 0.01277852]
 [0.01577329 0.01573407 0.01311103]
 [0.01534778 0.01527506 0.01281282]] 
Episode: 399: [[0.0143258  0.01490819 0.01273932]
 [0.01574963 0.01570718 0.01306888]
 [0.01531943 0.01524906 0.01277886]] 
Episode: 400: [[0.01431402 0.01489698 0.01271595]
 [0.01573698 0.01569448 0.01304244]
 [0.01530569 0.01523673 0.01275918]] 
Episode: 401: [[0.01433105 0.01491254 0.01272075]
 [0.01574948 0.01570781 0.01304464]
 [0.01531179 0.01524914 0.01276553]] 
Episode: 402: [[0.01435423 0.01492702 0.01272945]
 [0.01575564 0.01571748 0.01304925]
 [0.01531877 0.01526303 0.01277471]] 
Episode: 403: [[0.01438992 0.0149565  0.01275448]
 [0.01577711 0.01574429 0.01307131]
 [0.01533889 0.01529148 0.01279988]] 
Episode: 404: [[0.0144323  0.01499368 0.0127866 ]
 [0.01580765 0.01577974 0.01310113]
 [0.01536912 0.01532881 0.01283307]] 
Episode: 405: [[0.01447701 0.01503075 0.01281772]
 [0.01584128 0.01581526 0.01313028]
 [0.01539922 0.01536464 0.01286472]] 
Episode: 406: [[0.01454209 0.01508931 0.01286811]
 [0.01589892 0.01587263 0.01317881]
 [0.01544965 0.01541994 0.01291414]] 
Episode: 407: [[0.01460049 0.01514471 0.01291766]
 [0.01595157 0.01592845 0.01322763]
 [0.01549661 0.01547324 0.0129634 ]] 
Episode: 408: [[0.0146578  0.0151983  0.01296531]
 [0.01600536 0.01598346 0.01327505]
 [0.01554484 0.01552615 0.01301225]] 
Episode: 409: [[0.01469359 0.01523008 0.01299245]
 [0.01603797 0.01601748 0.01330261]
 [0.01557472 0.01555869 0.01304145]] 
Episode: 410: [[0.01469092 0.01523162 0.01298664]
 [0.01603599 0.01602312 0.01329768]
 [0.01556901 0.01556158 0.01304029]] 
Episode: 411: [[0.01468838 0.01523349 0.01298113]
 [0.01603521 0.01602862 0.01329283]
 [0.01556456 0.01556437 0.01303884]] 
Episode: 412: [[0.01470127 0.01524956 0.01298831]
 [0.0160477  0.0160467  0.01329974]
 [0.01557375 0.01558107 0.01304955]] 
Episode: 413: [[0.01472263 0.01527158 0.01300056]
 [0.01606723 0.0160692  0.01331116]
 [0.0155897  0.01560343 0.01306505]] 
Episode: 414: [[0.01474181 0.01529135 0.01300978]
 [0.01608567 0.0160912  0.01332066]
 [0.01560667 0.01562477 0.01307786]] 
Episode: 415: [[0.01472095 0.01527747 0.0129832 ]
 [0.01607574 0.0160867  0.01329675]
 [0.01558058 0.01560714 0.01305555]] 
Episode: 416: [[0.01468765 0.0152481  0.01293775]
 [0.01605362 0.01606432 0.01325257]
 [0.0155347  0.01557098 0.0130143 ]] 
Episode: 417: [[0.01467823 0.01524554 0.01291755]
 [0.01605637 0.01606856 0.01323359]
 [0.01551227 0.0155612  0.01299707]] 
Episode: 418: [[0.0146593  0.01523043 0.01288695]
 [0.01605034 0.01606153 0.01320618]
 [0.01548379 0.0155417  0.01297109]] 
Episode: 419: [[0.01461491 0.01519097 0.01282802]
 [0.01601201 0.01602821 0.01314775]
 [0.01543206 0.0154983  0.01291537]] 
Episode: 420: [[0.01457876 0.01515605 0.01277635]
 [0.01598186 0.01599963 0.01309704]
 [0.01538772 0.01545893 0.01286577]] 
Episode: 421: [[0.01455119 0.01513001 0.01273576]
 [0.0159594  0.01597953 0.01305786]
 [0.01535282 0.0154282  0.01282576]] 
Episode: 422: [[0.01453393 0.01511254 0.01270448]
 [0.01594608 0.01596737 0.01302799]
 [0.0153276  0.01540616 0.01279409]] 
Episode: 423: [[0.01452575 0.01510786 0.01268556]
 [0.01594359 0.0159688  0.01301001]
 [0.01531351 0.01539653 0.01277412]] 
Episode: 424: [[0.01450288 0.01509043 0.0126608 ]
 [0.01592938 0.01596132 0.01298899]
 [0.01529506 0.01537773 0.01274838]] 
Episode: 425: [[0.01448981 0.01508332 0.01264674]
 [0.01592566 0.01596375 0.01297793]
 [0.01528857 0.01536915 0.01273282]] 
Episode: 426: [[0.01449047 0.01508976 0.01264585]
 [0.01593308 0.01597991 0.01298062]
 [0.01529177 0.01537391 0.01272979]] 
Episode: 427: [[0.01449982 0.01510768 0.01265776]
 [0.01595298 0.01600876 0.01299663]
 [0.01530417 0.01538899 0.01273857]] 
Episode: 428: [[0.01450408 0.01512346 0.01267019]
 [0.01596918 0.01603612 0.01301424]
 [0.01531441 0.01540221 0.01274727]] 
Episode: 429: [[0.01450575 0.01514275 0.01268824]
 [0.0159865  0.01606942 0.01303893]
 [0.01532948 0.01542057 0.0127623 ]] 
Episode: 430: [[0.01449961 0.01515196 0.01269325]
 [0.01599648 0.01609184 0.01304969]
 [0.0153311  0.01542608 0.0127641 ]] 
Episode: 431: [[0.01448511 0.01515046 0.01268578]
 [0.01599751 0.01610165 0.01304646]
 [0.01532266 0.01541965 0.01275353]] 
Episode: 432: [[0.01449416 0.01517125 0.01269961]
 [0.01602582 0.0161376  0.01306644]
 [0.0153284  0.01543015 0.01276196]] 
Episode: 433: [[0.01448466 0.01517325 0.01269361]
 [0.01603297 0.0161516  0.01306425]
 [0.01531385 0.01542124 0.01275082]] 
Episode: 434: [[0.01447171 0.01517439 0.01268794]
 [0.01603683 0.01616467 0.01306259]
 [0.01530029 0.01541311 0.01274051]] 
Episode: 435: [[0.01446803 0.01518499 0.01269241]
 [0.01604485 0.01618554 0.01306999]
 [0.0152929  0.01541294 0.01273711]] 
Episode: 436: [[0.01446561 0.01519417 0.01269698]
 [0.01605321 0.01620471 0.0130777 ]
 [0.01528804 0.0154133  0.01273501]] 
Episode: 437: [[0.014472   0.01521055 0.01270953]
 [0.01606915 0.01623088 0.01309397]
 [0.01529376 0.01542311 0.0127421 ]] 
Episode: 438: [[0.01445001 0.01521532 0.01271703]
 [0.01607215 0.01625881 0.0131106 ]
 [0.01528359 0.01542365 0.01274733]] 
Episode: 439: [[0.01441984 0.01520745 0.01271005]
 [0.0160627  0.01627034 0.01311019]
 [0.01526289 0.01541165 0.01273829]] 
Episode: 440: [[0.01440398 0.0152106  0.01271426]
 [0.01606688 0.01629116 0.01312045]
 [0.01525422 0.01541049 0.01274027]] 
Episode: 441: [[0.01439579 0.01522525 0.01272942]
 [0.01607805 0.01632334 0.01314141]
 [0.01525099 0.01541835 0.0127505 ]] 
Episode: 442: [[0.01438363 0.01521947 0.01272162]
 [0.01607724 0.01632864 0.01313459]
 [0.01523694 0.01540793 0.0127407 ]] 
Episode: 443: [[0.01437262 0.0152156  0.01271643]
 [0.01607723 0.01633561 0.01313056]
 [0.0152238  0.01539938 0.01273313]] 
Episode: 444: [[0.01436629 0.01521609 0.01271605]
 [0.01608116 0.01634645 0.01313146]
 [0.01521581 0.0153959  0.01273085]] 
Episode: 445: [[0.01434872 0.0152106  0.01271292]
 [0.01607982 0.01635764 0.01313358]
 [0.01519555 0.01539087 0.01273247]] 
Episode: 446: [[0.01434257 0.01521403 0.01271717]
 [0.01608997 0.01637704 0.01314272]
 [0.01518392 0.01539284 0.01273972]] 
Episode: 447: [[0.01435277 0.01522049 0.01272153]
 [0.01609175 0.01638332 0.01313896]
 [0.01518658 0.01539577 0.01274387]] 
Episode: 448: [[0.01435915 0.01522001 0.01271617]
 [0.01609067 0.01638195 0.01312504]
 [0.01518418 0.01539121 0.01273826]] 
Episode: 449: [[0.01436668 0.01522204 0.01271419]
 [0.01609254 0.01638415 0.01311578]
 [0.01518442 0.01538917 0.0127359 ]] 
Episode: 450: [[0.01436547 0.01521733 0.01270286]
 [0.01608711 0.01637956 0.01309695]
 [0.01517574 0.01537875 0.01272273]] 
Episode: 451: [[0.01436793 0.01521948 0.01269825]
 [0.01608834 0.01638355 0.01308632]
 [0.01517141 0.01537599 0.01271713]] 
Episode: 452: [[0.01439011 0.01524207 0.01271522]
 [0.01611563 0.01640943 0.01309732]
 [0.01518336 0.01539381 0.0127326 ]] 
Episode: 453: [[0.01441356 0.01526652 0.01273491]
 [0.01614279 0.01643791 0.01311218]
 [0.01519978 0.01541371 0.01275073]] 
Episode: 454: [[0.01444998 0.01530102 0.01276351]
 [0.01618435 0.01647641 0.01313539]
 [0.01522667 0.01544338 0.01277822]] 
Episode: 455: [[0.01449426 0.01534268 0.01280082]
 [0.01623532 0.01652292 0.01316801]
 [0.01526014 0.01547929 0.01281381]] 
Episode: 456: [[0.01455115 0.01539776 0.01285324]
 [0.01629721 0.01658324 0.01321666]
 [0.01530666 0.0155279  0.01286367]] 
Episode: 457: [[0.01457235 0.0154234  0.01287392]
 [0.01632081 0.01661377 0.0132337 ]
 [0.01531909 0.01554774 0.01288205]] 
Episode: 458: [[0.01458546 0.01544801 0.01289538]
 [0.01634087 0.01664818 0.01325418]
 [0.01532861 0.01556708 0.01290208]] 
Episode: 459: [[0.01457039 0.01544065 0.01288385]
 [0.01632872 0.0166485  0.01324135]
 [0.01530895 0.01555424 0.01288975]] 
Episode: 460: [[0.01456709 0.01544203 0.01288101]
 [0.01632839 0.01665676 0.01323777]
 [0.01529959 0.01554885 0.01288438]] 
Episode: 461: [[0.01455634 0.01543523 0.01287027]
 [0.0163217  0.01665698 0.01322731]
 [0.01528391 0.01553711 0.0128729 ]] 
Episode: 462: [[0.01454559 0.01542661 0.01285899]
 [0.01631438 0.0166544  0.01321608]
 [0.01527048 0.01552494 0.01286174]] 
Episode: 463: [[0.01454009 0.01542208 0.01285116]
 [0.01631546 0.01665722 0.01320917]
 [0.01526041 0.0155165  0.01285435]] 
Episode: 464: [[0.01452595 0.01540621 0.01282986]
 [0.01630416 0.01664556 0.01318689]
 [0.01524178 0.01549712 0.01283331]] 
Episode: 465: [[0.01452071 0.01539907 0.01281797]
 [0.01630185 0.01664248 0.01317435]
 [0.01523415 0.0154876  0.01282249]] 
Episode: 466: [[0.01451805 0.01539374 0.01280954]
 [0.01630206 0.01664173 0.01316582]
 [0.01523193 0.01548409 0.01281812]] 
Episode: 467: [[0.01452911 0.01540255 0.01281562]
 [0.01631621 0.01665571 0.0131724 ]
 [0.01524304 0.01549391 0.01282701]] 
Episode: 468: [[0.01454785 0.01542836 0.0128418 ]
 [0.01634866 0.01669677 0.0132032 ]
 [0.0152612  0.01551677 0.01285385]] 
Episode: 469: [[0.01456594 0.015454   0.01286845]
 [0.01638048 0.01673682 0.01323418]
 [0.01527912 0.01553895 0.01288029]] 
Episode: 470: [[0.01456644 0.01546183 0.01287592]
 [0.01639245 0.01675617 0.01324403]
 [0.01527869 0.01554257 0.01288652]] 
Episode: 471: [[0.01456914 0.01546844 0.01288175]
 [0.01640351 0.01677229 0.01325159]
 [0.01528144 0.01554622 0.01289191]] 
Episode: 472: [[0.01457194 0.01547592 0.01288899]
 [0.01641628 0.01678958 0.01326087]
 [0.01528383 0.0155512  0.01289934]] 
Episode: 473: [[0.0145776  0.01548417 0.01289584]
 [0.01643184 0.01680645 0.01326976]
 [0.01528838 0.01555751 0.01290705]] 
Episode: 474: [[0.01457147 0.01548188 0.01288976]
 [0.01643425 0.0168112  0.0132637 ]
 [0.01528099 0.01555225 0.0129012 ]] 
Episode: 475: [[0.01456306 0.0154746  0.01287931]
 [0.01643395 0.01681234 0.01325397]
 [0.01527314 0.01554238 0.0128917 ]] 
Episode: 476: [[0.01455383 0.01547049 0.01287107]
 [0.01643492 0.01681552 0.01324493]
 [0.01526169 0.01553453 0.01288333]] 
Episode: 477: [[0.01455293 0.01547508 0.01287092]
 [0.01644322 0.01682893 0.01324557]
 [0.0152577  0.01553258 0.01288026]] 
Episode: 478: [[0.01453166 0.01545883 0.01284899]
 [0.01642604 0.01681903 0.01322429]
 [0.01523415 0.01551075 0.01285605]] 
Episode: 479: [[0.01451345 0.01544513 0.01282947]
 [0.01641165 0.01680817 0.01320306]
 [0.01521216 0.01549061 0.01283333]] 
Episode: 480: [[0.01450675 0.0154433  0.01282093]
 [0.01641079 0.01681017 0.0131931 ]
 [0.01520106 0.01548249 0.01282163]] 
Episode: 481: [[0.01449939 0.01543963 0.01281091]
 [0.01641082 0.0168106  0.01318206]
 [0.01519053 0.01547418 0.01280991]] 
Episode: 482: [[0.01450615 0.01545195 0.01281622]
 [0.01642503 0.01682808 0.0131873 ]
 [0.01519532 0.0154831  0.01281439]] 
Episode: 483: [[0.01452923 0.01548014 0.01283795]
 [0.01645591 0.01686054 0.01320975]
 [0.01521558 0.01550882 0.01283506]] 
Episode: 484: [[0.01453556 0.01549827 0.01285136]
 [0.01646448 0.01688094 0.01322281]
 [0.01522051 0.01552551 0.01284735]] 
Episode: 485: [[0.01454671 0.01552349 0.01287554]
 [0.01647935 0.01691255 0.01324855]
 [0.01523048 0.01554802 0.01286996]] 
Episode: 486: [[0.01455478 0.0155468  0.01289951]
 [0.01649584 0.01694579 0.01327549]
 [0.01523691 0.01556874 0.01289278]] 
Episode: 487: [[0.01456374 0.01557112 0.01292705]
 [0.01651232 0.01698099 0.01330794]
 [0.01524642 0.01558947 0.01291797]] 
Episode: 488: [[0.01456635 0.01558355 0.01294233]
 [0.01652028 0.01700203 0.01332725]
 [0.01525108 0.01559955 0.01293205]] 
Episode: 489: [[0.01453892 0.01556576 0.01292539]
 [0.01649573 0.01699108 0.0133127 ]
 [0.01522805 0.01558098 0.01291536]] 
Episode: 490: [[0.01448033 0.01552089 0.01288763]
 [0.0164395  0.01695579 0.01328161]
 [0.01518631 0.01554367 0.01288396]] 
Episode: 491: [[0.01443131 0.01548459 0.01285767]
 [0.01639308 0.01692833 0.01325753]
 [0.01515242 0.01551423 0.01285973]] 
Episode: 492: [[0.01438831 0.01545094 0.01283116]
 [0.01635346 0.0169032  0.01323651]
 [0.01512536 0.01548814 0.01283956]] 
Episode: 493: [[0.01433319 0.01540653 0.01279073]
 [0.01630425 0.01686602 0.01319969]
 [0.0150854  0.01545186 0.01280705]] 
Episode: 494: [[0.01428307 0.01536641 0.01275358]
 [0.01625948 0.01683215 0.0131654 ]
 [0.01504933 0.01541952 0.01277715]] 
Episode: 495: [[0.01422153 0.01531013 0.01270155]
 [0.01619978 0.01677934 0.01311562]
 [0.015      0.01536923 0.01273085]] 
Episode: 496: [[0.01417257 0.01526564 0.01265979]
 [0.01615081 0.0167372  0.01307535]
 [0.01496317 0.01533053 0.01269429]] 
Episode: 497: [[0.01413913 0.01523661 0.01263192]
 [0.01612501 0.01671168 0.013049  ]
 [0.01493737 0.01530601 0.01267052]] 
Episode: 498: [[0.01411592 0.01521431 0.01260994]
 [0.01610651 0.01668982 0.01302639]
 [0.01492306 0.01528981 0.0126538 ]] 
Episode: 499: [[0.01407504 0.01517823 0.01257542]
 [0.01606798 0.01665771 0.01299337]
 [0.01489373 0.01526013 0.01262435]] 
Episode: 500: [[0.01403571 0.01514411 0.01254352]
 [0.0160305  0.01662807 0.01296369]
 [0.01486591 0.01523293 0.01259821]] 
