82314.164062 6701.765625 7063.497559 4780.220215 183712.765625 
145338.468750 8706.598633 5005.409180 4731.068359 188143.718750 
111855.242188 7767.233887 5367.714355 5002.815430 281717.843750 
149253.078125 7212.568359 5532.681152 3837.939697 207776.328125 
87525.453125 6914.095215 5474.588867 5654.266113 191576.015625 
114492.664062 8288.838867 5776.926758 5226.262207 203584.859375 
110560.312500 10126.291992 7449.437988 7257.324707 267742.500000 
175935.515625 10250.008789 7083.033203 4208.395508 249220.062500 
174114.859375 11204.275391 6287.994141 5764.580566 156501.218750 
133239.687500 8602.363281 6670.899414 3199.843262 190072.921875 
155530.609375 12272.633789 8125.003418 4441.270996 215081.359375 
126069.812500 9059.557617 7506.163086 4710.989746 245875.406250 
149938.828125 10014.128906 7187.320801 7035.082031 257393.218750 
137915.031250 9348.111328 6379.434082 4470.458496 163551.703125 
143147.140625 9457.307617 8620.697266 5787.827637 239024.312500 
152636.765625 7803.504883 7008.366699 4145.471680 196152.625000 
118023.367188 8087.901855 8150.673828 4300.779785 227982.703125 
158092.562500 9080.705078 6379.340332 3954.419922 223157.250000 
118042.281250 10153.460938 7744.847168 5468.428223 189153.750000 
125573.445312 12502.624023 8097.300293 5051.198730 224686.296875 
140696.437500 10493.850586 8285.429688 4251.992676 136979.859375 
106655.945312 10691.814453 5240.816895 6479.483398 205839.375000 
133355.296875 11469.216797 5480.801270 5583.462891 238572.718750 
137863.390625 11542.113281 7569.204590 7023.574707 246618.359375 
125476.304688 10262.910156 6458.862793 4693.632812 139288.937500 
120059.687500 10900.658203 8677.287109 6941.632324 208328.890625 
164265.140625 11029.430664 7080.078613 6780.985840 244686.796875 
105797.109375 8658.077148 6151.121582 6450.748535 197887.343750 
142493.812500 10365.603516 6988.084473 4606.806641 177026.968750 
116839.101562 8846.220703 7217.065918 5490.535156 261714.609375 
87157.101562 6478.650879 4853.322754 5146.849609 180816.015625 
127154.164062 10446.679688 6657.520020 4526.907227 264495.000000 
126980.500000 10968.381836 5757.982422 5181.391113 260622.781250 
144390.359375 13968.325195 9962.029297 6442.492188 322856.656250 
117181.335938 7786.267578 5229.363770 4151.522949 222576.484375 
131640.421875 9009.164062 8108.225586 4758.186035 182453.187500 
136267.625000 11640.169922 7077.680664 5872.513184 210961.578125 
138149.968750 8858.008789 6186.090332 4097.800781 231544.203125 
115410.320312 11367.117188 6178.399902 6623.401855 232100.265625 
129655.703125 11036.439453 7038.984863 5466.771973 225604.218750 
131565.437500 9054.126953 7257.630371 5343.182617 138875.609375 
134317.234375 10101.792969 7823.269531 5306.996582 265704.750000 
181884.500000 12464.308594 7161.180176 5822.798828 181765.578125 
143414.859375 8948.681641 6847.966797 4018.017822 172180.859375 
107385.257812 9555.701172 7732.738281 5876.833496 193263.812500 
121263.460938 9768.598633 6182.082520 6592.272461 195620.828125 
167333.234375 10582.939453 6337.171387 5877.062500 225616.625000 
124143.171875 8273.690430 5268.790527 3204.869141 239583.156250 
134938.062500 8602.915039 5822.689453 5507.804688 273442.312500 
120143.601562 7302.937988 5987.791504 2553.946533 163529.484375 
