455791.125000 17039.140625 19267.707031 14794.930664 496679.625000 
85623.750000 6313.106934 6829.945801 5354.724121 758380.500000 
80411.671875 10295.964844 23081.335938 7905.466309 1028280.062500 
77244.945312 6050.879395 5573.503418 4722.685059 803479.250000 
72497.437500 6693.009277 11994.203125 8028.800781 1098817.625000 
206865.375000 6318.959473 6352.680664 6369.074219 929149.625000 
86926.734375 8947.865234 9342.914062 7026.521484 1012282.625000 
73746.718750 5996.935059 5535.027832 5957.421387 960695.000000 
80289.250000 6745.637207 6655.320312 6143.206543 945632.812500 
65785.375000 5718.907715 8901.026367 5260.918457 1119409.750000 
72456.359375 6547.052246 8420.916992 6430.385254 1084733.500000 
131133.218750 8093.714355 8028.714844 7941.284180 1117999.000000 
95100.375000 6467.717285 6824.541016 6439.434570 1121249.875000 
79602.593750 6156.226562 6202.955078 4340.377930 920173.687500 
145575.078125 6971.658691 6026.144043 7283.649414 1087254.250000 
150731.593750 8390.335938 7514.579590 6835.046387 947651.500000 
88391.726562 7792.380371 12242.325195 8247.680664 850336.437500 
95330.765625 12925.502930 12312.131836 11705.066406 1019472.562500 
64791.765625 7574.621582 6675.807129 6216.558105 1135266.375000 
146752.890625 6470.905762 5509.453613 5535.934570 856108.562500 
