Episode: 1: [[0. 0. 0.]
 [0. 0. 0.]
 [0. 0. 0.]] 
Episode: 2: [[-0.0003      0.0003      0.0003    ]
 [-0.0003     -0.00029993  0.00029999]
 [-0.0003     -0.0003     -0.00028319]] 
Episode: 3: [[-0.00059329  0.00057344  0.00057345]
 [-0.00057668 -0.00059549  0.00057256]
 [-0.00057664 -0.00057333 -0.00056653]] 
Episode: 4: [[-0.00079373  0.00077416  0.00077419]
 [-0.00077582 -0.00079922  0.0007738 ]
 [-0.00077579 -0.00077458 -0.00076961]] 
Episode: 5: [[-0.00102104  0.00100625  0.00100614]
 [-0.00101408 -0.00100455  0.00100219]
 [-0.00101404 -0.00100289 -0.00097561]] 
Episode: 6: [[-0.0012729   0.00126153  0.0012613 ]
 [-0.00127304 -0.00123802  0.00125432]
 [-0.001273   -0.00125495 -0.00120959]] 
Episode: 7: [[-0.00154057  0.00152816  0.00152781]
 [-0.00154292 -0.00149082  0.0015176 ]
 [-0.00154287 -0.00151824 -0.00146204]] 
Episode: 8: [[-0.00181455  0.00179247  0.00179199]
 [-0.00181087 -0.001748    0.00177812]
 [-0.00181079 -0.00177882 -0.00171755]] 
Episode: 9: [[-0.00208336  0.00204305  0.00204236]
 [-0.00207064 -0.00199135  0.00202331]
 [-0.00207047 -0.00202411 -0.00195955]] 
Episode: 10: [[-0.00234265  0.00225662  0.00225595]
 [-0.00231425 -0.00221973  0.00223267]
 [-0.00231389 -0.00223364 -0.00218512]] 
Episode: 11: [[-0.00261531  0.00247606  0.00247539]
 [-0.00255783 -0.00246781  0.00244814]
 [-0.00255731 -0.0024495  -0.00242771]] 
Episode: 12: [[-0.0028918   0.00269109  0.00269038]
 [-0.00279785 -0.00271504  0.0026576 ]
 [-0.00279713 -0.00265941 -0.00267105]] 
Episode: 13: [[-0.00316341  0.00289579  0.00289477]
 [-0.00303038 -0.00295453  0.00285714]
 [-0.00302935 -0.00285956 -0.00290405]] 
Episode: 14: [[-0.00343099  0.00309053  0.00308918]
 [-0.00325358 -0.00318611  0.00304593]
 [-0.00325221 -0.00304898 -0.00313219]] 
Episode: 15: [[-0.00367185  0.003255    0.00325358]
 [-0.00344849 -0.00340485  0.00320684]
 [-0.00344683 -0.00321056 -0.00334918]] 
Episode: 16: [[-0.00377113  0.00346145  0.00346105]
 [-0.00352741 -0.0036436   0.0034071 ]
 [-0.00352848 -0.00341018 -0.00358586]] 
Episode: 17: [[-0.00390725  0.00362507  0.0036259 ]
 [-0.00362301 -0.00386984  0.00357996]
 [-0.00362652 -0.00358231 -0.00380179]] 
Episode: 18: [[-0.00394837  0.00383459  0.00383616]
 [-0.00363909 -0.00411977  0.00379336]
 [-0.00364698 -0.00379513 -0.00404585]] 
Episode: 19: [[-0.003977    0.00402294  0.00402505]
 [-0.00364787 -0.00434568  0.00398585]
 [-0.00365966 -0.00398714 -0.0042677 ]] 
Episode: 20: [[-0.00401219  0.00419583  0.00419854]
 [-0.00366205 -0.00455373  0.0041619 ]
 [-0.00367743 -0.00416273 -0.00447253]] 
Episode: 21: [[-0.0040545   0.00435411  0.00435747]
 [-0.00367913 -0.00474853  0.00432301]
 [-0.0036978  -0.0043234  -0.00466211]] 
Episode: 22: [[-0.00410384  0.00451189  0.00451631]
 [-0.00369946 -0.00494433  0.00447954]
 [-0.0037211  -0.00447944 -0.00485758]] 
Episode: 23: [[-0.00409834  0.00471523  0.00471856]
 [-0.00367671 -0.00517991  0.00469027]
 [-0.00370377 -0.00468987 -0.00507862]] 
Episode: 24: [[-0.00408205  0.00491976  0.00492232]
 [-0.0036426  -0.00541941  0.00489621]
 [-0.00367456 -0.00489569 -0.00530899]] 
Episode: 25: [[-0.00408491  0.00510972  0.00511202]
 [-0.00361856 -0.00564692  0.00508561]
 [-0.00365496 -0.00508488 -0.00553083]] 
Episode: 26: [[-0.00404678  0.00532578  0.00532669]
 [-0.00355606 -0.00590199  0.00530479]
 [-0.00359747 -0.00530452 -0.00578559]] 
Episode: 27: [[-0.00402983  0.00552959  0.0055295 ]
 [-0.00351178 -0.00614579  0.00550939]
 [-0.00355785 -0.00550956 -0.0060284 ]] 
Episode: 28: [[-0.0040492   0.00572068  0.0057201 ]
 [-0.00349729 -0.00637916  0.00569925]
 [-0.00354777 -0.00569969 -0.00626368]] 
Episode: 29: [[-0.00407212  0.00590328  0.00590241]
 [-0.00348476 -0.00660788  0.00587886]
 [-0.00353919 -0.00587966 -0.00649623]] 
Episode: 30: [[-0.00410969  0.0060747   0.00607378]
 [-0.00348343 -0.00682846  0.00604609]
 [-0.00354149 -0.00604724 -0.00672058]] 
Episode: 31: [[-0.0041672   0.00623553  0.00623491]
 [-0.0034954  -0.00704304  0.0062017 ]
 [-0.00355691 -0.00620313 -0.00693896]] 
Episode: 32: [[-0.00423533  0.00638461  0.00638451]
 [-0.0035149  -0.00724652  0.0063455 ]
 [-0.00357975 -0.00634715 -0.00714506]] 
Episode: 33: [[-0.00433635  0.00653109  0.00653247]
 [-0.00355377 -0.00745234  0.00648338]
 [-0.003622   -0.00648501 -0.0073561 ]] 
Episode: 34: [[-0.00444208  0.00666817  0.00667121]
 [-0.00359848 -0.00764536  0.00661135]
 [-0.00366992 -0.0066129  -0.00755604]] 
Episode: 35: [[-0.00452827  0.00680734  0.00681141]
 [-0.00362479 -0.00784893  0.00674251]
 [-0.00369909 -0.00674463 -0.00777163]] 
Episode: 36: [[-0.0045697   0.00698263  0.00698469]
 [-0.00360583 -0.00809644  0.00692031]
 [-0.00368379 -0.00692534 -0.00802328]] 
Episode: 37: [[-0.00459209  0.00715956  0.00715966]
 [-0.00357255 -0.00835133  0.00710087]
 [-0.00365373 -0.0071087  -0.00828451]] 
Episode: 38: [[-0.00463906  0.00732633  0.0073251 ]
 [-0.00355836 -0.00859519  0.00726902]
 [-0.00364272 -0.00727931 -0.00853731]] 
Episode: 39: [[-0.00470463  0.0074835   0.00748155]
 [-0.00356052 -0.00882619  0.00742571]
 [-0.00364804 -0.00743812 -0.00877801]] 
Episode: 40: [[-0.00478353  0.00763194  0.00762969]
 [-0.00357851 -0.00904448  0.00757214]
 [-0.00366912 -0.00758643 -0.0090094 ]] 
Episode: 41: [[-0.00485317  0.00779208  0.00778896]
 [-0.00358586 -0.0092869   0.00773265]
 [-0.00367922 -0.00774937 -0.00926955]] 
Episode: 42: [[-0.00487346  0.00798953  0.00798048]
 [-0.00354697 -0.00957068  0.00795271]
 [-0.0036451  -0.00797388 -0.00955983]] 
Episode: 43: [[-0.0048911   0.00817754  0.00816286]
 [-0.00350794 -0.00984524  0.00816139]
 [-0.00361025 -0.00818685 -0.00983692]] 
Episode: 44: [[-0.00491147  0.00836016  0.00834056]
 [-0.00347106 -0.0101162   0.00836204]
 [-0.003577   -0.00839151 -0.01010303]] 
Episode: 45: [[-0.00494434  0.00852811  0.0085042 ]
 [-0.00344662 -0.01036912  0.00854575]
 [-0.00355605 -0.00857884 -0.01035503]] 
Episode: 46: [[-0.00498899  0.00868552  0.00865802]
 [-0.00343504 -0.01060671  0.00871652]
 [-0.00354785 -0.00875281 -0.010593  ]] 
Episode: 47: [[-0.00499944  0.00887579  0.00883845]
 [-0.00338602 -0.01088521  0.00894217]
 [-0.00350423 -0.00898467 -0.01085838]] 
Episode: 48: [[-0.00501625  0.00906266  0.00901662]
 [-0.00334421 -0.01115944  0.00915973]
 [-0.00346738 -0.00920791 -0.011113  ]] 
Episode: 49: [[-0.00503961  0.00923452  0.00918062]
 [-0.00331246 -0.01141533  0.00935895]
 [-0.00344021 -0.00941231 -0.01135083]] 
Episode: 50: [[-0.00507988  0.00939617  0.00933566]
 [-0.00329915 -0.01165585  0.00954445]
 [-0.0034315  -0.00960231 -0.01157785]] 
Episode: 51: [[-0.00510406  0.00955424  0.00948754]
 [-0.00327062 -0.01189415  0.00972529]
 [-0.00340688 -0.00978751 -0.01179964]] 
Episode: 52: [[-0.00515211  0.00970474  0.00963288]
 [-0.00326451 -0.01212524  0.00989552]
 [-0.00340472 -0.00996154 -0.01201835]] 
Episode: 53: [[-0.00515023  0.00989603  0.00981322]
 [-0.00320254 -0.01240814  0.01012348]
 [-0.00334779 -0.01019629 -0.01229251]] 
Episode: 54: [[-0.005158    0.01008378  0.00999272]
 [-0.0031532  -0.01268276  0.01034211]
 [-0.00330301 -0.01042013 -0.0125699 ]] 
Episode: 55: [[-0.00519073  0.01026513  0.01016729]
 [-0.00312711 -0.01295297  0.0105504 ]
 [-0.00328144 -0.01063285 -0.01284818]] 
Episode: 56: [[-0.00519658  0.0104589   0.01035047]
 [-0.00307087 -0.01324583  0.01077951]
 [-0.00322958 -0.01086957 -0.0131438 ]] 
Episode: 57: [[-0.0051659   0.01068891  0.01056501]
 [-0.00297131 -0.01358103  0.01105605]
 [-0.0031349  -0.01115603 -0.01347621]] 
Episode: 58: [[-0.00513265  0.01091157  0.0107731 ]
 [-0.00287326 -0.01390536  0.01132254]
 [-0.00304117 -0.01143198 -0.01380491]] 
Episode: 59: [[-0.00511875  0.01111751  0.01096632]
 [-0.00279472 -0.01420797  0.01156692]
 [-0.00296685 -0.01168478 -0.01411333]] 
Episode: 60: [[-0.00509895  0.01129963  0.0111371 ]
 [-0.00271692 -0.01447381  0.01178353]
 [-0.00289277 -0.0119087  -0.01437173]] 
Episode: 61: [[-0.00511568  0.01147816  0.01130641]
 [-0.00267262 -0.01474002  0.01199206]
 [-0.00285256 -0.01212342 -0.01463027]] 
Episode: 62: [[-0.00514474  0.01164736  0.01146815]
 [-0.00264289 -0.01499314  0.01218733]
 [-0.00282675 -0.01232385 -0.01488029]] 
Episode: 63: [[-0.00516808  0.01181431  0.01162783]
 [-0.0026097  -0.01524381  0.01238233]
 [-0.00279692 -0.01252423 -0.01512253]] 
Episode: 64: [[-0.00520333  0.01196965  0.01177706]
 [-0.00259007 -0.01547925  0.0125624 ]
 [-0.00278077 -0.012709   -0.01535625]] 
Episode: 65: [[-0.00525874  0.01211851  0.01192137]
 [-0.00259226 -0.01570671  0.01273257]
 [-0.00278686 -0.01288297 -0.0155923 ]] 
Episode: 66: [[-0.00529954  0.01226125  0.01205943]
 [-0.00257814 -0.01592768  0.01289921]
 [-0.002776   -0.0130535  -0.01580504]] 
Episode: 67: [[-0.00533522  0.01240701  0.01219915]
 [-0.00255822 -0.01615911  0.01307254]
 [-0.00275865 -0.01323257 -0.01604195]] 
Episode: 68: [[-0.00539504  0.01255772  0.01234598]
 [-0.00256413 -0.01639899  0.01324895]
 [-0.00276753 -0.0134134  -0.01628593]] 
Episode: 69: [[-0.00547445  0.01270374  0.01248956]
 [-0.00259106 -0.01663291  0.01341757]
 [-0.00279806 -0.01358554 -0.01652707]] 
Episode: 70: [[-0.00556397  0.01283851  0.01262225]
 [-0.00262836 -0.01685486  0.01357308]
 [-0.00283921 -0.01374419 -0.01675882]] 
Episode: 71: [[-0.00564077  0.01298679  0.01276641]
 [-0.00265104 -0.01710169  0.01375137]
 [-0.00286486 -0.01392806 -0.01702052]] 
Episode: 72: [[-0.00570659  0.01313003  0.0129053 ]
 [-0.00266269 -0.01734439  0.01392484]
 [-0.00287868 -0.01410749 -0.01728725]] 
Episode: 73: [[-0.00576697  0.01327932  0.0130492 ]
 [-0.00266868 -0.01759893  0.01410871]
 [-0.00288618 -0.01429873 -0.01755914]] 
Episode: 74: [[-0.00583548  0.01341953  0.01318517]
 [-0.00268607 -0.01783824  0.01427982]
 [-0.00290548 -0.0144762  -0.0178199 ]] 
Episode: 75: [[-0.00589506  0.01355304  0.01331486]
 [-0.00269373 -0.01807013  0.01444344]
 [-0.0029144  -0.01464561 -0.01808143]] 
Episode: 76: [[-0.00595955  0.01367822  0.01343715]
 [-0.00270878 -0.01828805  0.0145955 ]
 [-0.00293095 -0.01480264 -0.01833003]] 
Episode: 77: [[-0.00603374  0.01379597  0.0135528 ]
 [-0.00273335 -0.01849703  0.01473716]
 [-0.00295728 -0.01494856 -0.01856886]] 
Episode: 78: [[-0.00611751  0.01391404  0.01367043]
 [-0.00277362 -0.01870069  0.01487701]
 [-0.00299981 -0.01509139 -0.01879433]] 
Episode: 79: [[-0.00619199  0.01404143  0.01379541]
 [-0.00280146 -0.01892396  0.01503088]
 [-0.003029   -0.01525098 -0.0190467 ]] 
Episode: 80: [[-0.00628657  0.01416619  0.01391894]
 [-0.00284623 -0.01914749  0.01517973]
 [-0.00307574 -0.01540456 -0.01929541]] 
Episode: 81: [[-0.00640202  0.01429011  0.01404239]
 [-0.00291239 -0.0193733   0.01532667]
 [-0.00314452 -0.01555546 -0.01954197]] 
Episode: 82: [[-0.00651097  0.01440869  0.01416062]
 [-0.00297536 -0.01959004  0.01546674]
 [-0.00320969 -0.01569918 -0.01977777]] 
Episode: 83: [[-0.006629    0.01451999  0.01427205]
 [-0.00304452 -0.01979742  0.01559716]
 [-0.00328137 -0.01583273 -0.02000475]] 
Episode: 84: [[-0.00675771  0.01462584  0.01437872]
 [-0.00311919 -0.0199984   0.01571889]
 [-0.0033587  -0.01595703 -0.02022913]] 
Episode: 85: [[-0.00689568  0.01473341  0.01448813]
 [-0.00320291 -0.02020183  0.015841  ]
 [-0.00344518 -0.01608085 -0.02045453]] 
Episode: 86: [[-0.00704664  0.01484092  0.01459835]
 [-0.00329994 -0.02040392  0.01596159]
 [-0.00354552 -0.01620242 -0.02067658]] 
Episode: 87: [[-0.00718087  0.01496431  0.01472066]
 [-0.00337926 -0.02063829  0.01610739]
 [-0.00362755 -0.01635276 -0.0208737 ]] 
Episode: 88: [[-0.00732829  0.01508471  0.01484105]
 [-0.00346927 -0.02086785  0.01624742]
 [-0.00372066 -0.01649641 -0.02107204]] 
Episode: 89: [[-0.00749498  0.01520411  0.01496166]
 [-0.00357334 -0.0210995   0.0163839 ]
 [-0.00382803 -0.01663548 -0.02127417]] 
Episode: 90: [[-0.00762582  0.01533423  0.01509179]
 [-0.00364447 -0.02134929  0.01654023]
 [-0.00390238 -0.01679451 -0.02150143]] 
Episode: 91: [[-0.00772571  0.01548119  0.01523005]
 [-0.00368253 -0.02163245  0.01672686]
 [-0.00394426 -0.01699327 -0.02174163]] 
Episode: 92: [[-0.00778753  0.01563677  0.01537257]
 [-0.00369093 -0.02193031  0.01695574]
 [-0.00395922 -0.01723203 -0.02203006]] 
Episode: 93: [[-0.00785297  0.01578314  0.01550668]
 [-0.0037035  -0.0222147   0.01716997]
 [-0.00397785 -0.0174555  -0.02230554]] 
Episode: 94: [[-0.00788421  0.0159598   0.015663  ]
 [-0.00368073 -0.02254767  0.01742775]
 [-0.00396171 -0.01772955 -0.02260287]] 
Episode: 95: [[-0.00788027  0.01615791  0.01583111]
 [-0.00362197 -0.02291303  0.01772979]
 [-0.00391202 -0.01805287 -0.02292714]] 
Episode: 96: [[-0.00789193  0.01634072  0.01598733]
 [-0.00357658 -0.02325048  0.01800569]
 [-0.0038752  -0.01834777 -0.02322662]] 
Episode: 97: [[-0.00788362  0.01653605  0.01615205]
 [-0.00351193 -0.02361174  0.01829564]
 [-0.0038184  -0.01866096 -0.02355875]] 
Episode: 98: [[-0.00787879  0.0167228   0.0163108 ]
 [-0.00345326 -0.02395823  0.01856976]
 [-0.00376656 -0.01895621 -0.02387361]] 
Episode: 99: [[-0.00788391  0.01689615  0.01645901]
 [-0.00340694 -0.0242829   0.01882302]
 [-0.00372652 -0.01922832 -0.0241662 ]] 
Episode: 100: [[-0.00787988  0.01705489  0.01659559]
 [-0.00335737 -0.02458119  0.0190554 ]
 [-0.00368233 -0.01947707 -0.02443523]] 
Episode: 101: [[-0.00787352  0.01720103  0.01672282]
 [-0.00330842 -0.02485469  0.0192674 ]
 [-0.0036378  -0.01970289 -0.02467837]] 
Episode: 102: [[-0.00788508  0.01733939  0.01684495]
 [-0.00327651 -0.02511376  0.01946475]
 [-0.00361043 -0.01991221 -0.02491384]] 
Episode: 103: [[-0.00791361  0.01746944  0.01696072]
 [-0.00325919 -0.02536061  0.0196483 ]
 [-0.00359772 -0.02010633 -0.02514284]] 
Episode: 104: [[-0.00796353  0.01759685  0.017076  ]
 [-0.0032607  -0.02560507  0.01982458]
 [-0.00360384 -0.02029159 -0.02538978]] 
Episode: 105: [[-0.00802355  0.01772062  0.01718979]
 [-0.0032728  -0.02584115  0.0199929 ]
 [-0.00362061 -0.02046738 -0.0256302 ]] 
Episode: 106: [[-0.00810697  0.01784119  0.01730205]
 [-0.00330633 -0.02607236  0.02015434]
 [-0.00365942 -0.02063506 -0.02586308]] 
Episode: 107: [[-0.00816025  0.01797826  0.01741871]
 [-0.00330914 -0.02633453  0.0203539 ]
 [-0.00366918 -0.02085331 -0.02607799]] 
Episode: 108: [[-0.00821668  0.0181141   0.01753694]
 [-0.00331846 -0.0265941   0.02054885]
 [-0.00368478 -0.02106407 -0.02628791]] 
Episode: 109: [[-0.00825697  0.01825654  0.0176598 ]
 [-0.00331371 -0.0268663   0.02075518]
 [-0.00368558 -0.02128838 -0.02648597]] 
Episode: 110: [[-0.0082711   0.01841556  0.01778519]
 [-0.00327877 -0.02717427  0.02099711]
 [-0.0036581  -0.02156306 -0.02668842]] 
Episode: 111: [[-0.00830677  0.01856488  0.01790493]
 [-0.00326135 -0.02746492  0.02122056]
 [-0.00364817 -0.02181561 -0.0268878 ]] 
Episode: 112: [[-0.00835637  0.01870426  0.01801819]
 [-0.00325589 -0.02773746  0.02142632]
 [-0.00365005 -0.02204732 -0.02708264]] 
Episode: 113: [[-0.00840353  0.01884021  0.01813066]
 [-0.00325086 -0.02800508  0.02162703]
 [-0.00365148 -0.02227061 -0.02727124]] 
Episode: 114: [[-0.00844889  0.01897335  0.01824205]
 [-0.00324715 -0.02826954  0.02182269]
 [-0.00365329 -0.02248668 -0.02746569]] 
Episode: 115: [[-0.00847503  0.01909346  0.01834327]
 [-0.00323044 -0.02850987  0.02199969]
 [-0.00364105 -0.02268099 -0.02767195]] 
Episode: 116: [[-0.00849883  0.01920426  0.01843637]
 [-0.00321486 -0.02873603  0.02216293]
 [-0.00362922 -0.02286025 -0.02788257]] 
Episode: 117: [[-0.0085114   0.01931105  0.01852884]
 [-0.00319144 -0.02894907  0.02231964]
 [-0.00360895 -0.02302912 -0.02808125]] 
Episode: 118: [[-0.0085372   0.01941291  0.01861837]
 [-0.00317939 -0.02915136  0.02246553]
 [-0.00360001 -0.02318567 -0.0282743 ]] 
Episode: 119: [[-0.00855897  0.01950361  0.01869837]
 [-0.00316552 -0.02933289  0.02259531]
 [-0.00358863 -0.02332461 -0.02844863]] 
Episode: 120: [[-0.0085792   0.0195899   0.01877571]
 [-0.00315521 -0.02950436  0.02271836]
 [-0.00358052 -0.02345489 -0.02860544]] 
Episode: 121: [[-0.00860122  0.01966928  0.01884728]
 [-0.00314791 -0.02966226  0.02283069]
 [-0.0035753  -0.02357359 -0.02874888]] 
Episode: 122: [[-0.00863535  0.0197511   0.01892146]
 [-0.00315049 -0.02983121  0.02294522]
 [-0.00357941 -0.02369415 -0.02891224]] 
Episode: 123: [[-0.00868085  0.0198304   0.01899477]
 [-0.00316309 -0.02999337  0.02305299]
 [-0.00359389 -0.02380682 -0.02905754]] 
Episode: 124: [[-0.0087216   0.01990514  0.01906227]
 [-0.00317182 -0.03014657  0.02315792]
 [-0.00360442 -0.02391839 -0.02919271]] 
Episode: 125: [[-0.00876404  0.01997675  0.01912775]
 [-0.00318292 -0.0302946   0.0232584 ]
 [-0.00361703 -0.02402429 -0.02932473]] 
Episode: 126: [[-0.00880269  0.02004151  0.0191869 ]
 [-0.00319116 -0.03043132  0.02334899]
 [-0.00362632 -0.02411998 -0.02943598]] 
Episode: 127: [[-0.00885713  0.02011136  0.01925327]
 [-0.00321121 -0.03057671  0.02344274]
 [-0.00364748 -0.02421693 -0.02957232]] 
Episode: 128: [[-0.00890536  0.02018772  0.01932059]
 [-0.00322327 -0.03074034  0.02354644]
 [-0.00366017 -0.02433228 -0.02967246]] 
Episode: 129: [[-0.00897193  0.02026714  0.01939159]
 [-0.00325019 -0.03091293  0.02365275]
 [-0.00368795 -0.02444921 -0.02977573]] 
Episode: 130: [[-0.00901497  0.02036776  0.01947966]
 [-0.00325287 -0.03112799  0.02379432]
 [-0.00369058 -0.02460499 -0.02992507]] 
Episode: 131: [[-0.00906976  0.02046332  0.01956416]
 [-0.00326608 -0.03133388  0.02392668]
 [-0.00370414 -0.02474993 -0.03006157]] 
Episode: 132: [[-0.00911285  0.02056022  0.01964428]
 [-0.00326657 -0.03154532  0.02406106]
 [-0.00370521 -0.02490692 -0.03019465]] 
Episode: 133: [[-0.0091666   0.0206635   0.01973258]
 [-0.0032774  -0.03177119  0.02420455]
 [-0.00371683 -0.0250699  -0.03035185]] 
Episode: 134: [[-0.00921106  0.02076302  0.01981833]
 [-0.00328311 -0.03198724  0.02434329]
 [-0.00372283 -0.02522625 -0.03050604]] 
Episode: 135: [[-0.00924324  0.02086327  0.01990297]
 [-0.00327763 -0.03219943  0.02448391]
 [-0.00371744 -0.02538765 -0.03062696]] 
Episode: 136: [[-0.00928265  0.02095319  0.01997872]
 [-0.00327327 -0.03239901  0.02460921]
 [-0.00371291 -0.02553185 -0.03075   ]] 
Episode: 137: [[-0.00931872  0.0210382   0.02005043]
 [-0.00326872 -0.03259121  0.0247284 ]
 [-0.0037079  -0.02566845 -0.0308951 ]] 
Episode: 138: [[-0.00938697  0.02112389  0.02012518]
 [-0.00328751 -0.0327872   0.02484462]
 [-0.00372759 -0.02579961 -0.03106239]] 
Episode: 139: [[-0.00949174  0.02122028  0.02021364]
 [-0.00333622 -0.03300347  0.02497056]
 [-0.00377805 -0.0259371  -0.0312788 ]] 
Episode: 140: [[-0.00957218  0.02133647  0.02031461]
 [-0.00336664 -0.03325446  0.02513923]
 [-0.00381202 -0.0261221  -0.03146369]] 
Episode: 141: [[-0.00965556  0.02144684  0.02041204]
 [-0.00340116 -0.03349044  0.02529632]
 [-0.0038499  -0.02629336 -0.03162699]] 
Episode: 142: [[-0.00968053  0.02156705  0.02051429]
 [-0.00337844 -0.03374958  0.0254999 ]
 [-0.00383382 -0.02650714 -0.03170661]] 
Episode: 143: [[-0.00973931  0.02168402  0.02061595]
 [-0.00338179 -0.03400457  0.02569168]
 [-0.00384445 -0.02670751 -0.03181795]] 
Episode: 144: [[-0.00980017  0.02179813  0.02071523]
 [-0.00338869 -0.03425667  0.02587682]
 [-0.00385773 -0.02690101 -0.03191299]] 
Episode: 145: [[-0.00981431  0.02190653  0.02082093]
 [-0.00335582 -0.03448538  0.02607428]
 [-0.00383056 -0.02708186 -0.03187736]] 
Episode: 146: [[-0.00980013  0.02201062  0.02091673]
 [-0.00330356 -0.03471005  0.02627597]
 [-0.00378564 -0.02727134 -0.03188377]] 
Episode: 147: [[-0.00979271  0.02211603  0.02100711]
 [-0.00325494 -0.03494647  0.02647527]
 [-0.00374411 -0.02747019 -0.03190736]] 
Episode: 148: [[-0.00980134  0.02221467  0.02109208]
 [-0.0032198  -0.03518183  0.0266591 ]
 [-0.00371464 -0.02765322 -0.03196366]] 
Episode: 149: [[-0.00980874  0.02230138  0.02116707]
 [-0.0031857  -0.03538801  0.02682086]
 [-0.00368551 -0.02781374 -0.03202264]] 
Episode: 150: [[-0.00985     0.02238987  0.0212458 ]
 [-0.00318187 -0.03559649  0.02697815]
 [-0.00368783 -0.02796927 -0.03210604]] 
Episode: 151: [[-0.00989917  0.02247388  0.02132158]
 [-0.00318751 -0.03579344  0.02712431]
 [-0.00369962 -0.02811341 -0.03219033]] 
Episode: 152: [[-0.00994675  0.02255881  0.0213996 ]
 [-0.0031951  -0.0359955   0.02727409]
 [-0.00371277 -0.02825944 -0.03233573]] 
Episode: 153: [[-0.01003308  0.02264822  0.02148372]
 [-0.00323189 -0.03621079  0.02742295]
 [-0.00375599 -0.02840414 -0.03249693]] 
Episode: 154: [[-0.0101218   0.02273286  0.02156222]
 [-0.00327969 -0.03641412  0.02756971]
 [-0.00381105 -0.02854815 -0.03264247]] 
Episode: 155: [[-0.01021984  0.02281023  0.02163233]
 [-0.00333544 -0.03660408  0.02769871]
 [-0.00387334 -0.02867803 -0.03276538]] 
Episode: 156: [[-0.01034512  0.02288894  0.0217047 ]
 [-0.00341225 -0.03680063  0.02782536]
 [-0.00395751 -0.02880516 -0.03290639]] 
Episode: 157: [[-0.01045919  0.02295734  0.02176891]
 [-0.00347797 -0.03697614  0.02793524]
 [-0.00402913 -0.02891353 -0.03305144]] 
Episode: 158: [[-0.01060247  0.02303145  0.02184078]
 [-0.00356461 -0.03716037  0.02804508]
 [-0.00412239 -0.02902095 -0.03320814]] 
Episode: 159: [[-0.01072147  0.02311787  0.02191352]
 [-0.00362702 -0.03737819  0.02816961]
 [-0.00419005 -0.02916003 -0.03335194]] 
Episode: 160: [[-0.01083248  0.02319401  0.0219778 ]
 [-0.00368314 -0.03757111  0.02827778]
 [-0.00425092 -0.02928116 -0.0334604 ]] 
Episode: 161: [[-0.01092934  0.02328251  0.02205616]
 [-0.00372629 -0.0377788   0.02840532]
 [-0.00429949 -0.02941787 -0.03352052]] 
Episode: 162: [[-0.0110332   0.02336927  0.02213391]
 [-0.00377717 -0.03798452  0.02852909]
 [-0.00435558 -0.02954951 -0.03359632]] 
Episode: 163: [[-0.01111217  0.02345047  0.0222055 ]
 [-0.00380851 -0.03818343  0.02864409]
 [-0.00439044 -0.02967213 -0.03369351]] 
Episode: 164: [[-0.01120581  0.02353158  0.02227945]
 [-0.0038511  -0.03838136  0.02875516]
 [-0.00443644 -0.02978862 -0.03381247]] 
Episode: 165: [[-0.01130767  0.02361003  0.02235148]
 [-0.0039032  -0.03857225  0.0288618 ]
 [-0.00449237 -0.02989992 -0.03391963]] 
Episode: 166: [[-0.01137801  0.02369541  0.02243551]
 [-0.00393407 -0.03876844  0.02897772]
 [-0.00452479 -0.03001436 -0.03406287]] 
Episode: 167: [[-0.01141847  0.02375813  0.022506  ]
 [-0.00395243 -0.03889975  0.02909424]
 [-0.00454818 -0.03010127 -0.03403766]] 
Episode: 168: [[-0.0114004   0.02388551  0.02260972]
 [-0.0039129  -0.03915922  0.02933529]
 [-0.0045195  -0.03034025 -0.0340361 ]] 
Episode: 169: [[-0.01142646  0.02401092  0.02271507]
 [-0.00390091 -0.03942033  0.02956178]
 [-0.00451843 -0.03056386 -0.03406855]] 
Episode: 170: [[-0.01145325  0.02412278  0.02280939]
 [-0.00389092 -0.03965724  0.02976464]
 [-0.00451818 -0.03076299 -0.03411312]] 
Episode: 171: [[-0.01148689  0.02422514  0.02289593]
 [-0.00388825 -0.03987173  0.02995056]
 [-0.00452507 -0.03094536 -0.03412889]] 
Episode: 172: [[-0.01150472  0.0243263   0.02298425]
 [-0.00386883 -0.04009122  0.03013159]
 [-0.00451229 -0.03112051 -0.03420461]] 
Episode: 173: [[-0.01154813  0.02442282  0.02306948]
 [-0.00386937 -0.04030277  0.03030025]
 [-0.00451995 -0.03128349 -0.03429193]] 
Episode: 174: [[-0.01157859  0.0245322   0.0231641 ]
 [-0.00385541 -0.04054634  0.03048217]
 [-0.00451114 -0.03146382 -0.03439948]] 
Episode: 175: [[-0.01160361  0.02463453  0.0232509 ]
 [-0.00383788 -0.04077558  0.03064984]
 [-0.00449809 -0.03163312 -0.03445708]] 
Episode: 176: [[-0.01157165  0.02476404  0.02335577]
 [-0.00377028 -0.04105544  0.03087758]
 [-0.00443592 -0.03186391 -0.0344906 ]] 
Episode: 177: [[-0.01151501  0.02490647  0.02346855]
 [-0.0036852  -0.041361    0.03113263]
 [-0.00435679 -0.03212338 -0.0346485 ]] 
Episode: 178: [[-0.01150878  0.02504596  0.02358234]
 [-0.0036374  -0.0416621   0.03137235]
 [-0.00431606 -0.03236626 -0.03481158]] 
Episode: 179: [[-0.0115009   0.02513389  0.02365751]
 [-0.00359666 -0.0418466   0.03154432]
 [-0.00428425 -0.03252622 -0.0348205 ]] 
Episode: 180: [[-0.01152692  0.0252235   0.02373686]
 [-0.00358394 -0.04203198  0.03170925]
 [-0.00428103 -0.03267919 -0.03486398]] 
Episode: 181: [[-0.01153234  0.02529838  0.02380821]
 [-0.00355729 -0.04217919  0.03185375]
 [-0.00426241 -0.03280473 -0.03489772]] 
Episode: 182: [[-0.01154484  0.02537157  0.02388083]
 [-0.00353924 -0.04232249  0.0319924 ]
 [-0.00425087 -0.03291824 -0.03498551]] 
Episode: 183: [[-0.011578    0.02544706  0.02395728]
 [-0.00353986 -0.04246581  0.03212607]
 [-0.00425842 -0.03302807 -0.03507812]] 
Episode: 184: [[-0.01161348  0.02552037  0.02403182]
 [-0.00354211 -0.04260487  0.03225194]
 [-0.00426671 -0.03313216 -0.03516718]] 
Episode: 185: [[-0.01157981  0.02558975  0.02410214]
 [-0.00348037 -0.04275698  0.0324595 ]
 [-0.00421893 -0.03327721 -0.03526287]] 
Episode: 186: [[-0.01152333  0.02565791  0.02417185]
 [-0.0034025  -0.04290408  0.03266171]
 [-0.00415307 -0.03342027 -0.03537936]] 
Episode: 187: [[-0.01149497  0.02572762  0.02424427]
 [-0.00334768 -0.04305379  0.03285148]
 [-0.0041102  -0.03355586 -0.03550143]] 
Episode: 188: [[-0.01147575  0.02579912  0.02431942]
 [-0.00330081 -0.0432034   0.0330328 ]
 [-0.00407383 -0.03368714 -0.03557692]] 
Episode: 189: [[-0.01147562  0.02586939  0.02439578]
 [-0.003273   -0.04334994  0.03320571]
 [-0.00405637 -0.03381005 -0.03566561]] 
Episode: 190: [[-0.01149426  0.02594211  0.02447639]
 [-0.00326296 -0.04349606  0.03337169]
 [-0.00405642 -0.03392867 -0.03575795]] 
Episode: 191: [[-0.01154417  0.02601966  0.02456298]
 [-0.00327446 -0.04365158  0.03353246]
 [-0.00407855 -0.03404554 -0.03585975]] 
Episode: 192: [[-0.01161659  0.0261041   0.02465641]
 [-0.00330679 -0.04382055  0.0336931 ]
 [-0.00412094 -0.03416564 -0.03598234]] 
Episode: 193: [[-0.01168073  0.02616416  0.02472728]
 [-0.00333063 -0.04393873  0.03380769]
 [-0.0041537  -0.03424002 -0.03604031]] 
Episode: 194: [[-0.01172584  0.02622913  0.02479322]
 [-0.00333127 -0.04407845  0.03393121]
 [-0.00416186 -0.03434167 -0.03601347]] 
Episode: 195: [[-0.01178079  0.02628739  0.02485177]
 [-0.00334007 -0.04420612  0.03404326]
 [-0.00417865 -0.03443453 -0.03603043]] 
Episode: 196: [[-0.011863    0.02635435  0.0249192 ]
 [-0.00337094 -0.04435892  0.0341598 ]
 [-0.00421718 -0.03453341 -0.03607445]] 
Episode: 197: [[-0.01196397  0.02642327  0.02498958]
 [-0.00341789 -0.0445153   0.03427332]
 [-0.00427257 -0.03463028 -0.0361364 ]] 
Episode: 198: [[-0.01206346  0.02649086  0.02505739]
 [-0.00346816 -0.04466848  0.0343853 ]
 [-0.00433064 -0.03472719 -0.03620531]] 
Episode: 199: [[-0.01211632  0.02656763  0.02514115]
 [-0.00347672 -0.0448263   0.03453242]
 [-0.00434606 -0.03483843 -0.03631077]] 
Episode: 200: [[-0.01216214  0.02664666  0.0252242 ]
 [-0.00347888 -0.04499214  0.03467818]
 [-0.00435395 -0.0349561  -0.03638838]] 
Episode: 201: [[-0.01223121  0.02673243  0.02531412]
 [-0.00350239 -0.04516844  0.03482671]
 [-0.00438423 -0.03507894 -0.03644469]] 
Episode: 202: [[-0.01233583  0.02682224  0.02540839]
 [-0.00355386 -0.04535512  0.03497369]
 [-0.00444409 -0.0352022  -0.0365238 ]] 
Episode: 203: [[-0.0124408   0.02690776  0.02549703]
 [-0.00360916 -0.04553677  0.03511155]
 [-0.00450686 -0.03531949 -0.03661298]] 
Episode: 204: [[-0.01252966  0.0269879   0.02557947]
 [-0.00365248 -0.04571001  0.03524282]
 [-0.00455677 -0.03543216 -0.0367082 ]] 
Episode: 205: [[-0.01260301  0.02706929  0.02566413]
 [-0.00368121 -0.04588799  0.03537207]
 [-0.00458947 -0.035543   -0.03679134]] 
Episode: 206: [[-0.0126681   0.02714498  0.02574354]
 [-0.00370664 -0.04605029  0.03549163]
 [-0.00461838 -0.03564474 -0.03687283]] 
Episode: 207: [[-0.01272241  0.02718615  0.02580767]
 [-0.00373587 -0.04613366  0.03556193]
 [-0.00464663 -0.03566596 -0.03699336]] 
Episode: 208: [[-0.01280118  0.02723583  0.02587768]
 [-0.00378769 -0.04623486  0.03564029]
 [-0.00469889 -0.03570001 -0.03713372]] 
Episode: 209: [[-0.01285619  0.02726968  0.02593109]
 [-0.00382043 -0.0463043   0.03569733]
 [-0.0047313  -0.03571424 -0.03720188]] 
Episode: 210: [[-0.01290799  0.02727631  0.0259756 ]
 [-0.00385988 -0.04629746  0.03571597]
 [-0.00476957 -0.03566451 -0.0372555 ]] 
Episode: 211: [[-0.01290899  0.02729998  0.02604122]
 [-0.00385313 -0.04632341  0.03581401]
 [-0.00476698 -0.0356651  -0.03741242]] 
Episode: 212: [[-0.0129268   0.02733087  0.02611182]
 [-0.00385781 -0.04636645  0.03591222]
 [-0.00477582 -0.03567374 -0.03755482]] 
Episode: 213: [[-0.01298007  0.02736838  0.02618584]
 [-0.00388629 -0.04642566  0.03600912]
 [-0.00480968 -0.03568947 -0.03771575]] 
Episode: 214: [[-0.01301729  0.02741401  0.02626332]
 [-0.00389954 -0.04650171  0.03611411]
 [-0.00482748 -0.03572175 -0.03786538]] 
Episode: 215: [[-0.01303693  0.02746518  0.02634341]
 [-0.00388786 -0.04661675  0.03622914]
 [-0.00481683 -0.03576854 -0.0380084 ]] 
Episode: 216: [[-0.0130657   0.02751704  0.02642038]
 [-0.0038831  -0.04673732  0.03634036]
 [-0.00481185 -0.03581833 -0.03805123]] 
Episode: 217: [[-0.01310744  0.02757112  0.02649867]
 [-0.00388924 -0.04686002  0.03644763]
 [-0.00481843 -0.03586906 -0.03811064]] 
Episode: 218: [[-0.01311286  0.02762828  0.0265788 ]
 [-0.00386486 -0.04699825  0.03657217]
 [-0.00479443 -0.0359348  -0.03812732]] 
Episode: 219: [[-0.01312169  0.02768664  0.02665464]
 [-0.00384527 -0.04713795  0.03669032]
 [-0.00477521 -0.03600562 -0.03812063]] 
Episode: 220: [[-0.0131186   0.0277492   0.02672474]
 [-0.0038143  -0.04729182  0.0368086 ]
 [-0.00474449 -0.03609243 -0.03810101]] 
Episode: 221: [[-0.01313474  0.02781057  0.02679301]
 [-0.0038002  -0.04744202  0.03691951]
 [-0.00473122 -0.0361748  -0.03809342]] 
Episode: 222: [[-0.0131442   0.02787174  0.02685466]
 [-0.00378092 -0.04759091  0.03702766]
 [-0.00471358 -0.03626474 -0.03809979]] 
Episode: 223: [[-0.01312509  0.02791592  0.02690872]
 [-0.00373301 -0.04767393  0.03710325]
 [-0.00466613 -0.03631509 -0.03804311]] 
Episode: 224: [[-0.01308802  0.02796611  0.0269647 ]
 [-0.00366897 -0.04777653  0.03718992]
 [-0.00460099 -0.03638032 -0.038042  ]] 
Episode: 225: [[-0.01304851  0.02801335  0.02701661]
 [-0.0036018  -0.04787876  0.03727093]
 [-0.00453158 -0.03644188 -0.03807344]] 
Episode: 226: [[-0.01305572  0.02806741  0.02707574]
 [-0.0035674  -0.04800065  0.03735451]
 [-0.00449692 -0.03650741 -0.03814666]] 
Episode: 227: [[-0.01306948  0.02812046  0.02713362]
 [-0.00354089 -0.04812171  0.03743602]
 [-0.00447059 -0.0365723  -0.03822954]] 
Episode: 228: [[-0.0130758   0.02815212  0.02717426]
 [-0.00351001 -0.04819927  0.03748802]
 [-0.00443962 -0.03660223 -0.03831396]] 
Episode: 229: [[-0.01302159  0.0281846   0.02722589]
 [-0.00342714 -0.04827174  0.03757214]
 [-0.00435551 -0.03663677 -0.03848724]] 
Episode: 230: [[-0.01296785  0.02821079  0.02727228]
 [-0.00334606 -0.04832534  0.03764649]
 [-0.00427325 -0.03666156 -0.03865882]] 
Episode: 231: [[-0.0129169   0.0282423   0.02731243]
 [-0.0032659  -0.04839227  0.0377178 ]
 [-0.00419241 -0.03670837 -0.03881235]] 
Episode: 232: [[-0.01288247  0.02826802  0.02734548]
 [-0.00320177 -0.04845193  0.0377765 ]
 [-0.00412783 -0.03674522 -0.03896404]] 
Episode: 233: [[-0.01287567  0.02830094  0.02738615]
 [-0.00316175 -0.04852835  0.03783948]
 [-0.00408871 -0.03678781 -0.0391394 ]] 
Episode: 234: [[-0.01288482  0.02833464  0.02742704]
 [-0.0031366  -0.04860634  0.03789996]
 [-0.00406523 -0.03682981 -0.03932015]] 
Episode: 235: [[-0.01293379  0.02837718  0.02747755]
 [-0.00314023 -0.04870723  0.03796621]
 [-0.00407246 -0.03687858 -0.0395278 ]] 
Episode: 236: [[-0.01298893  0.02842586  0.02753253]
 [-0.00315383 -0.04882288  0.03804044]
 [-0.00408952 -0.03693763 -0.03973871]] 
Episode: 237: [[-0.01304509  0.02847462  0.02758655]
 [-0.00317283 -0.04893954  0.03811412]
 [-0.00411225 -0.03699823 -0.03994437]] 
Episode: 238: [[-0.01309069  0.02851353  0.0276309 ]
 [-0.00318227 -0.04904     0.0381744 ]
 [-0.00412417 -0.03704436 -0.04016325]] 
Episode: 239: [[-0.01317114  0.02855911  0.02768249]
 [-0.00321454 -0.04915743  0.03823924]
 [-0.00416059 -0.03709577 -0.04039406]] 
Episode: 240: [[-0.01322674  0.02859543  0.02772458]
 [-0.00322592 -0.04925435  0.03829949]
 [-0.00417699 -0.03713861 -0.04058897]] 
Episode: 241: [[-0.0132782   0.02864798  0.02778327]
 [-0.00323145 -0.0493812   0.0383838 ]
 [-0.00418534 -0.03720469 -0.0408067 ]] 
Episode: 242: [[-0.01331464  0.02869234  0.02783885]
 [-0.00322333 -0.04949087  0.03846762]
 [-0.00417869 -0.03725743 -0.04109307]] 
Episode: 243: [[-0.01336165  0.02873719  0.02789365]
 [-0.00322765 -0.04959958  0.03854824]
 [-0.00418529 -0.03731038 -0.04136834]] 
Episode: 244: [[-0.01342022  0.02879535  0.02795935]
 [-0.00324039 -0.04974442  0.03864593]
 [-0.00419807 -0.03738294 -0.04167178]] 
Episode: 245: [[-0.01349089  0.02885621  0.02802804]
 [-0.0032667  -0.04989133  0.03874328]
 [-0.00422567 -0.03745686 -0.04194933]] 
Episode: 246: [[-0.01357743  0.02891904  0.0280988 ]
 [-0.0033077  -0.05004113  0.03883927]
 [-0.00426927 -0.03753112 -0.0422144 ]] 
Episode: 247: [[-0.01367495  0.02898182  0.02816845]
 [-0.00336053 -0.05018567  0.038933  ]
 [-0.00432556 -0.03760561 -0.0424158 ]] 
Episode: 248: [[-0.01376136  0.02905593  0.02823962]
 [-0.00340133 -0.05035449  0.03903086]
 [-0.00436653 -0.03770432 -0.04262282]] 
Episode: 249: [[-0.01385334  0.02913169  0.02831261]
 [-0.00344944 -0.05052999  0.03912995]
 [-0.00441475 -0.03780377 -0.04282685]] 
Episode: 250: [[-0.01392936  0.02920718  0.02838426]
 [-0.00348671 -0.05070822  0.03923303]
 [-0.00445085 -0.03790698 -0.04300524]] 
Episode: 251: [[-0.01397561  0.02926876  0.02845425]
 [-0.00350303 -0.0508529   0.03934792]
 [-0.004468   -0.03798809 -0.04321003]] 
Episode: 252: [[-0.01406251  0.02933693  0.02853147]
 [-0.00354512 -0.05101303  0.0394628 ]
 [-0.00451282 -0.03807174 -0.04342437]] 
Episode: 253: [[-0.014127    0.02940034  0.0286002 ]
 [-0.00357068 -0.05116481  0.03957307]
 [-0.00454065 -0.03815368 -0.04361871]] 
Episode: 254: [[-0.01420137  0.02946062  0.02866233]
 [-0.00361058 -0.05131872  0.03968265]
 [-0.00458281 -0.03823694 -0.04376146]] 
Episode: 255: [[-0.01430584  0.02953133  0.02873671]
 [-0.00367466 -0.05149103  0.0397982 ]
 [-0.00465015 -0.03832688 -0.0439356 ]] 
Episode: 256: [[-0.01439554  0.02959658  0.02880114]
 [-0.00372565 -0.05165807  0.03990617]
 [-0.00470339 -0.03841481 -0.04416709]] 
Episode: 257: [[-0.01450249  0.02966251  0.02886724]
 [-0.00378572 -0.05182755  0.04001006]
 [-0.00476648 -0.03850007 -0.04439335]] 
Episode: 258: [[-0.01457605  0.02972556  0.02893165]
 [-0.00381528 -0.05199645  0.0401196 ]
 [-0.00479696 -0.0385884  -0.04459707]] 
Episode: 259: [[-0.0146426   0.02979142  0.02899997]
 [-0.00384524 -0.05216451  0.04023013]
 [-0.00482767 -0.03867815 -0.04479966]] 
Episode: 260: [[-0.01471473  0.02985287  0.02906381]
 [-0.00388017 -0.05231933  0.04033148]
 [-0.00486399 -0.03876084 -0.04498073]] 
Episode: 261: [[-0.01475758  0.02990753  0.02912352]
 [-0.00389271 -0.05246434  0.04044769]
 [-0.00488004 -0.03884475 -0.04502383]] 
Episode: 262: [[-0.01478526  0.02994102  0.02917853]
 [-0.00389584 -0.05254857  0.04054079]
 [-0.00488637 -0.03888393 -0.04498947]] 
Episode: 263: [[-0.01482601  0.02997558  0.02923312]
 [-0.00390726 -0.05263671  0.04062781]
 [-0.00490088 -0.038922   -0.04499627]] 
Episode: 264: [[-0.01489389  0.03001608  0.02929205]
 [-0.00393792 -0.05273684  0.04071513]
 [-0.00493563 -0.03896509 -0.04500797]] 
Episode: 265: [[-0.01496222  0.03005541  0.02934547]
 [-0.00396837 -0.05282816  0.04076511]
 [-0.0049657  -0.03898289 -0.04502634]] 
Episode: 266: [[-0.01502507  0.03009591  0.02940477]
 [-0.00399155 -0.05291505  0.04081793]
 [-0.00498761 -0.03899877 -0.045097  ]] 
Episode: 267: [[-0.01502589  0.03007223  0.02947921]
 [-0.00396676 -0.05283503  0.04090473]
 [-0.00496959 -0.03887529 -0.04508424]] 
Episode: 268: [[-0.01502439  0.03004983  0.02954687]
 [-0.00394135 -0.05275409  0.04097917]
 [-0.00495014 -0.03875934 -0.04509941]] 
Episode: 269: [[-0.01500349  0.03002926  0.0296072 ]
 [-0.003905   -0.05268024  0.04105496]
 [-0.00491917 -0.03865985 -0.04513257]] 
Episode: 270: [[-0.0150387   0.03002351  0.02967568]
 [-0.00390474 -0.05264275  0.04113415]
 [-0.00492616 -0.03858011 -0.04520255]] 
Episode: 271: [[-0.01505327  0.030025    0.02974831]
 [-0.00388681 -0.05261942  0.04122333]
 [-0.00491373 -0.03851695 -0.04527207]] 
Episode: 272: [[-0.01507302  0.03004434  0.02983173]
 [-0.00387367 -0.05263676  0.04132987]
 [-0.00490454 -0.03848413 -0.04532201]] 
Episode: 273: [[-0.01510706  0.03008101  0.02991509]
 [-0.00386915 -0.0527037   0.0414442 ]
 [-0.0049016  -0.03849025 -0.04537606]] 
Episode: 274: [[-0.01512833  0.03011899  0.02999631]
 [-0.00385619 -0.0527816   0.04155965]
 [-0.00488879 -0.03850456 -0.04543361]] 
Episode: 275: [[-0.01515275  0.03015843  0.0300736 ]
 [-0.00384763 -0.05286661  0.04167051]
 [-0.00488017 -0.03852483 -0.04548571]] 
Episode: 276: [[-0.01517675  0.03019945  0.03014748]
 [-0.00383944 -0.05296078  0.04177874]
 [-0.00487085 -0.0385516  -0.04554689]] 
Episode: 277: [[-0.0151941   0.03022472  0.03021504]
 [-0.0038194  -0.05302178  0.04187244]
 [-0.00484892 -0.03854955 -0.04558121]] 
Episode: 278: [[-0.01523381  0.03026134  0.03029034]
 [-0.0038179  -0.05310498  0.04197244]
 [-0.00484627 -0.0385621  -0.04562118]] 
Episode: 279: [[-0.01526274  0.03028219  0.03034348]
 [-0.00380809 -0.05316343  0.04204452]
 [-0.00483599 -0.03855978 -0.04564915]] 
Episode: 280: [[-0.01530015  0.03030449  0.03039585]
 [-0.00380428 -0.0532253   0.04211297]
 [-0.00483198 -0.03856027 -0.04567473]] 
Episode: 281: [[-0.01533208  0.03031965  0.03043619]
 [-0.00379875 -0.05327322  0.0421632 ]
 [-0.00482586 -0.03855292 -0.04565512]] 
Episode: 282: [[-0.01533409  0.03033058  0.03047887]
 [-0.00376837 -0.05329927  0.04221092]
 [-0.00479341 -0.03853612 -0.04565908]] 
Episode: 283: [[-0.01534217  0.03034773  0.03052519]
 [-0.00374634 -0.05333866  0.04226406]
 [-0.00476959 -0.03852967 -0.04564777]] 
Episode: 284: [[-0.01535147  0.0303704   0.03057312]
 [-0.00372578 -0.05338452  0.04231658]
 [-0.00474724 -0.03853098 -0.04565763]] 
Episode: 285: [[-0.01532086  0.03038863  0.03063152]
 [-0.00367406 -0.05343048  0.04242098]
 [-0.00469386 -0.0385216  -0.04585543]] 
Episode: 286: [[-0.01530738  0.03041212  0.03069133]
 [-0.0036381  -0.05348723  0.04252294]
 [-0.00465716 -0.03852079 -0.04603602]] 
Episode: 287: [[-0.01530368  0.03043603  0.03074807]
 [-0.00361251 -0.05354558  0.04261836]
 [-0.00463138 -0.03852326 -0.04618331]] 
Episode: 288: [[-0.01530823  0.03046192  0.03080351]
 [-0.00359423 -0.05361128  0.04270906]
 [-0.0046129  -0.03852988 -0.04631109]] 
Episode: 289: [[-0.0152988   0.03046297  0.03085237]
 [-0.00357121 -0.05361212  0.04277962]
 [-0.00459039 -0.0384846  -0.04626922]] 
Episode: 290: [[-0.01521567  0.0304876   0.03092367]
 [-0.0034753  -0.05365811  0.04293662]
 [-0.00449613 -0.03850373 -0.0463286 ]] 
Episode: 291: [[-0.01513401  0.03050381  0.03098291]
 [-0.00338063 -0.05369327  0.04307266]
 [-0.0044023  -0.03851328 -0.0463828 ]] 
Episode: 292: [[-0.01505267  0.03052217  0.0310371 ]
 [-0.00328601 -0.05374013  0.0432044 ]
 [-0.00430751 -0.03853453 -0.04643457]] 
Episode: 293: [[-0.01499449  0.03052106  0.03107248]
 [-0.00321474 -0.05373746  0.04329182]
 [-0.00423887 -0.0385168  -0.04639585]] 
Episode: 294: [[-0.01493598  0.03053341  0.03111771]
 [-0.00314418 -0.05375879  0.04340993]
 [-0.00417072 -0.038529   -0.04633405]] 
Episode: 295: [[-0.01488913  0.03055139  0.0311629 ]
 [-0.003089   -0.0537963   0.04352911]
 [-0.00411813 -0.03855573 -0.04625272]] 
Episode: 296: [[-0.01482555  0.03057243  0.03122101]
 [-0.00301428 -0.05381901  0.04365858]
 [-0.00404349 -0.03858068 -0.04629015]] 
Episode: 297: [[-0.01476361  0.03059352  0.03127462]
 [-0.00293979 -0.05384597  0.04377776]
 [-0.00396764 -0.0386069  -0.04630856]] 
Episode: 298: [[-0.01472309  0.03062049  0.03133116]
 [-0.00288671 -0.05388759  0.04389437]
 [-0.00391438 -0.03863923 -0.04633597]] 
Episode: 299: [[-0.01471054  0.03065445  0.03139244]
 [-0.00285833 -0.05394987  0.04401054]
 [-0.00388703 -0.0386782  -0.04640143]] 
Episode: 300: [[-0.01470177  0.03069166  0.03145833]
 [-0.00282507 -0.05402992  0.04413062]
 [-0.00385182 -0.03871911 -0.04641713]] 
Episode: 301: [[-0.01468759  0.03073037  0.03152362]
 [-0.00278661 -0.05411155  0.04424429]
 [-0.0038099  -0.03876068 -0.04646283]] 
Episode: 302: [[-0.01465517  0.03076898  0.03158862]
 [-0.00272862 -0.05419989  0.04436953]
 [-0.00374563 -0.03881081 -0.04655271]] 
Episode: 303: [[-0.01464956  0.03082146  0.03166667]
 [-0.00270549 -0.05431534  0.04450441]
 [-0.00371937 -0.03887618 -0.04667376]] 
Episode: 304: [[-0.01464322  0.03086593  0.0317347 ]
 [-0.00268191 -0.05441314  0.04461949]
 [-0.00369279 -0.03892864 -0.04676667]] 
Episode: 305: [[-0.01465611  0.03090875  0.03180863]
 [-0.00267657 -0.05450043  0.04472162]
 [-0.00368328 -0.03895377 -0.04688933]] 
Episode: 306: [[-0.01469042  0.03095949  0.03188751]
 [-0.00269374 -0.05460613  0.04482823]
 [-0.00369848 -0.03899095 -0.04701735]] 
Episode: 307: [[-0.01472521  0.03100931  0.03196279]
 [-0.00271453 -0.05470957  0.04493119]
 [-0.00371799 -0.03903121 -0.04712781]] 
Episode: 308: [[-0.01478767  0.03106813  0.03204545]
 [-0.00276103 -0.05483385  0.04504006]
 [-0.00376593 -0.03908287 -0.04726626]] 
Episode: 309: [[-0.01487026  0.03113895  0.03213882]
 [-0.0028323  -0.05498089  0.045163  ]
 [-0.00384129 -0.03915296 -0.04740623]] 
Episode: 310: [[-0.01497755  0.0312168   0.03223855]
 [-0.00292342 -0.05514601  0.04528834]
 [-0.0039384  -0.03922955 -0.04758124]] 
Episode: 311: [[-0.01506203  0.03129692  0.03234058]
 [-0.00299802 -0.05531767  0.04542752]
 [-0.00401568 -0.0393174  -0.0477532 ]] 
Episode: 312: [[-0.01515148  0.03137651  0.03243933]
 [-0.00307742 -0.05548925  0.04556116]
 [-0.00409782 -0.03940536 -0.04796067]] 
Episode: 313: [[-0.01522135  0.03144547  0.03253077]
 [-0.00313141 -0.05564452  0.04567924]
 [-0.00415039 -0.0394714  -0.04819059]] 
Episode: 314: [[-0.01529132  0.03151402  0.03261971]
 [-0.0031917  -0.05579723  0.04579578]
 [-0.0042108  -0.03954061 -0.04841109]] 
Episode: 315: [[-0.01539426  0.03159156  0.03271721]
 [-0.00327581 -0.05596854  0.04591603]
 [-0.00429717 -0.03961695 -0.0486408 ]] 
Episode: 316: [[-0.01549715  0.03167637  0.03281726]
 [-0.00336481 -0.05616795  0.04605719]
 [-0.00438842 -0.03971793 -0.04886524]] 
Episode: 317: [[-0.01560418  0.03176     0.03291437]
 [-0.0034577  -0.05636531  0.04619343]
 [-0.00448329 -0.03981711 -0.04908119]] 
Episode: 318: [[-0.01570473  0.03184018  0.0330075 ]
 [-0.00354594 -0.05655185  0.04632279]
 [-0.00457384 -0.03991235 -0.04926129]] 
Episode: 319: [[-0.01579129  0.03192807  0.03311107]
 [-0.00361956 -0.05674874  0.04646763]
 [-0.00464842 -0.04001956 -0.04942764]] 
Episode: 320: [[-0.01586664  0.03200187  0.03320064]
 [-0.00368059 -0.05691599  0.04659079]
 [-0.00470948 -0.0401058  -0.04956618]] 
Episode: 321: [[-0.01592301  0.03205713  0.03327187]
 [-0.00372126 -0.05704346  0.04668621]
 [-0.00474883 -0.04016583 -0.04969059]] 
Episode: 322: [[-0.01598529  0.03210029  0.03334539]
 [-0.0037672  -0.05714717  0.04676842]
 [-0.00478859 -0.04017382 -0.04989705]] 
Episode: 323: [[-0.01604258  0.03214465  0.0334178 ]
 [-0.00380774 -0.05724762  0.04684815]
 [-0.00482322 -0.04018642 -0.05007415]] 
Episode: 324: [[-0.01609099  0.03218618  0.03348341]
 [-0.00383967 -0.05734722  0.0469271 ]
 [-0.00484941 -0.04020489 -0.05021655]] 
Episode: 325: [[-0.01614858  0.03223398  0.03355302]
 [-0.00387952 -0.05746838  0.04701066]
 [-0.00488323 -0.04023258 -0.05036435]] 
Episode: 326: [[-0.01619083  0.03227518  0.03361294]
 [-0.00390534 -0.05757305  0.04708338]
 [-0.00490351 -0.04025506 -0.0504832 ]] 
Episode: 327: [[-0.01621898  0.0323201   0.03367591]
 [-0.00392049 -0.05768293  0.0471618 ]
 [-0.00491191 -0.04028524 -0.05058818]] 
Episode: 328: [[-0.01622826  0.03233061  0.03371456]
 [-0.00391842 -0.05773148  0.04721699]
 [-0.00490647 -0.04026011 -0.0507039 ]] 
Episode: 329: [[-0.01620563  0.03229739  0.03372096]
 [-0.00389706 -0.05769052  0.04722395]
 [-0.00488376 -0.04016387 -0.05070382]] 
Episode: 330: [[-0.01618383  0.03226762  0.03372992]
 [-0.00387357 -0.05765034  0.0472324 ]
 [-0.00485861 -0.04007546 -0.05069941]] 
Episode: 331: [[-0.01620476  0.03225268  0.03375052]
 [-0.00387879 -0.05764284  0.04725144]
 [-0.00486391 -0.04000638 -0.05071494]] 
Episode: 332: [[-0.01625061  0.03225125  0.0337814 ]
 [-0.00390416 -0.05766491  0.047282  ]
 [-0.00489007 -0.03995676 -0.05076808]] 
Episode: 333: [[-0.01629981  0.03225899  0.03382404]
 [-0.00392988 -0.05770057  0.04732479]
 [-0.00491594 -0.03991842 -0.05081914]] 
Episode: 334: [[-0.01633769  0.03227559  0.03386682]
 [-0.00394425 -0.05774797  0.04736489]
 [-0.00492742 -0.0398921  -0.0508657 ]] 
Episode: 335: [[-0.01636315  0.03228486  0.03389559]
 [-0.00395294 -0.05779272  0.04739423]
 [-0.00493197 -0.03986526 -0.05092899]] 
Episode: 336: [[-0.01637591  0.03229259  0.03391979]
 [-0.00394859 -0.05783416  0.04742576]
 [-0.00492368 -0.0398455  -0.05091377]] 
Episode: 337: [[-0.01636344  0.03231324  0.03395201]
 [-0.0039234  -0.05791191  0.04749102]
 [-0.00489296 -0.03985916 -0.05087559]] 
Episode: 338: [[-0.01633486  0.0323303   0.03398672]
 [-0.00389342 -0.05795578  0.04756466]
 [-0.00485672 -0.0398653  -0.05096883]] 
Episode: 339: [[-0.01625612  0.03228862  0.03398041]
 [-0.00382532 -0.05787292  0.04755838]
 [-0.00478076 -0.03975771 -0.05093467]] 
Episode: 340: [[-0.01621725  0.03226311  0.03398836]
 [-0.00378687 -0.05782388  0.04756479]
 [-0.0047368  -0.03967128 -0.05092357]] 
Episode: 341: [[-0.01617651  0.0322589   0.03400959]
 [-0.00374424 -0.0578148   0.04760653]
 [-0.0046889  -0.03963481 -0.05091398]] 
Episode: 342: [[-0.0161774   0.03226754  0.03404268]
 [-0.00373105 -0.05783317  0.04765647]
 [-0.00467303 -0.03961288 -0.05093584]] 
Episode: 343: [[-0.01619888  0.0322813   0.03407912]
 [-0.00373267 -0.05786504  0.04770686]
 [-0.00467314 -0.03959795 -0.05097794]] 
Episode: 344: [[-0.0162605   0.03231009  0.03413055]
 [-0.00376507 -0.05792935  0.0477674 ]
 [-0.0047062  -0.03959777 -0.05106524]] 
Episode: 345: [[-0.01635253  0.03235056  0.03419434]
 [-0.00382022 -0.05801284  0.04783286]
 [-0.00476327 -0.03960646 -0.05118906]] 
Episode: 346: [[-0.01642042  0.03238874  0.03425154]
 [-0.00386103 -0.05808745  0.04790753]
 [-0.00480815 -0.03962898 -0.05129606]] 
Episode: 347: [[-0.01642098  0.03238527  0.03431195]
 [-0.00384434 -0.05807757  0.04800155]
 [-0.00479771 -0.03955628 -0.05132016]] 
Episode: 348: [[-0.01642908  0.03239049  0.03437657]
 [-0.00383519 -0.05808554  0.0480947 ]
 [-0.00479381 -0.03949705 -0.05137034]] 
Episode: 349: [[-0.01648521  0.03241714  0.03446044]
 [-0.00386431 -0.05813235  0.0482003 ]
 [-0.00483024 -0.03946194 -0.05147277]] 
Episode: 350: [[-0.01653496  0.03243874  0.03453778]
 [-0.0038884  -0.05816298  0.04829597]
 [-0.00486066 -0.03942501 -0.0515376 ]] 
Episode: 351: [[-0.01660996  0.03247374  0.03462521]
 [-0.00393445 -0.05821752  0.04839813]
 [-0.00491376 -0.03940522 -0.05164206]] 
Episode: 352: [[-0.01669711  0.0325086   0.03471041]
 [-0.00398684 -0.0582693   0.04849008]
 [-0.00497292 -0.03938504 -0.05180199]] 
Episode: 353: [[-0.01676949  0.03253457  0.03478238]
 [-0.00402429 -0.05830576  0.04856288]
 [-0.00501538 -0.03935635 -0.05193828]] 
Episode: 354: [[-0.0168382   0.03253663  0.034834  ]
 [-0.00406459 -0.05828525  0.04858986]
 [-0.00506291 -0.03928506 -0.05206678]] 
Episode: 355: [[-0.01693195  0.03255858  0.03489989]
 [-0.00412738 -0.0583076   0.04863865]
 [-0.00513286 -0.03924444 -0.05221095]] 
Episode: 356: [[-0.01701627  0.03257634  0.03495815]
 [-0.0041816  -0.05833264  0.04868039]
 [-0.00519232 -0.03920402 -0.05234751]] 
Episode: 357: [[-0.0170867   0.03260139  0.03501486]
 [-0.00422053 -0.05838165  0.04872775]
 [-0.00523346 -0.0391823  -0.05254697]] 
Episode: 358: [[-0.01716763  0.03262965  0.03507229]
 [-0.00426679 -0.0584392   0.04877477]
 [-0.00528211 -0.03916656 -0.05274556]] 
Episode: 359: [[-0.01720679  0.03265695  0.03513634]
 [-0.00427917 -0.05850562  0.04884217]
 [-0.0052941  -0.03915362 -0.05292423]] 
Episode: 360: [[-0.01730429  0.03269865  0.03521172]
 [-0.00433148 -0.05860426  0.04891916]
 [-0.00534889 -0.03915729 -0.05311681]] 
Episode: 361: [[-0.01742401  0.03274506  0.03528868]
 [-0.00440046 -0.05871671  0.0489988 ]
 [-0.00542147 -0.03917    -0.05332413]] 
Episode: 362: [[-0.01751096  0.03279866  0.03537138]
 [-0.00444323 -0.05883528  0.04908993]
 [-0.00546581 -0.03919756 -0.0535304 ]] 
Episode: 363: [[-0.01752581  0.03282448  0.03543643]
 [-0.00442639 -0.05890046  0.04918815]
 [-0.00545284 -0.03919313 -0.0538964 ]] 
Episode: 364: [[-0.01752305  0.032865    0.03550188]
 [-0.00439346 -0.05899749  0.04930321]
 [-0.00542272 -0.03922276 -0.05424663]] 
Episode: 365: [[-0.01751657  0.03290883  0.03556322]
 [-0.00435829 -0.05909928  0.04940946]
 [-0.00538874 -0.03925892 -0.05457396]] 
Episode: 366: [[-0.01755736  0.03295899  0.03562993]
 [-0.004355   -0.05921682  0.04951551]
 [-0.00538862 -0.03930085 -0.05489782]] 
Episode: 367: [[-0.01758541  0.03301507  0.03569575]
 [-0.00434293 -0.05934575  0.04962615]
 [-0.00537863 -0.03935797 -0.05515032]] 
Episode: 368: [[-0.01760887  0.03305995  0.03575477]
 [-0.00433319 -0.05945133  0.04972171]
 [-0.00536975 -0.03939664 -0.05534228]] 
Episode: 369: [[-0.01762701  0.03309369  0.03580094]
 [-0.00432064 -0.05953905  0.04979984]
 [-0.0053568  -0.03942138 -0.05552285]] 
Episode: 370: [[-0.01764075  0.03311623  0.03584594]
 [-0.00430701 -0.05959126  0.04986187]
 [-0.0053422  -0.03942185 -0.05570267]] 
Episode: 371: [[-0.01761045  0.03314192  0.0358991 ]
 [-0.00425416 -0.0596437   0.04996045]
 [-0.00529253 -0.03943921 -0.05580631]] 
Episode: 372: [[-0.01757791  0.03317042  0.03595558]
 [-0.00420271 -0.05968759  0.05005387]
 [-0.00524337 -0.03945664 -0.05590165]] 
Episode: 373: [[-0.01754614  0.03319275  0.03601408]
 [-0.00414734 -0.05970115  0.05015102]
 [-0.0051907  -0.03945461 -0.0560434 ]] 
Episode: 374: [[-0.01750289  0.03321304  0.03606768]
 [-0.00408688 -0.0596992   0.05024414]
 [-0.00513391 -0.03945189 -0.05622376]] 
Episode: 375: [[-0.01747735  0.03323773  0.03612304]
 [-0.00404357 -0.05971074  0.05033413]
 [-0.00509383 -0.03945429 -0.05640806]] 
Episode: 376: [[-0.01742846  0.03325433  0.03616891]
 [-0.00397343 -0.05971225  0.05041884]
 [-0.00502634 -0.03944639 -0.05660077]] 
Episode: 377: [[-0.01736013  0.03328129  0.03622675]
 [-0.00389432 -0.05973713  0.05052053]
 [-0.00494717 -0.03945557 -0.05677994]] 
Episode: 378: [[-0.0173006   0.03329589  0.0362701 ]
 [-0.00382214 -0.05975333  0.05060137]
 [-0.00487436 -0.03945216 -0.05692819]] 
Episode: 379: [[-0.01727869  0.0333308   0.03633291]
 [-0.00378343 -0.05981532  0.05070097]
 [-0.00483606 -0.03947244 -0.05711049]] 
Episode: 380: [[-0.01728562  0.03337527  0.03640299]
 [-0.0037722  -0.0598975   0.05080547]
 [-0.00482668 -0.03950438 -0.05729552]] 
Episode: 381: [[-0.01730406  0.03341906  0.03646993]
 [-0.00376961 -0.05998394  0.05090347]
 [-0.00482617 -0.03953679 -0.0574738 ]] 
Episode: 382: [[-0.01733607  0.03346948  0.03654419]
 [-0.00378076 -0.06008038  0.05100243]
 [-0.00484023 -0.03957431 -0.05767038]] 
Episode: 383: [[-0.01736831  0.03352265  0.03662011]
 [-0.00379687 -0.06017991  0.05110117]
 [-0.00485876 -0.03961571 -0.05783528]] 
Episode: 384: [[-0.0174491   0.03358692  0.03670647]
 [-0.00384648 -0.06030834  0.05120616]
 [-0.00491337 -0.03966751 -0.05801756]] 
Episode: 385: [[-0.01751453  0.03364825  0.03678861]
 [-0.00388411 -0.06042989  0.05130661]
 [-0.00495478 -0.03971874 -0.05814612]] 
Episode: 386: [[-0.01754271  0.0336546   0.03687262]
 [-0.00388114 -0.06038866  0.05137087]
 [-0.00495672 -0.03962851 -0.0581873 ]] 
Episode: 387: [[-0.01761373  0.03367446  0.03696391]
 [-0.00390876 -0.06038387  0.05144278]
 [-0.00499125 -0.03955958 -0.05826122]] 
Episode: 388: [[-0.01766781  0.03369529  0.03705215]
 [-0.00392519 -0.06038483  0.05151486]
 [-0.00501161 -0.03949842 -0.05836   ]] 
Episode: 389: [[-0.01769968  0.03372911  0.03714206]
 [-0.00392379 -0.06042008  0.05162252]
 [-0.0050132  -0.03948204 -0.05845387]] 
Episode: 390: [[-0.01771854  0.03377482  0.03723659]
 [-0.00390861 -0.06047779  0.05175621]
 [-0.00500062 -0.03949966 -0.05852483]] 
Episode: 391: [[-0.01773993  0.03382032  0.03732796]
 [-0.00389769 -0.06053651  0.0518814 ]
 [-0.00499242 -0.03951878 -0.05860686]] 
Episode: 392: [[-0.01778425  0.03386842  0.03741936]
 [-0.00389838 -0.06060219  0.05199899]
 [-0.00499633 -0.03953974 -0.05867109]] 
Episode: 393: [[-0.01781956  0.03391736  0.0375062 ]
 [-0.00389426 -0.06067126  0.05211468]
 [-0.00499417 -0.03956743 -0.05878198]] 
Episode: 394: [[-0.01785341  0.03395641  0.03757918]
 [-0.00388716 -0.06073455  0.05221549]
 [-0.0049884  -0.03958856 -0.05887225]] 
Episode: 395: [[-0.01787019  0.03399478  0.03765473]
 [-0.00386897 -0.06079054  0.05232345]
 [-0.00496963 -0.03961089 -0.05903905]] 
Episode: 396: [[-0.01791438  0.03404202  0.03773621]
 [-0.0038751  -0.06086736  0.05243538]
 [-0.00497691 -0.03964433 -0.05919699]] 
Episode: 397: [[-0.01795602  0.03407733  0.03780312]
 [-0.00387956 -0.06092117  0.05251833]
 [-0.00498256 -0.03966008 -0.05934696]] 
Episode: 398: [[-0.01799047  0.03412243  0.03788046]
 [-0.00387485 -0.06098618  0.05261119]
 [-0.00497573 -0.03968609 -0.05951178]] 
Episode: 399: [[-0.01802336  0.03415916  0.03794815]
 [-0.00386523 -0.06104144  0.05268331]
 [-0.00496202 -0.03969396 -0.05960656]] 
Episode: 400: [[-0.01805393  0.03419018  0.03800527]
 [-0.00385835 -0.06109573  0.05274295]
 [-0.00494945 -0.03969669 -0.05966926]] 
Episode: 401: [[-0.01799076  0.03423646  0.03811269]
 [-0.00374336 -0.06116143  0.05293125]
 [-0.00482859 -0.0397189  -0.05985989]] 
Episode: 402: [[-0.01793025  0.03428748  0.03822069]
 [-0.0036356  -0.06123846  0.0531089 ]
 [-0.00471312 -0.03974349 -0.06003156]] 
Episode: 403: [[-0.01788893  0.03434407  0.03833147]
 [-0.00354885 -0.06132948  0.05328198]
 [-0.0046193  -0.03977479 -0.06020588]] 
Episode: 404: [[-0.01785191  0.03439043  0.03842045]
 [-0.0034708  -0.06141421  0.05342399]
 [-0.00453349 -0.03980022 -0.0603652 ]] 
Episode: 405: [[-0.01782573  0.03443909  0.03850758]
 [-0.00340858 -0.06150487  0.05355993]
 [-0.00446413 -0.0398305  -0.06052411]] 
Episode: 406: [[-0.01778562  0.03448502  0.03860233]
 [-0.00332951 -0.06158916  0.05371705]
 [-0.0043765  -0.0398523  -0.06074312]] 
Episode: 407: [[-0.01776622  0.03453713  0.0386988 ]
 [-0.00327164 -0.06168961  0.05387007]
 [-0.00431097 -0.0398825  -0.06095874]] 
Episode: 408: [[-0.01775479  0.03458884  0.03879242]
 [-0.00321684 -0.06178     0.05401763]
 [-0.00425105 -0.03991891 -0.06113346]] 
Episode: 409: [[-0.01776     0.03464511  0.03888724]
 [-0.00318221 -0.06187888  0.05416138]
 [-0.00421256 -0.03996117 -0.06126587]] 
Episode: 410: [[-0.01776318  0.03469957  0.03897902]
 [-0.00315224 -0.06197134  0.05430225]
 [-0.0041799  -0.04000572 -0.06138816]] 
Episode: 411: [[-0.01781199  0.03477464  0.03909116]
 [-0.003167   -0.06210697  0.05445785]
 [-0.00419537 -0.04007142 -0.06153427]] 
Episode: 412: [[-0.0178578   0.03484569  0.03919604]
 [-0.00318099 -0.06223673  0.05460327]
 [-0.00421003 -0.04013558 -0.06167694]] 
Episode: 413: [[-0.01790366  0.03491233  0.03929626]
 [-0.00319341 -0.06236974  0.05474933]
 [-0.0042218  -0.04019988 -0.06175343]] 
Episode: 414: [[-0.01796781  0.03498855  0.03940406]
 [-0.00322887 -0.06252143  0.05490092]
 [-0.00425856 -0.04027606 -0.06184404]] 
Episode: 415: [[-0.0180214   0.0350553   0.03950634]
 [-0.00325307 -0.06266169  0.05506083]
 [-0.00428597 -0.0403463  -0.06182028]] 
Episode: 416: [[-0.01807494  0.03511418  0.03959743]
 [-0.00328284 -0.06279283  0.05520703]
 [-0.00431906 -0.04040898 -0.06179091]] 
Episode: 417: [[-0.01809892  0.03518411  0.03969825]
 [-0.00328272 -0.06294944  0.05538934]
 [-0.00431692 -0.04050552 -0.0618775 ]] 
Episode: 418: [[-0.01811669  0.03524969  0.03979332]
 [-0.00327802 -0.06309455  0.05555756]
 [-0.00430881 -0.04059351 -0.06193076]] 
Episode: 419: [[-0.01815381  0.03532351  0.0398955 ]
 [-0.00329754 -0.06324925  0.05572767]
 [-0.00432632 -0.04068868 -0.06199826]] 
Episode: 420: [[-0.01816633  0.03539623  0.04001273]
 [-0.0032871  -0.06336882  0.05591638]
 [-0.00431429 -0.04077117 -0.06203026]] 
Episode: 421: [[-0.0181615   0.0354454   0.04010853]
 [-0.00325082 -0.06344205  0.05605176]
 [-0.00427344 -0.04080068 -0.06203822]] 
Episode: 422: [[-0.01815729  0.03549182  0.04019997]
 [-0.0032137  -0.06351607  0.05618058]
 [-0.0042299  -0.04082774 -0.06201956]] 
Episode: 423: [[-0.01816019  0.03553994  0.04028781]
 [-0.00318519 -0.06359592  0.0563023 ]
 [-0.00419428 -0.04085895 -0.0620054 ]] 
Episode: 424: [[-0.01816215  0.03558626  0.04037059]
 [-0.00315206 -0.06367894  0.05641273]
 [-0.00415116 -0.04088624 -0.06204528]] 
Episode: 425: [[-0.01819591  0.03564397  0.04046317]
 [-0.00314976 -0.06378778  0.05653032]
 [-0.00414237 -0.04092681 -0.06210575]] 
Episode: 426: [[-0.01822577  0.03569572  0.04055334]
 [-0.00313783 -0.06388082  0.05663209]
 [-0.0041237  -0.04095012 -0.06216781]] 
Episode: 427: [[-0.01827379  0.03574852  0.04064208]
 [-0.00313655 -0.06397864  0.05672618]
 [-0.00411635 -0.04097271 -0.06225627]] 
Episode: 428: [[-0.01830731  0.03579471  0.04072271]
 [-0.00312589 -0.06405786  0.05681237]
 [-0.00410023 -0.04099189 -0.0623031 ]] 
Episode: 429: [[-0.01832808  0.03583512  0.04079419]
 [-0.00310155 -0.06413233  0.05689035]
 [-0.00406903 -0.04100893 -0.06234108]] 
Episode: 430: [[-0.01837967  0.03588683  0.04087562]
 [-0.00310437 -0.06423685  0.05697725]
 [-0.00406762 -0.04103923 -0.0624084 ]] 
Episode: 431: [[-0.01839899  0.03593526  0.04095881]
 [-0.00307628 -0.06434292  0.05709262]
 [-0.00402793 -0.04107694 -0.06246185]] 
Episode: 432: [[-0.01842991  0.0359947   0.04105213]
 [-0.00307252 -0.06446541  0.05721869]
 [-0.00401538 -0.04112969 -0.06254637]] 
Episode: 433: [[-0.01847664  0.03606076  0.04114958]
 [-0.00308953 -0.06460173  0.05735186]
 [-0.00402668 -0.0411952  -0.06264409]] 
Episode: 434: [[-0.01851709  0.0361263   0.04124849]
 [-0.0031036  -0.06473211  0.05748061]
 [-0.004034   -0.04125503 -0.0628105 ]] 
Episode: 435: [[-0.01854118  0.0361975   0.04135665]
 [-0.00311125 -0.06485962  0.05761717]
 [-0.00403424 -0.04132006 -0.06298865]] 
Episode: 436: [[-0.01856619  0.03626851  0.04146132]
 [-0.00312406 -0.0649908   0.05775214]
 [-0.00403984 -0.04138877 -0.06315812]] 
Episode: 437: [[-0.01857663  0.03632627  0.04155581]
 [-0.00312335 -0.06508478  0.05786935]
 [-0.00403318 -0.04143411 -0.06331144]] 
Episode: 438: [[-0.01860875  0.03639277  0.0416553 ]
 [-0.00314754 -0.06520026  0.05799338]
 [-0.00405412 -0.04149371 -0.06349166]] 
Episode: 439: [[-0.01862592  0.03646122  0.04175457]
 [-0.00316122 -0.06531151  0.05813483]
 [-0.00406507 -0.04156619 -0.06378403]] 
Episode: 440: [[-0.01862792  0.03651942  0.04185062]
 [-0.00315491 -0.06539445  0.05826727]
 [-0.00405839 -0.04161631 -0.06397124]] 
Episode: 441: [[-0.01864721  0.0365891   0.04195618]
 [-0.00317054 -0.06550191  0.05840794]
 [-0.00407476 -0.04168017 -0.06410621]] 
Episode: 442: [[-0.01863373  0.03666374  0.0420654 ]
 [-0.00315201 -0.0656367   0.05860477]
 [-0.00405219 -0.04178355 -0.06427331]] 
Episode: 443: [[-0.01861396  0.03672443  0.04215934]
 [-0.0031195  -0.0657485   0.05876913]
 [-0.00401378 -0.04185927 -0.06442442]] 
Episode: 444: [[-0.01860116  0.03678954  0.04225387]
 [-0.00310204 -0.06587127  0.05894327]
 [-0.00399156 -0.04195177 -0.06456228]] 
Episode: 445: [[-0.01860884  0.03685964  0.04235161]
 [-0.0031045  -0.06600622  0.05911238]
 [-0.00399089 -0.04204627 -0.06468796]] 
Episode: 446: [[-0.01863421  0.03693315  0.04245169]
 [-0.00312372 -0.06614509  0.05927382]
 [-0.00400845 -0.04213919 -0.06482667]] 
Episode: 447: [[-0.01868884  0.03701302  0.04255732]
 [-0.00316301 -0.0663028   0.05943258]
 [-0.0040477  -0.04223483 -0.06496309]] 
Episode: 448: [[-0.01873617  0.03710768  0.04267932]
 [-0.00320378 -0.06650706  0.05965307]
 [-0.00408318 -0.04237524 -0.06510787]] 
Episode: 449: [[-0.01879336  0.03719716  0.04279558]
 [-0.00325015 -0.06669161  0.05985196]
 [-0.00412549 -0.04250053 -0.06522903]] 
Episode: 450: [[-0.01884402  0.0372798   0.04290197]
 [-0.00329346 -0.06686551  0.06003632]
 [-0.00416422 -0.04261673 -0.06539318]] 
Episode: 451: [[-0.01888539  0.03736765  0.04300968]
 [-0.00332531 -0.06705317  0.06023518]
 [-0.00418857 -0.04275388 -0.06553794]] 
Episode: 452: [[-0.01892839  0.03744543  0.04310668]
 [-0.00335225 -0.06722183  0.06040762]
 [-0.00420747 -0.04286923 -0.06566319]] 
Episode: 453: [[-0.01899284  0.03752496  0.04320499]
 [-0.0033927  -0.0673987   0.06057264]
 [-0.00424197 -0.04298173 -0.06580224]] 
Episode: 454: [[-0.01908918  0.03761263  0.04331132]
 [-0.00345892 -0.06758904  0.06073749]
 [-0.00430541 -0.04309825 -0.06596816]] 
Episode: 455: [[-0.01919927  0.03770168  0.04341821]
 [-0.00353625 -0.06778686  0.06089826]
 [-0.00438197 -0.04321462 -0.06614689]] 
Episode: 456: [[-0.01927772  0.03778674  0.04353074]
 [-0.00358295 -0.06797397  0.06107634]
 [-0.00442562 -0.04332332 -0.06634498]] 
Episode: 457: [[-0.01936585  0.03787489  0.04364429]
 [-0.00363958 -0.06816797  0.06125261]
 [-0.00448046 -0.04343632 -0.06653722]] 
Episode: 458: [[-0.01945795  0.03797126  0.04376834]
 [-0.0037079  -0.06837416  0.06143686]
 [-0.00454783 -0.04355684 -0.06672183]] 
Episode: 459: [[-0.01957382  0.03807959  0.04390311]
 [-0.00379817 -0.06860643  0.0616303 ]
 [-0.00463873 -0.04369087 -0.06686744]] 
Episode: 460: [[-0.01969622  0.03818487  0.04403368]
 [-0.00388974 -0.06882486  0.06180833]
 [-0.00473082 -0.04381438 -0.06698708]] 
Episode: 461: [[-0.01981661  0.0382842   0.04415499]
 [-0.00398171 -0.06902962  0.06197649]
 [-0.00482347 -0.04393309 -0.06707463]] 
Episode: 462: [[-0.01995562  0.03838747  0.04427963]
 [-0.00408625 -0.06924596  0.0621428 ]
 [-0.00492997 -0.04405341 -0.06719114]] 
Episode: 463: [[-0.02010123  0.0384635   0.04437987]
 [-0.00419189 -0.0693995   0.06223998]
 [-0.00503727 -0.0441119  -0.06737862]] 
Episode: 464: [[-0.02022366  0.03853513  0.0444763 ]
 [-0.00428035 -0.06954592  0.06233761]
 [-0.00512749 -0.04417058 -0.06757548]] 
Episode: 465: [[-0.02033159  0.03860088  0.04456399]
 [-0.00436069 -0.06968204  0.06242815]
 [-0.00520911 -0.0442258  -0.06774512]] 
Episode: 466: [[-0.02043104  0.03864918  0.04463522]
 [-0.00443263 -0.06976875  0.06251301]
 [-0.00528719 -0.04427031 -0.06777368]] 
Episode: 467: [[-0.02052742  0.03869743  0.04470489]
 [-0.00450183 -0.06986138  0.06259433]
 [-0.00536148 -0.04431417 -0.06783185]] 
Episode: 468: [[-0.02064452  0.03875708  0.04478648]
 [-0.00458566 -0.06996804  0.06268185]
 [-0.0054503  -0.04436587 -0.0679248 ]] 
Episode: 469: [[-0.02073669  0.03880263  0.04485371]
 [-0.00464448 -0.07004815  0.0627638 ]
 [-0.00551609 -0.04439778 -0.06804153]] 
Episode: 470: [[-0.02081626  0.03886009  0.04492939]
 [-0.00469684 -0.0701589   0.06286254]
 [-0.00557256 -0.04445076 -0.06815748]] 
Episode: 471: [[-0.02089223  0.03890717  0.04499646]
 [-0.00474819 -0.07025483  0.06294524]
 [-0.00562671 -0.04448677 -0.06822842]] 
Episode: 472: [[-0.02098594  0.03896022  0.04506818]
 [-0.00481092 -0.07036723  0.06302993]
 [-0.00569297 -0.04452886 -0.06830204]] 
Episode: 473: [[-0.02104215  0.03902424  0.04514781]
 [-0.00484303 -0.07051057  0.06314067]
 [-0.00572559 -0.04459757 -0.06826513]] 
Episode: 474: [[-0.02107583  0.03908008  0.04521135]
 [-0.00485537 -0.0706396   0.06324834]
 [-0.00574071 -0.04467013 -0.06814361]] 
Episode: 475: [[-0.02111858  0.03914148  0.04527947]
 [-0.00487436 -0.07078153  0.06336027]
 [-0.00576296 -0.04475015 -0.06805016]] 
Episode: 476: [[-0.02115511  0.03923232  0.04537166]
 [-0.00488929 -0.07095718  0.06352537]
 [-0.0057861  -0.04488952 -0.06788836]] 
Episode: 477: [[-0.02117823  0.03931901  0.04546118]
 [-0.00489294 -0.07112132  0.06367823]
 [-0.00579673 -0.04501835 -0.06772977]] 
Episode: 478: [[-0.02114321  0.03938638  0.04554237]
 [-0.00486073 -0.07123958  0.06382754]
 [-0.00576978 -0.04512215 -0.06758193]] 
Episode: 479: [[-0.02112359  0.03944534  0.04561597]
 [-0.00483935 -0.07134993  0.06395813]
 [-0.0057523  -0.04520927 -0.06744564]] 
Episode: 480: [[-0.02107048  0.03949574  0.0456925 ]
 [-0.00478292 -0.071439    0.06412303]
 [-0.00570453 -0.04528701 -0.06735633]] 
Episode: 481: [[-0.020998    0.03955016  0.04575667]
 [-0.00470798 -0.07154962  0.06428472]
 [-0.00563603 -0.04538437 -0.06725538]] 
Episode: 482: [[-0.02085161  0.03958409  0.04581688]
 [-0.00456589 -0.07161847  0.06448437]
 [-0.0055072  -0.04546281 -0.06710617]] 
Episode: 483: [[-0.02073601  0.03962643  0.04588541]
 [-0.00445329 -0.0716993   0.06467398]
 [-0.00540735 -0.04554154 -0.06702945]] 
Episode: 484: [[-0.02062289  0.03964772  0.04593437]
 [-0.00434915 -0.07172927  0.06481487]
 [-0.00531597 -0.04557712 -0.06688205]] 
Episode: 485: [[-0.02048217  0.03963167  0.04595489]
 [-0.00421922 -0.07167452  0.06489709]
 [-0.00519798 -0.0455376  -0.06661435]] 
Episode: 486: [[-0.0203531   0.03960476  0.04596572]
 [-0.00408837 -0.0716043   0.06495029]
 [-0.00507677 -0.04547707 -0.06641223]] 
Episode: 487: [[-0.02025769  0.03958499  0.04597991]
 [-0.00398144 -0.07155411  0.06500276]
 [-0.00497933 -0.04542698 -0.06623211]] 
Episode: 488: [[-0.02014876  0.03954643  0.04598235]
 [-0.00385787 -0.0714815   0.06503047]
 [-0.00486267 -0.04533388 -0.06606705]] 
Episode: 489: [[-0.02004323  0.039523    0.04600139]
 [-0.00373083 -0.0714276   0.06507806]
 [-0.00474111 -0.04526363 -0.06591628]] 
Episode: 490: [[-0.01992143  0.03950128  0.04602756]
 [-0.00358622 -0.07137921  0.06515422]
 [-0.00459855 -0.0451984  -0.06579278]] 
Episode: 491: [[-0.01981865  0.03948708  0.04605712]
 [-0.00346351 -0.07134511  0.06522859]
 [-0.00447825 -0.04514491 -0.06570026]] 
Episode: 492: [[-0.01972509  0.03947391  0.04608427]
 [-0.00334664 -0.0713225   0.06529497]
 [-0.00435989 -0.04509201 -0.06565479]] 
Episode: 493: [[-0.01964605  0.03946733  0.04611379]
 [-0.00324629 -0.07131837  0.06536476]
 [-0.00425812 -0.04505456 -0.06564431]] 
Episode: 494: [[-0.01957258  0.03946542  0.04614888]
 [-0.00315501 -0.07132247  0.06544746]
 [-0.00416449 -0.04502757 -0.06567051]] 
Episode: 495: [[-0.01950711  0.0394656   0.04618343]
 [-0.00307259 -0.07132569  0.0655161 ]
 [-0.00407794 -0.04499608 -0.06568316]] 
Episode: 496: [[-0.01946083  0.03947519  0.04622676]
 [-0.00301653 -0.07134177  0.06559882]
 [-0.00402183 -0.04498443 -0.0657381 ]] 
Episode: 497: [[-0.01941302  0.03947992  0.04626517]
 [-0.00295352 -0.07134445  0.06566677]
 [-0.00395826 -0.04496397 -0.06578984]] 
Episode: 498: [[-0.01941342  0.03950541  0.04632316]
 [-0.00293324 -0.07139692  0.06575362]
 [-0.00394154 -0.04497014 -0.06585247]] 
Episode: 499: [[-0.01941273  0.03952461  0.04637323]
 [-0.00290672 -0.07143872  0.06582577]
 [-0.00391829 -0.04496972 -0.06593737]] 
Episode: 500: [[-0.01942011  0.03955323  0.04643297]
 [-0.00289712 -0.07149227  0.0659111 ]
 [-0.00391367 -0.04498475 -0.06602266]] 
