0.467475 
0.269820 
0.588778 
1.075043 
0.485781 
0.897805 
1.164735 
0.335188 
0.433852 
0.226491 
0.729503 
0.914350 
0.352354 
0.445595 
0.323214 
0.692507 
0.327912 
0.765974 
1.025897 
0.584753 
0.473582 
0.448457 
0.693531 
0.663502 
0.371918 
0.392387 
0.392962 
0.317566 
0.446068 
0.347579 
0.528681 
0.496674 
0.435967 
0.734309 
0.255782 
0.507570 
0.625847 
0.330806 
0.718192 
0.379436 
0.521567 
0.346763 
0.324281 
0.755121 
0.601531 
0.594428 
0.713959 
0.558509 
0.633720 
0.488630 
0.850279 
0.283064 
0.572094 
0.214917 
0.391162 
0.939074 
0.186479 
0.834078 
0.473809 
0.654524 
0.709527 
0.520081 
0.429575 
0.746574 
0.561230 
0.322692 
0.467955 
0.480191 
1.070431 
0.227914 
0.296238 
0.719845 
0.756560 
0.276440 
0.730206 
1.200135 
0.358873 
0.599067 
0.575064 
0.211574 
0.738176 
0.608269 
0.475690 
0.473614 
0.478570 
0.367229 
0.453795 
0.460959 
0.739257 
0.781035 
0.484122 
0.489713 
0.932457 
0.521167 
0.343960 
0.149922 
0.416695 
1.067504 
0.427412 
0.426215 
