1541.128540 942.858887 893.639465 655.307556 268881.500000 
1623.784058 1011.723999 830.933899 785.902710 289059.281250 
1494.557861 1186.406250 751.402832 695.053955 228151.375000 
1414.054199 777.514221 625.207153 527.378906 188037.578125 
1488.704712 841.352722 604.224670 456.742157 189705.234375 
1468.217773 716.444397 580.336304 458.557251 184810.281250 
1589.950195 716.620239 604.575134 429.305634 223142.921875 
1889.059326 1128.395752 792.260437 692.522339 307325.468750 
1539.568481 699.786194 508.133057 462.625458 249299.046875 
1760.468994 849.812561 579.170776 459.103180 216749.656250 
2130.390137 2387.766846 1831.866333 1491.580933 344044.468750 
1210.859375 767.616394 687.144958 566.739502 176906.859375 
1768.339478 953.825256 752.906128 590.452148 195598.906250 
1710.272583 857.392822 709.068481 511.969330 216199.687500 
1731.836914 892.394470 657.745667 475.674835 250720.062500 
1752.684448 1144.166748 893.964478 742.606445 263496.875000 
1709.303467 1008.783875 713.345886 618.473083 253559.734375 
1354.641724 693.312805 566.517944 444.504883 207221.046875 
1713.566650 888.027649 755.428528 632.413757 300730.937500 
1791.447388 1173.039795 884.720154 602.732910 300798.093750 
