83.724289 38.097755 27.046209 27.934950 23.950037 0.027976 
89.344406 48.222092 36.297733 28.101006 34.132442 0.027976 
97.674141 32.537605 29.479618 30.907679 31.915476 0.027976 
86.676041 35.103947 22.332972 19.548210 19.561871 0.027976 
90.533134 42.184204 37.253220 27.831945 19.796299 0.000000 
92.267464 35.621140 22.754114 20.867313 22.872429 0.000000 
91.191872 32.450577 22.419603 22.457111 24.425528 0.000000 
88.534317 38.571426 26.462994 27.489571 30.179911 0.027976 
83.022697 25.636259 21.585447 16.969841 20.422798 0.019782 
90.258957 37.567162 22.093170 18.823809 17.688185 0.019782 
90.590393 43.850960 36.703972 34.138374 23.385098 0.019782 
86.080544 30.133053 25.079496 29.740099 32.171402 0.000000 
90.642128 38.491882 29.325626 24.874828 30.572338 0.000000 
88.831505 37.741951 26.680046 27.933741 25.161608 0.019782 
86.685257 39.223309 34.420666 21.664066 21.123978 0.000000 
82.582443 54.070633 40.901493 34.756485 40.204426 0.027976 
93.708427 49.535625 43.997276 39.034836 39.244743 0.019782 
87.855766 29.592630 19.308268 16.815649 21.147549 0.000000 
91.631638 38.972317 27.840721 23.207218 23.391428 0.000000 
91.150978 38.299549 36.011181 36.052795 36.052174 0.000000 
82.320061 42.128155 33.721664 23.892851 21.027317 0.000000 
77.163345 39.097103 27.119143 20.424828 16.636024 0.027976 
83.099579 26.518257 24.422543 15.863056 26.524969 0.000000 
89.009300 36.929028 25.536839 22.223740 25.654875 0.019782 
90.678795 45.292988 39.439075 33.913029 30.172213 0.019782 
84.291946 55.318420 41.053963 29.743830 32.967781 0.000000 
85.459366 40.075867 30.519598 20.464539 19.004660 0.000000 
81.268936 33.203163 28.707186 19.936419 18.610247 0.000000 
94.190849 39.996933 36.668495 31.391676 23.407795 0.000000 
87.366440 29.529634 27.275784 25.081617 31.685787 0.000000 
90.215645 45.456619 37.332256 29.662704 37.562988 0.000000 
85.666061 42.023815 34.285660 25.664591 23.385019 0.027976 
87.653999 44.413765 36.088543 35.747513 27.538176 0.000000 
84.190338 28.166971 20.852228 22.184284 22.692068 0.000000 
83.359901 56.156704 43.285358 38.323421 37.391903 0.000000 
88.574066 45.809929 31.277328 33.628658 27.793907 0.000000 
86.674568 34.169140 21.489695 16.394154 24.487181 0.000000 
93.535156 48.543449 31.565407 23.173353 22.996220 0.000000 
92.620247 34.990208 27.717030 20.812733 36.787144 0.034264 
89.196388 47.156723 36.435177 31.773533 26.289339 0.000000 
86.158470 46.729252 32.677570 23.094610 12.976602 0.019782 
88.334312 47.577560 40.656235 29.183575 30.654482 0.000000 
87.802139 44.538132 29.603348 24.783529 23.022144 0.000000 
88.861328 37.651180 20.075869 22.226185 23.384892 0.000000 
83.779572 49.479378 38.056847 35.899471 25.028603 0.027976 
89.410751 47.121891 32.955219 40.159340 33.300396 0.000000 
84.866394 29.696297 22.377956 24.769270 30.465845 0.000000 
85.023087 26.308558 29.980610 26.219975 40.105919 0.000000 
79.138016 39.774246 32.210075 23.450775 26.688160 0.000000 
76.370911 31.811380 27.990704 25.907413 23.472311 0.000000 
