702.011353 652.107422 376.447540 271.141846 728416.000000 
779.919434 881.677002 1057.984375 397.656189 457428.312500 
604.679626 476.089752 211.512009 133.432068 503276.531250 
760.767578 653.875977 369.332428 227.743683 840705.750000 
703.812195 493.376404 221.589096 114.308861 497896.312500 
661.341797 1271.988525 863.101624 246.107651 858584.687500 
844.798401 625.554993 236.772720 111.108887 718532.937500 
687.368530 364.256927 305.687286 282.491638 556632.000000 
561.890198 458.538208 341.033081 181.951553 446452.906250 
785.948486 531.951416 250.316025 169.757584 601661.625000 
717.697388 610.159363 246.517761 147.994827 547347.750000 
612.469910 427.049530 300.495514 243.798309 511755.437500 
865.734192 560.448425 233.899078 140.891006 521705.718750 
582.226196 364.514404 382.031647 146.859161 600099.937500 
657.187683 507.725555 325.573761 164.176605 331027.593750 
424.740509 315.088501 170.832672 151.736526 365403.718750 
492.358551 372.071686 295.198425 103.007607 403324.062500 
667.679565 589.061157 264.292145 102.199905 722504.250000 
551.446594 419.677521 248.900650 191.635284 419711.406250 
699.274658 500.100983 269.131500 153.039566 536007.937500 
690.576782 421.124512 248.907822 140.498642 431132.343750 
540.205383 390.031921 272.521027 144.601700 565068.875000 
585.608398 448.843719 246.174194 235.461197 491190.937500 
666.346924 525.946228 359.866089 462.415283 573043.375000 
739.256226 466.481415 186.867386 193.856155 790525.125000 
680.307800 483.476532 264.979675 126.788399 554353.250000 
771.939636 528.874634 212.236099 142.779663 561381.812500 
517.341858 496.092499 215.056961 167.518631 523161.093750 
637.634338 458.635254 329.824310 380.062042 548867.625000 
699.689331 507.705963 275.439392 193.001587 446206.156250 
629.282471 829.192993 380.245605 464.988037 530327.625000 
646.768860 498.134949 223.152664 216.067123 503496.781250 
671.154724 504.673676 293.244904 255.043961 444320.125000 
603.666626 468.499359 251.222580 102.786514 698014.750000 
596.472900 514.013245 365.394592 115.792770 427863.468750 
606.766785 450.780670 248.438248 102.540405 561602.062500 
674.049927 492.099731 319.876160 336.493317 681056.375000 
762.209351 821.806641 634.963257 327.133301 891299.875000 
577.883423 433.209625 289.899841 155.267838 477528.156250 
642.211304 546.967590 225.327682 250.461823 493572.281250 
753.472473 613.477173 184.045822 152.320557 454567.781250 
754.053345 455.031952 221.639893 145.447632 613110.000000 
649.261475 389.253082 227.474030 208.048050 545934.125000 
403.078644 351.790619 181.817230 124.147865 416328.031250 
642.792419 539.782104 305.927307 174.454514 373433.031250 
744.717834 522.122437 261.324524 450.016754 448817.968750 
663.909485 832.421143 377.306732 258.503418 462644.812500 
826.833191 692.029297 427.069153 272.931854 470788.781250 
466.264343 419.884491 206.168320 204.008698 325739.187500 
515.168884 508.475983 325.757782 153.545105 595602.937500 
