1549.861084 457.956146 324.896423 159.628693 34.976486 
1715.580566 546.999573 210.243301 180.847733 76.028595 
1876.325928 592.671448 355.449371 119.001251 44.800575 
1834.425781 517.018311 519.360474 148.922272 95.888992 
1554.806396 798.482544 271.346405 166.438919 61.390289 
1963.247437 804.254456 327.827209 172.020508 59.299911 
1991.649414 623.096802 253.167847 81.619621 38.040779 
1638.133789 615.757019 368.309570 163.620834 64.816734 
2016.640869 837.869080 261.499756 131.797729 53.909096 
2209.804443 991.682556 592.665833 200.618393 142.739868 
1901.803223 506.508972 351.146057 142.880280 54.637718 
2461.241211 930.600708 446.044128 195.677933 101.808624 
2108.994141 724.401794 560.461426 155.936905 58.832859 
1754.302612 697.469849 413.940094 194.385605 86.975861 
1930.022949 721.920044 396.669098 123.309196 71.044022 
1644.703125 590.033630 215.421783 89.153732 36.863071 
1844.076782 821.494446 273.605835 159.169266 80.707596 
2289.384766 986.683472 275.736206 149.937271 73.085724 
2048.484131 951.593079 402.536591 174.123123 78.894310 
2095.460449 657.035034 299.793060 133.146469 51.537617 
2001.277954 904.443604 337.467102 141.555542 93.556343 
1878.575806 801.883118 387.447845 159.089233 91.079155 
1650.062134 576.874023 220.461731 176.364807 100.602119 
1869.305908 578.376221 283.602570 107.338562 59.143414 
2058.598877 599.716858 385.002655 264.911377 83.097374 
1976.886230 549.723633 248.494736 93.697311 53.937744 
1769.440674 587.412842 334.500824 146.693756 65.616219 
1693.812134 572.650940 257.991272 132.028595 41.567513 
1913.239136 516.539795 223.440765 92.983635 69.203049 
1773.134888 610.913757 284.899139 150.360840 69.410728 
1728.803345 451.167816 344.110107 120.494408 47.592934 
1756.100586 576.699097 218.845978 161.456192 57.483902 
1913.272827 497.856750 256.238831 120.604790 63.734947 
2016.156372 533.107666 304.152740 176.913162 73.393051 
1519.850830 387.062286 257.539551 146.426712 43.473282 
2033.837769 405.365845 186.185776 76.843391 42.281845 
1596.044922 607.015930 184.916199 76.717789 38.977257 
2159.993896 611.444946 351.464294 173.995087 83.964539 
1520.735229 425.627625 192.603394 89.701843 60.957767 
1754.609009 477.622589 264.231079 116.617432 65.091911 
1802.710327 374.141785 253.012009 82.770996 51.965378 
1715.218384 440.290131 219.500595 62.070011 25.960752 
1795.227417 464.027527 183.247650 99.739815 54.960369 
1737.710938 384.741638 153.659302 83.554863 32.244904 
1273.349365 410.008270 135.512848 93.528526 25.149769 
1537.963135 357.339996 129.138077 124.419846 45.332298 
1733.391724 348.816223 130.260254 102.756737 31.782383 
2044.884033 322.193298 264.568451 92.132652 56.532356 
2159.414551 302.581268 176.816544 99.621544 39.084145 
1626.312134 383.711456 135.628159 133.636078 48.843811 
1479.107544 390.669830 142.328110 148.635712 49.216091 
1848.206177 455.475067 165.716461 82.764328 27.783596 
1692.556641 313.753723 136.417679 99.690521 39.662628 
1816.138550 304.603973 200.282867 107.186363 51.877583 
1688.791260 304.738495 109.499603 60.376129 24.152102 
1690.790283 260.461456 77.008118 127.740402 37.039078 
1575.667603 411.123871 159.703262 51.652752 34.025082 
1773.951660 377.998840 204.585968 144.344788 73.870605 
1581.040405 206.371185 133.258728 42.604816 30.276789 
1689.260376 289.796783 139.353714 55.240978 36.739517 
1639.800415 177.994385 113.693672 46.353165 21.286280 
1564.978027 284.627869 153.001587 69.754745 32.137310 
1769.993042 279.625977 156.734955 80.393150 34.445423 
1632.104004 245.163910 113.708847 128.505203 23.801935 
1732.542480 252.577194 88.621468 68.053497 28.936127 
1508.576416 428.536621 210.241211 69.569191 44.835266 
1637.998291 296.689941 115.638954 71.498444 28.883438 
1676.630127 380.355042 111.396454 67.891479 35.494846 
1640.063965 486.292816 262.135132 95.369110 48.049664 
1918.213989 512.488159 234.650208 116.479301 110.813438 
1498.339966 493.917908 264.069244 104.189232 113.593147 
1994.171143 935.931335 545.636536 252.827942 101.797920 
1193.807373 818.196655 420.422760 181.884979 130.444168 
1145.392700 994.223938 821.684570 780.944031 637.510315 
865.572449 782.675964 760.914185 809.859619 623.111267 
937.447693 1102.214966 760.125366 908.659546 898.872681 
969.375793 563.906982 739.114746 890.197266 2858.910156 
942.123169 652.951172 504.573730 515.889526 3396.687256 
990.704956 533.465271 325.831268 417.565125 4482.475586 
924.966614 493.609528 318.900452 267.151642 3252.718750 
1107.237671 541.121033 373.557617 243.165665 4507.609375 
1252.619751 656.428101 368.697235 308.008087 4054.722168 
1493.886597 887.390625 515.640991 357.197876 4120.623047 
1659.119019 1205.272949 529.761475 355.008057 7819.832520 
2061.621094 1374.471436 761.095703 298.601654 6293.531250 
1909.427002 1259.909546 671.978638 345.753418 5301.691406 
2354.718994 1551.126099 1012.614197 607.922791 7509.883301 
2141.816406 1287.861816 808.735229 455.513824 6605.711426 
2260.145264 1374.781128 991.290833 560.357239 6518.344727 
2518.160400 1712.297852 1279.184082 580.716919 7904.280762 
2964.119629 2100.446533 1496.254883 1037.683105 14165.943359 
3051.326416 2186.067139 1615.059692 1335.643433 10201.333984 
3480.862793 2415.836914 1728.023071 1186.284302 6926.574219 
3998.392334 2743.156250 1947.307861 1119.606201 8960.695312 
4020.975586 3150.482910 2084.657227 1611.697021 12418.804688 
4899.569336 3487.437988 2640.912354 2231.356201 12317.553711 
5465.095703 4042.465088 3432.631104 2847.802734 15605.253906 
5596.207031 4173.237793 3743.037354 3503.623047 11178.208008 
5050.894043 3777.994141 3321.333496 3494.062500 11811.843750 
6528.036621 4719.834473 4105.818359 2958.354492 18917.904297 
8291.934570 6923.211914 5651.351074 4233.816895 19035.031250 
7494.161621 6198.268066 5458.464844 4813.281250 16543.935547 
7972.022949 5910.872070 6715.312988 4552.860840 13392.684570 
8193.726562 6812.389648 6092.199707 5303.289062 19708.640625 
9430.208008 7711.568359 7256.335449 4363.561523 18251.710938 
9658.101562 6633.707031 7159.666992 5490.188965 18768.058594 
10046.572266 7964.946777 6189.979492 5217.145996 18066.664062 
11171.311523 9030.000000 7652.960449 5464.724609 23960.876953 
10038.787109 7964.346191 7696.965820 6062.160645 20901.726562 
9417.284180 7234.429688 6768.052246 5864.600586 18990.472656 
9843.614258 8976.211914 8889.493164 7195.414551 15367.706055 
10182.237305 7692.406738 7581.405273 5946.650879 26385.673828 
9815.047852 9082.839844 7401.036133 6170.635254 28544.308594 
10173.468750 7954.082031 6320.644043 7433.792480 23835.287109 
8226.936523 6393.220703 7112.603027 5455.688477 19761.917969 
9894.493164 7959.268066 6630.401367 5789.501953 20857.123047 
7842.112305 6580.270508 5595.352051 4718.864746 18532.912109 
8909.635742 7333.252930 5805.811523 5454.378906 21841.408203 
7472.542969 6553.335449 6429.537109 4407.902344 27500.105469 
10014.768555 7907.804199 6490.950684 5975.897949 25921.048828 
8131.425293 6959.150879 6821.085938 5826.406738 21801.673828 
8177.813965 6494.549316 5098.715332 5357.728027 30019.443359 
7246.283691 6095.738281 6316.817383 5289.717773 17133.490234 
8295.216797 5703.984375 5307.619141 4490.199219 27633.994141 
8450.193359 7480.866699 7236.626953 6280.001465 22817.126953 
7633.914551 5681.226074 4544.166016 4713.117188 23317.275391 
7380.861816 5814.263672 5983.879395 5477.539062 21467.373047 
7664.714355 6305.993652 5586.680664 4491.216797 19398.564453 
7978.806641 5833.069336 4173.052246 4342.207031 26901.060547 
7755.338379 6505.340820 6579.402832 6168.222656 42259.230469 
6692.702148 4784.927734 4560.850098 3345.613037 28374.070312 
6640.887207 5887.304688 4513.535645 3931.343262 29004.855469 
5944.679199 4886.739746 4114.998535 3552.215332 27164.195312 
6067.158691 3653.171875 3516.852783 2793.655029 20757.183594 
5360.744141 3984.189697 3413.498291 2816.999023 23772.500000 
5310.128418 3816.189453 3699.162354 2775.554199 21991.632812 
5629.433105 4365.401367 3657.497314 3480.451416 21277.824219 
5573.135254 4724.932617 3939.239258 3247.386475 21972.113281 
5514.353027 4374.655762 4131.735840 4630.866211 26191.582031 
5435.259766 3981.954102 3536.069824 3157.593262 34262.660156 
5449.054199 3944.990967 3688.649414 3418.440430 29137.390625 
5316.620605 4237.167480 3745.711426 3093.816406 28431.416016 
5177.761719 4097.748047 3379.655518 2863.956055 22254.714844 
4592.488281 3695.531006 3718.561768 2582.510986 20564.673828 
6473.498535 4926.988770 4354.416992 3856.672363 34046.105469 
5103.862305 4109.763672 3425.621094 2802.666992 28155.841797 
5936.211426 5094.463379 4503.833008 3971.669922 24748.648438 
6869.783203 6124.060547 5140.637695 4207.799316 36241.578125 
6347.776855 5029.891602 5342.130859 3378.432373 29721.052734 
7366.503906 6238.723145 6050.211426 5627.002930 24358.166016 
7321.604492 5766.259277 5455.925293 4418.950684 38954.648438 
7221.176758 5483.689941 5392.896973 5261.053223 52121.351562 
7044.817383 4926.240234 4935.180176 4119.071289 51826.703125 
5941.018555 4995.614746 5292.792480 3935.485107 32418.437500 
6150.880859 5029.128906 4306.282227 4737.124023 41763.253906 
7225.529297 4683.611816 4588.109863 4645.278809 39638.023438 
6593.620605 4464.025391 4340.505859 3967.964355 43620.613281 
6931.932129 5573.566895 5983.958496 4261.222168 42550.914062 
7179.477539 5669.387207 5029.631836 4308.993164 46162.886719 
7416.786133 5377.487305 5207.708008 4457.427734 41124.355469 
6782.612793 5649.981445 5558.924805 5709.269531 40796.597656 
6220.149902 4767.656250 4254.324219 3273.453125 34822.054688 
6137.137207 4853.944824 4882.868652 4741.499023 61427.363281 
5413.606934 4318.669434 4007.213867 3623.796631 38029.703125 
6893.675293 5596.272949 5188.219727 4755.666504 42182.386719 
6502.237305 4384.690430 3894.284912 3770.962158 40920.964844 
5571.121582 4088.999023 3874.591797 3260.099609 48874.546875 
4472.423828 3692.197510 3373.779053 3258.420654 38162.031250 
4803.453613 3893.299316 3068.764893 2986.592529 25945.740234 
5559.053223 4761.611816 4077.881348 3437.045898 44637.406250 
6368.813477 4784.448730 4557.331543 2801.963379 42640.937500 
4540.862793 3884.684326 3725.476562 3515.597900 35750.019531 
5624.012207 4302.103516 4505.766602 3184.311035 29723.794922 
5793.280273 4503.978516 3821.741699 3024.861572 36539.339844 
6298.405762 5182.804688 4051.465088 3341.654053 49317.792969 
6549.371094 4678.640625 4115.686523 3513.201904 50007.722656 
5814.510254 4578.350098 3576.724854 3654.978760 38524.785156 
5854.088867 4250.588867 3726.843994 3437.879639 43252.734375 
5194.592773 3805.172119 3750.695312 3309.497559 42128.042969 
4875.368164 3929.364502 3666.902100 2901.777832 34664.218750 
5832.369141 4713.932129 4006.396729 3380.956299 48439.910156 
5936.723145 4400.168945 3678.796143 3143.379883 48387.054688 
5013.369629 4220.393066 4639.604004 3553.723389 36095.687500 
4957.400879 4220.763184 3722.197021 3036.412598 45608.851562 
5700.656738 4195.404297 3441.615967 2825.907227 54937.218750 
5017.109863 3744.116455 4140.781738 2901.874512 43578.109375 
4901.456055 3620.141846 3203.855225 2432.605469 46451.371094 
4226.231934 3627.866455 2892.927246 2659.885986 43803.968750 
4420.151855 3127.742188 2668.203369 2757.644043 42203.062500 
4293.953613 3355.202148 3411.714600 2604.790039 57411.886719 
3995.463379 2765.305664 2266.162354 1804.729858 28355.509766 
3776.279297 2740.409668 2243.582031 2281.168945 45883.769531 
3622.927734 2538.277832 2262.649414 2111.057861 46832.214844 
3587.197754 2505.151611 1860.152222 2179.923828 42771.503906 
3402.174072 2282.554688 2012.142090 1744.757446 41446.867188 
2931.562988 2286.065918 1777.847046 1514.506470 37987.132812 
3461.718262 2747.507812 2140.208984 1876.328247 39296.195312 
3593.319336 2722.154053 2467.009033 2247.020264 46681.640625 
3596.331543 2635.163574 1915.360107 1793.764648 42808.925781 
3462.389404 2565.705078 1899.214600 1513.435669 58754.265625 
3369.364014 2366.756836 2190.074707 2278.837891 38095.234375 
2882.768799 2265.949707 2103.201660 1603.375854 36563.542969 
3752.689697 2748.088623 2712.279297 2225.083252 43768.742188 
3212.079834 2061.573730 1766.624390 1481.826172 49761.175781 
2892.319092 1999.564575 1473.360352 1260.128174 40104.738281 
3272.635742 2030.555298 2260.343750 1722.793945 54397.746094 
3049.281738 2100.167480 1886.358765 1777.708130 39080.117188 
2887.807861 2297.256348 2145.467529 1670.286987 38126.710938 
3525.559570 2573.878418 2375.274414 1725.434814 58800.234375 
3485.227051 2404.162354 2372.668457 1842.423950 53576.886719 
3169.144775 2342.863037 2288.916260 1869.880859 62520.593750 
3854.549072 2972.250244 2795.444824 2375.909180 43755.386719 
3142.397949 2381.083252 1968.480835 1642.260254 41236.765625 
2985.980957 2160.655029 2135.958740 1733.218384 44782.652344 
4068.058105 2695.949707 2332.213379 1883.157227 57721.234375 
3696.140381 2988.281982 2755.512695 2277.385010 95055.414062 
3661.037109 2600.384766 2892.633301 3032.699463 53002.199219 
3591.326904 2878.881104 2392.555664 2258.224365 57466.324219 
3818.749023 2577.378662 2228.897217 1881.205933 54235.585938 
3884.498047 2658.144287 2370.904297 1810.437500 44191.917969 
4081.427979 3027.933105 2723.865723 2640.734131 41480.773438 
4070.996338 2909.049316 2380.619873 2441.577393 57198.304688 
3517.818359 2562.781006 2706.200195 2129.303711 53633.828125 
3558.643311 2664.583740 2415.251709 1715.261963 47801.640625 
3704.845215 2280.567139 2264.970703 2032.925781 55065.738281 
3459.362061 2240.554932 2248.217041 1501.449585 42250.515625 
3426.543701 2084.150146 1904.736206 1385.884888 53469.492188 
3302.958496 2244.792480 2094.719971 1606.125488 41845.496094 
2677.563477 2209.095459 1699.678467 1706.297485 38497.679688 
3163.496826 2394.666016 2285.201416 2005.601929 49025.835938 
3079.441406 2003.835815 1825.081909 1665.239258 40172.476562 
3188.817139 2196.812500 1954.820190 1468.427612 53813.828125 
2908.605469 2035.255249 1533.146240 1215.082153 59299.917969 
2630.869141 1869.317383 1612.288818 1319.839355 51317.113281 
2681.901611 1999.088013 1429.952148 1388.513916 36231.148438 
2342.799805 1631.282715 1631.968994 938.791077 58407.183594 
2389.841797 1541.654541 1324.502441 1111.281982 41903.851562 
2370.535156 1726.554321 1295.959351 870.233582 46661.515625 
2331.487305 1660.061035 1577.273071 1281.334595 45960.753906 
2430.864258 1659.715698 1523.943237 1201.189697 40528.253906 
2464.582520 1978.594238 1235.483154 1125.229248 46502.722656 
2793.427246 1756.659424 1470.991821 1124.749756 51179.515625 
2534.589111 1769.580933 1414.562622 1187.618286 39824.984375 
2674.060791 1735.866821 1591.561157 1111.775879 52080.335938 
1984.476807 1461.363647 1254.578491 1206.362549 36287.972656 
2654.920410 1987.121094 1578.602051 1392.461792 58437.691406 
2606.885010 1649.405762 1722.111328 1105.253784 47816.679688 
2480.775879 1842.812012 1521.837158 1274.083740 50835.113281 
2526.317383 1766.553223 1570.731079 1339.621338 41862.429688 
2602.634766 1688.960938 1706.698364 1218.803711 56388.980469 
2252.393311 1601.207153 1360.669678 978.500977 36720.855469 
2732.855225 1974.174438 1546.498901 1215.612549 59952.988281 
2343.404053 1538.684570 1454.636841 1337.695190 40051.562500 
2192.823242 1540.708618 1318.040283 1295.889648 50831.085938 
2368.129395 1595.675781 1305.657837 992.108459 46974.265625 
2754.072266 2113.018066 1663.494995 1829.562744 57156.527344 
2323.492432 1526.134888 1204.510742 1191.058228 49273.105469 
2517.888916 1646.800049 1343.314331 1255.839600 65487.812500 
2992.809082 2099.678711 1549.958374 1258.649292 57000.718750 
1909.834717 1438.737915 1297.807861 1092.059082 44498.902344 
2305.097412 1626.783813 1730.552856 1371.276123 52766.460938 
2664.368652 1924.303345 1611.258179 1011.751099 49838.171875 
2510.677979 1536.730347 1464.070312 1610.625488 53089.105469 
2797.499268 1891.913452 1499.183838 1374.058472 46367.148438 
2821.819336 1780.332397 1671.743408 1447.221924 69359.320312 
2710.966309 1848.463623 1646.148071 1270.882935 46174.046875 
2838.013672 2228.033936 1645.993530 1593.595581 63798.531250 
2368.107910 1686.565674 1556.356445 1279.699585 48774.273438 
2605.768555 1882.638062 1334.314575 1286.966919 45946.453125 
2094.733398 1693.713867 1535.574097 1504.994507 45356.300781 
2569.823730 1905.853516 1927.396973 1483.038818 50048.578125 
2752.764893 1948.430786 1505.388428 1216.945801 61178.039062 
2844.230713 1935.048462 1820.198486 1519.622070 55692.839844 
3012.787354 1929.561401 1702.491089 1312.685059 42289.433594 
2995.308105 2273.915283 2275.003662 1865.526245 46483.699219 
2779.554199 2099.005127 1814.091675 1671.042847 46671.636719 
2652.689209 1929.031616 1223.504517 1308.698730 43679.570312 
3190.687988 2211.254883 1906.122314 1677.822144 58674.203125 
2827.658936 1963.960083 1706.687988 1422.124268 44427.171875 
2708.128662 1895.984497 1556.194458 1434.562744 53380.769531 
3101.271484 2123.258545 1957.560181 1553.663208 58839.765625 
2851.620117 2303.930908 1539.437622 1307.758911 59712.652344 
3245.164551 2308.212891 2259.419189 2046.221802 60091.156250 
3240.808105 1940.291138 1693.594849 1336.666870 58825.523438 
2999.584229 1984.820435 2166.215332 1583.448730 56223.980469 
3247.160645 2826.882812 2071.050537 1969.867554 63718.781250 
2678.938232 1854.092773 1691.759155 1750.516968 60136.644531 
3592.375488 2515.615479 2080.500732 1777.983154 64363.093750 
4011.795654 2711.298096 2890.347412 3217.458496 69561.179688 
3853.619629 2548.656006 2143.820557 1584.886963 53773.652344 
3343.544922 2149.829834 1708.618408 1292.338379 47181.128906 
3706.155273 3430.758057 2912.281738 3117.259521 73100.875000 
4316.387207 3097.458008 2648.484131 2288.703125 77860.687500 
4233.919434 3019.895752 2610.598877 2097.205566 90765.960938 
4353.699219 3252.305420 3236.143799 2610.795166 61082.984375 
4072.434814 2853.960205 2528.895752 2386.299316 76437.820312 
3077.838135 2340.198486 2272.344238 1572.161011 44763.816406 
3025.040771 2012.611328 1943.869263 1551.886475 61313.128906 
3995.995361 2939.010742 2646.602539 3081.269775 48346.835938 
3568.000000 2752.453857 2233.291016 1882.258423 50511.957031 
3592.495605 3100.928955 2049.625732 1594.455811 63776.031250 
3415.093994 2579.137207 2460.274902 2193.722656 60012.507812 
4088.389160 2497.699951 1994.908447 1440.024170 69811.093750 
3452.454102 2438.889648 2290.512207 1855.440552 57249.507812 
3068.517822 2281.329834 1890.798340 1592.064331 65042.152344 
4023.090088 2471.344238 2576.886475 1920.217163 61410.453125 
3541.431641 2501.158203 2176.461182 1684.325806 56305.410156 
3357.699951 2473.558105 2455.691895 2078.874512 75658.335938 
2977.566406 2237.527832 2220.584473 1591.501465 63420.816406 
2970.912109 2011.587769 1772.086792 1580.964844 65361.601562 
3277.945068 2426.621826 2174.341064 1774.248901 59252.019531 
3048.775391 2468.223389 1776.414917 1193.978394 53498.574219 
2542.669434 1859.744263 1299.853516 1346.317749 55217.585938 
2685.383545 1947.635498 1610.791504 1292.073486 57364.628906 
2841.943115 1894.160767 1702.702881 1496.786987 60816.445312 
2126.071533 1566.964600 1379.442749 1265.777710 41700.000000 
2562.084717 1867.979736 1273.369507 1773.980225 60336.199219 
2332.021729 1400.675415 1287.039185 1002.042908 52296.457031 
2305.707520 1547.519409 1537.009399 1318.701294 49148.242188 
1800.986084 1189.298706 1065.660645 957.584045 49578.695312 
1861.962524 1257.760498 865.260559 682.282654 54663.898438 
1898.133423 1149.529053 1003.833801 882.491394 52996.605469 
1452.719604 967.522400 932.143860 675.607788 47095.417969 
1711.649170 1271.971069 1027.613281 865.702515 60147.906250 
1304.652100 898.169067 676.075256 641.034363 40464.863281 
1660.512085 1234.526245 881.005798 668.828979 55198.699219 
1783.149536 1419.008301 1000.685852 889.283325 57945.679688 
1741.693115 1251.208496 1067.041138 888.932800 54184.593750 
1899.229858 1431.884399 1075.729370 854.002686 47788.746094 
1282.550415 967.148682 908.488525 935.412537 49898.777344 
1764.839966 1163.401367 1099.269165 940.939087 36693.804688 
1652.523071 1185.579590 854.421509 670.354797 40303.480469 
1672.978638 1068.786621 862.115234 632.925598 55021.226562 
1981.282593 1276.617065 1081.132812 905.497559 68194.187500 
2033.493408 1360.947754 1108.036743 894.751831 56199.191406 
2028.120605 1598.184082 1079.606201 890.174988 55095.207031 
2131.430664 1615.591675 1172.996338 937.213257 92886.125000 
2113.089600 1529.701416 1269.335815 1089.104492 74262.054688 
2260.035645 1521.704346 1396.177856 1051.744019 49777.968750 
2430.645996 1765.686523 1391.802856 1305.467651 58304.328125 
2344.440186 1776.851562 1580.124390 1494.196899 58295.417969 
1693.875854 1217.824219 1151.604492 1321.907837 64311.949219 
2376.868896 1611.826538 1290.735718 1215.394653 42607.792969 
2926.826660 2066.345947 1605.898926 1444.686279 75346.179688 
2731.268555 1949.412231 1987.585083 1825.775879 40943.679688 
3340.712402 2291.827148 2423.222168 1507.238525 67713.750000 
2500.741943 1832.682495 1720.472290 1359.129028 49344.933594 
3180.165527 2330.795166 2012.356323 1504.153442 74880.179688 
3053.173340 2405.937500 1740.110107 1670.524902 57221.718750 
3217.111328 2267.963379 2153.754883 1482.209717 85296.828125 
3294.601562 2559.120117 2197.534180 1909.943848 67134.000000 
2677.916748 1974.579834 2043.119751 1466.635986 47751.851562 
3210.227295 2694.888184 2524.807861 1910.942505 66411.734375 
3114.132568 2261.948730 2722.045166 2076.885010 57563.808594 
3492.045166 2625.369385 2084.274414 1373.865601 65578.976562 
3031.369873 1981.550537 1966.767090 1405.568359 60427.410156 
3162.168457 2729.950439 2227.231445 1707.036011 55099.632812 
4017.218018 2665.603760 2776.383545 2027.786987 73694.617188 
3615.109131 2822.946289 2146.969238 1711.125854 69196.406250 
3263.274658 2467.858398 1829.143433 1524.277710 73611.320312 
3716.091309 2708.510254 2613.710693 2164.399658 54226.863281 
3179.035400 2276.645264 2342.336426 1926.950195 66051.976562 
2961.486084 1958.861328 1885.789551 1494.310913 45816.437500 
2886.596436 2091.041992 1779.072021 1650.128784 46396.675781 
3414.763184 2831.856201 2326.472168 1994.470581 50840.339844 
3278.218262 2185.165283 1986.684448 1710.954224 58474.554688 
3375.080566 2189.937256 1923.841919 1810.685181 51308.476562 
3614.191406 2255.622314 2050.225342 1659.522095 63511.761719 
3384.902344 2853.793701 2382.619629 1952.424927 66523.929688 
3546.983398 2550.128906 2397.457764 1701.170654 88217.757812 
3740.462891 2071.025879 1717.861572 1629.113159 86960.390625 
3229.848633 2105.800781 2015.412354 1246.086670 70054.929688 
3252.448486 2086.315918 1910.740723 1353.892944 59077.464844 
2674.172119 1774.934448 1397.546265 1259.945312 121947.000000 
2644.432861 1957.738403 1575.885620 1459.472900 61439.097656 
2557.150879 1785.024414 1473.081299 1170.632324 56973.238281 
3162.352051 1843.746216 1348.408081 1316.087158 73780.273438 
2462.669434 1602.143677 1306.350464 1092.632080 69002.671875 
2361.552490 2057.037842 1536.104736 1114.397339 55891.832031 
1674.804321 1279.291016 1348.339111 1209.642700 53742.441406 
1982.316406 1196.402344 1257.582764 1428.031128 50617.898438 
1739.390503 1197.902344 1041.936523 911.340454 57021.023438 
1751.954712 1037.105591 929.716064 1015.277832 50857.566406 
1864.624756 1339.967041 1077.791016 1119.130493 63293.578125 
1755.458984 1297.610596 990.483459 731.605164 67622.679688 
1643.200928 1095.519531 735.259521 723.689209 65915.234375 
1629.192261 1007.968750 934.662231 841.197571 65775.546875 
1441.785889 852.700073 653.110474 535.809875 41448.453125 
1632.676392 1060.326294 810.595398 620.098022 54604.718750 
1540.243652 1117.692749 706.391846 747.589294 43435.554688 
1529.690674 1018.014893 928.909546 830.684082 75547.890625 
1463.729126 961.256775 838.176758 794.522766 47103.179688 
1301.816040 893.654053 784.694336 516.145874 61425.187500 
1392.639160 964.146606 898.866150 969.037537 50512.824219 
1266.633179 947.328369 713.290466 646.788818 57310.085938 
1303.889404 923.246643 624.087585 728.225952 59265.886719 
1181.854858 767.805664 618.317627 455.143188 46790.574219 
976.296326 672.740356 529.117065 433.612732 60835.332031 
1264.196289 777.854004 572.272705 518.371277 52028.289062 
790.315613 535.423584 392.210236 366.518402 31573.638672 
1196.076538 883.401123 802.240540 714.744324 64371.886719 
1025.286743 753.150024 731.740417 609.188843 47761.460938 
1066.612305 654.405762 529.061707 491.753510 41968.390625 
1126.886475 766.344421 527.609741 512.652771 53224.847656 
1031.423584 645.206665 575.598267 500.332367 38273.941406 
1015.005676 678.564880 677.625549 510.245453 51340.210938 
1258.216553 926.441406 972.888245 863.951904 55428.335938 
869.391113 549.122559 401.508850 288.957794 40778.421875 
1358.371704 931.966125 716.023621 533.964294 58948.988281 
1217.352783 875.004028 690.585815 555.389526 61614.902344 
1230.186157 729.944885 508.936462 425.008423 50762.066406 
1160.831909 689.225037 643.091309 372.482391 46790.875000 
1240.568848 782.105652 610.540894 456.447479 51219.468750 
1311.104614 752.696167 589.364685 624.668518 53088.226562 
1310.258911 879.371338 646.461792 501.762390 72646.882812 
1467.707397 960.197937 893.867188 752.512146 69717.820312 
1309.021118 980.580139 789.052490 717.058289 59281.476562 
1270.759155 1101.338501 738.708130 725.549866 47226.292969 
1469.827515 933.910522 727.426453 606.320557 57762.828125 
1199.111694 787.371582 594.975342 742.873474 51776.968750 
1403.383057 1019.297058 776.049561 564.863342 48658.492188 
1472.583496 1011.041626 787.771790 720.422852 54629.789062 
1411.845703 1019.710938 890.750732 633.396667 70757.312500 
1432.369995 1008.451172 840.390015 899.370483 39064.324219 
1847.124634 1323.097290 1031.405884 742.379150 104318.062500 
1656.331055 1107.122681 848.044861 684.746094 78500.929688 
2155.228027 1527.658936 1106.320679 1067.207153 68173.406250 
2208.284424 1596.326904 1483.345825 988.632812 59683.574219 
2330.988770 1471.707642 1436.022339 1402.004028 75565.523438 
2310.394531 1701.905884 1463.582886 1364.440063 65329.515625 
2501.136963 1766.197876 1496.657715 1123.163940 76393.804688 
2218.833496 1430.670654 1132.425537 1208.785278 70182.335938 
2510.256348 1698.162476 1422.667603 1164.633301 64547.007812 
2767.127930 1675.248657 1278.871582 1114.478149 90235.132812 
2600.140869 1803.364380 1652.157104 1296.904907 78997.484375 
2552.568115 1924.250854 1597.433228 1154.229492 66134.031250 
2601.788330 1832.514282 1624.739380 1312.180542 61213.507812 
3065.652100 1857.315552 1433.095093 1258.714478 60323.093750 
2848.670410 1988.023560 1753.396484 1283.115601 73268.007812 
3374.749023 2236.095215 1581.429932 1154.422119 96703.515625 
3062.313477 2217.191895 1877.689453 1479.701538 80425.710938 
3136.736084 2224.538818 1611.448975 1688.065552 62380.785156 
3140.948242 2563.780518 1859.142578 1590.823486 72824.046875 
3616.614990 2561.159912 2010.010620 1498.283569 91302.640625 
3786.778320 2774.256836 2479.652100 2994.397949 110723.109375 
3808.666016 2783.302734 2782.726807 2705.684814 96001.335938 
3622.073730 2536.463867 2443.171387 1867.811279 76904.742188 
3017.142334 2261.821533 1918.548584 2020.403809 65171.375000 
3270.617920 2553.501221 2046.461060 1749.462524 73789.554688 
3068.368896 2343.756348 2268.133789 2315.625977 84745.453125 
3544.814941 2479.092529 1804.936401 1844.055786 74609.718750 
2933.781738 2268.829590 1802.269409 1594.351562 82183.773438 
2723.221436 1785.157959 1614.621826 1215.694702 86124.406250 
3010.662842 2240.705322 1754.820923 1310.015869 69376.726562 
2602.570557 2021.918823 1989.036011 1383.804565 47459.335938 
2921.383545 2048.363281 1821.588013 1316.481323 70749.648438 
2654.045166 1880.173340 1744.158691 1295.033936 55620.144531 
2770.659180 2185.341797 2192.099121 1599.747925 78126.460938 
2907.980469 1957.496338 1600.724854 1292.267090 96618.257812 
2358.753906 1541.884888 1598.127075 1308.394043 66598.320312 
2552.286133 2039.626465 1811.468018 1938.881958 88986.375000 
2618.219482 1732.272583 1595.079468 1405.351196 78218.609375 
2332.457764 1689.125488 1409.849731 1054.738281 68682.812500 
2167.155029 1523.391968 1247.267090 1041.386108 57049.207031 
2272.676758 1775.974976 1443.056152 1231.509155 97820.539062 
2537.328857 1729.720215 1533.597290 1424.147339 72017.210938 
2717.016357 1765.039307 1618.333496 1257.035522 83617.039062 
1774.190063 1287.763184 1101.725952 739.805908 52242.796875 
2174.267822 1380.949829 1310.854370 1056.584229 59198.871094 
1815.470093 1305.998901 1067.222046 870.321472 44168.246094 
2113.079102 1387.390259 1264.651733 859.155701 69468.359375 
2032.871826 1454.156250 1096.892578 997.425415 57472.132812 
1708.643311 1172.615479 1182.299194 754.839722 53996.636719 
1868.139282 1386.052124 1372.088867 1278.071289 57252.144531 
1991.492798 1236.486328 1070.223755 1049.473877 80686.304688 
1943.960693 1308.523193 1089.859985 825.756287 62858.906250 
1522.856934 1133.339722 974.787781 706.683472 57092.777344 
1992.662476 1412.451782 1138.566895 746.964661 79264.773438 
1799.817749 1139.221924 1069.926270 809.842041 60693.339844 
1808.544800 1283.774780 1136.857666 840.636108 64794.273438 
2119.406250 1545.994263 1274.930298 906.441589 69758.343750 
2034.635132 1427.028564 1154.945557 940.256897 61239.507812 
1695.265869 1021.562988 1030.579346 891.936768 51454.980469 
1985.296997 1484.514038 1268.519897 1284.972412 63200.691406 
1851.001709 1300.190308 1083.191895 892.812500 72143.242188 
1804.697144 1299.588989 1053.339966 987.120178 60540.640625 
2195.448486 1443.412109 1143.941772 1087.723389 67826.007812 
2157.893799 1331.354004 1003.047974 910.810791 72284.773438 
1886.194458 1355.065186 1115.982910 796.280823 67144.265625 
2096.725830 1498.128784 1172.007568 740.252930 78546.593750 
2556.068359 1747.079834 1333.987671 1067.552612 72782.140625 
2365.492920 1564.232300 1212.600830 944.778748 69081.382812 
2285.623779 1505.510986 1519.038574 1408.375977 67392.054688 
2629.738770 1810.737183 1559.953491 1306.815186 66826.476562 
2169.395508 1401.943115 1235.920654 1264.731079 81683.851562 
2549.902832 1792.550903 1777.892090 1286.129761 80074.718750 
2405.509033 1938.519165 1495.271362 1230.892700 79521.781250 
2985.026855 1971.657593 1566.716309 1203.344604 104115.210938 
2689.466309 1809.407593 1491.214355 1330.305298 85852.468750 
2665.952393 1787.359985 1412.321655 1381.293945 67286.492188 
