0.252219 
0.736825 
0.211740 
0.441329 
0.204879 
0.528789 
0.533790 
0.398248 
0.509431 
0.407424 
0.526385 
0.308448 
0.187898 
0.536722 
0.269549 
0.560179 
0.577267 
0.764581 
0.561125 
0.771951 
0.257769 
0.280993 
0.585338 
0.253300 
0.297915 
0.303012 
0.376677 
0.218768 
0.592034 
0.297185 
0.141814 
0.402035 
0.296993 
0.491876 
0.332991 
0.409174 
0.264112 
0.349331 
0.379281 
0.414135 
0.686877 
0.406797 
0.351492 
0.213990 
0.448641 
0.485726 
0.274329 
0.191613 
0.641528 
0.229105 
