84.594452 87.077133 92.962593 89.595291 88.700111 0.027976 
87.274071 85.432297 85.122856 82.097305 90.793686 0.000000 
90.151131 80.503746 85.851639 96.924713 74.851440 0.034264 
85.137680 101.132957 91.902023 83.719109 88.653358 0.034264 
90.596504 88.413155 91.053802 84.787308 67.437012 0.019782 
86.105072 95.903793 84.848137 70.639908 92.869698 0.000000 
89.533043 88.521606 83.022507 87.130386 80.034332 0.027976 
84.014290 85.954460 90.054321 71.663368 71.395622 0.019782 
90.825356 88.586258 83.482788 71.786003 62.085487 0.027976 
95.294037 80.985489 100.348335 100.176147 99.026146 0.000000 
96.771759 85.018173 82.701180 79.507973 67.429810 0.019782 
90.743599 90.885765 88.605423 70.435768 71.082207 0.019782 
94.208817 85.972374 82.869408 80.284904 51.485462 0.000000 
89.640457 81.145378 87.112770 77.470062 63.469093 0.000000 
94.355896 69.602699 65.608353 68.090454 61.242741 0.000000 
88.400589 84.815033 83.907936 82.314140 96.945900 0.000000 
91.520996 82.704666 71.793198 63.314716 62.539146 0.000000 
89.113388 93.579666 83.030975 83.696243 58.478527 0.000000 
90.946190 82.364723 81.850388 77.453583 61.452351 0.000000 
93.620270 77.446236 74.037888 59.531452 52.008545 0.000000 
93.323372 64.775490 69.370941 57.609310 58.635487 0.000000 
94.648880 71.921410 66.571037 82.628723 55.439457 0.000000 
90.720406 76.377235 82.050888 73.242981 65.375473 0.019782 
89.250137 69.311958 70.061363 79.214493 47.940399 0.027976 
90.679253 82.824730 81.989883 74.002213 57.866669 0.000000 
93.185890 75.619934 70.929497 57.654781 59.674580 0.000000 
90.616318 91.816734 79.622978 57.525143 47.918301 0.000000 
90.161179 80.517456 65.920746 67.934059 54.494091 0.019782 
89.174400 66.024071 60.081291 44.140949 46.200706 0.000000 
87.579376 74.957397 72.058998 62.550724 55.367123 0.000000 
87.348694 86.708572 79.569695 90.898598 47.694153 0.000000 
89.178650 72.622749 70.778114 80.367943 46.523739 0.000000 
90.053741 74.120811 73.311104 71.416779 44.160583 0.000000 
97.352432 80.698738 56.569080 50.511372 45.416969 0.000000 
87.668327 62.896988 68.971725 65.582085 45.451576 0.027976 
92.637245 70.323471 69.816986 64.287636 53.617306 0.000000 
86.974998 85.066956 78.078651 76.277260 43.813370 0.019782 
84.484940 91.140923 69.197868 73.220139 46.795082 0.000000 
87.749374 85.282425 82.019920 73.979309 42.737099 0.000000 
89.193314 74.253426 73.412178 61.804474 48.004608 0.027976 
91.863106 88.715469 87.195305 80.373886 44.150345 0.000000 
90.747002 72.243263 78.465836 48.776791 30.866159 0.000000 
90.364967 75.597122 64.380653 57.103077 36.514614 0.000000 
93.843002 83.808754 78.880249 70.194603 57.855949 0.000000 
87.797440 87.187180 79.921013 62.258923 44.906216 0.000000 
92.306496 72.400993 82.159882 70.176193 53.621712 0.027976 
86.227669 82.764648 68.727470 71.850777 63.804451 0.000000 
91.767685 77.701164 84.026382 68.373680 58.722862 0.000000 
90.167297 71.475220 58.710064 75.312248 62.161247 0.000000 
84.893242 71.564896 75.054321 64.100311 36.210358 0.000000 
87.709381 79.997696 69.004768 60.442268 48.977200 0.019782 
82.648552 80.278976 64.460808 70.946960 42.784550 0.000000 
93.611877 80.676239 77.813416 47.760429 37.947521 0.019782 
86.890770 70.415848 64.111107 65.024406 55.120483 0.027976 
93.145660 70.958885 83.468712 62.074673 38.627949 0.019782 
95.262817 75.137642 74.885719 54.317616 49.963135 0.000000 
89.726364 79.579269 74.150360 62.853127 43.041634 0.000000 
88.596046 86.056091 88.265083 70.538857 46.262196 0.000000 
86.281311 83.928802 81.917381 57.650093 37.469135 0.027976 
90.657127 81.541924 69.986496 64.346771 45.907135 0.000000 
92.258789 73.647408 59.289017 51.141045 32.246521 0.000000 
88.332428 74.008644 61.178474 67.858421 53.720318 0.000000 
90.143692 79.255989 75.160194 65.734688 49.125816 0.000000 
88.010437 74.970589 72.636223 54.414921 51.411327 0.027976 
87.632996 81.277031 78.774887 59.427925 31.594835 0.000000 
86.360649 77.502495 65.834496 62.362545 42.847935 0.000000 
93.089546 72.977585 75.502769 64.912544 42.856163 0.000000 
89.302849 79.294502 77.167130 70.164291 50.450310 0.000000 
94.960762 72.012772 69.133354 59.322628 39.065243 0.000000 
90.196198 71.108704 63.172649 61.497074 43.596912 0.000000 
86.195312 68.780678 60.031471 43.315647 37.644505 0.019782 
89.527206 74.679634 66.280724 53.785618 41.322155 0.027976 
87.558960 70.353165 66.681351 56.675850 34.060894 0.000000 
88.438416 73.842537 68.639275 64.287285 45.466003 0.000000 
89.634613 77.236519 70.884132 69.127892 41.975430 0.000000 
96.918312 71.002388 73.223480 60.294136 49.990723 0.019782 
90.469910 72.670570 64.038017 63.407074 46.634228 0.000000 
95.065048 85.414627 56.349350 54.783401 33.627426 0.000000 
87.756577 72.511597 57.624588 59.316067 30.313396 0.019782 
87.850288 75.451042 72.152939 58.322098 49.518581 0.000000 
93.447067 81.197655 74.566849 74.236214 43.245686 0.019782 
89.881325 76.398193 70.263222 69.999916 39.831841 0.000000 
96.364449 86.715240 63.484749 63.743782 32.005398 0.000000 
93.620308 80.989540 77.881813 69.058388 45.156693 0.000000 
87.714226 76.317497 70.720581 59.643265 37.711838 0.000000 
89.821175 74.060188 69.411995 70.262581 50.643608 0.000000 
84.782043 83.334312 87.226021 66.296883 53.792358 0.019782 
84.007889 82.083046 73.078766 72.740227 44.600548 0.027976 
88.848846 82.612679 83.851128 65.790451 42.506527 0.000000 
81.108635 71.252106 76.857101 61.760933 38.129669 0.000000 
88.922729 79.383041 91.654373 53.131226 28.796658 0.019782 
88.753044 75.500458 78.415710 72.868462 33.953659 0.000000 
88.957588 84.379051 90.277725 59.228340 43.690636 0.000000 
85.483475 57.242039 48.621784 39.862373 25.247810 0.000000 
82.173286 78.754082 55.173161 53.365505 38.686600 0.000000 
94.204460 83.732643 74.666603 68.854942 44.505474 0.000000 
87.918533 84.040985 77.800102 65.524261 34.017136 0.000000 
87.929161 81.523575 73.553879 49.466240 35.091030 0.019782 
88.274750 86.462540 69.915344 56.166031 35.712769 0.000000 
92.110046 75.723579 85.053795 67.909599 53.877029 0.000000 
89.212013 75.512009 65.443329 62.375854 29.337198 0.000000 
96.281761 84.958244 82.185585 61.860058 47.687206 0.000000 
94.100700 79.419586 68.706589 69.443390 41.566513 0.034264 
88.254997 81.231880 79.381622 59.962181 32.005192 0.000000 
87.387901 88.048950 68.957397 49.537941 27.831600 0.000000 
96.705414 81.863808 62.337227 50.636021 36.415836 0.000000 
92.422462 88.424355 79.309441 76.552032 34.306358 0.000000 
92.726601 70.757561 53.700844 66.892860 38.198338 0.000000 
83.422409 84.595444 70.426888 59.796478 36.835625 0.019782 
85.309021 87.490364 85.988380 82.230026 52.140728 0.000000 
91.361122 84.800949 75.444290 63.143139 27.375814 0.019782 
89.760712 79.082222 67.251785 80.341568 79.289429 0.000000 
93.545776 81.840919 90.152916 68.465279 34.728210 0.000000 
90.338081 77.813950 73.933327 51.406528 34.560490 0.000000 
90.926620 90.013832 73.448715 66.310600 38.142860 0.000000 
91.076096 78.867546 60.663948 45.665825 26.099972 0.000000 
90.590637 88.414970 68.737236 53.526569 29.599350 0.000000 
84.714508 73.749634 72.718468 65.226418 45.536953 0.000000 
90.804314 73.213081 67.409294 63.327427 49.974453 0.000000 
87.373108 81.834351 94.741585 66.829491 40.303310 0.000000 
91.343002 84.320053 79.398048 61.114315 46.502132 0.000000 
96.407700 76.083008 78.892143 65.759583 45.456715 0.000000 
90.476555 90.235489 80.874481 71.782524 36.188881 0.000000 
85.332458 87.352745 76.367447 68.848190 28.053074 0.019782 
92.652946 76.124672 80.388275 59.269279 31.078510 0.000000 
92.491760 75.627800 67.721352 40.812290 32.032505 0.019782 
90.039856 80.576241 84.050041 67.709549 48.750774 0.000000 
89.553947 77.351547 72.312073 73.318214 47.044174 0.000000 
90.630287 64.081459 59.072823 56.987839 33.160873 0.027976 
84.658394 67.064575 59.717724 46.272095 32.528446 0.000000 
94.767792 74.065376 77.466362 53.547871 42.922981 0.000000 
91.371277 80.530067 72.244217 67.637253 45.322002 0.034264 
91.272346 75.518204 60.582466 51.602119 30.589321 0.000000 
84.761230 81.242119 61.713902 55.649738 39.630070 0.000000 
91.235596 73.624947 63.237701 51.410378 56.435894 0.034264 
90.500023 75.874046 74.101677 65.812218 37.167908 0.019782 
88.872375 70.637909 68.963768 70.387993 39.078064 0.019782 
84.270935 86.268730 78.231392 51.740459 33.911308 0.000000 
93.477272 77.812202 86.043243 59.942619 33.176777 0.019782 
86.539360 71.384819 76.736671 77.191803 75.807549 0.000000 
90.518303 85.113075 81.010696 58.462086 28.527082 0.000000 
93.051659 85.936737 67.999138 51.361198 33.648396 0.000000 
93.317810 76.625946 73.212349 57.777641 43.220490 0.000000 
87.236862 70.040367 64.928558 41.224442 32.212940 0.000000 
94.045891 74.112061 69.436317 58.675755 33.011642 0.019782 
86.561371 76.413383 78.248108 70.886047 38.476803 0.000000 
91.974945 79.485809 73.939415 52.722225 29.239548 0.019782 
90.745201 75.988571 72.163246 63.839447 54.314285 0.000000 
92.037987 68.990196 71.972549 53.239799 29.418098 0.000000 
95.032005 76.345726 81.251831 70.983490 47.603573 0.027976 
88.547478 87.687584 71.485146 58.954010 43.453518 0.000000 
88.171867 78.833389 57.467793 57.585121 42.104626 0.027976 
86.971123 78.822060 69.974495 65.027550 37.085751 0.000000 
85.708885 98.049805 76.833061 77.150162 37.515850 0.000000 
91.268478 72.416130 66.464104 37.383224 26.109961 0.000000 
89.060936 79.204536 77.334549 72.148270 32.855255 0.000000 
87.108704 84.362984 76.219627 64.314590 39.278439 0.027976 
90.600990 88.633728 70.373802 69.861763 46.102695 0.019782 
87.549896 77.543152 73.949501 63.507843 39.789680 0.000000 
89.449341 66.312653 71.497055 59.166664 26.681742 0.000000 
87.753586 90.185928 68.367317 55.402451 35.022652 0.000000 
96.673706 72.632332 59.708733 48.551685 30.314472 0.000000 
84.229935 81.940117 78.498070 60.423141 51.387009 0.000000 
90.959518 88.074051 62.099106 49.477703 26.675156 0.000000 
89.866188 77.970268 62.538677 48.202877 28.619598 0.000000 
88.306023 83.964790 73.449677 54.764446 28.831963 0.000000 
90.349144 71.156136 61.582806 47.556946 23.171879 0.000000 
98.132286 73.172203 76.962875 71.960968 36.406349 0.000000 
90.584778 80.098595 90.270576 47.595852 26.312826 0.000000 
89.503632 85.371819 74.029625 57.387833 34.203583 0.000000 
93.621620 84.697556 74.835976 54.629494 31.634308 0.027976 
88.418198 77.993652 74.965195 62.658131 41.140244 0.000000 
91.171593 81.763481 73.274261 59.543381 36.618389 0.000000 
96.165070 75.318039 64.818771 52.008442 36.976070 0.000000 
87.149475 79.218513 60.338367 56.762997 33.963917 0.019782 
94.413528 74.026978 74.353668 57.133129 33.910793 0.000000 
90.649803 76.326019 58.902405 35.845997 19.956820 0.000000 
94.060814 85.366768 69.289864 63.883392 46.840286 0.019782 
90.773407 73.195984 70.348473 59.403950 39.393932 0.000000 
91.321693 81.286209 92.776909 74.582169 42.021374 0.000000 
90.148369 84.691750 76.721237 56.037838 36.678753 0.027976 
87.912491 83.098999 58.499435 52.845493 35.280159 0.000000 
87.573914 75.534729 68.995140 55.529079 33.315937 0.019782 
82.902977 86.144516 76.653946 52.944225 31.804571 0.000000 
89.446381 90.233253 73.275124 65.908539 39.121777 0.000000 
88.189865 81.304382 68.543121 46.598297 27.879309 0.000000 
93.071594 82.632607 79.306961 56.817860 29.591200 0.000000 
87.813278 82.196846 63.848785 48.794785 35.699417 0.000000 
90.777763 76.484520 72.942886 59.488434 28.306328 0.000000 
87.656097 75.496758 69.371239 58.916206 34.495605 0.000000 
90.066170 90.234215 69.517609 52.642292 35.266068 0.000000 
87.806046 76.226242 65.293190 62.769779 41.519928 0.000000 
85.840996 76.222900 78.685013 63.876282 34.341965 0.000000 
86.968498 80.335770 69.940147 64.467468 32.788204 0.000000 
90.951508 84.915451 64.897064 63.656555 29.090546 0.027976 
90.799118 75.056541 70.444427 55.879955 32.655926 0.000000 
91.157555 79.306664 58.690121 50.621086 28.759399 0.000000 
83.803253 68.618362 72.097252 63.843712 43.935520 0.019782 
89.504616 74.575523 58.295143 49.530830 30.790726 0.019782 
89.787697 66.500641 63.965050 42.220295 40.569286 0.000000 
91.533401 82.506516 75.706032 66.008965 28.784502 0.000000 
86.869499 78.589073 65.448074 46.289570 28.421820 0.000000 
88.757805 80.495819 61.249992 40.719910 24.873596 0.000000 
91.726242 80.706764 75.931931 66.943687 35.771271 0.000000 
87.094803 84.800117 76.515381 51.363754 30.971130 0.000000 
89.887100 82.380592 76.740829 63.484516 35.270493 0.000000 
89.736992 86.249077 65.254654 54.344955 28.817045 0.000000 
89.845612 71.061760 69.594826 54.173111 26.193869 0.000000 
87.691895 85.332924 64.343155 44.059505 30.269159 0.000000 
92.336876 77.084953 71.127045 62.028141 39.359081 0.000000 
91.039597 84.567719 65.183556 58.520691 34.869171 0.000000 
84.504807 97.274147 73.185616 61.913166 35.170238 0.000000 
93.439133 68.045128 59.986191 47.855793 26.247511 0.019782 
86.212860 74.744164 71.021957 50.099033 42.473633 0.000000 
93.950531 71.515854 70.358307 66.295807 47.113186 0.000000 
93.760246 83.221153 60.900986 46.575211 44.669979 0.000000 
86.609421 72.907997 77.973381 45.702316 29.395622 0.000000 
92.037666 75.657082 71.538010 64.657806 46.301449 0.000000 
87.721588 80.763702 69.092682 56.130295 38.095604 0.000000 
86.894264 62.607903 61.012295 48.131832 32.917500 0.000000 
81.983551 75.230896 62.285225 41.265789 34.055000 0.027976 
85.806145 69.926643 75.925385 57.343647 55.728439 0.019782 
91.718292 71.207626 74.246216 51.840485 39.380970 0.000000 
92.725525 77.182678 76.353363 47.663082 31.018967 0.019782 
86.418205 78.534882 73.586815 39.328495 21.587406 0.000000 
90.658516 76.411896 73.568130 72.591118 36.031326 0.000000 
89.969650 80.872879 60.887775 47.650982 27.764994 0.000000 
86.248390 72.634552 65.185066 49.017239 24.064831 0.000000 
87.143990 80.256592 72.398689 52.942024 30.361202 0.000000 
87.546783 80.790932 73.932419 49.169163 33.588837 0.000000 
88.691788 90.079536 84.913979 64.936432 36.290543 0.000000 
83.901680 81.658195 65.925095 44.804825 35.956894 0.000000 
85.762177 79.714531 73.139313 51.694099 24.510794 0.000000 
94.642120 91.320747 66.621307 43.595741 20.727852 0.019782 
94.141281 71.880035 58.540634 59.048672 30.193470 0.019782 
88.576370 68.749992 68.571152 39.472744 33.358864 0.027976 
88.600273 82.719170 74.623817 58.159740 37.849148 0.000000 
85.423508 66.520279 67.260521 62.061974 35.544563 0.000000 
87.145157 93.301697 72.633774 55.272392 34.570808 0.019782 
84.966942 83.814125 77.430962 67.568779 30.442511 0.000000 
86.584068 81.949699 65.125046 60.228783 35.370552 0.000000 
93.213699 78.600113 82.668297 72.191338 40.099792 0.000000 
98.199463 80.462402 59.665569 58.636154 33.575710 0.019782 
88.379791 88.635345 73.106644 62.351398 36.760250 0.000000 
84.652069 80.955437 67.371574 63.927036 34.688126 0.019782 
90.008720 68.785835 62.158302 53.733639 34.632973 0.000000 
89.123581 83.253990 72.532021 68.285515 48.648991 0.000000 
89.865448 60.686581 69.348518 62.339092 47.135887 0.000000 
91.780937 85.684464 85.165787 57.945461 27.080761 0.000000 
90.554482 83.186607 83.000061 59.422977 63.525387 0.000000 
97.871147 95.984840 81.483978 55.145771 36.130188 0.000000 
90.525177 87.438744 64.218452 61.070007 52.238441 0.000000 
91.236359 88.781662 74.826149 45.873322 26.665447 0.000000 
90.216957 69.387260 69.017723 55.754505 31.831942 0.000000 
89.810928 79.533005 67.629776 47.013962 31.579350 0.000000 
85.712418 77.753510 67.472168 64.129654 32.552757 0.019782 
91.068092 75.972862 62.860504 64.714516 36.455978 0.000000 
86.431488 83.881493 73.624252 71.841431 38.339439 0.000000 
89.288589 79.125969 68.169655 64.927582 40.800194 0.000000 
89.919128 74.456085 78.533775 62.342796 44.585842 0.000000 
83.865509 78.958809 84.205025 61.430927 31.631439 0.000000 
89.946770 82.999390 83.109291 69.221344 28.215508 0.000000 
88.303917 80.738670 75.666069 68.507256 61.912346 0.000000 
88.560547 82.949371 73.697044 50.135582 23.873804 0.027976 
92.819023 84.677124 94.095634 66.395378 26.194254 0.000000 
93.779633 85.094025 75.666626 63.120293 51.074982 0.000000 
91.877998 77.933304 73.555405 56.411697 38.291359 0.000000 
92.299995 85.622498 80.679787 82.675346 32.870331 0.000000 
85.818703 77.997337 88.722382 59.668114 49.004601 0.027976 
91.560059 86.826385 70.279488 58.416462 34.470814 0.000000 
92.319717 74.592018 75.756317 62.232811 39.403561 0.000000 
82.862633 76.842430 77.833305 57.024101 58.504005 0.000000 
91.780525 81.969139 76.383118 49.981068 52.087868 0.000000 
92.765976 80.106644 67.868591 51.136894 35.049683 0.027976 
86.172852 84.626144 69.474846 59.733685 34.711704 0.027976 
91.308189 74.435287 69.311829 35.503994 25.960270 0.000000 
92.312683 86.982117 87.667442 63.128033 41.761581 0.000000 
95.560051 81.168724 56.120209 51.384697 29.844885 0.027976 
89.522911 75.684708 74.819664 55.218323 36.594101 0.000000 
90.844086 74.249741 85.148514 64.780830 38.728325 0.000000 
90.242897 81.458252 83.095413 52.295410 29.716871 0.000000 
91.731468 83.128479 84.432983 69.799133 52.872746 0.000000 
87.484657 81.193016 67.332329 47.648048 28.101854 0.000000 
88.059380 92.978592 80.004715 55.842365 28.572800 0.019782 
84.133568 77.288872 79.593117 51.494019 31.552565 0.000000 
86.456985 69.489357 64.580940 65.248772 49.674225 0.027976 
88.127602 79.217407 81.537109 56.321819 35.551205 0.027976 
91.675575 90.268562 76.497833 63.902336 35.632202 0.019782 
80.926117 65.012474 64.432594 49.112839 33.925323 0.027976 
87.367714 75.159912 67.973167 51.893463 32.294147 0.000000 
88.816536 82.779037 91.934639 72.078636 44.512360 0.019782 
81.815414 64.533615 51.427528 40.759628 23.672127 0.000000 
81.977180 75.602097 64.863129 45.531296 40.812279 0.027976 
89.028603 74.011765 66.414749 54.194675 34.214638 0.000000 
91.853508 83.667503 67.867683 42.213497 22.144444 0.000000 
83.602661 66.342636 55.528709 48.632595 38.780224 0.000000 
87.915192 75.135765 69.376823 48.557434 34.192905 0.000000 
91.316780 77.986214 68.084183 45.248272 28.260880 0.019782 
90.768951 85.670685 79.530792 61.259846 45.266319 0.027976 
89.192169 77.735306 82.733124 63.997345 34.171497 0.000000 
