5647.619141 7927.600098 3838.358398 3718.760986 152656.593750 
18155.955078 23833.511719 24908.970703 8253.722656 124835.304688 
13050.222656 17273.623047 13479.785156 4408.469727 88087.765625 
3506.057129 5028.104004 3168.756104 1897.679077 149762.250000 
10615.037109 15671.526367 6085.645996 6807.550293 144910.937500 
22509.933594 40542.457031 20834.228516 8891.720703 125758.023438 
7243.638184 9043.224609 8595.713867 3058.526611 169988.843750 
34308.128906 10093.782227 7372.523926 8150.779785 33393.894531 
2443.941650 3206.492920 2269.953125 1458.815186 173760.828125 
3083.914307 5231.178711 2520.857422 1945.481201 164940.843750 
2615.870361 4084.775879 2225.235107 1573.886108 115661.828125 
3112.850586 7031.771484 4195.421387 2976.989502 201761.125000 
14085.410156 13123.758789 18320.160156 8093.240723 99399.398438 
5345.634277 6573.194824 5169.895508 6515.222168 149710.656250 
7130.369141 8871.986328 18974.544922 4112.114258 126165.054688 
14589.934570 24380.685547 20697.105469 4687.657227 76579.734375 
2759.146240 2366.767822 2427.308105 1811.506714 164411.734375 
2541.935059 2526.664062 2213.511475 2322.986816 199902.859375 
8665.117188 24536.648438 15226.217773 11011.694336 138175.968750 
4883.745117 12507.205078 4261.614746 5059.040039 100336.882812 
2384.850342 6680.182617 4218.238281 2452.441162 130581.015625 
3222.942139 6090.062012 3227.710938 3357.969971 201154.406250 
5904.728516 8218.141602 9932.915039 6185.644043 153097.859375 
47868.480469 32813.507812 32700.212891 2769.312256 55967.375000 
11986.686523 17328.177734 8718.048828 8946.024414 117351.218750 
2441.485352 2426.764648 3702.310059 1406.927856 176135.953125 
7538.184082 9395.280273 10369.202148 4424.076660 123262.281250 
5595.906738 7902.658203 5579.754395 2833.889648 176158.625000 
2682.814209 3549.310303 2236.866699 1797.405884 170988.687500 
3020.013184 4866.871094 3128.839111 2351.550049 168196.203125 
33113.230469 27331.189453 14438.072266 8631.818359 103452.773438 
7151.647461 14742.052734 5892.840332 4868.217773 134187.218750 
3196.345215 5660.146973 3148.031250 3150.854492 171714.828125 
22882.273438 20919.298828 24997.652344 13805.568359 116369.890625 
3356.890137 5327.077637 3011.134521 2153.036865 188385.671875 
5838.266113 10399.988281 7081.628418 3441.168213 123616.085938 
10055.260742 17981.927734 28932.859375 7951.812500 127794.640625 
6000.110352 8887.104492 7335.891602 6003.319824 148075.734375 
28550.396484 17981.214844 25727.810547 12556.305664 107326.046875 
3917.339111 5475.772949 3909.910645 3115.833984 185892.156250 
18163.501953 12730.385742 8935.050781 7299.087891 74473.593750 
13173.295898 28554.976562 12722.676758 6239.665527 107407.398438 
10332.676758 17052.687500 7699.087891 7372.402344 172287.703125 
7570.974121 7675.679199 10477.776367 6024.838867 165837.421875 
4064.015869 6942.520996 6233.058594 5739.602051 169236.265625 
5290.368164 10113.909180 8094.691895 4583.324707 164456.312500 
3714.373535 6168.614258 8733.255859 3825.571045 153441.375000 
3012.097900 4440.839844 2814.111328 1713.995483 131722.281250 
6461.708008 10276.662109 9635.229492 4489.127930 120149.312500 
4489.046875 6034.841309 5354.700684 3370.988037 197500.031250 
2728.160889 3537.697510 2491.756104 2030.411987 212105.703125 
9672.793945 23921.363281 12837.435547 6538.155762 91160.632812 
4004.106689 4622.113770 2628.657471 1569.437500 171521.687500 
3428.873047 6035.037109 2665.807373 2633.706787 167753.218750 
10537.162109 9086.958008 10431.456055 10478.852539 141229.203125 
14039.028320 23465.306641 11747.532227 8841.144531 76751.132812 
11666.533203 16139.421875 19752.767578 6135.065918 97270.929688 
19153.617188 15001.317383 16035.539062 8395.755859 80108.226562 
3907.666260 12675.401367 3364.064941 2747.630371 130416.398438 
32018.017578 43267.632812 18234.216797 5080.523926 80216.078125 
43195.308594 21259.882812 23382.253906 9272.537109 84210.273438 
3948.051025 3378.387939 3211.919434 3189.608154 164630.046875 
3084.612549 2715.006836 3923.671631 1780.059448 127146.109375 
16569.427734 21598.832031 19222.500000 10542.251953 118927.671875 
8514.950195 12041.760742 9542.054688 7636.936035 87886.664062 
69572.320312 14221.738281 14504.209961 2906.004639 57344.531250 
5402.907227 14135.566406 11360.991211 3631.377197 140015.781250 
4020.930176 3937.202393 7497.100586 2422.235352 153776.734375 
14154.237305 34742.585938 11912.693359 7078.137695 135692.156250 
10586.820312 15917.175781 20118.462891 8770.128906 114223.312500 
5908.960938 10133.311523 4429.398438 3827.719238 112876.539062 
2045.503662 1816.628906 1900.394409 1297.368652 236723.375000 
6049.323730 4173.862793 4830.615723 2100.973145 181114.187500 
2862.515381 3187.208496 2718.912842 1869.125732 140075.687500 
1703.331909 2583.771240 1620.360718 853.593567 138575.968750 
6858.739258 10473.882812 6126.895996 4081.445068 115378.265625 
112062.796875 39412.441406 42325.570312 19378.322266 95982.937500 
18142.822266 16798.921875 11421.223633 4335.481934 63736.156250 
21636.212891 18637.375000 16021.679688 7393.542480 71332.515625 
2196.067383 2569.853516 1883.172119 1680.098267 160990.734375 
3984.359131 5544.864258 3391.631592 1942.190063 102633.687500 
2440.549316 2587.240723 2831.951904 2283.793701 205666.015625 
5532.171875 5234.401855 6955.842773 3201.254395 136135.093750 
12610.130859 4366.533203 3116.756592 3520.026855 11841.691406 
8834.092773 11320.545898 11366.268555 2900.073730 102802.937500 
5637.010254 13450.842773 6177.290527 5867.941895 112242.281250 
27990.312500 32232.982422 9636.624023 6879.204590 92762.421875 
3191.905518 5615.513184 2706.239502 2610.023926 165198.312500 
2614.813721 2909.833252 2901.327148 2349.926758 165964.890625 
2914.304932 5733.868652 1996.182495 1529.073608 176170.765625 
2386.364746 2715.714111 1929.473267 2556.499268 177137.468750 
2607.383301 2553.026611 3062.267822 1430.540771 151258.046875 
3298.140869 7640.540527 5787.292480 2794.665771 145053.328125 
4502.638184 5473.324219 2834.783447 4068.062500 115653.195312 
2122.178711 3213.616211 2473.300049 1335.139038 138477.906250 
2036.469727 2153.341064 1084.578125 1325.033936 210680.546875 
2357.558350 2311.365723 1998.044312 1525.706665 64284.562500 
3253.130127 3564.335205 2884.951660 2720.413574 159693.781250 
6155.558594 14704.367188 20811.941406 9882.591797 128115.039062 
3548.759277 7280.842285 4143.038574 4100.998535 147326.953125 
2705.840332 4848.683105 4041.713867 2356.217529 92944.523438 
3198.358154 3599.200684 1912.398926 2927.000488 207611.750000 
5080.672852 11009.735352 5322.446777 3068.758545 110495.335938 
3804.200439 4955.933594 3722.703125 3860.492920 162990.203125 
66163.695312 34120.859375 10790.997070 6611.527832 71654.343750 
54470.964844 15365.903320 10602.340820 10427.036133 59843.332031 
25286.089844 13315.243164 14245.238281 13291.525391 36978.031250 
2950.452637 4412.887207 2361.935059 1462.635010 212847.343750 
29855.201172 38247.382812 28263.070312 9688.877930 149513.062500 
12185.482422 15640.848633 12015.732422 8927.106445 139552.750000 
6668.591797 14850.122070 15945.801758 8565.989258 189379.156250 
5147.348633 6510.718750 3889.949707 3377.439453 303731.625000 
6312.773438 13837.131836 10916.810547 4714.265137 143889.531250 
3715.186279 9271.821289 6032.979492 4265.642090 194100.421875 
3797.318604 5053.760254 4960.213867 3626.031006 176937.531250 
7207.256348 14113.855469 7679.668945 3931.087646 174336.265625 
3904.399658 9009.301758 4158.924316 3689.016846 201126.734375 
44496.484375 15484.739258 7430.452637 6948.491699 24707.943359 
4603.875000 7831.361328 3090.620850 2357.528320 208629.234375 
19276.570312 30226.550781 19810.125000 15379.105469 133647.859375 
13049.360352 29022.003906 11109.509766 6328.627930 175049.312500 
3906.493652 3703.561279 8251.487305 2049.642578 207938.562500 
6123.259277 9143.558594 11692.590820 2679.046387 214611.812500 
9070.556641 12308.440430 8126.147949 3506.526123 103915.820312 
5659.067871 6136.369629 5175.674805 3580.619385 132637.203125 
7445.151855 12723.167969 6104.498047 4189.501465 186367.437500 
5934.390625 6501.122559 7947.346191 3511.277588 196325.546875 
76554.625000 31902.181641 21484.722656 4186.981934 51589.500000 
273945.093750 31656.226562 11999.009766 15388.675781 60584.718750 
103699.351562 25211.654297 23581.830078 5440.557129 39136.406250 
11968.779297 41972.914062 11674.649414 4320.418457 163350.000000 
6502.005859 16522.197266 13017.915039 3599.960205 206391.812500 
4105.408691 12908.100586 2660.188965 4080.494629 127769.859375 
11511.543945 6432.325684 3894.085938 4123.518555 221386.046875 
8092.481445 12866.119141 6806.003418 3824.549316 76560.195312 
31295.939453 14970.395508 10177.246094 7164.020996 56331.546875 
5257.876465 8296.849609 14162.314453 5707.766113 125485.992188 
3323.697754 5838.891113 3948.390625 2187.074463 114156.835938 
2428.816406 4016.480957 3132.904053 2417.208252 155460.281250 
3712.826172 6566.686523 2704.965820 1937.404419 148266.484375 
44316.925781 21522.921875 14480.265625 7948.476562 97678.585938 
5245.815430 6420.119629 8997.179688 2519.420898 199488.562500 
97410.375000 34909.929688 19628.759766 8038.565918 42191.871094 
3694.700684 3165.346680 4993.428223 1956.871338 195495.187500 
25996.435547 8777.348633 4135.232910 2204.215088 18877.445312 
5988.282715 7708.685059 12015.827148 4556.511719 104110.757812 
10631.096680 27672.664062 21950.392578 4551.812012 106458.500000 
96622.945312 31144.380859 33826.140625 8077.890137 115787.734375 
16075.135742 12551.895508 14054.995117 4715.002930 108064.664062 
11200.320312 25505.837891 11613.982422 8006.161621 141441.359375 
2906.360840 4037.318115 3612.198242 3929.081299 194567.515625 
29506.994141 23256.953125 8373.044922 4488.807617 180413.703125 
5305.653809 11426.794922 5541.518555 4638.359863 147462.687500 
17454.087891 25463.482422 13973.134766 6323.848633 89510.953125 
5550.227051 7508.275879 3456.655762 2753.050293 186251.875000 
17000.537109 27257.734375 17451.343750 7885.936523 103155.492188 
12469.135742 13931.608398 21378.267578 5424.843262 100708.703125 
9988.274414 11197.619141 16683.634766 7699.559082 95200.078125 
4619.549805 11611.948242 6475.330078 3746.408936 138914.312500 
6826.162109 14766.814453 9053.500000 3923.192627 116902.953125 
136997.187500 66213.445312 18817.341797 4439.868652 49270.242188 
3220.930908 4838.009277 2291.773926 1608.437012 186001.406250 
12508.748047 16803.234375 24107.666016 3453.110840 155947.812500 
4276.623535 7521.559082 2668.178955 2512.559326 127622.179688 
3922.839111 3503.120361 2551.276611 1445.057861 188941.734375 
5066.048340 8222.025391 6292.446777 3524.633789 152756.781250 
7456.517090 13043.284180 5095.301270 5776.085938 153926.796875 
106955.882812 33382.281250 10362.505859 7111.417969 65070.367188 
2818.913086 4780.626465 2758.891113 1875.865601 139329.671875 
5773.459473 5983.962891 3374.147705 5086.294434 178309.796875 
119924.421875 84312.429688 15413.855469 6856.981445 69682.484375 
192819.031250 86545.960938 95194.015625 27859.753906 148039.015625 
6027.076172 4270.299316 4184.135254 1919.143433 169309.968750 
5649.399902 7220.410645 6138.308594 3609.612061 144872.437500 
6164.353516 13672.409180 12268.364258 3594.411865 145511.078125 
4606.901855 10033.802734 5080.266113 1924.177246 128712.117188 
11240.773438 10793.421875 5122.048828 2958.376709 132906.500000 
4905.799316 6608.622559 4916.219727 3189.794678 166803.046875 
6631.452637 8387.669922 5974.623047 2649.844238 118122.898438 
5408.515625 7942.829102 5331.098633 4099.136230 174402.031250 
4839.813965 5778.828613 3718.451416 3815.080566 156931.453125 
8434.674805 10527.489258 7110.272949 4783.012207 77379.476562 
181891.140625 39644.894531 22966.759766 15304.716797 131333.562500 
9385.496094 14974.313477 7794.571777 5566.903809 130374.390625 
7593.279785 7666.431152 4572.861816 3981.903076 184367.921875 
13850.778320 21088.843750 21793.609375 3648.244629 123558.023438 
2521.202881 4346.448242 2682.989258 1754.245361 137591.375000 
3100.072021 4547.922363 3669.383301 2313.814697 130246.093750 
9843.641602 9206.998047 9965.196289 5556.944336 138772.125000 
3495.581055 3828.939453 3186.001465 2069.109863 181941.812500 
5467.897949 5017.238281 5076.203613 3389.084473 204933.906250 
16976.023438 15510.806641 21333.384766 4594.391113 94109.265625 
2200.910889 2082.597900 1871.052490 2181.961670 114734.585938 
3996.361572 7586.085449 4373.175293 2469.141357 154633.750000 
11252.759766 12645.674805 8846.274414 3010.979248 115605.289062 
14826.683594 14424.760742 8663.493164 4288.255371 81943.429688 
30886.769531 21899.908203 22052.304688 7981.085449 80619.273438 
46812.097656 26805.658203 15445.992188 5237.645020 40153.761719 
11003.203125 12306.085938 29228.664062 3351.128418 108571.171875 
2559.899414 4398.462891 2653.766357 1983.083496 94656.890625 
2493.879150 2886.262695 2069.435059 1478.768433 107802.726562 
17103.189453 16519.533203 10738.225586 4847.519531 78911.867188 
16105.060547 15745.457031 13548.713867 4350.064453 80581.203125 
2429.522949 2216.645752 2029.637207 1844.296631 135671.828125 
2733.100586 3963.084961 3265.627930 3414.381348 90713.929688 
2666.936279 2252.849121 2058.632080 1857.570679 182088.968750 
3504.024902 6516.516602 2503.166748 2354.080566 91552.468750 
3926.056641 5447.906738 2859.755371 1944.751953 130822.617188 
10270.960938 11983.931641 12495.278320 7100.284180 76398.882812 
2769.862061 3552.433594 2591.539062 1996.753052 95559.000000 
2688.799316 2327.727539 2145.726074 1837.099609 84445.101562 
3205.644043 2941.218506 1874.373291 2254.624512 196941.875000 
3707.164551 4076.977295 5407.459473 2984.204102 117373.281250 
33580.136719 23713.015625 18543.789062 3469.156738 71402.406250 
16449.115234 23980.244141 15083.638672 7705.202148 96294.320312 
13779.162109 18038.683594 8237.663086 6001.654297 112142.062500 
2719.381104 4176.623535 2145.071289 1054.029053 170405.718750 
3635.566406 3469.691406 2590.894775 3408.329590 137479.656250 
5967.500977 7743.524902 4391.296875 4547.647461 154964.812500 
31014.097656 16786.529297 10121.815430 3708.030518 39794.843750 
14657.906250 53848.289062 15422.807617 9401.716797 109523.164062 
16633.753906 17006.291016 10700.466797 6488.686523 98413.023438 
16101.943359 16648.755859 10961.042969 4747.254395 102908.125000 
5519.604980 8002.686035 6067.657715 4113.946289 146809.781250 
24266.447266 25451.675781 12483.046875 5934.093262 75307.515625 
6991.023926 22095.546875 7034.061035 5672.729980 158509.343750 
6292.892090 6544.412598 5731.908203 2445.394287 157532.046875 
28897.951172 12251.185547 11513.483398 5822.362305 64810.039062 
30583.619141 43385.917969 24223.761719 15915.780273 114938.007812 
10524.032227 10160.712891 15256.451172 6238.108398 168786.625000 
5046.744629 8205.904297 6078.989258 2747.812500 181939.640625 
35769.945312 8017.485352 3627.411621 2279.062500 27051.029297 
7280.815918 15219.190430 9341.404297 3455.331299 148596.203125 
3535.087402 4578.973633 7916.771484 3101.315674 170484.875000 
20409.908203 30581.095703 20858.753906 15884.433594 119872.390625 
27547.220703 48917.113281 13169.441406 8930.708984 97433.523438 
10155.203125 12704.183594 5377.660645 3851.810303 155209.859375 
11288.573242 26145.181641 8619.962891 2843.193604 204729.125000 
6543.471191 10425.834961 4422.186035 1697.437866 157854.875000 
6847.888184 12679.139648 8962.612305 4913.615234 141611.765625 
14453.857422 30189.390625 9915.824219 4187.080078 96255.687500 
20789.855469 35083.519531 23373.406250 5731.746582 145442.812500 
3752.772461 4589.780273 8151.844727 2042.029785 212155.171875 
6143.583008 4901.185547 8599.653320 4686.578125 110511.320312 
4131.132812 4708.215820 4443.826660 2987.709229 143668.593750 
15881.582031 42369.167969 9414.624023 5497.428711 112352.109375 
3176.378174 4413.158691 2902.168213 2151.592773 146188.406250 
7242.522461 24386.232422 5784.032227 4697.826660 75502.937500 
4209.275391 12010.170898 4808.878418 3198.137451 86942.515625 
14294.821289 16721.119141 9192.343750 9680.821289 100828.382812 
45630.191406 51128.691406 24243.158203 4921.759277 39791.085938 
4247.695312 12057.151367 2918.247803 2290.647949 109718.921875 
9464.140625 25433.474609 8550.422852 6025.024902 76375.734375 
13562.875977 18234.884766 10186.644531 5271.369141 65241.316406 
22134.162109 40985.093750 14873.653320 11477.005859 76974.375000 
9762.028320 19781.240234 9555.073242 6745.062012 100799.992188 
4956.148438 9525.485352 6731.300293 2365.253906 136913.906250 
15178.227539 18746.931641 8437.876953 4007.849609 93494.093750 
6926.463867 13519.343750 5892.692871 2348.374756 112738.531250 
18803.382812 14768.516602 10964.411133 5067.940430 139911.734375 
64829.343750 41460.531250 16355.742188 5593.836426 54751.781250 
4000.417236 7054.673340 6319.869141 2164.918701 150285.703125 
10150.762695 12216.285156 7707.770020 2044.363770 146074.593750 
13349.516602 42042.175781 14182.100586 7802.016602 99277.976562 
5765.468262 4634.742188 6029.229980 2432.561768 158477.593750 
24268.539062 32318.675781 5011.352539 6964.655762 55716.722656 
55901.066406 26674.197266 16623.343750 6385.363770 68998.664062 
5498.269043 11813.212891 5834.754883 3046.898926 125480.585938 
10795.936523 10616.647461 4436.427734 2946.803955 88509.195312 
7764.920898 8977.781250 4379.062500 2652.026123 189853.812500 
6610.202637 8273.778320 4382.647461 1644.137573 142835.906250 
11771.009766 12411.921875 5030.557129 3741.915771 160693.359375 
8150.581543 6462.373047 5407.695312 4509.961914 154727.593750 
7451.300293 13610.202148 14993.713867 3173.606445 83068.164062 
5763.373535 7956.726562 4624.688965 2448.589355 117275.648438 
7753.861816 9357.327148 5959.834961 3773.947266 174041.203125 
7366.156738 24773.845703 14225.340820 3810.106934 115633.703125 
36875.562500 26735.583984 41925.460938 5335.390137 90566.156250 
54480.835938 10684.474609 4526.129883 2338.191895 26614.593750 
18958.712891 20437.175781 18460.025391 4640.005371 123315.601562 
8580.092773 18729.941406 9635.415039 3812.012451 207784.515625 
6044.968750 8464.488281 8613.502930 2136.877686 116397.953125 
5084.343262 10528.710938 9189.109375 2326.334473 114008.242188 
66279.234375 18103.460938 18894.388672 18555.560547 49768.253906 
6015.948730 11912.881836 7984.443359 2425.895508 114329.093750 
34773.316406 67300.546875 16592.501953 7874.043945 85650.789062 
18858.544922 20273.000000 8270.855469 3625.198975 54166.808594 
9133.548828 13287.085938 4155.710938 2757.597900 183610.203125 
11348.128906 13673.829102 7375.642578 3425.987061 99197.929688 
2847.626465 3408.094971 2594.705078 1480.691284 147642.437500 
3600.672119 4503.600586 3785.164795 2145.673584 111062.984375 
5862.818848 9378.253906 6031.836914 4328.190918 72546.187500 
12684.976562 13004.916016 4743.407227 3027.487061 64088.402344 
2350.898438 2384.757324 2651.170654 1614.891357 119885.445312 
2682.455566 3259.953613 3743.079346 1880.018188 182871.171875 
11081.683594 13659.810547 10483.635742 4981.517090 93597.585938 
19987.248047 15098.674805 13609.200195 5610.706055 67557.015625 
3266.807373 4212.177734 2366.680420 1143.551636 191938.750000 
59348.949219 25680.189453 6472.653809 4227.139648 38967.066406 
14938.340820 13625.298828 8283.908203 6602.612793 99273.398438 
