Episode: 1: [[0.20170325 0.19845651 0.20436853 0.19792621 0.19260652]] 
Episode: 2: [[0.20167466 0.19845206 0.20438649 0.19795541 0.19263776]] 
Episode: 3: [[0.20165285 0.19844362 0.20439903 0.19798106 0.19266231]] 
Episode: 4: [[0.20163715 0.19843736 0.20440917 0.19799934 0.19267978]] 
Episode: 5: [[0.20162044 0.19843654 0.20442188 0.19801515 0.192697  ]] 
Episode: 6: [[0.20160364 0.19843481 0.20443417 0.19803245 0.19271395]] 
Episode: 7: [[0.20158517 0.1984336  0.20444931 0.19805299 0.1927302 ]] 
Episode: 8: [[0.20156991 0.19842996 0.20446156 0.1980738  0.1927422 ]] 
Episode: 9: [[0.20158555 0.19840965 0.2044454  0.1980722  0.19272967]] 
Episode: 10: [[0.20159993 0.19839005 0.20442916 0.19807124 0.19271886]] 
Episode: 11: [[0.20161238 0.19836529 0.2044115  0.19807425 0.19271258]] 
Episode: 12: [[0.20162624 0.19834693 0.20439516 0.19807193 0.19270329]] 
Episode: 13: [[0.20163953 0.19833034 0.20437905 0.19806941 0.19269423]] 
Episode: 14: [[0.20164989 0.19830479 0.20436017 0.19807312 0.19269283]] 
Episode: 15: [[0.20166221 0.19827709 0.2043406  0.19807483 0.19269046]] 
Episode: 16: [[0.20166937 0.19825087 0.20432577 0.1980809  0.1926925 ]] 
Episode: 17: [[0.20167424 0.19824162 0.20432109 0.1980806  0.19269   ]] 
Episode: 18: [[0.20167314 0.19823776 0.20432247 0.19808319 0.19269188]] 
Episode: 19: [[0.20167047 0.1982334  0.2043241  0.19808683 0.1926964 ]] 
Episode: 20: [[0.20165506 0.1982124  0.20432669 0.19811477 0.1927175 ]] 
Episode: 21: [[0.20164295 0.19819136 0.20432699 0.19813909 0.1927356 ]] 
Episode: 22: [[0.20162818 0.198172   0.2043298  0.19816445 0.19275634]] 
Episode: 23: [[0.20160863 0.19815554 0.2043344  0.19819355 0.19278163]] 
Episode: 24: [[0.20158531 0.19814384 0.20434363 0.19822349 0.1928093 ]] 
Episode: 25: [[0.20156242 0.19814354 0.20435819 0.19824685 0.19283232]] 
Episode: 26: [[0.20154062 0.19814618 0.2043743  0.19826812 0.19285235]] 
Episode: 27: [[0.20152563 0.19815324 0.20438711 0.19828075 0.19286382]] 
Episode: 28: [[0.20150268 0.19818199 0.20441717 0.19828895 0.19287519]] 
Episode: 29: [[0.20148721 0.19815534 0.20441866 0.1983193  0.19289851]] 
Episode: 30: [[0.20147258 0.19810894 0.2044116  0.19835988 0.19292754]] 
Episode: 31: [[0.20147493 0.19805269 0.2043857  0.19838914 0.19294444]] 
Episode: 32: [[0.20147252 0.19800691 0.20436986 0.19841842 0.19296053]] 
Episode: 33: [[0.20148505 0.1979686  0.20434882 0.19842723 0.1929595 ]] 
Episode: 34: [[0.20148511 0.19794141 0.2043394  0.1984434  0.19296688]] 
Episode: 35: [[0.20148548 0.1979229  0.20433357 0.19845481 0.1929706 ]] 
Episode: 36: [[0.20148814 0.19790551 0.20432971 0.19846404 0.19296974]] 
Episode: 37: [[0.20149486 0.19788934 0.20432308 0.1984687  0.1929645 ]] 
Episode: 38: [[0.20149411 0.19788672 0.20432697 0.19846912 0.19296557]] 
Episode: 39: [[0.20149794 0.19787998 0.20432606 0.19846755 0.19296324]] 
Episode: 40: [[0.20150955 0.19786817 0.20431802 0.19846332 0.19295293]] 
Episode: 41: [[0.20152034 0.19785817 0.20431072 0.1984597  0.19294244]] 
Episode: 42: [[0.20152974 0.19786525 0.2043113  0.19844621 0.19292903]] 
Episode: 43: [[0.20153886 0.19787648 0.20431383 0.19843045 0.1929147 ]] 
Episode: 44: [[0.20154454 0.19788581 0.20431809 0.19841917 0.19290434]] 
Episode: 45: [[0.20155494 0.19789138 0.20431532 0.19840865 0.19288881]] 
Episode: 46: [[0.20157677 0.19788292 0.20430003 0.19839789 0.1928635 ]] 
Episode: 47: [[0.20160188 0.19787572 0.20428377 0.19838294 0.19283432]] 
Episode: 48: [[0.20163907 0.19784948 0.20425291 0.19836734 0.19279824]] 
Episode: 49: [[0.20167287 0.19781841 0.20422158 0.19835739 0.19276792]] 
Episode: 50: [[0.20169954 0.19778048 0.20419079 0.1983578  0.19274814]] 
Episode: 51: [[0.20172945 0.19774124 0.20416442 0.19835334 0.1927243 ]] 
Episode: 52: [[0.20175964 0.19769867 0.2041356  0.1983464  0.192705  ]] 
Episode: 53: [[0.2017867  0.19766161 0.20411162 0.19834043 0.19268599]] 
Episode: 54: [[0.20183125 0.19761798 0.20407943 0.19831778 0.19265114]] 
Episode: 55: [[0.20186424 0.19757633 0.20405267 0.19830573 0.19262849]] 
Episode: 56: [[0.20189461 0.19754486 0.20403276 0.19829012 0.19260503]] 
Episode: 57: [[0.2019328  0.1975227  0.20401123 0.19826318 0.19256936]] 
Episode: 58: [[0.20195754 0.19748622 0.20398808 0.19826229 0.19255035]] 
Episode: 59: [[0.20197845 0.197455   0.20397066 0.19826522 0.19253059]] 
Episode: 60: [[0.20198742 0.19742863 0.20396332 0.19827676 0.19252153]] 
Episode: 61: [[0.20199566 0.19740571 0.20395681 0.19828677 0.1925128 ]] 
Episode: 62: [[0.20200206 0.19741023 0.20396557 0.19828357 0.19249524]] 
Episode: 63: [[0.20200762 0.197415   0.20397624 0.19828074 0.19247818]] 
Episode: 64: [[0.20201777 0.19742374 0.20398392 0.19827084 0.19245613]] 
Episode: 65: [[0.2020441  0.19744512 0.20398776 0.19823644 0.19241409]] 
Episode: 66: [[0.20206751 0.19747022 0.20399386 0.19820191 0.19237502]] 
Episode: 67: [[0.20208445 0.19748214 0.20399868 0.19818261 0.19234575]] 
Episode: 68: [[0.2021028  0.19749866 0.20400192 0.1981589  0.19231503]] 
Episode: 69: [[0.20211464 0.1975148  0.20400895 0.19814199 0.19229098]] 
Episode: 70: [[0.20211832 0.197529   0.20402023 0.19813593 0.19227456]] 
Episode: 71: [[0.20211872 0.19754449 0.20403297 0.19813173 0.19226208]] 
Episode: 72: [[0.20212261 0.19755438 0.20403908 0.19812684 0.19224915]] 
Episode: 73: [[0.20212731 0.19756633 0.20404465 0.19811907 0.19223589]] 
Episode: 74: [[0.20213354 0.19757736 0.20404908 0.1981104  0.19222118]] 
Episode: 75: [[0.20214538 0.1975848  0.20404692 0.19809929 0.19220178]] 
Episode: 76: [[0.20215404 0.19759436 0.20404802 0.1980891  0.19218558]] 
Episode: 77: [[0.20216876 0.19760698 0.2040481  0.198071   0.19216168]] 
Episode: 78: [[0.20216034 0.19761701 0.20405921 0.19807507 0.19216508]] 
Episode: 79: [[0.20216313 0.19763164 0.20406823 0.19806571 0.19215403]] 
Episode: 80: [[0.20217514 0.19767377 0.20407806 0.19802968 0.19212842]] 
Episode: 81: [[0.20217748 0.1977158  0.20409235 0.19800326 0.19211332]] 
Episode: 82: [[0.20218287 0.1977501  0.20410112 0.19797812 0.19209792]] 
Episode: 83: [[0.20218402 0.19778103 0.2041124  0.19795844 0.19208789]] 
Episode: 84: [[0.20218147 0.19779745 0.20411946 0.19794755 0.19208905]] 
Episode: 85: [[0.20219895 0.19779873 0.20410532 0.1979257  0.19207567]] 
Episode: 86: [[0.20221254 0.19780223 0.2040951  0.19790734 0.19206452]] 
Episode: 87: [[0.20222387 0.19781269 0.20409183 0.1978862  0.19205311]] 
Episode: 88: [[0.20223458 0.1978274  0.20409425 0.19786479 0.19203812]] 
Episode: 89: [[0.20221794 0.1978198  0.20410106 0.19788553 0.19205756]] 
Episode: 90: [[0.20219839 0.19781633 0.20410733 0.19790669 0.1920805 ]] 
Episode: 91: [[0.20218019 0.19781134 0.20411502 0.19792695 0.19210161]] 
Episode: 92: [[0.20216167 0.19780858 0.20412467 0.19794612 0.19212212]] 
Episode: 93: [[0.20213528 0.19780952 0.20414245 0.1979714  0.1921483 ]] 
Episode: 94: [[0.20210773 0.19781229 0.20416602 0.19799674 0.1921732 ]] 
Episode: 95: [[0.20208843 0.19780912 0.20418572 0.19801705 0.19219024]] 
Episode: 96: [[0.2020737  0.19780564 0.20420167 0.19803493 0.19220155]] 
Episode: 97: [[0.20206255 0.19780645 0.20421894 0.19804652 0.19220732]] 
Episode: 98: [[0.20204927 0.19780707 0.20423555 0.19806047 0.19221602]] 
Episode: 99: [[0.20203023 0.19780003 0.20425594 0.19808266 0.192233  ]] 
Episode: 100: [[0.2020044  0.197794   0.20428221 0.19811273 0.19225451]] 
Episode: 101: [[0.20198065 0.19778886 0.2043056  0.19813928 0.1922753 ]] 
Episode: 102: [[0.20196676 0.19779333 0.20433007 0.19815017 0.192282  ]] 
Episode: 103: [[0.20195313 0.19779043 0.20435518 0.19816387 0.19229004]] 
Episode: 104: [[0.20194045 0.19779254 0.20437881 0.1981744  0.19229631]] 
Episode: 105: [[0.20193014 0.19778603 0.20440425 0.19818577 0.19230133]] 
Episode: 106: [[0.20193142 0.1978033  0.20443025 0.19817178 0.19228832]] 
Episode: 107: [[0.20193143 0.19782783 0.20445894 0.19815499 0.19227472]] 
Episode: 108: [[0.201933   0.19785386 0.20448647 0.19813655 0.19225879]] 
Episode: 109: [[0.20193602 0.19785753 0.20451185 0.19812739 0.19224665]] 
Episode: 110: [[0.20194794 0.1978545  0.20452432 0.1981137  0.19222935]] 
Episode: 111: [[0.20195784 0.19785452 0.2045396  0.19810005 0.19221316]] 
Episode: 112: [[0.20195977 0.19785476 0.20455533 0.19809416 0.1922069 ]] 
Episode: 113: [[0.20194033 0.1978515  0.20457605 0.19811441 0.19222382]] 
Episode: 114: [[0.20192453 0.19785775 0.2045981  0.19812809 0.19223218]] 
Episode: 115: [[0.2019081  0.19787113 0.20461623 0.19814014 0.1922406 ]] 
Episode: 116: [[0.20188749 0.19788562 0.20464018 0.19815502 0.1922522 ]] 
Episode: 117: [[0.20187062 0.19789931 0.20465717 0.1981672  0.19226176]] 
Episode: 118: [[0.20186198 0.1979073  0.2046684  0.19817254 0.19226569]] 
Episode: 119: [[0.20186949 0.19790107 0.20466179 0.19816972 0.19225895]] 
Episode: 120: [[0.20188165 0.1978993  0.20465064 0.19816115 0.19224651]] 
Episode: 121: [[0.20188536 0.1978999  0.20464267 0.19816053 0.19224238]] 
Episode: 122: [[0.20188627 0.1978995  0.2046351  0.19816354 0.19224156]] 
Episode: 123: [[0.20189866 0.19789283 0.204627   0.19815642 0.19222906]] 
Episode: 124: [[0.2019069  0.19788522 0.2046229  0.19815616 0.19221842]] 
Episode: 125: [[0.20191127 0.19787742 0.20462228 0.1981589  0.19221202]] 
Episode: 126: [[0.2019068  0.19787337 0.20462663 0.1981679  0.19221452]] 
Episode: 127: [[0.20190641 0.19786581 0.20462726 0.19817482 0.19221392]] 
Episode: 128: [[0.20191151 0.19785373 0.20461813 0.19818065 0.19220977]] 
Episode: 129: [[0.20192036 0.19784695 0.20461002 0.19817908 0.19220018]] 
Episode: 130: [[0.20188567 0.19784565 0.20463382 0.19821848 0.19223088]] 
Episode: 131: [[0.20185052 0.19786197 0.20466608 0.19824807 0.1922564 ]] 
Episode: 132: [[0.20181222 0.19787668 0.20469923 0.19828087 0.19228645]] 
Episode: 133: [[0.20177753 0.19789305 0.20472951 0.19831014 0.1923121 ]] 
Episode: 134: [[0.20174107 0.19790865 0.20476055 0.19834262 0.19233896]] 
Episode: 135: [[0.20169374 0.19792102 0.20479898 0.19838823 0.1923765 ]] 
Episode: 136: [[0.20165808 0.19793905 0.2048314  0.19841935 0.19240074]] 
Episode: 137: [[0.20162323 0.1979628  0.20486769 0.19844645 0.1924215 ]] 
Episode: 138: [[0.20159847 0.19797693 0.20489293 0.19846846 0.19243586]] 
Episode: 139: [[0.20157298 0.19800468 0.20492321 0.19848432 0.19244646]] 
Episode: 140: [[0.20154527 0.19803256 0.20495489 0.19850154 0.19245991]] 
Episode: 141: [[0.20151725 0.19805466 0.20498641 0.1985208  0.19247584]] 
Episode: 142: [[0.20147455 0.198077   0.20502724 0.1985538  0.19250713]] 
Episode: 143: [[0.20141912 0.19811489 0.20508121 0.1985896  0.19254786]] 
Episode: 144: [[0.20135975 0.19815813 0.20514087 0.19862735 0.19258957]] 
Episode: 145: [[0.2013008  0.19819656 0.20520267 0.19866721 0.19263065]] 
Episode: 146: [[0.20126195 0.19823577 0.20525049 0.19868642 0.19265218]] 
Episode: 147: [[0.20122986 0.19826975 0.20529163 0.19870217 0.19266841]] 
Episode: 148: [[0.20120221 0.19830512 0.20533067 0.19871275 0.19267963]] 
Episode: 149: [[0.20118201 0.19832273 0.2053581  0.19872838 0.19268674]] 
Episode: 150: [[0.20115437 0.19834645 0.20539458 0.19874816 0.19269845]] 
Episode: 151: [[0.20111811 0.1983736  0.20543876 0.19877476 0.19271724]] 
Episode: 152: [[0.20111322 0.19839922 0.20545144 0.19877201 0.19270901]] 
Episode: 153: [[0.20110369 0.19842161 0.205465   0.19877496 0.19270742]] 
Episode: 154: [[0.20109193 0.19844164 0.20547655 0.19878203 0.19270937]] 
Episode: 155: [[0.20107387 0.19847162 0.2054975  0.19878803 0.19271542]] 
Episode: 156: [[0.20105362 0.19849624 0.20551941 0.19879842 0.19272526]] 
Episode: 157: [[0.20103234 0.19851531 0.20553865 0.19881126 0.19273968]] 
Episode: 158: [[0.20101114 0.19853616 0.20555872 0.19882232 0.19275399]] 
Episode: 159: [[0.20098113 0.19855382 0.20558394 0.19884276 0.19277875]] 
Episode: 160: [[0.20095517 0.19856328 0.20560355 0.19886504 0.1928008 ]] 
Episode: 161: [[0.2009266  0.19857167 0.20562471 0.19889097 0.19282529]] 
Episode: 162: [[0.20092593 0.19856586 0.20562153 0.19889876 0.19282512]] 
Episode: 163: [[0.2009292  0.19855769 0.20561408 0.19890389 0.19282216]] 
Episode: 164: [[0.20092668 0.19855012 0.2056087  0.19891323 0.19282663]] 
Episode: 165: [[0.20091972 0.19854309 0.20560591 0.19892558 0.1928365 ]] 
Episode: 166: [[0.20091729 0.19853938 0.20560296 0.19893117 0.19284047]] 
Episode: 167: [[0.20091003 0.19853508 0.2056024  0.1989417  0.19284989]] 
Episode: 168: [[0.20090222 0.19854069 0.20560469 0.19894564 0.19285876]] 
Episode: 169: [[0.20089948 0.19855323 0.20560797 0.19894187 0.19285877]] 
Episode: 170: [[0.20088947 0.19856451 0.2056163  0.19894567 0.19286638]] 
Episode: 171: [[0.20087945 0.19857554 0.20562345 0.19895038 0.19287394]] 
Episode: 172: [[0.20089781 0.19859166 0.20561378 0.198923   0.19285256]] 
Episode: 173: [[0.20089601 0.19860521 0.20561501 0.19891399 0.19285524]] 
Episode: 174: [[0.20087977 0.1986124  0.20562209 0.19891988 0.19287717]] 
Episode: 175: [[0.20086342 0.19862233 0.20563105 0.1989246  0.19289789]] 
Episode: 176: [[0.2008594  0.19862425 0.20562802 0.19892077 0.19290964]] 
Episode: 177: [[0.20085488 0.19861515 0.20561951 0.1989267  0.19292326]] 
Episode: 178: [[0.20084074 0.19861557 0.20562293 0.19893584 0.1929437 ]] 
Episode: 179: [[0.20082983 0.198622   0.20562778 0.19893792 0.192959  ]] 
Episode: 180: [[0.20081553 0.19863097 0.20563556 0.1989425  0.19297664]] 
Episode: 181: [[0.20079248 0.19864261 0.20565027 0.19895567 0.19300103]] 
Episode: 182: [[0.20076992 0.198654   0.20566478 0.19896984 0.19302379]] 
Episode: 183: [[0.20074145 0.19865915 0.20568126 0.19899411 0.19305345]] 
Episode: 184: [[0.20074582 0.19866355 0.20567381 0.19898587 0.19305168]] 
Episode: 185: [[0.20074847 0.19866845 0.20566842 0.19897945 0.19305085]] 
Episode: 186: [[0.20074841 0.19867274 0.20566499 0.19897668 0.19305222]] 
Episode: 187: [[0.20075028 0.19866839 0.2056578  0.1989779  0.19305293]] 
Episode: 188: [[0.20074782 0.1986644  0.20565428 0.19898303 0.19305775]] 
Episode: 189: [[0.20074898 0.19864894 0.20564471 0.19899043 0.19306237]] 
Episode: 190: [[0.20075445 0.19863528 0.20563233 0.19899145 0.19306336]] 
Episode: 191: [[0.20077348 0.1986049  0.20560421 0.19898912 0.19305517]] 
Episode: 192: [[0.20078047 0.19859165 0.20559144 0.19899035 0.19305274]] 
Episode: 193: [[0.2007891  0.19859494 0.20558594 0.19898082 0.19304287]] 
Episode: 194: [[0.20078412 0.19859132 0.2055793  0.19899051 0.19305037]] 
Episode: 195: [[0.200788   0.1985855  0.20556632 0.19899252 0.19304954]] 
Episode: 196: [[0.20079684 0.19858482 0.20555219 0.1989878  0.19304132]] 
Episode: 197: [[0.20080498 0.19858414 0.20554054 0.19898528 0.19303171]] 
Episode: 198: [[0.2008067  0.19859219 0.20553593 0.19898285 0.19302735]] 
Episode: 199: [[0.20081258 0.19860363 0.20553216 0.19897592 0.19301564]] 
Episode: 200: [[0.20082703 0.19861184 0.20552161 0.19896254 0.19299601]] 
Episode: 201: [[0.2008414  0.19862007 0.20551139 0.19894901 0.19297653]] 
Episode: 202: [[0.20085058 0.19861773 0.20549999 0.19894679 0.19296537]] 
Episode: 203: [[0.20085621 0.19861199 0.20549057 0.19895042 0.19295798]] 
Episode: 204: [[0.20086384 0.19859411 0.20547676 0.19896203 0.19294886]] 
Episode: 205: [[0.20085868 0.19857706 0.20547916 0.19898511 0.19294967]] 
Episode: 206: [[0.20085777 0.19856405 0.20548011 0.19900101 0.19294572]] 
Episode: 207: [[0.20085892 0.19856866 0.2054862  0.1990069  0.19293317]] 
Episode: 208: [[0.20085941 0.1985766  0.2054947  0.19901045 0.19292091]] 
Episode: 209: [[0.20085797 0.19858365 0.20550336 0.1990156  0.19291185]] 
Episode: 210: [[0.20084997 0.19859225 0.20551693 0.19902617 0.19290909]] 
Episode: 211: [[0.2008173  0.19860484 0.20555156 0.19905765 0.19292958]] 
Episode: 212: [[0.200792   0.19860761 0.20557798 0.19908674 0.19294585]] 
Episode: 213: [[0.2007753  0.19860575 0.20559824 0.19910829 0.19295563]] 
Episode: 214: [[0.20076957 0.1986087  0.205612   0.1991169  0.19295292]] 
Episode: 215: [[0.20075153 0.19862208 0.20564051 0.19913428 0.19295649]] 
Episode: 216: [[0.20074685 0.19863605 0.205659   0.19913937 0.19294602]] 
Episode: 217: [[0.20073996 0.19865043 0.20567816 0.19914563 0.19293872]] 
Episode: 218: [[0.2007385  0.19865811 0.2056904  0.19914918 0.19292912]] 
Episode: 219: [[0.20072521 0.19865814 0.20570435 0.19916536 0.19293775]] 
Episode: 220: [[0.20070557 0.1986657  0.20572498 0.19918448 0.19295003]] 
Episode: 221: [[0.20069934 0.1986863  0.20574275 0.19918635 0.19294195]] 
Episode: 222: [[0.20069289 0.19870695 0.20576054 0.1991881  0.1929344 ]] 
Episode: 223: [[0.20069152 0.19872566 0.20577309 0.19918568 0.192923  ]] 
Episode: 224: [[0.20068915 0.19873805 0.2057825  0.19918706 0.19291559]] 
Episode: 225: [[0.20068273 0.19875388 0.20579599 0.19918965 0.19291192]] 
Episode: 226: [[0.2006717  0.19876987 0.20581353 0.19919683 0.19291234]] 
Episode: 227: [[0.20066306 0.19877248 0.20582555 0.19920762 0.19291496]] 
Episode: 228: [[0.20064983 0.19877724 0.20584212 0.19922106 0.19292182]] 
Episode: 229: [[0.20064916 0.19878018 0.20584846 0.19922352 0.1929168 ]] 
Episode: 230: [[0.20065044 0.19879325 0.20585606 0.19921641 0.19290908]] 
Episode: 231: [[0.20065063 0.19880974 0.20586558 0.19920915 0.19290091]] 
Episode: 232: [[0.20061298 0.19881462 0.20589404 0.19924401 0.19293623]] 
Episode: 233: [[0.20060909 0.1988156  0.20589538 0.19924729 0.19294056]] 
Episode: 234: [[0.2006038  0.19882363 0.20590152 0.19924754 0.19294424]] 
Episode: 235: [[0.20059498 0.19882587 0.20591055 0.1992542  0.19295214]] 
Episode: 236: [[0.20058656 0.19882227 0.20591673 0.19926307 0.19296195]] 
Episode: 237: [[0.20057935 0.19882345 0.20592314 0.19926801 0.1929696 ]] 
Episode: 238: [[0.20056644 0.19884904 0.20594254 0.19926679 0.19297464]] 
Episode: 239: [[0.20057106 0.19887365 0.20594762 0.19924857 0.1929636 ]] 
Episode: 240: [[0.20057628 0.19889939 0.20596291 0.19922993 0.1929467 ]] 
Episode: 241: [[0.200577   0.19892474 0.20597735 0.19921541 0.19293638]] 
Episode: 242: [[0.20057091 0.1989361  0.20599206 0.19921562 0.19293618]] 
Episode: 243: [[0.20054209 0.19894221 0.20602173 0.19924518 0.19295615]] 
Episode: 244: [[0.20051475 0.19894868 0.2060517  0.19927327 0.1929739 ]] 
Episode: 245: [[0.20049037 0.1989529  0.2060785  0.19929777 0.19299102]] 
Episode: 246: [[0.20047738 0.19894575 0.20608668 0.19931692 0.19300312]] 
Episode: 247: [[0.2004639  0.19894403 0.20609711 0.1993335  0.19301425]] 
Episode: 248: [[0.20045188 0.19894011 0.20610304 0.19934948 0.19302604]] 
Episode: 249: [[0.20044453 0.19893692 0.20610495 0.1993601  0.19303371]] 
Episode: 250: [[0.20043887 0.1989298  0.20610516 0.19937277 0.19303916]] 
Episode: 251: [[0.20043987 0.19892372 0.20610131 0.19937721 0.19303855]] 
Episode: 252: [[0.20044953 0.19892971 0.20609628 0.19936663 0.19302575]] 
Episode: 253: [[0.20045356 0.19893937 0.20609455 0.19936015 0.19301781]] 
Episode: 254: [[0.20045286 0.19895135 0.20609827 0.19935663 0.19301373]] 
Episode: 255: [[0.20044512 0.19896047 0.20610592 0.19935955 0.19301908]] 
Episode: 256: [[0.2004474  0.1989748  0.20610759 0.19935034 0.19301297]] 
Episode: 257: [[0.2004499  0.19899337 0.20611116 0.1993421  0.19300234]] 
Episode: 258: [[0.20043689 0.19901243 0.20611946 0.19934906 0.19300945]] 
Episode: 259: [[0.20042618 0.19902365 0.20612833 0.19935445 0.19301726]] 
Episode: 260: [[0.20042782 0.19901957 0.20612611 0.19935586 0.19301595]] 
Episode: 261: [[0.20041145 0.1990288  0.20613845 0.19937038 0.19302778]] 
Episode: 262: [[0.20040077 0.19903517 0.20614755 0.19938096 0.193034  ]] 
Episode: 263: [[0.20039582 0.1990344  0.20615289 0.19938846 0.19303638]] 
Episode: 264: [[0.200379   0.19904879 0.20617883 0.19939762 0.19304489]] 
Episode: 265: [[0.20036866 0.19905384 0.2061983  0.19940537 0.19304903]] 
Episode: 266: [[0.20034344 0.19907255 0.20621999 0.19942077 0.19306937]] 
Episode: 267: [[0.20032139 0.19909114 0.20623809 0.19943428 0.1930862 ]] 
Episode: 268: [[0.20031913 0.19910848 0.20624295 0.19942926 0.1930831 ]] 
Episode: 269: [[0.20032592 0.1991351  0.2062437  0.19941223 0.1930673 ]] 
Episode: 270: [[0.20033707 0.19915868 0.20624302 0.19939187 0.19304745]] 
Episode: 271: [[0.20035873 0.19918099 0.20624447 0.19935931 0.19301544]] 
Episode: 272: [[0.20037934 0.1991931  0.2062444  0.199332   0.19298777]] 
Episode: 273: [[0.20040938 0.19918591 0.20623572 0.1993078  0.19295245]] 
Episode: 274: [[0.20044234 0.19917335 0.20622557 0.19928212 0.1929159 ]] 
Episode: 275: [[0.20047559 0.1991592  0.20620613 0.19926041 0.19288033]] 
Episode: 276: [[0.2004972  0.1991557  0.20619012 0.19924724 0.19285461]] 
Episode: 277: [[0.20052299 0.1991484  0.20617183 0.19922905 0.19282737]] 
Episode: 278: [[0.20053986 0.19914012 0.20616215 0.19921875 0.19280928]] 
Episode: 279: [[0.20056672 0.19913355 0.2061403  0.19919711 0.1927837 ]] 
Episode: 280: [[0.2006038  0.19909488 0.20610751 0.19918036 0.19275574]] 
Episode: 281: [[0.20062996 0.19906043 0.20608605 0.19917138 0.1927371 ]] 
Episode: 282: [[0.20062709 0.19901764 0.20610829 0.19918646 0.19274583]] 
Episode: 283: [[0.20061223 0.198978   0.20613456 0.19921134 0.19276814]] 
Episode: 284: [[0.20058693 0.19895416 0.206169   0.1992397  0.19279703]] 
Episode: 285: [[0.20055565 0.19890782 0.20619904 0.19928652 0.19283809]] 
Episode: 286: [[0.20053242 0.19886535 0.20621839 0.19932517 0.19287129]] 
Episode: 287: [[0.20050648 0.19883673 0.20624352 0.1993603  0.19290265]] 
Episode: 288: [[0.20047586 0.19880673 0.20627065 0.19940104 0.19293919]] 
Episode: 289: [[0.20045719 0.19878246 0.20628826 0.19942589 0.19296442]] 
Episode: 290: [[0.20043732 0.1987539  0.20630705 0.199455   0.19299062]] 
Episode: 291: [[0.20041879 0.19872916 0.20632164 0.1994824  0.19301501]] 
Episode: 292: [[0.20039931 0.19871032 0.20633584 0.19950916 0.19303867]] 
Episode: 293: [[0.2003827  0.19869947 0.2063465  0.19953036 0.19305784]] 
Episode: 294: [[0.20037898 0.19868928 0.2063474  0.19953896 0.19306403]] 
Episode: 295: [[0.20036502 0.19867651 0.20635997 0.19955653 0.19308089]] 
Episode: 296: [[0.20033254 0.1986741  0.2063862  0.19958769 0.19311377]] 
Episode: 297: [[0.20031133 0.19866851 0.20640099 0.19960935 0.19313744]] 
Episode: 298: [[0.20031285 0.19867618 0.2064011  0.19960485 0.1931335 ]] 
Episode: 299: [[0.20030625 0.19868344 0.20640472 0.19960985 0.19313757]] 
Episode: 300: [[0.20034559 0.19869722 0.20637813 0.19957267 0.19308913]] 
