91.270729 87.434555 86.442398 89.177742 86.788902 0.034264 
88.132072 89.515533 85.901779 85.375168 84.620079 0.000000 
86.686974 85.857582 84.534790 98.292130 80.554062 0.000000 
84.255180 93.830849 98.836594 95.682678 94.280510 0.000000 
85.634323 95.873383 92.462036 100.455750 88.403000 0.019782 
89.319191 90.820671 82.780159 98.928123 85.119926 0.000000 
85.941307 87.360619 89.271454 96.235443 90.248833 0.000000 
91.172531 88.896240 101.763245 94.850380 71.145706 0.000000 
90.578430 91.515808 99.982384 88.855438 87.344994 0.000000 
90.013039 88.490166 96.496643 107.349953 86.073395 0.000000 
89.020836 89.875038 99.599617 99.801521 95.446938 0.019782 
90.279610 99.686951 76.485641 97.079666 76.923210 0.039565 
91.382660 86.770157 95.764816 101.624382 93.861870 0.000000 
