71.741585 43.924507 31.321379 29.957823 23.281456 0.027976 
82.872910 48.363224 43.044216 38.933437 23.261984 0.019782 
77.594299 28.988348 32.985062 30.665260 36.498131 0.000000 
75.992035 33.795113 31.465816 40.674778 25.262415 0.027976 
72.758026 37.699009 27.430174 31.929136 28.866369 0.000000 
80.367340 29.925489 41.232109 38.285278 33.622452 0.000000 
76.393944 36.849724 35.035172 39.119331 31.487534 0.000000 
67.943779 46.376316 30.827051 22.443340 26.409464 0.000000 
70.204178 30.665405 32.854099 29.045109 20.605455 0.027976 
81.156967 45.901211 45.092381 46.561348 29.275826 0.027976 
