0.200000 
0.200000 
0.400000 
0.200000 
0.200000 
0.200000 
0.200000 
0.200000 
0.200000 
0.240000 
0.200000 
0.200000 
0.200000 
0.240000 
0.400000 
0.200000 
0.200000 
0.200000 
0.200000 
0.200000 
0.200000 
0.200000 
0.200000 
0.200000 
0.400000 
0.200000 
0.200000 
0.200000 
0.200000 
0.200000 
0.200000 
0.200000 
0.200000 
0.200000 
0.400000 
0.200000 
0.200000 
0.200000 
0.200000 
0.400000 
0.200000 
0.200000 
0.200000 
0.200000 
0.200000 
0.200000 
0.200000 
0.200000 
0.200000 
0.200000 
0.200000 
0.200000 
0.200000 
0.400000 
0.200000 
0.200000 
0.400000 
0.200000 
0.200000 
0.400000 
0.200000 
0.200000 
0.200000 
0.200000 
0.200000 
0.400000 
0.200000 
0.200000 
0.200000 
0.200000 
0.200000 
0.400000 
0.400000 
0.200000 
0.600000 
0.200000 
0.200000 
0.200000 
0.200000 
0.200000 
0.400000 
0.200000 
0.200000 
0.200000 
0.200000 
0.200000 
0.200000 
0.200000 
0.400000 
0.200000 
0.200000 
0.400000 
0.200000 
0.200000 
0.400000 
0.400000 
0.400000 
0.200000 
0.200000 
0.200000 
0.200000 
0.200000 
0.160000 
0.200000 
0.200000 
0.200000 
0.400000 
0.200000 
0.200000 
0.200000 
0.200000 
0.600000 
0.220000 
0.200000 
0.360000 
0.200000 
0.200000 
0.200000 
0.200000 
0.200000 
0.400000 
0.200000 
0.200000 
0.200000 
0.400000 
0.400000 
0.200000 
0.400000 
0.400000 
0.200000 
0.200000 
0.200000 
0.400000 
0.200000 
0.200000 
0.400000 
0.200000 
0.200000 
0.200000 
0.200000 
0.200000 
0.200000 
0.200000 
0.400000 
0.200000 
0.200000 
0.200000 
0.200000 
0.200000 
0.200000 
0.200000 
0.400000 
0.200000 
0.200000 
0.200000 
0.200000 
0.200000 
0.200000 
0.200000 
0.400000 
0.200000 
0.200000 
0.200000 
0.400000 
0.200000 
0.200000 
0.200000 
0.140000 
0.200000 
0.200000 
0.200000 
0.140000 
0.200000 
0.200000 
0.200000 
0.200000 
0.200000 
0.080000 
0.200000 
0.200000 
0.200000 
0.200000 
0.200000 
0.200000 
0.400000 
0.200000 
0.400000 
0.200000 
0.200000 
0.200000 
0.200000 
0.200000 
0.400000 
0.200000 
0.200000 
0.400000 
0.200000 
0.200000 
0.200000 
0.200000 
