15733.113281 4882.568848 1998.232666 3169.868164 1429.596191 
2080.298340 1509.212158 1227.421021 861.991699 60911.312500 
1405.570312 1014.628967 714.987183 678.751404 85340.617188 
1903.936890 1082.506714 762.028503 681.247925 119010.468750 
1834.944702 1170.348877 1003.359924 822.783264 419529.687500 
1760.525024 1142.372925 1036.406738 1280.216553 337703.000000 
1772.232544 1065.851196 795.623291 777.490051 272349.875000 
1482.238281 881.220459 631.790466 632.024719 441580.218750 
1669.854858 948.658630 746.766235 472.154083 531019.750000 
2301.497559 1665.650513 977.184265 1006.452881 394233.375000 
1391.335205 753.551880 549.268738 474.205017 805972.375000 
1770.615112 988.308228 730.625916 564.608826 323600.375000 
2364.482666 1339.280396 1203.956665 666.725891 396776.656250 
2675.549561 2018.077026 2425.294189 3766.412109 2530528.750000 
1780.170776 1091.506104 835.520691 607.070190 802192.375000 
1890.225708 1165.984009 822.773926 1054.010620 800982.750000 
1335.800415 763.229858 509.217224 490.141724 2443702.000000 
1947.120972 1394.843384 1142.182861 1477.539917 957826.250000 
1842.572876 1277.177246 1249.245361 978.898621 1163611.750000 
1692.438354 950.813416 616.473389 784.311157 794554.812500 
1970.374146 1118.057983 1049.908691 1148.795044 1337851.375000 
2397.480957 1649.592896 1656.227661 2475.353516 1042574.250000 
1623.879272 962.523621 847.866943 741.159607 1358755.000000 
1910.818481 1304.400757 1734.705444 1616.553223 1155480.375000 
2174.484375 1409.308716 1015.186768 895.912109 1993365.875000 
2071.671875 1187.342529 1126.983765 1437.623413 662423.000000 
1880.087280 1149.161743 943.383911 867.954041 998220.125000 
2480.170166 1281.722168 999.564392 630.746765 2519959.000000 
3649.873779 2494.031982 2206.242188 2029.874634 1004521.937500 
2130.434570 1180.836670 1373.578857 1205.136230 1772112.750000 
1878.670044 1079.976196 866.371155 774.481323 636424.125000 
2025.020996 1293.663208 1313.671143 1232.901855 685453.000000 
1933.093994 1064.510376 825.205322 631.181396 2121993.000000 
3987.419678 2056.065430 1789.331299 2240.748779 751757.500000 
1802.946411 1021.311707 873.231445 1102.967896 1238977.375000 
1901.331787 1148.207642 1224.059937 1233.034180 475336.937500 
2034.645142 1204.488281 1093.269165 1267.119019 660945.562500 
2033.835449 1668.210083 1224.109863 2133.701416 2317834.500000 
2432.398682 1316.578247 1291.139771 1130.623169 1402610.000000 
2373.513184 1382.183350 1288.599243 951.943909 442936.156250 
1998.772583 1029.993408 917.729126 968.843018 1630842.500000 
1557.496216 939.262634 716.325684 694.683533 442898.062500 
2018.500977 1323.090942 1357.404053 1378.903320 896933.937500 
1706.989014 980.778931 939.443970 1050.571289 616035.687500 
1552.337280 903.393738 821.868042 589.835449 787017.375000 
1773.598877 1215.750244 851.706543 1135.272339 904557.000000 
1620.120483 1093.050903 975.149536 1117.850586 893700.875000 
2470.658936 1454.396240 1553.554565 2342.295410 840877.375000 
4398.682617 1872.410767 2465.604248 2275.071289 1182422.125000 
6043.778809 3557.469727 3649.778809 3078.252686 808480.187500 
5932.201172 3323.771729 2837.479248 2403.978516 1248302.375000 
3513.231934 1768.891968 1529.848511 2076.197266 555781.437500 
2325.834717 1534.656982 1106.066895 1452.694092 631297.250000 
1909.199341 1304.655762 968.684631 1547.235229 2047611.125000 
2651.847168 1779.079712 1369.160889 1818.209595 1222591.875000 
1658.961426 1128.874023 942.972473 655.065308 804499.312500 
1902.221069 1227.969604 1152.003784 1050.779785 647506.875000 
1291.795044 754.247742 573.685974 723.634827 1143894.000000 
2793.373047 1666.622437 1732.704102 2323.687012 649626.875000 
2760.242920 2172.882568 2206.339355 7464.380371 719757.437500 
1896.192505 1161.316040 1275.881958 1566.319824 302349.156250 
1421.556396 948.915710 709.077026 778.294495 1372220.625000 
1586.052856 1153.480225 978.342041 1489.207520 652194.750000 
1934.156128 1298.602905 1365.588135 1511.119751 419203.062500 
2369.864258 1463.658813 1255.606079 1569.683838 250019.015625 
1783.219482 1108.979126 1181.509033 2561.606934 226691.906250 
1661.355103 1258.070923 865.988403 742.408997 478871.437500 
1756.004028 1008.360962 906.835083 1127.926025 415636.437500 
2698.738037 1922.847778 2134.395996 2443.304688 172102.953125 
2086.513672 1397.384033 1293.808838 1311.259888 136399.718750 
1928.791992 1314.825928 1013.383118 1161.473267 330350.468750 
2039.259521 1505.652466 1622.618408 1866.977051 183927.203125 
2630.667236 2010.805542 1952.946777 2490.568359 139247.000000 
1598.508667 1045.629150 903.732239 1503.903076 163115.578125 
2596.533203 2038.507812 2389.478271 1892.440552 163699.578125 
2365.426514 1701.042358 1440.813232 1470.677856 200171.046875 
2727.415283 2186.746582 1925.484985 1828.227539 259535.796875 
2485.822510 2369.021973 3124.827637 4152.863770 128734.367188 
2505.053711 2003.400757 1826.843384 1663.247314 246541.015625 
2639.448730 1547.208496 1859.439575 2233.895020 161393.500000 
3221.490967 2322.422607 2212.578369 2444.997070 126432.960938 
4089.565430 2962.187744 2773.985352 2355.907227 91772.867188 
2642.330078 2108.702881 1914.351196 2339.416992 215560.453125 
2807.262451 1897.031738 1952.132324 2035.968506 125507.828125 
2915.222656 2373.829590 2464.246582 2327.678467 167352.625000 
2802.758057 1975.959229 2383.817627 3452.937256 116296.796875 
3567.660889 3178.517334 3341.146484 3200.236572 136963.125000 
2822.645508 2248.552490 1697.626831 1808.619751 181411.343750 
3136.100342 2277.024902 2012.233521 2676.836426 146017.421875 
2669.293701 1942.954712 2029.939331 1636.186157 203055.906250 
3804.791748 2649.887451 2658.026123 2431.520996 135778.953125 
2158.731201 1155.396973 937.234070 1323.907837 188602.859375 
4430.797852 2988.980225 2424.244873 2171.644043 104067.257812 
2638.251221 1853.034790 2151.807373 2539.604492 188689.484375 
3695.017090 2660.994141 2762.325684 4152.152832 114072.445312 
3049.897705 2938.509766 2692.276611 2905.908936 171194.109375 
3247.660400 2274.266113 2229.042969 2224.378906 110307.906250 
2100.500488 1337.500488 1280.915649 1434.584106 235603.171875 
2189.069336 1747.952759 1461.995483 2086.076172 226013.546875 
2448.481689 1762.373535 1710.512085 2027.378906 190626.093750 
2893.718262 2115.090332 2321.621094 2848.082275 117421.023438 
2005.242798 1214.998657 1105.801758 857.576477 230101.625000 
2313.300049 2387.412354 2407.062744 3883.590820 309723.437500 
1858.004517 1311.890381 1048.384399 1254.193359 227580.218750 
2769.148193 1928.363770 2007.890747 2559.508789 94245.140625 
2269.549805 1459.728271 1467.696289 2030.799072 115542.398438 
2466.795410 1975.676025 1699.124634 2068.260254 305378.531250 
2292.536621 1447.886597 1016.672241 894.495361 238444.593750 
3186.297607 2407.311523 2376.103516 2605.942627 167939.812500 
2313.432861 1468.013062 861.917480 1003.205994 122473.984375 
2654.136719 2258.784912 2318.119873 2797.795410 256705.187500 
2146.446533 1412.736816 1219.244263 1365.842163 304850.250000 
2039.612671 1409.322754 966.568298 875.922363 287965.812500 
2485.341553 1904.802856 1895.056030 1706.801147 219662.000000 
1728.158081 957.309387 706.783142 858.313354 156781.968750 
1819.118286 1209.618896 816.639160 753.840698 369587.187500 
2484.929443 1514.667358 1412.303833 1536.114624 160006.937500 
1935.324951 1499.140381 1352.303955 1601.851685 256533.031250 
2132.742188 1676.639771 1633.551758 1553.536865 112937.718750 
2223.744385 1649.071167 1749.050537 1603.904297 249312.843750 
2645.089355 2058.052002 2089.440918 2700.380615 125483.828125 
3329.130615 2312.906738 2235.545410 2055.036865 144680.234375 
1915.342773 1688.584717 1336.953125 2664.742920 312691.000000 
3171.446045 2268.639160 3048.134277 3040.036621 124752.492188 
2331.410156 1781.203857 1650.877319 3054.562500 225753.734375 
1981.459473 1271.998535 910.075500 1155.807251 227823.000000 
2192.563965 1617.692383 1380.325317 1486.413574 323483.156250 
1650.001343 971.800049 770.447754 786.411316 444234.687500 
2743.134277 3068.507568 5186.609375 4459.513184 248929.640625 
2341.814941 1552.565430 1322.594849 1224.294067 345139.125000 
2132.084473 1392.967163 1293.385498 933.168701 267612.031250 
1815.293579 1113.053833 887.306763 817.638672 264872.375000 
2083.171387 1365.512817 1149.623413 1319.723022 290188.968750 
2520.547852 1971.411255 1734.408691 1842.235962 167032.656250 
2089.788086 1271.031128 1425.098755 1735.659546 322004.156250 
1753.088135 1272.114502 1130.407715 1037.494873 386034.375000 
1821.071899 1372.055542 1286.163696 1637.308838 322842.875000 
1877.206421 1088.777954 857.600586 724.798340 333398.406250 
2505.286133 2220.793701 1871.071655 2214.424805 231867.640625 
1951.851196 1284.329834 1137.942627 1757.641235 248556.984375 
1755.018799 1031.509766 833.064453 901.662903 380827.062500 
2227.341064 1672.616699 1803.258057 1581.620117 363830.812500 
2331.445557 1662.644897 1644.664429 1677.802734 253411.093750 
2197.365723 2014.083740 1623.382568 1998.878296 178265.406250 
2229.631348 1764.324585 1937.087524 1884.769287 283645.625000 
2687.081055 2164.221191 2742.014648 2300.010010 230783.296875 
2405.178467 1649.696411 1682.389771 1881.807617 161101.796875 
1838.067749 1342.172852 1405.409790 1406.830322 532862.500000 
1953.737549 1596.428101 1380.861938 1362.640137 299118.875000 
2029.223022 1438.342651 1771.170898 2584.323242 425895.093750 
2356.512695 2046.385742 1506.678101 2373.639893 178802.250000 
1488.984131 980.160706 903.898071 798.183289 483610.656250 
1782.795898 1264.333618 1057.975952 1850.931763 251227.093750 
2089.451172 1955.419312 2200.941895 3000.222168 244997.359375 
2172.258057 1443.740234 1484.454712 1329.439209 318973.781250 
2704.107422 3193.678711 4297.267090 8963.583984 363573.875000 
2268.143066 1723.051514 1572.043945 3030.785400 474101.687500 
2760.130127 1831.026611 1881.071289 1601.039917 225071.687500 
2114.812988 1761.207520 2219.892334 1977.805664 393571.968750 
2357.116455 1725.003174 2110.897705 2895.168457 151949.890625 
2103.912354 1834.111084 3046.708984 7588.701172 458916.031250 
2051.395020 1386.764282 1263.759644 1350.565308 178181.406250 
1691.625244 1098.541992 980.659607 1129.541626 438241.343750 
1569.253174 1061.140625 699.975586 596.734253 649592.187500 
2181.250244 1382.270752 1414.536255 1219.782959 160891.156250 
1889.755127 1214.973633 1092.323608 838.393982 245528.015625 
2229.353027 1275.618774 1265.711182 1776.225220 310559.937500 
2106.137939 1626.489624 1235.739868 1595.261963 252106.437500 
2324.502197 1695.910278 1664.408081 2168.818604 284626.875000 
2307.996826 1741.383667 1585.283081 1517.093384 283601.812500 
2429.429443 1782.983398 4195.775879 3668.572754 211442.046875 
1872.517456 1197.911011 1032.473511 1044.436401 424713.937500 
1651.064209 1066.236328 843.277222 1263.422241 165636.562500 
2351.266602 2154.294678 1640.949951 1836.979980 213883.703125 
2805.175781 1731.782349 1835.585571 2196.308838 158703.468750 
1849.159790 1254.633301 1136.953857 986.053162 195061.562500 
1738.695312 978.958069 570.767822 598.681152 446901.968750 
2024.931030 1387.888794 1373.425293 1158.146484 365921.093750 
1872.381470 1200.822266 1004.799988 871.249146 318123.125000 
1653.683228 1215.254761 1115.055908 1791.154175 896037.750000 
1600.511230 927.970398 875.542175 806.905518 522371.625000 
1966.541016 1220.134766 894.308838 823.555481 185583.562500 
1967.265503 1488.558105 1299.278198 1392.828735 562678.062500 
1863.938965 1332.184570 1019.143494 1347.398071 485675.843750 
1953.942505 1026.160767 938.872681 1112.076904 222615.843750 
1976.782104 1299.844482 929.035278 892.099792 392890.468750 
1905.298950 1415.418457 1280.375977 1134.408936 485064.468750 
2001.226074 1325.391724 1209.749146 2046.946655 239406.468750 
1958.974854 1435.321655 1167.182861 1497.551025 215016.593750 
2133.625488 1302.057007 1250.127808 1719.079224 260838.625000 
2516.731201 1713.841064 1669.064941 1646.152344 212470.640625 
1912.292114 1431.048462 1506.971069 1416.047974 282778.625000 
1809.259277 1188.339355 968.809692 972.850159 285725.156250 
2103.787354 1382.939697 984.261353 743.865967 278684.750000 
2432.774414 2332.833984 3058.281982 2771.246582 381772.750000 
1957.624023 1218.254028 1201.755127 1125.434082 233263.375000 
1736.752197 1144.596558 977.895020 1312.312134 484795.093750 
1692.346680 1166.709351 1180.265991 1625.499390 294958.125000 
2008.878174 1415.983398 1304.023315 3425.881836 359453.593750 
2645.674316 1963.119995 1753.743042 1890.788696 156088.890625 
2042.243896 1561.464722 1336.908447 1297.439575 381698.531250 
1604.493530 974.398987 761.870178 714.393982 698171.250000 
2062.645752 1211.255493 1023.247559 1970.503540 274466.750000 
1533.938232 974.023804 852.217285 981.733948 582903.062500 
1971.500366 1379.095947 1083.737305 1340.040161 163998.250000 
2119.281738 1417.881470 1300.595825 1466.598633 386820.843750 
2092.980469 1634.710205 1318.990479 1238.281982 411162.343750 
1755.269653 1033.650757 704.063477 699.654175 308654.375000 
1758.111206 1151.382935 846.786133 868.963562 207809.140625 
2035.127930 1886.087036 1474.337769 3368.953857 125871.617188 
1639.768921 1039.528687 815.213013 860.836060 434249.062500 
1924.477051 1207.998657 1021.526855 995.711914 421169.625000 
2532.902832 2308.840088 2019.325073 2131.467529 357546.843750 
1858.670166 1038.617920 867.088684 704.921082 1063103.250000 
1855.713379 1166.647339 973.213928 1273.265991 603829.562500 
1688.032593 960.058533 749.304565 700.158813 568425.687500 
1948.945435 1170.368896 963.285828 1000.453857 146486.390625 
2457.931396 1667.791870 1599.041870 1159.043457 325314.000000 
1630.150757 1091.060181 846.772583 743.120850 690197.000000 
2512.156982 1817.123535 1559.679321 2521.658203 164636.406250 
2443.093018 1668.462769 2265.710449 3650.546631 451728.781250 
1572.295044 1230.381958 927.798767 849.988403 718960.625000 
2130.104004 1467.082520 1640.184204 3121.092773 142383.750000 
2165.920654 1385.115479 1169.026978 1381.371948 141627.156250 
2173.161377 1413.104736 1433.560791 1535.543823 395458.812500 
2008.036011 1252.413940 919.702820 849.825012 220297.187500 
1786.385620 1135.082886 1110.059692 1036.538086 592241.125000 
2077.347168 1481.958374 1249.452759 1834.059814 193856.343750 
1959.913330 1179.695435 911.942261 1241.869507 408955.500000 
1864.830078 1328.496094 1352.049438 2202.637939 669279.562500 
2165.551025 1314.225342 1018.704590 1020.206665 147211.921875 
2274.443359 1517.718384 1213.212769 1084.336182 261828.312500 
1978.881958 1290.152588 1141.719360 1203.074707 236796.250000 
1609.898682 1015.430359 924.174255 989.704895 228300.968750 
1759.823364 1190.568726 876.612549 1029.428833 292453.468750 
2085.915039 1265.609741 1203.275024 1421.524780 246525.187500 
1818.740845 1122.856567 844.789673 1051.108521 625600.500000 
1791.749023 1153.627930 1233.452393 1664.084351 327220.812500 
2646.260742 2180.821777 2035.930298 1679.123413 210183.546875 
2145.576416 1362.060913 1321.501221 1508.373779 233418.406250 
2168.119385 1860.097656 1400.148071 1902.682373 512371.187500 
2117.936035 1675.537598 2256.280029 2761.157715 552663.625000 
2191.251953 1852.038086 2151.323486 2768.440430 383727.531250 
1649.290527 1056.324097 1094.662109 2422.617920 369393.156250 
2703.605713 2191.589844 3260.903809 10467.179688 440323.375000 
1757.927246 1218.755981 1170.096191 1155.740601 435947.218750 
2262.577881 1783.311035 1283.559937 1034.058472 222211.703125 
2210.754150 1538.317993 1534.363525 1127.760254 293051.468750 
2059.448730 1436.606445 1666.287964 1153.140137 230445.531250 
2443.501465 1907.093384 2083.781494 2378.410156 383178.750000 
2467.690430 1877.085083 1607.800293 2455.679199 445507.281250 
2357.320557 1355.129883 1045.026733 1107.844971 180985.203125 
2098.702393 1606.576294 1459.550415 1877.435791 400855.687500 
2621.864990 2000.287964 2187.098877 1956.103516 202896.531250 
2006.648560 1389.704712 1120.586792 1278.886841 258532.500000 
1772.425903 1136.359131 1083.471558 1641.822266 441094.125000 
2331.602295 2474.379639 4753.470703 6475.703613 430236.718750 
2008.050781 1322.634155 1401.100830 1594.599854 399098.656250 
1771.706543 1154.510010 1024.863892 983.389099 383962.593750 
2632.112549 1972.735718 1695.561157 1836.987549 201438.437500 
2147.783936 1358.107422 1459.808716 889.079834 489691.250000 
2623.886230 1750.065308 1811.634644 1811.125488 145851.781250 
1954.210327 1133.196167 942.051514 961.480896 425151.187500 
1791.119629 1115.756348 931.382996 1047.750366 422064.656250 
2196.177246 1687.953979 1711.288696 2086.028809 245024.312500 
2047.392944 1488.827759 1374.850708 1085.148071 225331.578125 
1798.132446 1281.245850 1097.685669 1056.305786 373199.218750 
1934.051147 1336.697632 1193.200562 1708.193970 624233.687500 
1625.628296 1014.551819 1620.520142 2283.021973 317684.562500 
2109.990967 1421.854736 1314.905640 1132.755737 250841.828125 
1941.479736 1316.454834 1260.371338 1298.240479 514534.843750 
1965.793091 1452.984253 1240.204834 1359.664673 121977.398438 
2282.758789 1487.170288 1435.177124 1324.313721 134312.828125 
1679.715576 1097.182739 1154.333496 1412.852661 798225.687500 
1755.999146 1090.033813 1007.020325 1450.653442 586272.187500 
2116.669434 1593.301147 1393.629272 1238.117798 209998.437500 
1973.163330 1644.334961 1494.105713 1472.058350 394752.375000 
2087.131104 1199.554565 987.158264 1789.170166 252153.203125 
2043.437744 1634.000122 1433.699707 1625.599976 485891.531250 
1808.523071 1240.468384 972.901550 841.365906 194844.968750 
1980.567749 1341.703003 1262.656006 1980.915771 157193.640625 
2106.575439 1437.269653 1633.957886 2596.121338 515232.531250 
2813.661865 2142.382324 1882.576538 1575.474609 136417.562500 
2063.949463 1379.233643 1187.413696 734.404358 379551.875000 
1768.908325 1207.769043 825.963379 731.277100 369571.906250 
1737.621216 1022.545898 847.117676 1042.158691 511435.812500 
1614.637207 1032.695435 744.659546 657.589355 284807.812500 
2365.978271 1407.083008 1338.597534 1855.048828 370266.812500 
2230.439453 1814.651367 1192.625854 1355.400024 166359.718750 
1405.304565 937.205688 704.741211 452.219818 527276.687500 
2087.801270 1581.203003 1877.053345 2219.384033 328396.781250 
2267.990234 1474.920532 1276.901123 1133.856079 202934.984375 
1360.657349 972.951538 651.430847 670.123962 350814.343750 
2081.082764 1545.393188 1829.333618 1706.501099 217211.687500 
2239.316406 1534.381348 1649.900024 1298.820923 246161.125000 
1708.367065 1055.501099 1041.617798 1208.851807 500122.625000 
2214.621582 1838.754639 3123.431152 9145.253906 385525.031250 
2154.105225 1434.067749 1339.377808 1235.703613 337274.031250 
1538.691162 918.671692 769.238281 434.514404 633830.687500 
2393.039062 1829.111694 1518.352417 1463.804443 145516.796875 
2333.471436 1674.975830 1555.022461 1895.943970 247815.671875 
2366.443604 1317.350098 1588.239136 1231.311035 202741.968750 
2181.598877 1611.819214 1615.749634 2185.790039 302269.625000 
1538.397583 1077.764893 918.481812 959.803162 454514.218750 
2316.979248 1753.617554 1593.995239 1666.279907 466848.562500 
1879.456177 1223.173706 1025.808228 1581.826782 822866.562500 
2340.833008 1944.523560 1680.416016 1599.106567 316193.156250 
1839.534058 1279.530029 1225.312134 2005.178223 664480.000000 
1844.252686 1460.760376 1424.076782 1266.151855 670430.500000 
2092.088867 1440.141235 1429.628540 1179.203613 296327.000000 
1716.812866 1086.824585 916.021240 790.120117 1015788.000000 
2593.653076 2055.869629 1967.419434 1843.029785 322823.937500 
2048.014893 1583.542847 1363.392456 1200.451050 198061.281250 
3026.553223 2606.945312 3327.608154 3953.460938 186884.468750 
1527.788940 946.282166 741.784973 657.428223 294283.062500 
1831.864746 1288.482056 996.271606 1274.667114 356431.156250 
1989.032959 1418.467773 1493.352905 1503.339478 352879.656250 
1555.243286 940.162476 773.802002 688.852905 392125.625000 
1509.990234 997.274231 856.166504 758.941528 759155.187500 
1988.346069 1552.546509 1444.779419 1709.268433 390181.312500 
1892.601807 1251.910767 1362.911377 1182.616455 358346.187500 
1866.655029 1203.627075 1295.613281 1099.694580 454015.156250 
2206.494629 1587.796509 1612.843628 1524.600952 235702.812500 
1736.679321 1292.412964 1072.137085 887.329834 341984.187500 
1585.204956 1120.810303 1034.445923 720.181763 420882.593750 
2417.735352 1668.827148 1722.456421 1764.402832 371172.687500 
2343.265381 1692.609985 1660.005371 2195.900879 189567.125000 
1362.906860 849.550476 825.730652 1437.149292 411128.218750 
1958.030762 1411.928833 1248.102539 1281.213379 397970.156250 
2151.413086 1604.225830 1991.008667 1982.680298 327693.156250 
1965.938232 1384.493774 1497.873169 1352.513794 191378.484375 
1806.107056 1190.797607 927.826294 711.283020 319387.593750 
1804.406494 1055.491333 864.843994 1009.087891 499727.937500 
2018.262451 1435.863647 1343.710571 1455.724731 325433.687500 
2359.816895 1651.056396 1488.101562 1551.083130 239759.687500 
1959.702881 1335.603760 1189.907104 1248.718506 388295.500000 
1631.972168 1108.362061 916.003418 905.484680 423526.562500 
2065.672852 1522.208862 1154.739868 952.882874 263403.125000 
1840.550537 1164.801514 1270.930176 1564.415771 608965.062500 
1794.699951 1193.258545 991.047668 862.613220 903614.000000 
2086.004883 1432.448242 1718.908447 1441.777466 424211.312500 
2013.881348 1324.609619 907.675110 1119.533447 342949.500000 
1995.492554 1452.839111 1726.404053 2258.907959 504636.531250 
1948.447632 1446.456909 1484.735107 1855.985474 458400.250000 
1660.987793 1078.023438 870.626221 773.782471 666781.187500 
1887.732178 1312.994385 999.491211 1054.053711 988240.125000 
1790.930054 1335.998901 1407.555542 1643.984131 2260159.500000 
1914.838013 1054.424072 818.251099 976.554016 642996.437500 
2014.856567 1554.824829 1758.463379 1592.432983 1362146.625000 
1610.600342 979.423218 1122.682739 1376.127075 1237003.875000 
1809.967529 1068.814331 865.898376 1033.076904 1310169.125000 
1491.161621 1009.747559 1501.051147 1969.916016 1881415.375000 
2092.193848 1262.996216 1128.331909 1357.335938 1071047.125000 
2654.310059 1580.649658 992.742004 1176.987427 1697134.375000 
2844.628174 1852.715210 1328.537720 1014.104492 497996.218750 
2715.698975 1566.579590 1326.081421 1999.124268 1060532.875000 
2416.131836 1165.032715 902.577881 1914.793213 1040041.562500 
4508.691406 2103.750244 2835.252441 2246.941406 618001.062500 
358260.406250 14472.800781 40927.871094 24526.496094 433060.156250 
3650.096436 3429.797363 3113.827148 4953.861816 597881.500000 
63214.210938 2457.643555 5846.720703 8690.953125 543437.500000 
246630.656250 9986.702148 11844.235352 13043.137695 373193.843750 
nan nan nan nan nan 
