56.599174 41.495285 47.410854 49.497772 48.814629 0.000000 
62.456543 56.250130 61.719952 60.665443 44.521290 0.034264 
59.859859 46.113636 43.155708 45.235191 37.104225 0.019782 
76.382561 73.251068 80.520126 71.961647 45.815750 0.000000 
74.842003 81.400665 70.654846 56.256927 39.648785 0.027976 
73.464432 55.006031 60.011204 61.105713 49.026752 0.027976 
61.224503 51.071758 62.676121 47.340755 36.635391 0.027976 
71.434799 54.336384 53.192585 59.748459 36.599941 0.000000 
64.928581 61.559166 48.202839 52.437759 41.445770 0.000000 
56.916515 48.778053 51.648323 49.039818 39.530975 0.019782 
67.598473 54.691437 57.585480 50.064411 37.982861 0.019782 
74.176453 72.271133 73.408737 59.301483 41.691017 0.000000 
66.335419 46.586372 57.936111 56.811237 43.134182 0.000000 
61.397476 49.877407 50.455772 45.260605 28.210363 0.034264 
65.528473 56.081936 51.579571 56.605396 37.604542 0.000000 
73.100693 60.980831 54.162659 63.889816 44.520176 0.000000 
64.469925 49.151264 57.576866 55.211895 33.526821 0.000000 
65.092697 52.311638 52.400299 50.151192 41.514561 0.000000 
63.484005 54.350662 55.117432 50.619991 37.128452 0.027976 
67.561600 59.764782 58.617516 65.407852 35.448410 0.000000 
69.033112 58.969822 68.794052 65.042686 44.254158 0.000000 
65.939781 59.512791 58.102245 57.548317 46.136253 0.000000 
57.527271 41.629040 40.408497 41.055473 35.103027 0.000000 
65.554802 51.309856 58.634018 59.598289 37.483513 0.000000 
62.279903 52.678123 59.194927 57.471889 39.197014 0.000000 
70.252518 67.451027 62.641819 59.717255 37.570972 0.027976 
69.405495 56.631927 60.902996 51.611198 38.210381 0.027976 
57.583630 50.741623 50.526485 53.125080 33.453327 0.000000 
66.652504 56.468491 50.159374 49.498322 42.746529 0.019782 
59.031628 51.716370 58.597168 48.189049 36.420628 0.000000 
75.952248 60.282921 62.391041 62.771164 39.552788 0.000000 
58.027245 49.852943 49.658779 46.126347 30.309103 0.027976 
61.213993 52.119152 55.234074 48.033333 39.878765 0.000000 
78.891510 76.859848 69.691681 58.004822 40.903984 0.000000 
68.812538 58.182377 62.947487 61.382458 39.714264 0.019782 
71.547478 62.250355 59.109848 57.953320 36.928139 0.000000 
85.628502 74.520935 67.961670 58.258831 33.680500 0.000000 
74.987976 71.607788 71.097549 55.876991 41.542591 0.027976 
56.796661 42.597450 40.967369 42.195694 38.779217 0.000000 
68.377998 53.981239 52.185635 50.379475 39.066132 0.000000 
68.886993 59.097977 66.025574 55.764599 45.399780 0.027976 
78.787460 74.220810 71.734093 56.475445 37.961708 0.034264 
79.084404 73.652794 76.529442 83.512253 46.216747 0.000000 
57.738773 46.959255 53.233959 51.025341 32.195183 0.027976 
70.903328 62.040184 51.226006 43.151306 34.264835 0.000000 
74.946274 65.772018 56.667755 51.115196 36.292419 0.019782 
71.476860 57.762512 57.431507 57.294453 44.157963 0.000000 
65.593925 51.081547 50.384979 45.957397 28.529037 0.019782 
62.403248 59.607098 62.540855 60.502033 45.145988 0.000000 
75.045601 62.709438 70.516403 59.303291 41.535015 0.000000 
