5275.171875 3465.322510 2988.164795 2337.669922 1160801.625000 
5746.243164 3448.190918 3064.340576 2398.553955 1248296.875000 
5765.727539 4235.014160 3348.115723 2717.114258 1646668.250000 
4803.717285 3474.040283 2906.774170 2331.071289 1362940.875000 
4973.549805 3073.337891 3302.543701 2024.098145 976742.750000 
5403.129395 3583.669922 3484.261963 2334.583740 1368162.000000 
6361.037109 4278.520508 3327.264160 2488.854004 1126473.375000 
4871.075684 3431.100830 2838.108398 2561.875244 1028895.625000 
4987.111328 3430.425293 2763.232178 2103.893799 1475301.750000 
5218.396973 3449.598633 2930.236572 2204.359863 1284406.875000 
6149.712891 4334.847656 4106.445312 3405.966797 1187573.625000 
5636.888672 3913.945068 3015.223389 3806.408447 1345981.500000 
5447.116211 4127.698730 3412.839111 2706.041992 1219548.125000 
5631.382812 3925.690918 3314.123047 2849.189209 1246433.500000 
5899.895508 4565.192383 3415.244141 2550.930908 1576181.500000 
5454.919922 3693.366211 3865.711182 2810.144043 1240891.625000 
5677.133789 3707.021484 2953.135254 2450.115479 1525770.750000 
5845.705566 3646.823975 3253.174072 2729.963135 1345154.875000 
5715.253418 3545.602783 2869.671631 2342.198975 1062132.500000 
5544.316406 3570.885010 3549.991699 2677.312500 1624902.625000 
5540.693848 3177.982422 3029.918945 2208.260010 1314555.750000 
5831.474121 3619.042480 3154.688232 2721.716309 1334702.750000 
5529.038574 3818.137695 3249.481934 2181.530273 1398493.375000 
5621.821289 3974.413574 2987.379883 2350.783936 1444424.875000 
5473.404297 3981.457764 3391.661377 2317.594971 1101443.125000 
5594.160645 3966.950195 2926.830811 3002.332031 1588555.000000 
5139.348145 4046.469971 3415.928955 2443.128174 1065420.625000 
5368.236328 3927.678223 3394.181152 2936.204834 1016600.687500 
5608.789551 3825.296387 3202.855957 2431.728027 1111766.875000 
5239.035156 3598.747314 2939.261230 2580.945801 1127291.250000 
6182.981445 3899.382812 3368.487549 2825.107910 1620890.750000 
5167.057617 3468.863770 2919.315674 2420.361084 1407303.125000 
5329.249512 3288.852539 3056.137695 2226.367920 1407413.750000 
5090.237793 3702.290039 3218.322754 2826.417236 1222577.250000 
5101.609375 3571.266113 3211.119873 2162.177246 1220930.000000 
5126.645996 3273.038574 2974.939941 2309.303955 1162608.375000 
5489.687012 3644.797852 2868.235596 2124.166016 1449134.875000 
5241.557129 3482.634277 3133.031250 2237.180176 1314035.375000 
6068.549316 3963.825439 3263.737549 3490.352295 1012370.937500 
6086.417480 3900.005859 4067.358887 2459.389893 1091706.375000 
5349.811035 3393.076172 3299.858398 3071.859131 1119424.750000 
5600.977051 3488.283447 3380.918701 2923.500488 1264721.000000 
5466.200195 4174.021484 3503.538086 2522.709229 1496569.875000 
5978.326660 4011.789307 2967.003418 2816.206299 1277037.375000 
6091.023926 4190.721191 4649.077148 3891.381104 1426190.750000 
6204.506836 4010.305908 3434.763672 3025.593262 1395092.625000 
5633.136230 4284.201660 3428.693848 2838.279541 1230403.875000 
5216.319336 3759.114014 3692.467285 3574.447021 1170253.000000 
5821.375000 3866.907471 3159.880859 3016.726562 1710288.625000 
4741.330078 3368.598633 2894.683838 2373.245361 1087245.375000 
