0.807665 
0.415908 
0.482708 
0.777996 
0.573929 
0.925147 
0.914939 
0.356531 
0.771350 
0.397109 
0.634722 
0.931699 
0.496236 
0.430062 
0.512798 
0.327157 
0.247585 
0.865956 
0.620156 
1.058032 
0.528658 
0.706569 
0.615413 
0.675086 
0.364913 
0.393389 
0.369281 
0.384428 
0.884764 
0.359059 
0.638942 
0.603122 
0.438264 
0.655808 
0.266663 
0.612592 
0.530059 
0.215169 
0.638791 
0.387008 
0.398900 
0.416518 
0.296597 
0.638371 
0.344245 
0.831182 
0.799288 
0.257866 
0.674420 
0.341060 
0.463944 
0.361798 
0.696350 
0.224905 
0.573703 
1.057024 
0.256764 
0.957679 
0.527261 
0.798151 
0.603934 
0.815702 
0.523097 
0.838690 
0.330031 
0.208916 
0.764993 
0.461679 
1.008660 
0.322159 
0.349807 
0.513280 
0.735571 
0.237705 
0.783601 
0.559331 
0.324631 
0.758384 
0.511296 
0.228262 
0.500893 
0.678967 
0.279122 
0.459651 
0.369454 
0.480070 
0.519350 
0.462620 
0.725205 
0.627833 
0.262409 
0.453430 
0.917109 
0.668663 
0.546592 
0.166633 
0.600666 
0.993663 
0.576184 
0.284017 
