0.426159 
0.369499 
0.908022 
0.853413 
0.550548 
0.849798 
0.893242 
0.418500 
0.508796 
0.456680 
0.649337 
1.227100 
0.594293 
0.538017 
0.291215 
0.442993 
0.892516 
0.660562 
0.560015 
0.627671 
0.434582 
0.656138 
0.923916 
0.558910 
0.361536 
0.822016 
0.542925 
0.307977 
0.480444 
0.414138 
0.283512 
0.603651 
0.530953 
0.813091 
0.212280 
0.740354 
0.727444 
0.573280 
0.906825 
0.666958 
1.005666 
0.303249 
0.778664 
1.190949 
0.797249 
0.491228 
1.663806 
0.544074 
0.331344 
0.648179 
0.755399 
0.305809 
1.179420 
0.217276 
1.079342 
0.607672 
0.457895 
0.809623 
0.687093 
0.674874 
0.658866 
0.852387 
0.391598 
0.833463 
0.432463 
0.423091 
0.496147 
0.738736 
0.767954 
0.452589 
0.470202 
0.780553 
0.954062 
0.344513 
0.679363 
0.658420 
0.473885 
0.398100 
0.884279 
0.508967 
0.316866 
0.772749 
0.325726 
0.711176 
0.439469 
0.445872 
0.973138 
0.474867 
0.490266 
0.738772 
0.447194 
0.574732 
0.881268 
0.961187 
0.635654 
0.134710 
0.586764 
1.028408 
0.462369 
0.602757 
