93.120659 91.691360 103.370285 90.193611 92.467674 0.027976 
93.702034 94.677559 88.143944 89.197311 89.745323 0.000000 
94.710526 86.254662 87.542938 85.027863 104.692505 0.019782 
90.782921 80.994576 81.855804 88.395279 77.509277 0.000000 
90.023315 84.788910 88.616867 94.622231 81.035408 0.000000 
88.919640 90.056305 98.383934 95.538445 90.566788 0.019782 
89.675179 93.513863 84.217758 79.384438 88.859489 0.000000 
90.928398 94.138519 91.968010 98.200356 88.794098 0.000000 
85.555862 89.358315 97.762093 94.285301 99.220840 0.000000 
88.571526 85.609772 91.028397 85.943794 91.687775 0.000000 
87.153450 93.701500 94.495216 90.873329 92.013664 0.000000 
82.736435 86.307068 94.128510 83.684120 93.987015 0.000000 
88.809464 83.529480 87.862503 95.728073 86.626915 0.000000 
85.532478 100.667458 80.744041 86.859718 95.724236 0.000000 
91.028305 86.725197 80.215309 89.956635 95.601547 0.000000 
95.594124 87.619942 91.611519 96.429970 92.172928 0.019782 
86.665253 87.612396 85.706673 98.241646 90.941391 0.000000 
89.926758 83.355949 98.959892 78.167694 80.543167 0.000000 
92.882118 85.727867 90.248215 99.650436 79.990547 0.000000 
88.118050 89.794205 99.889381 99.164116 95.246132 0.019782 
89.955673 92.598251 92.045456 76.832939 98.050179 0.000000 
86.943222 86.157524 85.974693 86.618454 105.698898 0.000000 
89.001587 94.265289 92.582947 91.001465 104.544121 0.000000 
92.767387 92.680107 85.948280 101.743484 92.253044 0.019782 
94.149467 85.851875 82.753906 94.289818 88.776863 0.000000 
92.669983 89.031647 89.965279 88.565376 91.561127 0.039565 
89.900856 93.165146 80.663445 89.117844 93.062195 0.000000 
89.341911 91.407013 93.473236 82.596542 74.814804 0.000000 
87.367554 85.087830 87.426186 83.647774 78.786270 0.000000 
95.911514 94.834824 95.660683 87.814148 100.971375 0.000000 
91.230286 83.400139 95.865730 97.855576 91.251060 0.019782 
94.200798 85.858299 90.533348 98.508118 92.125435 0.000000 
95.711929 87.389168 86.638969 91.741096 90.223129 0.000000 
85.240952 85.908295 97.157211 84.731026 99.382401 0.000000 
90.402084 82.589287 99.496445 87.830757 97.136841 0.000000 
87.445961 88.654785 100.392502 99.871605 89.349319 0.000000 
90.896362 88.878601 86.753952 92.272346 78.417984 0.000000 
87.690453 82.528061 91.620056 92.299782 80.524437 0.000000 
96.216232 94.285576 92.127327 89.598053 97.279396 0.000000 
88.579399 94.192894 81.748528 84.158562 86.442947 0.000000 
94.434441 93.710617 88.842880 98.005356 83.554131 0.000000 
88.966125 86.206604 99.268402 98.413681 99.255737 0.000000 
90.515343 76.925339 96.181206 83.588585 91.415169 0.027976 
92.929550 82.750748 86.384560 84.941818 82.847786 0.000000 
92.181229 100.037872 99.295189 96.518745 109.583809 0.000000 
87.960548 90.583092 89.254539 92.487679 94.270569 0.000000 
90.548676 87.085808 98.196899 86.974403 83.469025 0.000000 
93.762169 93.371269 91.065880 108.462173 99.112503 0.019782 
90.537079 85.102394 100.086182 88.925217 83.208893 0.027976 
85.772911 92.080109 88.250122 89.579155 92.312416 0.019782 
90.601082 83.998146 83.566696 97.568909 85.364395 0.019782 
91.065193 92.423180 82.413345 82.833717 86.652885 0.000000 
90.022728 92.341820 100.332344 97.371201 78.436638 0.000000 
92.620049 93.761230 92.883545 92.193497 77.368851 0.000000 
86.141792 84.543320 87.917908 88.365181 90.186760 0.000000 
93.218307 88.759010 89.478828 76.599197 75.997009 0.019782 
87.860565 90.193405 88.872444 85.639023 96.328789 0.000000 
92.931320 88.392952 89.234192 97.021400 91.012360 0.019782 
89.237206 94.381355 89.357018 93.724449 93.191856 0.019782 
92.158546 94.170547 86.383110 95.415642 91.768700 0.000000 
89.526276 87.576492 78.370407 88.597710 80.167526 0.000000 
94.369446 86.649529 85.854843 86.485512 97.596947 0.000000 
90.905930 71.821129 82.497154 94.731598 95.997993 0.000000 
92.527863 82.171669 96.014160 95.793861 96.768219 0.000000 
89.463829 87.317970 96.803604 78.571327 84.763535 0.019782 
87.827606 85.317787 85.749451 95.615204 86.122955 0.000000 
91.775360 92.143990 90.527634 84.842308 102.021790 0.019782 
92.777466 86.346436 98.020493 88.680099 98.242737 0.000000 
90.444572 88.543877 91.948029 82.307709 94.211067 0.034264 
86.613472 94.689545 95.022743 98.729362 87.610191 0.000000 
94.784302 84.874344 89.327049 91.504410 84.213440 0.000000 
91.561813 94.406006 96.969299 86.890251 117.430351 0.000000 
91.642700 83.858948 84.396072 89.692368 85.097504 0.000000 
91.462776 91.767609 71.098587 85.652100 87.433098 0.019782 
91.798538 91.790619 82.730919 96.621727 94.069221 0.019782 
89.060844 94.505219 92.597176 75.737823 90.208832 0.027976 
88.512001 79.058144 96.633743 94.115425 76.996284 0.000000 
92.383728 91.792435 96.259850 77.811111 93.612785 0.000000 
85.246735 89.209099 79.995316 89.910202 76.706993 0.000000 
93.421532 83.950539 77.639198 80.984016 84.376884 0.000000 
90.800468 95.576996 88.442062 98.679733 84.562454 0.019782 
92.355026 86.270081 85.368614 94.828285 77.618286 0.019782 
86.496460 94.036201 88.373421 84.781830 92.523048 0.000000 
93.585991 88.438194 83.502426 82.951050 95.953125 0.000000 
86.981407 85.642189 87.396927 94.809723 88.596329 0.000000 
98.390938 89.578247 94.767632 84.588890 96.755157 0.000000 
84.884483 92.886963 89.855484 91.455627 93.736412 0.000000 
86.613174 86.056007 90.996765 91.469833 85.171585 0.000000 
92.617905 88.119202 91.205185 97.720154 100.065712 0.000000 
92.945755 91.705162 89.494225 85.768616 88.766769 0.000000 
86.134399 90.487640 80.768761 89.029991 104.011353 0.027976 
89.259865 84.837578 73.448906 101.316048 82.862816 0.019782 
96.366364 84.327362 94.669846 88.381203 84.403885 0.027976 
91.090012 87.648026 97.550728 91.198586 84.038139 0.027976 
88.891861 96.863068 95.268578 88.015205 86.304642 0.000000 
89.154106 97.612305 88.425224 96.536385 77.802048 0.000000 
93.670547 99.854065 81.244644 94.631073 90.400558 0.027976 
98.615944 83.441460 94.903709 91.531212 88.094696 0.027976 
88.083420 89.898445 92.870033 87.937416 91.824364 0.000000 
89.590118 97.670227 86.808624 94.037476 84.430054 0.000000 
92.539436 89.568977 85.106377 83.015305 94.646652 0.000000 
91.370903 93.288902 79.781784 87.429214 88.318893 0.000000 
97.590469 87.443390 92.706001 85.846664 82.301338 0.019782 
89.246170 86.825668 87.903755 89.726677 84.813759 0.019782 
92.684975 82.821999 87.071609 75.752113 92.229813 0.027976 
90.154167 88.616417 85.464745 99.055756 85.323250 0.000000 
91.490959 95.122002 92.211914 82.363930 91.060287 0.000000 
88.784424 92.662743 87.229210 82.776703 93.778717 0.000000 
88.412216 86.295654 87.133598 91.675446 94.216125 0.000000 
93.780998 89.418922 89.849869 96.696182 78.818848 0.034264 
88.405251 88.146248 98.153496 83.767883 98.412384 0.019782 
87.582329 94.652290 87.362381 91.129143 89.171265 0.000000 
92.381668 82.607635 89.475540 97.437630 93.282349 0.000000 
90.384361 84.543526 94.929039 90.903191 87.819885 0.019782 
89.618599 97.582169 88.546204 78.276909 95.013062 0.019782 
89.169205 91.728310 88.946449 85.865753 88.441109 0.000000 
94.743248 87.636093 96.817337 84.663979 93.284569 0.000000 
89.263969 85.939606 83.778824 77.929001 75.679085 0.027976 
92.660599 87.003525 91.425339 83.572037 92.731354 0.000000 
92.291740 77.958633 94.341858 92.275391 85.267059 0.027976 
86.453323 86.609421 91.125488 96.303154 101.194809 0.000000 
90.327438 89.639221 84.143631 94.416931 81.944336 0.000000 
90.598267 90.163925 94.159554 92.932739 87.898041 0.000000 
87.021797 97.629341 79.286064 80.713432 102.603516 0.000000 
94.917282 89.565186 84.895851 93.408646 81.214287 0.000000 
87.720940 94.359268 88.481346 101.224319 81.121429 0.000000 
87.260231 92.214600 100.255600 91.603264 92.749626 0.027976 
90.613655 96.228798 84.049332 98.805206 94.960075 0.000000 
88.388283 95.665199 85.472717 87.325768 92.162582 0.019782 
92.343979 90.264793 87.464943 102.046532 93.438957 0.000000 
87.804810 77.999519 86.139664 91.152267 77.039604 0.019782 
89.748306 84.134796 83.960686 76.583824 93.122688 0.000000 
91.840759 88.901711 87.814438 71.250275 78.283409 0.000000 
91.375946 85.573402 96.515717 77.627762 68.572746 0.027976 
92.360535 84.091774 99.133308 96.958305 81.480782 0.027976 
91.103668 77.761299 81.858383 72.946823 84.717384 0.000000 
87.236961 89.354424 73.830772 84.725960 88.828659 0.034264 
93.998619 93.023148 93.576736 82.870415 90.573723 0.027976 
93.726929 81.584671 82.109756 77.659782 76.301689 0.000000 
92.577385 78.844299 75.696480 93.507568 96.604042 0.000000 
89.694710 83.662575 79.444283 84.933716 65.422134 0.019782 
91.106140 93.280663 92.283905 98.669807 84.255356 0.000000 
92.488274 88.647202 91.415672 91.566399 96.329224 0.000000 
89.581917 97.386337 90.287849 97.259811 100.637131 0.000000 
87.296425 86.672539 96.502922 93.140785 93.628960 0.027976 
88.553238 86.454498 85.487846 96.600800 76.179985 0.019782 
92.189636 92.859543 92.225525 87.303833 79.898796 0.019782 
90.275482 89.568420 88.445953 80.005714 89.215286 0.000000 
90.449509 98.535294 73.380547 90.909019 102.195229 0.000000 
85.913330 88.654640 79.590485 94.004501 84.512230 0.000000 
92.339287 89.600464 90.039299 93.431747 88.186943 0.000000 
83.131248 88.833275 89.766182 88.521667 80.472778 0.034264 
87.255653 89.436234 90.957260 80.734993 83.661797 0.019782 
89.710495 96.222305 86.958405 94.255150 81.562614 0.000000 
85.471436 95.645500 92.014359 96.921661 97.433334 0.000000 
85.967766 94.285721 95.667137 89.449951 78.785240 0.027976 
89.227463 85.533333 82.876190 90.378242 82.198013 0.000000 
89.760338 96.616394 84.628693 89.365952 92.634766 0.019782 
88.819496 83.654114 94.977631 90.519966 86.577705 0.000000 
95.664047 92.499084 79.187416 84.546074 76.413567 0.000000 
87.400513 95.923035 90.639313 95.517586 88.296051 0.019782 
88.886879 86.321594 89.445190 86.250183 82.164536 0.027976 
85.673470 85.618073 88.195793 78.478020 90.895676 0.000000 
84.613869 98.832970 81.998703 88.970474 87.150055 0.000000 
92.947151 91.455978 90.496979 98.466003 76.123062 0.000000 
90.097160 82.747231 74.907776 87.850037 89.450722 0.027976 
89.638008 86.663284 99.753967 85.315598 89.163406 0.027976 
86.317162 85.151192 95.859833 95.523376 83.961639 0.034264 
86.243896 89.002541 88.020172 89.448898 94.994431 0.000000 
86.162041 89.935730 88.932823 83.372009 80.107697 0.000000 
94.059616 99.153564 102.318069 86.572479 89.400085 0.000000 
91.936073 88.305870 86.762306 91.291489 84.982697 0.000000 
90.251488 100.285828 81.598030 90.163261 85.301392 0.000000 
91.045227 98.096169 90.624603 70.806313 90.991356 0.000000 
88.886452 92.086693 91.863739 91.711205 82.323494 0.034264 
89.874016 85.328346 84.269615 102.570267 72.275139 0.000000 
98.790161 93.416130 85.453751 96.142288 87.953842 0.027976 
89.017113 93.449814 78.462212 69.011108 76.521637 0.027976 
91.311600 93.705872 89.575378 88.164871 76.740852 0.027976 
92.339851 93.351425 92.500793 89.238396 91.351036 0.000000 
90.582016 87.012436 81.567863 97.035156 82.501976 0.000000 
91.768478 85.626183 85.410538 80.948891 93.744469 0.027976 
91.652031 91.078232 96.072800 92.599800 78.972679 0.000000 
90.269806 91.573235 89.518524 109.946152 76.873367 0.019782 
90.188461 84.507713 100.538017 88.724571 89.499107 0.000000 
84.630280 86.935432 81.559341 87.512253 77.722862 0.019782 
87.829948 82.943367 78.259308 90.829102 84.486183 0.027976 
86.854591 80.773666 86.139053 84.346695 67.285065 0.000000 
86.169724 87.733322 100.203865 88.726944 76.287201 0.000000 
90.503685 87.039711 94.424828 88.402031 74.993690 0.027976 
88.164162 87.452095 83.704559 90.906631 88.654182 0.000000 
90.638107 88.106033 85.999802 79.081833 88.860062 0.000000 
90.159584 89.052315 90.302254 88.324387 89.275246 0.034264 
93.163399 85.988197 98.596176 94.453125 72.270996 0.019782 
88.528992 86.556465 84.716209 89.576256 75.072151 0.000000 
90.080238 92.493645 90.894730 87.654861 72.180222 0.000000 
92.564255 82.356674 77.588638 94.342300 64.513702 0.000000 
91.981674 81.556015 91.541977 78.677063 67.509453 0.000000 
92.391289 89.592438 90.454384 80.020409 77.203308 0.000000 
94.723053 94.131226 87.661507 82.738335 67.323639 0.000000 
91.904892 90.978912 88.169388 99.212906 76.891365 0.000000 
94.902054 85.503830 86.603516 81.648544 73.681862 0.000000 
90.679878 93.059204 81.481773 80.807281 68.926651 0.034264 
95.121536 91.563957 95.657440 91.535553 69.866051 0.000000 
91.889229 88.581726 92.633331 75.683746 71.979263 0.019782 
89.623451 84.875191 87.107399 77.738106 90.604340 0.027976 
90.195786 91.368263 84.055031 89.868431 70.751709 0.000000 
94.406990 75.549637 86.317444 79.839096 70.124229 0.000000 
90.982277 91.283562 88.716644 75.959518 68.860207 0.019782 
86.806053 89.687813 96.567093 72.953094 81.714638 0.019782 
88.075539 83.488152 90.692543 90.255249 61.607460 0.000000 
89.395866 92.543777 96.745415 76.869995 67.689232 0.000000 
91.363968 87.672516 80.577888 93.737534 82.334373 0.000000 
94.443230 91.560043 97.079567 70.662621 81.082779 0.034264 
88.818985 83.962593 93.620438 63.680965 69.266624 0.034264 
92.463432 82.116867 85.184685 87.532265 64.012611 0.019782 
90.062668 83.417885 96.406654 85.874123 61.887959 0.027976 
85.177589 86.742897 81.091278 101.035774 62.162014 0.027976 
96.724579 83.430351 90.474182 82.089951 60.043114 0.000000 
90.223717 80.630562 87.547371 75.120827 64.115845 0.000000 
87.789879 85.330223 87.573418 97.439217 64.942619 0.000000 
89.202881 87.981316 87.719627 89.728180 66.305412 0.000000 
89.912720 81.058022 81.881195 88.860039 68.606522 0.000000 
90.728668 89.413933 95.995117 88.717377 78.444550 0.000000 
91.433472 86.628662 76.042389 82.899971 70.824089 0.000000 
87.934189 85.557365 88.273941 93.518600 52.031887 0.000000 
90.537903 87.843384 83.415504 85.308769 58.519279 0.000000 
85.251900 94.183975 84.982719 84.141624 74.433800 0.000000 
86.038300 84.679710 98.318466 90.333038 78.462601 0.000000 
87.586334 88.676880 77.197762 76.202515 74.962212 0.000000 
93.560654 102.316299 82.293571 84.419525 59.016903 0.019782 
93.607086 83.866714 83.465431 74.879753 64.891670 0.000000 
90.393456 91.430527 99.643097 84.287033 63.224934 0.000000 
88.311501 77.366310 68.285995 64.596786 64.350403 0.000000 
92.577950 83.942680 85.726189 102.406914 85.203751 0.000000 
86.608994 89.149765 73.786804 65.483818 75.525940 0.000000 
86.851723 84.136063 88.908150 69.314621 56.457798 0.000000 
94.411896 89.956589 77.290031 86.428040 55.826023 0.000000 
91.566757 91.843842 92.001686 101.317764 63.045841 0.000000 
92.025177 86.378464 78.451729 84.650368 62.631741 0.019782 
89.245186 89.588852 93.663055 86.071014 75.284149 0.019782 
85.112778 88.115471 84.846870 78.512756 70.770714 0.000000 
92.955200 95.925156 95.340012 84.509743 77.612129 0.019782 
89.942978 67.321259 76.217422 73.768845 73.129791 0.027976 
91.225594 79.304031 88.926163 81.282333 64.028046 0.000000 
93.452179 83.232681 79.690025 80.028198 68.564636 0.000000 
93.770393 82.965118 87.295906 84.058250 64.102745 0.000000 
90.984428 85.705429 80.812996 86.699776 64.811569 0.000000 
88.164696 85.013435 88.720619 68.746552 66.415253 0.019782 
93.641960 88.409576 88.409012 79.505150 62.057762 0.000000 
89.734955 86.244896 81.177170 71.470993 71.035904 0.000000 
87.192444 82.137535 81.940025 74.134796 66.997253 0.000000 
86.910965 86.067764 88.779694 65.057716 66.837677 0.034264 
87.382164 81.799538 63.374790 77.838409 81.448067 0.000000 
91.403488 93.996559 85.462830 85.057655 80.330368 0.000000 
93.586151 85.026436 81.793427 62.633728 66.612457 0.034264 
88.140747 87.380875 80.464081 76.670662 54.492847 0.000000 
86.116646 81.689232 82.996307 82.426743 75.255096 0.000000 
91.975479 88.332603 86.747078 91.718109 70.540665 0.000000 
89.911118 79.585129 86.564926 83.766319 61.714474 0.019782 
88.733543 82.799736 83.755966 83.964096 56.036671 0.000000 
91.462448 78.282089 65.291435 84.058052 69.691650 0.000000 
93.967445 87.542755 80.254158 70.932640 74.218590 0.027976 
91.730400 74.696571 86.390656 64.796646 58.013481 0.000000 
88.362427 85.533089 53.091640 67.512207 58.608582 0.000000 
89.666153 88.005951 75.877045 74.974449 66.459679 0.000000 
89.604309 85.237526 78.508148 82.265717 69.062813 0.000000 
92.833214 85.439613 71.073219 63.321259 58.170807 0.027976 
89.008751 91.876274 90.968422 75.932907 76.109642 0.027976 
86.182709 83.189774 82.566788 67.891586 67.665131 0.019782 
89.960152 78.019112 81.083443 73.005180 60.957428 0.000000 
85.183174 74.695312 80.239098 80.387802 62.384350 0.000000 
93.740746 85.061333 90.879440 97.772537 73.433502 0.000000 
88.989502 73.998230 70.614601 70.859146 61.398834 0.000000 
91.470085 77.569763 82.801819 83.606133 75.479752 0.000000 
92.819420 84.565681 87.082771 70.647812 66.932259 0.000000 
87.020088 88.902176 96.951790 94.267830 62.566265 0.000000 
90.273170 81.498726 87.756920 79.013741 77.952248 0.034264 
87.566986 80.546524 81.570816 73.484131 61.493324 0.019782 
90.700478 87.631897 82.587463 86.367287 52.743618 0.000000 
87.639275 90.061050 91.537560 78.258026 65.938148 0.027976 
88.284187 95.999512 93.529076 81.267761 63.838490 0.019782 
94.026619 76.856499 73.401840 83.178947 51.112206 0.039565 
96.118782 71.373650 75.493301 81.236427 82.458839 0.000000 
95.013069 87.332268 93.380928 83.494057 56.632904 0.019782 
93.756889 90.083824 86.840599 75.746681 71.722893 0.000000 
91.030533 76.903084 82.541985 64.645378 62.518349 0.000000 
88.020401 97.984550 69.176605 94.285217 54.200600 0.019782 
92.131393 78.296669 90.933762 74.200951 66.761505 0.000000 
89.959000 83.137527 93.109329 76.993477 65.687790 0.034264 
89.253532 83.701218 84.421127 72.365761 65.623245 0.000000 
85.082924 79.075691 82.478226 88.611397 71.355789 0.000000 
82.778648 71.684059 76.888573 66.557060 61.365551 0.034264 
88.194595 71.166580 77.326523 62.190426 65.520538 0.000000 
91.437553 77.058914 73.946671 77.083145 55.875229 0.034264 
89.723213 76.204277 81.732605 62.236027 54.527836 0.000000 
88.174736 89.467491 92.379921 76.027725 73.373558 0.000000 
91.009315 81.196777 74.580948 75.979141 66.575790 0.027976 
90.852180 78.898643 75.242569 63.938641 68.283173 0.000000 
84.980347 88.738525 93.662308 79.271935 64.189301 0.000000 
89.494759 87.804039 83.805290 66.684364 59.935413 0.027976 
91.630325 72.574821 77.263916 80.244148 65.033096 0.000000 
85.882416 74.347687 80.558571 61.518188 60.965786 0.019782 
89.960335 78.262856 82.471169 71.386597 51.484974 0.000000 
88.807442 89.071053 88.062958 71.794693 67.576218 0.000000 
92.426781 76.319923 77.464020 78.058563 62.112003 0.027976 
87.503197 88.770668 90.734207 78.497101 63.902489 0.000000 
90.316673 76.942497 84.423195 75.893074 55.350574 0.034264 
91.084038 81.665512 82.950623 70.291756 61.739597 0.000000 
90.842262 84.086945 74.945663 78.395790 57.497459 0.000000 
95.712982 76.720688 77.053772 84.944641 58.032398 0.019782 
85.463615 74.522484 76.248718 80.761093 67.566017 0.027976 
86.954597 83.719681 84.321815 78.752335 56.029285 0.034264 
92.835083 86.271385 67.388153 61.134453 72.142685 0.000000 
84.948051 80.963455 68.415924 67.189133 56.955833 0.000000 
93.391212 92.724342 93.785027 78.945946 63.982067 0.000000 
90.504303 82.397385 65.974464 69.726822 49.509727 0.027976 
87.192085 80.563744 76.716476 65.579025 56.611233 0.034264 
89.442810 82.466705 92.673920 65.461182 73.343369 0.027976 
89.771484 75.668373 89.899323 86.434273 62.069984 0.000000 
88.171600 79.416145 67.516342 77.866089 68.210861 0.000000 
93.535370 80.817505 82.484581 75.144028 69.942329 0.000000 
95.173485 82.116791 88.595367 82.830635 67.595840 0.034264 
91.087708 72.691620 64.848465 57.822136 57.713039 0.027976 
91.666977 74.547905 69.012901 71.370903 59.820808 0.000000 
90.398346 72.325859 86.952972 64.592941 65.500542 0.027976 
87.191811 80.318077 74.386589 73.366066 68.206390 0.000000 
88.823753 86.204643 83.057343 79.498299 86.889679 0.027976 
84.678177 74.713104 69.403557 60.132668 58.670708 0.000000 
86.304443 80.714767 82.311829 64.735474 54.548836 0.000000 
89.689438 81.347458 86.721848 78.307526 50.441528 0.000000 
89.529266 84.850479 89.572937 62.817944 75.109146 0.019782 
90.299797 78.994202 81.131363 87.074791 69.774315 0.000000 
87.749695 82.518280 74.132233 70.609543 57.898987 0.000000 
90.610168 93.299179 79.045082 65.889259 63.622036 0.027976 
97.708755 78.427460 81.066994 74.480530 60.811699 0.019782 
91.399139 78.829094 89.259033 84.649376 63.822979 0.027976 
92.414803 74.940559 82.339523 75.718254 42.768044 0.027976 
90.782318 84.880768 79.642982 65.288406 52.547062 0.000000 
85.655472 72.214371 65.167618 69.943138 59.343712 0.019782 
86.005058 80.304443 78.921455 78.223648 60.709354 0.027976 
91.966293 79.598846 91.491699 59.314468 45.817165 0.019782 
85.529625 84.312584 90.371582 68.293571 73.007797 0.000000 
91.215584 79.354187 89.218948 92.000206 55.400043 0.000000 
91.554871 93.158356 79.946678 72.377174 49.937733 0.019782 
88.742172 91.134689 83.187286 82.230644 57.247776 0.000000 
90.995476 74.882477 70.134529 69.728432 45.880928 0.000000 
84.315224 84.468979 85.307053 80.355934 53.626183 0.027976 
90.418655 75.345741 82.520477 79.204773 47.148960 0.044235 
83.899597 71.323448 67.552170 68.279091 66.356163 0.019782 
91.049408 86.941055 72.325821 76.105034 45.011131 0.039565 
92.209381 85.647469 76.584450 67.790802 56.522545 0.000000 
90.847366 77.814774 76.653450 74.394707 54.515987 0.039565 
91.214439 81.397743 75.780396 80.197441 46.961376 0.000000 
88.827232 73.945992 75.964600 79.244873 65.461777 0.000000 
83.237961 85.558182 78.154640 77.106270 63.377926 0.000000 
86.466553 83.244667 91.487450 90.038147 64.898125 0.000000 
87.521347 69.137154 62.182243 77.732094 51.287174 0.000000 
88.117569 72.047798 73.031708 68.830673 49.551380 0.000000 
90.915146 75.950645 78.495575 79.248917 64.800377 0.000000 
90.945541 65.516525 65.565300 74.569336 52.932529 0.019782 
90.140610 85.905663 85.503647 72.984146 55.460854 0.000000 
88.824860 84.536156 72.555504 66.336685 53.188900 0.019782 
90.064186 70.507050 78.105278 73.083305 46.964729 0.027976 
90.285187 84.552040 73.658974 71.005150 52.361217 0.027976 
80.816032 83.919830 72.171654 75.966278 71.350616 0.027976 
88.184326 82.273079 71.430191 66.687889 54.149616 0.000000 
83.728661 86.490273 84.302887 78.500771 67.556190 0.000000 
92.464851 80.679520 79.788368 59.587578 46.515324 0.000000 
90.011810 72.203239 73.759354 64.727715 60.707714 0.000000 
86.836647 79.695457 78.571228 73.982925 66.417221 0.000000 
95.524658 80.657646 80.467712 79.306190 43.919270 0.000000 
88.809212 81.496223 81.833733 73.632561 50.981773 0.027976 
96.095657 70.326050 60.143188 61.937023 45.384239 0.019782 
89.052910 73.315460 68.817261 74.548668 47.337635 0.034264 
84.737396 77.850060 75.832390 81.574173 56.635578 0.019782 
92.527489 71.974579 80.582390 78.254143 57.607117 0.000000 
86.876968 62.853748 81.801666 58.463696 65.563583 0.000000 
91.403534 79.985672 74.139786 67.460953 45.621136 0.000000 
86.483292 69.963593 70.666641 58.773899 52.029633 0.000000 
91.799446 78.016151 69.513130 74.460533 74.610931 0.000000 
88.176880 74.810539 83.033386 86.534218 64.678749 0.000000 
91.690414 73.013016 79.560844 74.843735 54.195438 0.000000 
87.099709 82.629143 93.201195 65.680008 58.752888 0.000000 
90.608635 87.954025 70.130089 68.789459 51.535564 0.000000 
90.442513 85.757149 88.184372 85.323860 61.799870 0.000000 
86.844032 65.472870 81.748665 75.962578 43.266464 0.000000 
96.646332 89.048332 82.961426 93.155434 49.670116 0.039565 
86.172974 70.531281 79.783218 72.092850 67.828545 0.019782 
89.039619 73.432777 76.192154 76.637215 55.070007 0.027976 
83.614799 75.685570 65.200371 76.649284 56.197063 0.000000 
89.115417 80.338333 75.263451 77.505478 64.775581 0.000000 
91.489807 82.648720 82.343369 82.689156 63.501957 0.019782 
84.798470 72.412445 76.837212 72.938988 45.896736 0.000000 
85.638100 78.279953 86.860558 87.631348 61.939766 0.000000 
85.347923 73.508621 74.220039 66.062019 55.749897 0.000000 
90.918625 84.502800 77.095955 74.953979 57.477745 0.027976 
84.389038 68.563416 69.103020 67.796005 55.267353 0.000000 
89.113213 84.047127 94.337265 90.867325 60.433445 0.019782 
89.452202 85.399612 97.229439 82.594604 56.364082 0.000000 
81.151199 87.062317 77.979057 74.915451 56.186253 0.019782 
82.018044 85.907402 76.897789 83.819832 68.158089 0.000000 
90.834473 86.631187 80.412621 66.123711 51.831184 0.000000 
83.586044 85.576614 68.039062 76.758446 62.696850 0.000000 
89.260185 66.827072 61.995045 63.517868 48.336514 0.034264 
86.114662 76.326553 69.608421 66.854019 58.204559 0.019782 
89.186111 77.592499 74.696388 74.863708 64.323143 0.027976 
89.815666 65.141106 61.313847 60.558750 36.265377 0.019782 
86.840080 83.917244 82.641785 68.932739 47.480049 0.000000 
86.643478 75.732147 71.699974 62.799011 64.666000 0.027976 
89.356384 75.908928 84.519173 78.822350 56.584995 0.019782 
89.807892 67.715492 79.996254 71.451637 45.263790 0.000000 
90.508186 66.642059 71.689728 63.344292 48.819698 0.000000 
92.481071 72.805817 70.776176 59.509441 49.404984 0.000000 
92.008652 72.133606 79.842079 74.696358 56.611752 0.000000 
79.626114 70.106323 80.974251 78.147346 54.747002 0.000000 
86.732437 82.753349 72.163963 82.502205 67.522659 0.000000 
85.798691 73.017784 57.928539 59.409653 48.017586 0.000000 
88.873283 82.277245 72.077866 74.322685 65.321541 0.000000 
85.047417 80.418022 69.527054 71.029770 52.080475 0.000000 
91.172745 87.488647 79.765541 72.260956 40.284111 0.000000 
90.415398 66.649536 70.300293 58.579216 52.327904 0.000000 
89.220116 81.610641 80.396004 86.106171 66.898819 0.000000 
89.904839 68.233253 64.331940 62.468025 44.318043 0.000000 
92.029945 78.620522 70.793068 59.093498 59.187176 0.000000 
82.074837 71.663330 71.112732 75.998619 57.828224 0.019782 
84.958817 75.566917 74.841255 66.221146 52.927288 0.027976 
88.967239 71.821907 73.768394 66.556496 51.311943 0.000000 
95.669426 70.174362 76.299217 79.273804 60.384171 0.000000 
95.644104 73.558723 65.559639 71.435654 53.911957 0.027976 
88.545547 86.860504 75.953133 72.549072 53.166325 0.000000 
89.862198 65.320015 83.633217 70.786263 58.573921 0.000000 
85.682190 89.372055 81.553001 77.634209 58.691677 0.000000 
93.551895 78.309448 92.993561 83.493164 61.334995 0.000000 
88.143677 69.572144 77.589043 70.504570 55.639271 0.027976 
89.257774 68.055496 73.620964 67.171165 52.873787 0.000000 
87.124962 69.566986 67.031197 60.085976 47.379135 0.019782 
90.363167 74.764091 89.063942 78.403374 67.436180 0.027976 
87.808334 77.413933 78.316833 83.273399 55.939857 0.019782 
91.330299 73.267960 61.016766 65.463676 45.083996 0.000000 
91.446587 87.302467 78.884636 78.146645 58.692413 0.000000 
85.170601 81.459602 72.232208 69.015778 56.918163 0.000000 
91.516563 70.614380 59.684147 68.349159 46.185333 0.000000 
84.363235 76.768585 71.304237 64.629036 37.235443 0.019782 
83.074844 83.907524 81.288559 70.963753 54.122051 0.019782 
87.655739 91.654259 87.069778 92.651169 53.456646 0.027976 
85.560341 87.539238 91.459099 85.496590 44.420193 0.019782 
88.297768 90.641922 73.558937 71.850510 46.698895 0.000000 
86.840897 69.776558 76.434700 71.168129 52.463310 0.000000 
92.745239 87.312614 82.217445 68.029190 58.186176 0.000000 
90.558243 84.480438 78.259872 71.398460 60.668270 0.000000 
87.875786 82.916374 77.243195 86.046936 64.914032 0.019782 
88.481438 69.969833 67.199615 71.704948 51.969032 0.019782 
86.732498 80.928093 88.855782 72.711441 58.226681 0.019782 
92.839485 70.992371 87.200043 61.781612 49.472141 0.000000 
87.966667 74.203339 69.735817 65.199615 48.501125 0.019782 
84.299057 67.854485 65.965508 68.037376 46.425770 0.027976 
90.315315 70.131477 77.266457 79.670952 61.927860 0.019782 
88.276443 75.013336 81.931763 61.552265 60.359333 0.000000 
81.768372 69.793945 61.782539 72.412857 60.628254 0.000000 
83.064789 77.567299 66.728157 71.913795 56.679520 0.000000 
86.031197 71.518944 66.106430 64.345856 37.480991 0.000000 
87.853867 71.872696 77.841217 59.509972 49.254051 0.000000 
87.628609 74.306702 62.558094 67.244659 51.101837 0.027976 
89.966263 80.172935 71.175087 80.591850 53.703850 0.000000 
85.990494 64.426712 56.496696 57.241196 35.895950 0.019782 
93.793877 71.426582 78.454865 63.602909 46.326649 0.019782 
90.954491 80.981926 79.905777 66.301018 45.309280 0.000000 
86.808533 62.387627 67.904137 65.496086 46.468788 0.027976 
85.399300 83.030785 66.475456 68.174263 55.593407 0.000000 
80.963806 89.663681 83.279549 72.064064 55.454765 0.019782 
87.729271 78.090561 76.790016 80.186737 51.214863 0.000000 
92.380127 74.601387 68.309196 69.294762 55.572697 0.000000 
84.057236 70.406639 67.233086 68.473938 45.017273 0.000000 
92.659859 73.204613 78.340851 62.249775 55.199429 0.000000 
92.669014 74.456375 61.900288 72.532043 53.916901 0.019782 
87.349785 79.211952 76.179955 59.597111 46.621647 0.000000 
92.878448 65.983711 62.187233 59.289642 49.035034 0.000000 
90.181030 65.716705 66.417282 61.874504 52.765034 0.000000 
86.319969 71.899834 63.600151 68.794197 49.743504 0.019782 
87.559082 55.391640 61.666286 56.725834 54.888706 0.034264 
90.562325 81.492157 68.255653 60.558449 49.438362 0.000000 
90.503456 78.571404 70.420219 75.388885 45.066860 0.000000 
92.958443 76.526039 74.724167 63.707787 42.124325 0.000000 
94.693382 63.517990 79.328697 77.069244 50.201778 0.000000 
88.878227 89.175484 90.680641 87.140533 36.487980 0.027976 
84.118530 62.481045 65.989937 61.619488 59.824223 0.000000 
91.603111 71.016884 72.606575 74.496185 57.837555 0.019782 
87.812233 69.184227 72.157570 68.428223 46.122875 0.000000 
93.955208 76.744827 74.271080 77.264755 44.687805 0.019782 
85.754517 66.607872 75.282890 75.300240 60.639210 0.000000 
89.870636 84.989471 81.997414 84.493423 44.700893 0.019782 
90.452583 86.613846 92.079193 78.395668 52.708698 0.000000 
95.664093 77.493973 74.153168 73.049210 49.571545 0.000000 
94.246269 79.876678 76.239738 65.152969 52.854023 0.000000 
86.550674 88.364487 77.422462 76.033005 43.449032 0.000000 
85.322441 59.958481 68.008324 68.972450 51.017056 0.019782 
90.972168 68.179024 72.647057 55.835915 59.490059 0.000000 
88.158791 84.306343 74.481285 80.041443 50.023010 0.019782 
88.948349 74.356209 79.741814 71.014610 60.798264 0.000000 
