88.543510 80.741943 82.437675 76.307106 67.177734 0.000000 
92.625465 87.103836 89.863731 84.152344 73.150940 0.000000 
80.895485 53.231735 62.781822 71.596321 56.957676 0.000000 
86.024529 83.350998 71.329956 66.842140 64.097214 0.000000 
80.275902 58.276501 65.762184 75.426216 67.981155 0.000000 
91.548378 91.773903 83.659187 74.891602 68.030258 0.000000 
85.555977 58.502712 67.227959 80.491119 69.914787 0.000000 
89.609261 87.960587 80.408043 79.530464 65.152298 0.027976 
90.119835 56.102703 60.629799 69.786110 67.687851 0.000000 
85.614960 66.009773 75.187630 76.936119 73.390358 0.034264 
84.996849 64.641579 67.332344 73.788345 60.510147 0.000000 
82.330299 63.020241 58.618225 59.605568 63.162979 0.000000 
87.134743 74.921402 70.105431 73.498497 62.579441 0.000000 
89.410995 77.602112 79.894417 81.106705 58.501320 0.019782 
88.894821 69.009956 62.454723 78.748726 66.402489 0.000000 
83.080894 63.593567 67.783768 79.983757 59.832722 0.019782 
86.859894 68.745262 64.783592 58.782814 60.895710 0.000000 
89.302834 81.345825 82.529388 73.591988 62.068550 0.000000 
94.090981 82.551956 89.871300 80.087021 73.471664 0.027976 
88.757347 79.148407 83.382393 80.834473 66.221100 0.027976 
86.539642 74.505585 74.949463 80.435600 66.430443 0.000000 
86.064346 69.158257 75.856758 84.034645 63.707821 0.000000 
88.198082 70.798813 63.149845 65.545403 70.990402 0.000000 
84.096657 68.428291 68.490517 70.366348 75.209183 0.000000 
87.876564 65.210999 66.022919 77.866325 73.361794 0.000000 
81.912086 55.462246 51.673252 58.552368 63.942955 0.027976 
81.521492 49.590832 48.614460 51.238651 59.910191 0.000000 
82.359398 68.771675 68.381485 78.532227 59.332474 0.000000 
88.187988 82.616516 73.252640 77.725586 70.233833 0.027976 
86.219017 65.230125 75.339424 75.559196 70.661705 0.000000 
84.425117 78.054970 73.595024 74.577927 64.210716 0.034264 
85.255638 73.231537 71.548752 77.702164 62.926735 0.000000 
83.482910 46.579975 43.067982 50.920448 62.811756 0.019782 
86.696991 77.613724 84.511139 78.010849 63.877758 0.000000 
83.749687 63.472645 55.263405 64.006546 58.680538 0.034264 
88.004044 81.071014 76.812340 74.720154 77.076477 0.000000 
88.423164 72.677734 73.522011 76.648972 71.387283 0.019782 
86.105125 77.861946 76.399895 85.787666 75.892662 0.019782 
88.682220 79.850327 84.710205 81.569633 68.678078 0.027976 
87.943649 75.001610 80.642418 74.055870 62.721169 0.019782 
84.997353 71.996994 74.101784 81.869537 76.262131 0.000000 
84.028366 64.610161 66.106613 79.750916 62.373032 0.019782 
86.965714 72.288536 72.394188 69.465439 68.400604 0.000000 
90.597054 93.654343 91.366814 80.190567 69.004509 0.000000 
86.687584 67.935509 69.069412 78.072922 63.556534 0.027976 
79.794365 50.198303 54.957291 59.529320 58.381748 0.000000 
85.700912 61.068810 69.631340 69.999336 67.707352 0.019782 
81.961182 60.055058 68.907585 73.663750 71.303436 0.019782 
85.871231 65.259705 67.785736 72.072662 79.380081 0.019782 
91.458427 93.011276 92.961121 82.809914 69.291519 0.000000 
