1.313870 
1.483925 
0.845789 
1.457450 
1.087216 
1.226099 
1.290878 
0.849514 
1.516161 
1.509486 
1.173369 
1.507230 
0.675307 
1.224235 
1.361878 
1.314808 
0.811351 
1.686584 
1.397192 
1.367441 
1.362287 
1.131108 
1.158144 
1.176724 
0.994811 
1.390204 
1.161451 
1.274386 
1.396406 
1.155602 
0.730798 
1.605057 
0.809687 
1.592732 
1.650500 
1.165027 
1.042192 
1.239603 
1.654630 
1.908547 
1.321843 
1.494263 
1.439350 
1.162837 
1.539959 
1.631193 
1.110899 
1.017420 
1.270702 
1.454709 
