388.446991 179.782089 62.652630 59.392063 128053.656250 
351.678894 149.250916 80.746178 57.081898 143563.468750 
339.588776 151.647263 69.933769 50.184563 96647.132812 
394.969757 212.181808 134.341721 111.904495 181576.281250 
347.662354 176.985168 100.341743 82.431541 76620.054688 
294.835358 157.718307 93.426086 70.320831 174471.843750 
433.635223 184.444061 99.733208 49.518471 142721.250000 
328.418060 125.899918 82.085197 48.271557 128897.109375 
338.100952 150.649704 76.542137 50.224461 58770.882812 
372.688263 172.520660 84.627815 59.343403 94166.742188 
356.963165 156.267807 66.124084 42.418053 125803.789062 
374.375946 200.364212 111.622704 35.199898 122886.320312 
420.467743 154.617096 69.305115 34.804272 115000.132812 
330.660339 154.166153 76.703804 33.610672 146823.671875 
396.955200 198.141541 95.282867 43.326706 97569.906250 
317.227539 136.929565 58.864799 29.857727 75478.492188 
323.130951 134.975861 72.589401 29.210167 91728.664062 
373.456696 166.712769 91.309128 64.567123 154239.984375 
307.000214 129.293961 53.283516 13.325296 102142.195312 
398.479828 163.989227 73.280510 51.793789 115038.015625 
404.631561 174.880478 64.651459 23.185083 103366.289062 
311.751923 165.218155 112.265915 67.536079 90251.046875 
362.916931 167.270172 115.184982 78.036163 76568.625000 
359.374023 151.177246 97.049171 64.359879 85486.390625 
366.143188 184.711090 93.352417 65.128929 171718.578125 
428.442963 222.482178 142.793945 76.371674 155376.250000 
404.905853 157.418106 69.240738 28.905210 106945.304688 
313.544708 124.598709 64.666443 33.307045 84464.242188 
375.095276 177.046249 77.248238 33.334248 107695.539062 
413.661835 151.993622 58.674488 39.747517 92275.460938 
379.039886 161.421173 65.799675 26.515587 148570.625000 
407.894562 225.724167 126.504440 49.359291 60060.781250 
416.051666 194.115479 97.547234 48.720474 119149.523438 
347.232178 178.966049 114.697708 56.264835 106890.742188 
327.216095 135.545715 111.265518 35.066593 92940.039062 
317.136963 120.985146 63.079159 33.819599 119208.414062 
305.258911 156.222443 116.087791 74.618713 158328.125000 
379.751617 156.864822 73.874832 55.050232 139637.984375 
366.329651 134.792664 48.430073 21.667402 79024.421875 
394.784729 207.927078 119.642342 74.810547 80271.468750 
384.008911 187.454834 93.775719 43.220341 114248.085938 
394.497437 181.587769 83.023582 80.175301 147866.000000 
373.079132 140.264297 57.484459 55.172619 114297.171875 
304.713165 150.623825 62.088955 23.953384 76071.085938 
359.305176 156.870544 78.198204 30.283054 76546.546875 
333.060547 142.806412 73.091316 31.738865 109677.843750 
375.592133 157.387177 59.058807 39.992004 109737.054688 
349.704803 177.812149 88.701317 42.317627 144933.609375 
315.837463 162.083221 70.960304 26.582651 76307.234375 
377.230347 213.862930 132.402557 82.121300 95261.273438 
