85.703415 88.920059 77.992043 85.789650 95.427628 0.000000 
97.814209 64.401276 59.094193 55.996140 39.153187 0.027976 
91.236725 77.692497 78.542343 88.690720 74.623978 0.034264 
92.495026 106.939064 98.661819 89.791374 85.334427 0.000000 
85.562752 87.934586 99.053520 92.762428 88.338791 0.000000 
88.951584 81.187637 80.361015 70.045242 77.759911 0.000000 
89.814682 93.584480 78.916245 83.238525 65.557808 0.000000 
91.170135 67.775215 75.523346 78.972198 47.639057 0.000000 
95.336563 57.306374 66.151886 70.517593 61.607212 0.000000 
94.886818 80.350342 77.610794 79.829376 65.834396 0.000000 
93.615356 71.434807 85.456406 69.210144 49.179127 0.000000 
86.533417 60.002335 67.027107 63.800858 47.916893 0.027976 
88.750801 47.202679 51.669884 57.190422 47.583118 0.000000 
88.666199 52.125271 54.121639 35.456928 40.236931 0.000000 
84.378212 55.421753 59.748932 48.346806 31.607019 0.000000 
93.493401 62.308643 60.393265 70.023224 37.190609 0.027976 
94.077972 54.473629 53.597382 51.806519 48.559570 0.000000 
88.518547 46.428131 43.318104 42.971222 35.557236 0.027976 
89.479385 54.459644 49.416603 37.504326 27.796923 0.027976 
82.194847 52.929462 40.796391 42.369610 27.626617 0.019782 
95.142868 44.054928 46.964588 45.666252 25.738882 0.000000 
89.076996 81.372574 81.516327 59.547581 29.166876 0.000000 
88.410629 50.512794 43.174889 38.296432 23.332685 0.000000 
79.249535 53.895798 57.509235 45.372105 36.014675 0.000000 
91.905128 44.325275 35.101700 31.494684 28.071419 0.019782 
90.115356 43.695198 41.245750 41.846008 26.554373 0.000000 
90.154083 46.460773 41.682178 30.784420 20.364546 0.000000 
94.054298 51.350067 44.087147 46.608185 26.876316 0.000000 
91.703812 55.451313 48.867615 40.677010 23.902910 0.019782 
88.526680 41.235233 32.930107 31.220047 18.285643 0.000000 
88.168205 44.137505 36.201935 34.126827 21.077154 0.000000 
91.380081 62.567085 80.038528 56.656742 28.077650 0.019782 
89.751213 60.937641 54.803917 39.773907 24.106581 0.019782 
85.795166 55.204430 53.351772 40.358967 26.605442 0.000000 
93.561607 48.886955 44.001537 54.591557 40.446129 0.000000 
89.550819 59.532848 53.829098 34.317390 26.981878 0.027976 
85.056549 65.829376 65.383072 57.421196 20.513254 0.019782 
87.598053 26.413670 36.551067 29.396349 18.479633 0.000000 
87.501060 57.108334 59.368309 42.181244 19.954357 0.000000 
82.289833 33.935822 28.580072 32.933914 34.336491 0.000000 
90.357262 68.501991 54.817684 50.790028 19.770306 0.000000 
88.851013 51.938389 39.667015 37.513073 41.636105 0.000000 
87.949890 45.415573 36.133129 32.180099 25.084839 0.027976 
86.359482 52.986156 42.878582 32.606647 20.832310 0.000000 
89.281982 52.768875 35.652508 39.127174 32.111824 0.027976 
91.891731 68.881035 67.974442 47.156479 27.197626 0.000000 
94.566475 39.667450 38.806950 35.971912 31.440397 0.027976 
84.858742 45.846317 44.108486 37.057606 23.702303 0.019782 
83.478271 49.377838 43.825432 32.425133 34.181778 0.000000 
82.823814 44.737667 42.334145 45.658710 32.687031 0.027976 
90.391190 58.430382 57.362949 49.925312 31.931692 0.000000 
87.078255 40.483711 38.823650 41.691334 29.304359 0.019782 
85.513458 58.911404 55.644093 44.102039 22.412796 0.019782 
81.761917 64.572601 58.717632 50.355469 37.252449 0.000000 
89.447395 59.546036 60.577007 56.425533 32.526909 0.000000 
84.325211 39.275372 37.777107 36.201996 28.281378 0.000000 
85.922005 50.854885 43.178459 42.409374 30.813431 0.000000 
86.906532 84.406517 66.408318 48.898926 28.694662 0.000000 
91.173836 47.629246 56.569462 55.446259 33.006794 0.000000 
87.377800 44.687824 44.540962 41.377174 35.124992 0.000000 
86.481453 35.191444 33.049507 30.026182 27.853111 0.000000 
89.162315 40.208405 41.673836 39.184063 30.571749 0.000000 
86.787231 47.933620 57.883320 42.523403 30.261824 0.000000 
88.112389 32.945805 27.425970 31.390676 20.818258 0.000000 
88.460365 26.479826 26.752028 25.364845 21.937941 0.000000 
88.069359 66.572365 67.363487 55.956589 28.991390 0.000000 
82.570023 33.723454 33.572155 29.310146 25.247406 0.027976 
90.445503 52.580666 42.179405 39.546692 27.010534 0.000000 
87.880470 56.650532 53.830235 42.063480 27.821690 0.000000 
82.093361 31.746643 33.072792 34.902424 29.868950 0.000000 
85.918228 50.083286 50.851227 43.069736 26.832853 0.019782 
94.817215 46.370815 43.501713 41.790833 26.235146 0.019782 
86.794182 65.455826 68.708405 53.881840 40.121803 0.000000 
86.173721 52.486927 59.623135 49.578022 41.447960 0.000000 
82.410637 51.319870 49.577541 41.770374 34.013470 0.000000 
87.098190 43.735321 45.786690 44.046070 34.289303 0.000000 
93.296219 45.845306 48.800018 47.231125 32.552830 0.000000 
87.474541 57.904606 58.742207 63.847366 46.563236 0.000000 
83.967140 49.272697 53.451691 50.923042 36.389370 0.019782 
90.606934 48.174568 51.183525 45.355843 38.832924 0.000000 
88.244026 54.489742 50.800663 50.120251 35.910130 0.000000 
82.321190 65.131599 60.321415 60.734459 40.252525 0.000000 
89.392632 61.500618 60.738232 58.185303 37.252068 0.019782 
94.087677 62.189121 64.565689 60.539478 40.911900 0.019782 
82.704178 57.217701 64.143654 60.666336 31.523346 0.027976 
93.604996 59.047195 63.925510 68.301918 47.111847 0.000000 
90.782593 54.711422 53.054699 49.043190 41.391251 0.000000 
89.153679 41.793839 42.897331 44.790478 33.993130 0.000000 
90.149178 38.277077 48.379219 40.879578 34.333317 0.000000 
85.381851 58.255611 56.116013 49.469383 33.279716 0.019782 
87.013550 34.531361 33.125668 38.221493 36.600372 0.000000 
88.192383 51.465435 49.690987 42.287899 27.945541 0.027976 
85.928871 35.961220 35.208588 31.740599 34.617283 0.000000 
83.545570 61.134869 48.761250 45.850002 26.420111 0.019782 
89.516754 34.678276 36.920879 34.917782 26.739712 0.019782 
86.610435 56.701675 53.824459 41.541275 29.193066 0.027976 
88.802803 67.466400 63.426838 58.051044 35.818024 0.027976 
91.729553 94.444038 83.229568 58.920513 34.044544 0.000000 
91.852898 56.461784 57.501350 45.969448 32.029713 0.027976 
90.958588 42.782211 35.906223 31.969292 26.392651 0.000000 
85.584389 43.397236 33.446514 32.420757 29.768484 0.000000 
87.397263 58.674026 56.114262 51.129646 27.033926 0.000000 
87.509331 54.513977 62.403625 44.020226 30.717920 0.019782 
83.947639 46.786160 53.244427 46.851578 35.679729 0.000000 
84.021858 43.246098 55.621819 46.851749 36.161880 0.000000 
86.887306 57.818001 54.298832 50.217789 28.285154 0.019782 
87.042992 50.331577 40.959324 44.310631 29.358707 0.000000 
88.479889 56.307266 49.755871 55.542892 35.129356 0.000000 
88.148529 53.629425 60.892124 59.048424 41.941566 0.000000 
86.389595 68.545120 68.070312 67.642235 35.077045 0.019782 
89.975662 71.507172 69.255379 60.529259 32.306805 0.019782 
86.124817 39.571617 36.829273 34.571693 30.375402 0.019782 
86.791107 55.299995 46.117733 50.878178 32.552032 0.034264 
89.594719 56.519241 42.494373 48.830650 30.524336 0.000000 
91.988892 37.076363 50.435246 45.096840 31.665194 0.019782 
81.879684 46.569645 43.402309 41.517330 29.535896 0.000000 
87.784225 43.121910 38.231026 40.582561 25.559029 0.000000 
85.615021 56.047771 44.772903 38.040203 28.274801 0.019782 
83.106117 38.180923 41.449619 37.326206 36.756088 0.027976 
85.583939 29.593321 29.075321 36.259045 28.190722 0.000000 
85.458633 44.201199 41.125786 30.722500 21.666140 0.000000 
98.416733 44.192413 44.452843 32.809975 21.886318 0.027976 
91.331291 46.181713 54.921211 40.670662 25.481440 0.000000 
87.370224 64.845146 56.015503 45.645401 24.401278 0.027976 
89.105522 55.710503 45.676052 36.990082 28.125271 0.000000 
88.965714 41.310081 39.213474 35.485703 23.066334 0.000000 
92.066154 31.440876 22.945265 39.354473 25.464891 0.027976 
83.781197 40.156776 38.561516 35.914314 22.494247 0.000000 
85.248444 40.243446 44.015099 33.357731 22.149401 0.000000 
84.160614 31.677567 24.440710 37.686684 20.440577 0.000000 
91.630646 31.992844 32.687771 27.712948 27.321348 0.000000 
84.161781 53.965637 43.967430 33.013054 26.207125 0.000000 
91.984070 53.107891 70.040031 55.781387 28.818171 0.000000 
88.397629 45.660385 43.522575 40.903484 25.414789 0.000000 
90.331512 44.849365 58.213112 62.050484 23.945644 0.000000 
84.036812 40.850460 45.528152 39.663811 25.844034 0.027976 
86.288460 36.601959 32.443298 31.260201 23.551985 0.000000 
88.916931 46.513359 55.795670 44.538723 22.513456 0.000000 
85.029396 40.861271 49.982632 32.822186 25.733257 0.019782 
86.149300 49.979240 45.019501 44.998924 27.962990 0.000000 
87.563408 40.325756 40.949589 36.682446 24.919418 0.000000 
88.962212 55.209274 46.390896 39.931747 35.723797 0.000000 
90.324799 49.252552 53.382210 46.833179 31.060825 0.019782 
78.678680 59.025154 46.039261 41.352283 29.577776 0.027976 
89.687851 58.817051 54.758503 58.766121 34.426373 0.000000 
89.931709 48.477127 54.957302 62.612667 37.003971 0.000000 
84.512184 45.704258 54.432671 45.214558 33.646133 0.000000 
87.473320 42.446465 45.011799 46.731636 34.179447 0.019782 
84.679100 43.715542 39.079391 36.187927 28.441286 0.000000 
86.743698 46.590637 46.392895 52.454132 34.582073 0.000000 
91.909149 41.432133 42.744179 48.105453 30.217312 0.000000 
75.997108 45.948177 71.735809 47.152065 30.960953 0.000000 
78.694725 64.253036 58.373188 61.150505 26.451664 0.019782 
91.306274 60.147762 55.981560 50.462292 26.240707 0.019782 
87.242989 50.050812 70.793602 44.924034 30.881802 0.000000 
83.649170 54.093182 60.106960 46.771633 30.744635 0.000000 
90.272232 58.075020 67.752586 67.208351 31.673853 0.039565 
80.515320 33.883034 29.494959 36.171848 29.391983 0.027976 
88.336983 60.524406 48.859657 38.087944 19.173265 0.000000 
97.051155 36.812202 26.259346 23.774893 24.151592 0.000000 
81.581146 47.426609 44.528561 27.966223 21.519712 0.000000 
86.971581 42.076393 42.828712 39.395153 25.802904 0.034264 
82.820969 45.086216 39.532234 36.594654 28.988825 0.019782 
85.328827 45.270950 42.019234 33.091320 18.737665 0.000000 
87.472260 48.279419 41.986439 33.985928 23.786276 0.000000 
87.996681 37.929493 32.815788 29.229366 21.681368 0.000000 
81.693558 76.249237 62.870155 60.408562 26.873363 0.000000 
79.241714 34.800716 34.249306 32.055679 25.193716 0.034264 
82.823219 42.113678 38.590275 35.938126 22.600151 0.000000 
82.577667 44.935230 47.537998 42.143246 24.747650 0.034264 
89.847916 44.109772 53.502834 34.911091 20.570559 0.000000 
83.178864 39.130116 33.235657 34.660782 27.994291 0.027976 
89.944603 39.568008 44.272179 37.434799 25.564150 0.000000 
80.049271 28.612673 30.290300 28.862696 19.103861 0.027976 
90.598648 27.760828 21.967537 25.762596 19.496889 0.000000 
84.465073 37.505547 33.984734 30.771307 19.835617 0.027976 
89.774178 55.160625 55.181553 29.212673 21.776331 0.034264 
82.708847 34.757549 40.575592 36.151974 21.904047 0.034264 
80.828934 38.678795 36.997616 37.794037 22.493006 0.000000 
86.914261 42.301102 36.540783 33.555431 18.565870 0.000000 
80.245796 34.541714 28.544674 37.685192 23.676308 0.000000 
82.800072 54.520050 48.760590 46.198311 21.208145 0.019782 
85.849449 63.905216 51.229855 39.930988 17.840391 0.000000 
82.103661 46.091461 54.282333 43.975048 23.529169 0.027976 
86.069641 53.861454 55.808830 33.824089 20.019083 0.019782 
83.269958 41.850124 33.688408 28.043718 17.740410 0.019782 
90.750252 47.187553 39.399849 30.817678 16.894491 0.019782 
81.690277 52.509548 46.695656 39.495903 21.623087 0.000000 
81.952507 33.844521 31.266026 27.997667 18.261112 0.000000 
89.625977 36.179615 29.755222 32.437309 20.896803 0.000000 
88.137466 52.313046 50.335258 50.515892 21.347548 0.000000 
89.032356 40.673466 36.074986 30.922628 21.810978 0.000000 
81.304184 32.723137 23.333893 19.419321 18.193672 0.027976 
90.930237 32.906528 31.127249 34.942104 22.827915 0.000000 
89.401573 63.100422 44.306965 38.811344 20.710764 0.027976 
75.414932 31.646067 26.823408 19.020500 18.682623 0.027976 
84.633507 42.782204 47.369858 32.802586 20.607813 0.019782 
85.801956 34.676033 29.576700 20.057524 16.203104 0.019782 
76.603569 42.532623 38.798634 34.118217 20.890821 0.000000 
75.653656 34.453869 28.514851 23.806860 16.784124 0.000000 
84.768234 44.880768 55.136082 24.725355 17.272383 0.000000 
81.946426 28.421417 32.649185 25.373978 19.872339 0.019782 
84.127342 51.174908 44.291264 30.001728 18.042803 0.000000 
86.225716 37.626568 46.841660 42.074802 20.304117 0.019782 
70.277260 21.157667 18.158627 20.084135 18.933607 0.000000 
84.443626 29.003586 30.525818 23.213650 18.841444 0.000000 
79.858315 30.521027 28.368450 21.171598 19.782740 0.000000 
79.898422 31.517015 28.721941 25.746296 18.028961 0.000000 
70.227249 53.396107 38.211651 28.995409 20.069977 0.000000 
75.570740 26.762730 21.506153 24.818083 17.883657 0.000000 
69.525673 30.093458 31.735821 22.859230 17.481173 0.000000 
73.892876 36.888973 31.957216 35.486916 20.390596 0.000000 
88.013069 50.320396 43.759632 41.867054 26.122297 0.000000 
82.421722 48.014332 46.708511 41.114590 22.990337 0.027976 
84.473511 36.285294 35.145565 28.042643 21.129681 0.019782 
87.280701 37.549320 35.305672 29.293734 17.134066 0.000000 
81.919586 36.990494 31.721682 26.260942 17.939789 0.000000 
83.181000 50.512829 49.608269 35.706192 24.530508 0.027976 
95.300926 27.505022 28.037079 24.664850 14.616651 0.000000 
93.259293 64.872139 76.407921 44.938126 27.999041 0.000000 
88.857025 41.158268 39.348488 32.519733 18.812471 0.000000 
82.681595 37.830132 32.717960 28.004795 18.548433 0.000000 
95.095833 29.930269 26.778223 27.067318 18.367090 0.000000 
74.098763 38.186184 34.185215 29.226852 20.413559 0.034264 
83.508453 52.509163 44.140476 35.578526 19.853796 0.000000 
82.673782 31.270388 30.581980 39.743668 24.319616 0.019782 
82.503983 38.522541 42.232075 35.072613 21.209005 0.000000 
85.926414 54.528877 50.587116 43.058750 21.892658 0.000000 
68.601326 36.441349 35.517429 36.090290 19.641844 0.019782 
85.909042 45.501350 36.578255 27.834167 23.950029 0.027976 
86.672394 34.531872 38.565456 29.524818 20.203985 0.000000 
87.297318 43.588028 40.547188 38.820011 26.706457 0.027976 
80.066811 26.174736 37.860027 38.059315 21.029705 0.019782 
86.562004 40.959461 40.998497 34.586521 16.904102 0.034264 
86.738365 35.980705 44.095005 40.988503 20.779295 0.019782 
87.569244 28.627966 21.463541 26.621990 31.367424 0.027976 
