86.922165 58.742126 35.147228 76.539398 70.243904 0.000000 
97.386627 64.724091 50.252934 76.201981 72.552559 0.000000 
93.996681 68.758575 47.013317 67.049622 62.142693 0.000000 
96.715309 56.929543 52.496162 69.442657 81.656815 0.000000 
88.971100 74.425354 66.021301 78.603157 64.992599 0.000000 
99.086418 75.164589 56.240345 74.594147 68.256248 0.000000 
92.305428 65.323166 52.804104 70.750381 78.107536 0.019782 
89.280457 75.235970 63.169056 74.438652 76.385941 0.019782 
87.853622 67.754532 46.564018 88.326180 65.542480 0.000000 
84.004585 77.511932 53.704395 71.254082 74.320709 0.019782 
86.288124 76.843430 51.708660 78.986244 63.588413 0.000000 
88.195656 63.157192 54.688202 70.937645 65.688103 0.000000 
87.065483 63.526157 45.868008 76.136993 67.138985 0.000000 
89.227295 70.659767 51.475159 81.193573 65.204689 0.000000 
90.117615 71.339066 57.416042 65.428162 84.695351 0.000000 
89.135208 76.490547 52.923542 77.274628 66.157288 0.000000 
92.501717 64.848495 47.858688 79.260773 84.051376 0.000000 
89.854218 68.549759 50.882744 83.489548 87.451454 0.039565 
87.995842 75.686378 53.535362 67.615486 90.110924 0.000000 
93.771629 69.290665 64.888229 82.115250 66.936478 0.000000 
