0.357665 
0.481239 
0.652501 
0.794023 
0.548970 
0.488017 
0.390784 
0.382383 
0.273152 
0.130865 
0.494449 
0.737981 
0.377479 
0.357565 
0.281629 
0.539399 
0.174931 
0.740068 
0.535699 
0.762378 
0.302920 
0.463983 
0.516028 
0.806812 
0.594390 
0.310335 
0.358270 
0.286392 
0.489356 
0.300980 
0.348698 
0.222072 
0.438426 
0.293616 
0.246071 
0.708289 
0.291595 
0.431519 
0.493218 
0.179702 
0.805164 
0.337963 
0.450196 
0.508921 
0.450379 
0.428487 
0.531943 
0.155585 
0.324069 
0.530559 
