100.363083 61.743629 93.967041 66.437706 89.301743 0.000000 
87.987755 66.701302 92.150932 75.535347 82.317413 0.000000 
97.288315 74.545731 75.990448 96.266052 86.500298 0.000000 
90.806374 84.584290 61.981514 93.023468 87.802322 0.000000 
85.734398 94.212738 79.203957 90.675011 90.929375 0.027976 
94.577400 61.873890 80.794891 77.185287 90.802689 0.000000 
94.658615 59.436565 74.506859 81.760536 82.496170 0.000000 
106.296539 66.893135 78.211937 81.733818 91.737358 0.000000 
93.541603 70.496544 91.265945 92.913086 85.152954 0.034264 
87.025131 75.139351 78.665161 75.170319 85.900864 0.000000 
78.433235 87.495941 66.920662 68.731804 90.746582 0.000000 
90.942162 52.005600 109.333199 76.895302 79.030151 0.000000 
91.963554 58.568703 76.110962 77.882103 88.249466 0.000000 
93.268570 68.622261 73.227943 90.626839 82.873543 0.039565 
93.677475 80.116417 86.778900 94.058014 94.538292 0.000000 
91.528038 74.457481 75.172195 81.537704 86.268044 0.000000 
95.523743 66.920868 75.974251 85.099205 86.435730 0.000000 
99.871948 95.374428 90.831871 94.705788 96.568077 0.000000 
100.522942 66.020454 89.165642 72.670868 91.458817 0.000000 
97.164894 77.333862 79.436775 87.461990 87.945160 0.000000 
