476.034637 277.104431 235.182083 255.529449 53578.511719 
527.652649 281.282318 196.978760 145.720261 43981.832031 
510.830536 345.177063 268.082611 216.972382 71911.523438 
423.043060 218.055389 138.892410 98.839012 53486.585938 
392.905426 247.318283 200.980591 212.709793 35465.710938 
489.751709 254.758041 144.299652 158.654282 48953.593750 
503.183899 297.559662 146.986115 114.314957 38807.273438 
410.624512 223.452362 173.428284 113.745476 48651.585938 
421.869385 231.126511 188.580566 135.078842 62580.316406 
430.920441 225.245483 170.584442 164.655884 41724.359375 
494.010254 327.877899 234.124237 190.826065 53509.722656 
529.133606 233.028122 197.199905 152.588150 48241.214844 
503.204346 243.073593 181.891693 139.223236 40082.707031 
482.402344 254.660141 146.914780 180.501007 60670.742188 
607.370056 329.545197 221.584274 187.288559 64637.019531 
384.153809 183.126816 130.820602 99.841484 50078.015625 
513.969177 262.551025 234.072113 372.374237 66844.101562 
496.507812 278.240417 204.902771 147.808685 47322.195312 
506.564453 315.594391 176.323105 113.198341 45266.515625 
508.418427 275.605225 217.398041 441.272339 72094.445312 
518.943787 265.232666 206.562958 247.093185 59518.742188 
432.930176 218.864349 150.518982 102.409515 42052.851562 
509.858368 291.518646 197.778900 138.170471 62127.648438 
535.104492 271.444122 192.122833 126.884483 53782.343750 
455.132141 257.116638 253.053543 317.230133 56490.617188 
673.567444 258.685303 190.291153 139.496094 64355.472656 
454.845551 262.060730 165.406082 149.829407 39673.570312 
467.912964 200.905548 204.290207 235.785172 37414.894531 
453.562500 261.844696 179.397583 142.159897 45138.210938 
456.570465 234.368484 159.600693 100.173225 48177.820312 
562.406860 271.908203 151.509445 115.888412 54191.414062 
532.343323 306.284119 298.055511 181.760223 61330.390625 
444.389221 262.356903 140.609985 156.195389 61805.679688 
413.410492 265.915619 180.182770 147.285965 51951.218750 
406.785187 224.416122 160.767166 134.509521 46247.429688 
460.317444 259.607086 178.299057 154.415451 41067.179688 
520.145752 328.734833 259.105072 145.248505 70089.960938 
494.156769 260.527100 243.688492 275.334503 63106.628906 
628.194275 276.774384 174.687958 144.464844 38559.496094 
501.188324 209.032135 147.941864 99.317230 32965.937500 
504.928802 259.910950 157.091156 83.896614 55379.476562 
535.958984 237.584824 158.209091 116.398003 40205.519531 
537.533875 254.789062 159.795593 108.225304 51308.925781 
475.407715 263.579224 158.692673 113.114586 49098.980469 
497.367310 257.149780 168.603210 102.690300 47696.070312 
592.722168 270.405701 205.009384 334.598236 57071.851562 
451.436768 228.165100 298.444794 333.078094 60555.796875 
513.142822 257.017120 177.958984 111.592979 37141.511719 
446.510895 243.047745 172.942108 117.320297 62014.968750 
475.279388 268.108337 259.817047 255.673294 44159.054688 
