85.731949 92.632523 71.496193 90.319580 84.565857 0.000000 
105.055023 89.747437 92.138382 90.588089 88.516197 0.000000 
88.377007 83.267921 90.804077 87.491913 86.072632 0.000000 
97.031281 96.878281 98.527039 90.358582 90.209305 0.000000 
99.481598 69.311295 80.546646 86.148514 84.888893 0.034264 
85.961510 87.701454 71.546120 105.779312 78.419289 0.000000 
74.639671 102.442047 71.034187 104.079033 89.991295 0.000000 
96.144852 82.111893 94.719955 86.554901 90.375793 0.000000 
100.076752 94.022713 103.455574 84.770546 100.358971 0.034264 
86.463409 102.011086 78.819855 104.253815 89.252968 0.019782 
82.969040 78.942154 75.275703 98.539368 79.428246 0.019782 
96.415794 90.683098 89.374542 92.817154 78.898468 0.027976 
75.245079 101.129257 74.495193 105.535995 87.639885 0.000000 
93.160065 69.512985 84.931900 85.362541 84.523323 0.000000 
94.630432 93.878944 85.630669 88.155266 94.453674 0.019782 
80.805870 83.563469 74.484146 103.533142 84.212387 0.000000 
85.748634 70.007767 61.146732 101.590286 75.269218 0.000000 
88.131149 94.716728 93.019432 91.214096 92.420692 0.000000 
96.999580 77.577835 84.577621 94.406647 81.958359 0.019782 
98.232292 92.453011 93.662582 92.223839 93.208305 0.027976 
