90.557793 66.778259 75.262817 76.282715 84.865623 0.000000 
92.668777 103.444679 96.039619 90.047523 94.414871 0.019782 
91.123779 87.554855 87.213615 95.997856 78.026855 0.027976 
93.295914 65.251381 84.948441 85.663170 77.598747 0.000000 
85.820518 81.509041 82.297531 79.459015 97.971512 0.000000 
88.897705 77.248947 89.857964 85.467384 86.963097 0.019782 
92.238754 83.733635 81.549797 85.123955 96.828224 0.000000 
87.271980 62.618992 73.371361 87.417160 84.736618 0.000000 
81.938789 76.375938 80.844810 79.105438 87.386330 0.000000 
80.370934 78.574417 90.610916 84.273422 79.974167 0.000000 
87.093307 81.437668 78.945694 87.824570 110.634155 0.027976 
90.672394 94.397560 91.724983 76.322487 92.035141 0.000000 
83.851097 64.733597 65.655548 74.277046 55.599579 0.000000 
90.710167 83.494797 90.726791 92.554794 101.657784 0.000000 
74.364365 60.187473 64.256149 66.982597 76.807487 0.000000 
83.881081 78.160156 81.334297 79.444069 74.375595 0.027976 
85.476349 72.539764 71.978241 80.070389 68.757179 0.000000 
87.644005 79.169159 84.587265 75.281540 78.290848 0.019782 
77.204018 70.418030 81.689781 82.657814 84.729622 0.027976 
93.000641 76.853348 82.326843 81.296150 79.435074 0.000000 
85.089355 48.422176 58.853836 73.481331 68.837395 0.027976 
70.222366 56.708897 62.576702 63.899193 45.151215 0.000000 
80.613838 59.203163 61.005283 69.333992 66.414352 0.000000 
76.494400 50.615082 64.148407 60.352039 48.252392 0.000000 
90.435478 85.676086 94.924690 85.073143 84.506485 0.000000 
83.499077 72.383209 81.355423 84.278679 73.231071 0.000000 
61.597763 49.012493 68.047569 55.599415 62.699856 0.000000 
72.537720 46.772392 54.034557 64.876694 57.347076 0.000000 
78.478363 43.789143 49.629200 52.439526 50.572083 0.000000 
76.024971 73.296288 89.603851 84.882851 68.121269 0.000000 
91.735580 82.557732 81.897850 95.593018 58.345947 0.000000 
74.684448 49.335171 65.804832 53.580494 57.175453 0.000000 
75.024666 69.642303 79.112770 72.895096 67.830246 0.027976 
72.602188 48.598141 57.832085 54.118484 57.996941 0.000000 
76.104614 49.501278 54.158241 59.524052 48.800930 0.000000 
91.815613 99.321007 91.742058 80.485512 87.032364 0.000000 
79.879951 80.459511 69.116386 74.443787 63.635818 0.000000 
78.157082 60.227940 56.982899 52.966896 56.398201 0.000000 
72.219284 55.446022 66.375092 52.791149 41.818134 0.027976 
87.375397 53.486881 62.247105 51.585609 61.182861 0.000000 
69.553841 67.484604 68.018204 70.674858 58.135071 0.019782 
77.586639 46.229488 45.935753 46.375118 48.505596 0.000000 
85.241226 51.803097 61.286724 57.237755 50.308392 0.019782 
83.303192 39.317234 51.827332 47.457996 54.805645 0.000000 
74.126457 45.594101 50.174751 52.790356 45.898949 0.000000 
77.216576 65.468506 81.146255 75.614754 72.496315 0.000000 
81.001587 76.410622 79.751434 84.570374 65.678123 0.000000 
71.583641 54.243572 61.721012 54.971481 51.514618 0.019782 
79.062874 51.954926 54.164658 66.652321 52.880558 0.000000 
80.483612 63.614147 75.599342 76.194199 55.520882 0.027976 
75.025299 56.491917 58.239002 62.846798 52.408966 0.000000 
73.957214 67.951782 67.265854 66.536446 52.952606 0.019782 
74.105286 45.629845 52.931908 52.695457 45.558708 0.000000 
62.916965 53.758110 51.232391 53.632313 51.094513 0.000000 
76.888321 51.996944 70.892914 68.479202 45.219246 0.000000 
74.468460 64.467667 59.904266 65.449219 67.964104 0.000000 
77.557625 46.613888 58.796917 53.093452 49.409637 0.027976 
85.731850 85.157722 84.867340 81.726295 69.476738 0.000000 
85.809959 58.844688 62.852654 67.981323 53.932678 0.000000 
87.373192 48.867302 47.479549 59.234280 53.263824 0.000000 
82.997658 53.778069 52.447906 52.402641 46.532085 0.000000 
89.656403 42.043266 44.812199 52.977287 48.074772 0.000000 
93.250206 72.507034 57.682472 68.975372 60.586613 0.000000 
77.444847 58.609360 65.665985 66.467224 46.945023 0.000000 
78.956123 60.591000 70.024391 61.679390 51.594460 0.027976 
82.454857 43.890938 53.863361 53.815079 48.088242 0.000000 
91.253326 58.468933 57.521954 51.900818 49.772579 0.000000 
86.144943 55.019466 60.324417 54.072971 63.812397 0.019782 
73.025681 57.756981 66.384781 67.674049 66.954140 0.000000 
78.371933 46.240517 47.494186 41.660767 50.451252 0.000000 
85.269295 59.360245 60.168056 54.301632 51.619373 0.019782 
79.249496 60.346691 63.607220 68.799446 55.388351 0.000000 
85.211723 54.391857 63.136395 66.796577 48.815357 0.027976 
79.202179 56.180779 56.807415 68.360352 56.055065 0.000000 
74.428680 63.356731 68.887688 63.720867 52.606277 0.000000 
68.478264 52.554176 45.281658 48.790558 49.070869 0.000000 
81.015503 56.380878 65.378883 55.840267 66.612946 0.000000 
79.135818 60.588318 62.594658 69.680893 64.313629 0.000000 
83.313385 58.009010 53.197361 66.598206 59.693081 0.000000 
72.945175 51.386490 64.222298 75.068779 71.374443 0.000000 
74.553627 42.825523 47.989761 49.889179 48.805180 0.027976 
81.092163 72.289757 78.555901 74.691887 50.797409 0.000000 
75.337883 63.043541 55.021423 59.497940 52.496376 0.000000 
82.922424 82.095291 88.471191 84.124290 57.710342 0.019782 
90.155930 80.628876 84.355072 82.105774 67.814667 0.019782 
75.693962 61.101486 64.729546 67.650124 65.809792 0.000000 
80.751579 73.991768 72.522362 72.401558 66.150040 0.000000 
82.027031 46.495708 49.661766 43.963322 40.635254 0.019782 
82.959053 67.018822 72.309380 65.605461 59.201401 0.000000 
75.928871 71.342346 71.140816 61.871357 64.750793 0.000000 
74.334038 52.869247 57.403812 54.230827 48.536934 0.000000 
75.386040 50.230785 63.725132 61.168518 46.964401 0.000000 
76.484314 46.103107 52.340057 48.228851 49.251770 0.019782 
80.428574 61.326283 68.717422 60.169720 57.728825 0.000000 
85.669952 49.248123 50.002560 50.767303 60.711529 0.019782 
71.353058 53.223877 61.877373 58.837536 40.549850 0.000000 
81.667473 64.032455 66.238136 65.008568 56.284283 0.027976 
79.976685 56.937969 56.373932 67.472160 58.997864 0.000000 
85.073692 58.654385 70.049065 58.019886 44.837387 0.000000 
77.884041 48.960514 68.463226 60.599785 49.023907 0.019782 
73.178619 55.127419 61.133606 67.139557 56.976665 0.000000 
79.043823 47.934578 57.294880 53.476250 45.354610 0.000000 
71.284630 58.427547 69.907982 65.661507 54.359421 0.000000 
81.491837 45.871761 50.206375 51.901665 48.532543 0.000000 
79.811920 56.365658 68.857262 62.509754 57.880306 0.000000 
83.136345 50.062008 53.973324 60.970665 56.214943 0.000000 
80.874573 63.910461 69.723541 60.154911 45.673405 0.027976 
85.540825 66.097366 65.247208 70.864113 49.728043 0.027976 
77.032341 54.868286 68.586716 72.817581 58.242332 0.000000 
71.834618 56.705864 57.730545 65.865852 46.582008 0.000000 
83.448303 41.708988 49.493721 43.601681 42.906555 0.000000 
74.287292 58.515785 74.252281 72.920990 65.118645 0.000000 
74.654198 46.570942 52.189255 53.173836 51.692024 0.000000 
78.457626 65.363976 68.499794 71.693321 59.046520 0.027976 
65.999939 56.584370 53.530975 52.159519 45.213406 0.027976 
72.659592 53.096085 57.928177 58.383694 59.552555 0.000000 
76.885384 52.314365 52.779957 46.927593 45.783863 0.000000 
70.833397 46.065758 53.590618 49.897564 45.699417 0.000000 
70.333076 48.475471 58.791016 65.842468 57.569508 0.027976 
73.299767 56.564789 58.203346 53.061207 55.409611 0.027976 
89.099953 58.020874 59.571472 53.423599 47.081558 0.000000 
74.671997 51.647507 50.102966 52.771042 52.026489 0.019782 
80.870529 47.008179 57.314793 56.861706 43.390774 0.019782 
95.354187 51.567947 49.184101 49.227299 55.409775 0.019782 
78.265442 50.132713 50.809986 61.212566 43.662197 0.019782 
75.264610 39.770359 44.439434 52.599133 43.844261 0.000000 
86.457130 52.065731 50.438248 52.436768 45.437160 0.000000 
80.978897 67.782272 59.507751 65.276932 43.469467 0.000000 
76.897064 59.166245 56.315247 57.696053 54.003128 0.027976 
76.746788 49.902115 55.124973 52.384972 52.904861 0.000000 
80.948074 51.934963 65.017746 58.025116 52.858490 0.000000 
75.804245 62.164150 62.451721 69.262047 55.506104 0.000000 
87.926155 75.893074 78.806274 68.466942 54.818336 0.000000 
74.580757 58.095665 60.075535 54.644123 49.389587 0.027976 
83.182678 48.400742 42.186356 55.604427 51.881027 0.000000 
75.320602 51.213078 66.478500 57.646591 46.719395 0.000000 
80.806992 53.037586 53.656322 54.901829 50.106499 0.000000 
77.765518 61.294109 66.023102 61.378357 58.348515 0.000000 
73.337669 65.404060 73.863358 80.467270 57.943062 0.000000 
79.631340 39.455856 44.256851 45.201904 47.500240 0.000000 
75.462738 44.426327 48.347408 44.881069 42.840260 0.000000 
80.373055 64.362259 70.639290 64.322060 60.108654 0.027976 
73.006973 45.805740 62.876255 53.493656 45.096504 0.000000 
75.243805 64.840965 59.826351 57.732307 44.437004 0.000000 
74.530907 60.538342 68.209221 65.406006 50.047398 0.000000 
81.511475 41.007408 44.520683 45.715950 54.427055 0.000000 
71.490837 57.384598 70.650345 70.956139 66.241714 0.000000 
79.534088 55.577309 62.381405 60.805645 53.263752 0.000000 
83.769585 43.240574 46.957802 50.350929 42.105709 0.000000 
72.692596 47.646896 58.155437 53.977524 42.386097 0.000000 
75.990845 42.891891 50.498081 47.701229 45.214371 0.000000 
82.834274 42.824146 50.056484 52.617100 52.595680 0.027976 
71.492783 57.320782 65.051125 66.160027 55.048126 0.000000 
76.694916 54.961800 58.746414 65.503494 49.882538 0.000000 
73.730225 43.396809 51.576794 54.804153 36.102993 0.019782 
73.718323 50.551998 48.716061 46.434235 41.506207 0.019782 
83.026604 46.987289 46.093903 48.627193 51.472382 0.000000 
79.262405 51.440514 59.141689 60.948017 44.408672 0.000000 
83.459824 51.864212 58.039272 54.828709 58.984787 0.027976 
67.542656 53.770157 57.649975 65.955917 56.990257 0.000000 
78.230682 64.343170 56.400139 57.505436 60.356628 0.000000 
75.825745 64.276405 55.225586 65.768639 40.242195 0.000000 
75.679626 58.433880 56.096733 49.620693 45.011436 0.000000 
84.165283 55.391800 55.315701 50.852402 44.516003 0.000000 
75.763397 58.965050 62.528175 63.040287 46.539551 0.000000 
84.668289 75.919113 83.335190 79.477943 57.502510 0.000000 
82.099724 46.649181 50.367779 49.469082 45.982697 0.000000 
82.286263 74.821289 67.824829 72.286049 57.445457 0.000000 
81.307526 42.526188 44.146202 44.349613 35.379814 0.000000 
77.076859 51.509731 54.724911 53.429855 50.653332 0.000000 
83.352669 54.278389 58.794670 60.713139 45.226746 0.000000 
74.370888 60.983845 61.995583 58.743378 45.650471 0.000000 
78.655762 53.252304 52.194466 59.874527 51.576885 0.027976 
86.753029 66.804359 69.941696 83.413368 56.412121 0.027976 
80.391747 62.439800 75.609276 81.583961 61.990578 0.027976 
82.726387 65.866478 69.654472 62.030453 50.043247 0.000000 
81.582367 54.070126 70.355347 67.346184 59.135189 0.000000 
82.714745 63.540844 61.373016 58.103378 53.104832 0.000000 
79.139893 53.485233 53.476215 50.351974 45.186535 0.019782 
75.744225 51.232788 51.932922 54.332558 50.069489 0.000000 
77.080444 53.764465 56.124378 61.702545 53.264053 0.000000 
78.765800 56.139370 51.820076 61.889492 48.576550 0.000000 
87.500534 45.560307 48.347527 41.782990 48.764290 0.000000 
81.068474 64.727356 64.122971 70.702332 61.494816 0.000000 
75.182098 63.287998 66.940239 67.614273 58.147972 0.019782 
78.538681 60.994926 59.178684 57.584755 51.522800 0.000000 
79.890656 45.690517 45.759056 48.322346 50.811802 0.000000 
79.049370 73.982201 85.751335 74.369736 51.938866 0.000000 
78.167320 60.296787 63.458889 60.025040 66.990562 0.000000 
69.175880 66.532837 61.330257 59.181736 51.601437 0.019782 
76.225159 53.940750 46.816658 46.629005 54.424316 0.000000 
80.024483 56.219814 56.020771 69.905182 57.127796 0.000000 
71.660873 56.271023 57.489456 62.318493 59.088608 0.027976 
85.996628 40.549515 49.064152 51.437580 44.091183 0.000000 
74.922623 47.070923 49.113705 51.716118 48.589962 0.019782 
77.550346 70.692192 76.696678 70.538933 51.420242 0.019782 
76.053467 45.872646 44.267464 50.599998 50.178513 0.019782 
72.964409 58.341381 63.632061 64.058464 48.166367 0.000000 
77.497505 64.682442 76.251823 73.390999 52.738708 0.027976 
76.382942 44.611794 48.540318 48.255699 56.937996 0.000000 
70.226128 72.896576 75.018898 78.984001 68.697456 0.019782 
71.635223 65.570450 67.895386 69.942955 61.014454 0.027976 
74.875984 46.389053 51.980198 43.762936 37.699657 0.019782 
61.954075 38.520439 43.503647 58.254242 57.782772 0.027976 
70.276100 58.232281 67.159004 58.464043 48.386509 0.000000 
76.477135 46.685867 53.221584 50.785500 52.313461 0.000000 
72.459839 50.976368 61.200867 59.603043 55.537041 0.019782 
73.340256 42.924942 57.773331 58.402664 46.535782 0.000000 
72.306526 52.917305 60.106960 59.496616 51.893612 0.027976 
79.436218 51.158733 58.349716 48.086777 56.556984 0.000000 
81.326477 44.859753 50.165688 44.923481 54.425083 0.000000 
86.533165 63.809822 74.634399 57.937229 54.430912 0.000000 
84.524292 50.597931 50.782192 47.920624 53.336220 0.000000 
72.356621 62.904949 67.585472 63.754036 59.818481 0.019782 
72.450203 56.035980 50.416096 53.852215 47.670956 0.000000 
78.173271 46.414783 44.619171 48.025974 47.237293 0.000000 
72.528214 71.189728 73.816261 65.674034 55.859756 0.019782 
79.207558 50.212566 46.938797 46.654209 54.586689 0.000000 
77.733452 58.232822 50.912411 62.029762 58.596584 0.000000 
70.938881 46.869400 53.330563 51.178539 60.408463 0.000000 
74.494339 57.932339 56.755474 50.832245 50.650963 0.000000 
76.388870 57.607944 56.762859 55.878101 49.172451 0.000000 
78.921143 56.336750 58.287415 58.752640 51.657307 0.000000 
74.006172 52.085339 53.104214 51.149837 41.542065 0.000000 
70.749283 54.231880 66.351875 73.271477 55.070862 0.019782 
71.661659 67.558105 62.379955 64.705475 57.058235 0.000000 
73.225647 61.234352 66.284737 58.260406 55.591209 0.000000 
77.408813 76.048454 80.099335 78.571632 51.879642 0.019782 
80.115494 67.707130 74.929298 68.930687 54.447834 0.027976 
81.870949 76.358368 82.289268 73.658943 66.129883 0.000000 
78.126007 43.309269 47.073750 41.812965 49.530617 0.000000 
79.251175 61.513882 61.352703 59.312103 45.466740 0.027976 
77.267838 60.189358 57.720219 63.743797 48.578056 0.000000 
78.331367 62.048836 61.674938 56.920895 57.975990 0.019782 
80.829559 69.878914 62.463264 68.743652 51.663914 0.000000 
72.007225 44.964874 43.950855 48.269150 40.328964 0.000000 
75.075554 43.353329 61.570580 48.864670 40.271610 0.027976 
81.359871 57.536350 52.509949 46.090279 45.389526 0.000000 
79.019043 51.252361 59.710617 57.164993 58.571682 0.000000 
71.520958 60.500896 68.470604 73.116096 49.253731 0.000000 
76.586113 66.525604 65.943901 62.581230 54.775768 0.000000 
83.660385 44.587612 47.018063 54.770065 49.599022 0.019782 
73.215668 42.152172 49.229607 44.263077 50.333363 0.019782 
83.917953 71.157585 72.821793 66.208908 55.048695 0.019782 
75.521378 63.326805 66.017326 66.345787 54.585285 0.000000 
79.514160 78.445694 71.599846 70.352776 52.386219 0.000000 
80.302780 69.986229 65.847176 63.206741 50.703739 0.019782 
86.042709 78.810318 73.664207 76.514191 56.048592 0.019782 
72.398949 48.870186 59.754398 61.406631 55.820980 0.000000 
87.240005 45.020981 49.566402 48.381275 51.395710 0.000000 
75.382675 56.087364 64.267509 62.569817 55.714317 0.000000 
72.914322 55.782295 56.826714 58.553513 57.781010 0.000000 
70.587830 59.618683 56.233921 62.328041 46.229313 0.000000 
79.706375 70.587471 73.415909 66.537575 62.047432 0.000000 
76.626053 65.151131 69.638214 60.017075 55.986259 0.027976 
78.555847 61.886875 63.532539 69.102753 63.160355 0.027976 
79.297440 66.753448 64.565773 68.800606 54.964649 0.019782 
70.549538 47.203743 53.731548 49.543095 54.352299 0.000000 
74.916267 56.801235 51.174820 57.210346 47.074787 0.000000 
79.029205 54.829021 54.956814 58.434822 37.920940 0.000000 
77.229668 58.421062 66.298927 66.076973 62.355267 0.000000 
85.138741 77.684456 75.242401 80.675285 64.451088 0.019782 
74.680504 52.839069 56.810574 52.282379 58.042515 0.000000 
86.759895 38.376514 42.952915 40.374519 44.245731 0.000000 
71.091240 51.766079 56.971455 55.479465 46.532707 0.027976 
69.068184 55.741096 68.100906 68.403595 61.691360 0.000000 
78.769249 64.751160 71.180954 68.033638 48.873844 0.000000 
76.757896 53.171478 51.907608 49.298882 56.835880 0.019782 
75.398674 40.411766 45.828972 51.086666 50.680248 0.019782 
80.809937 59.546253 61.293404 62.317295 47.903782 0.000000 
75.885666 58.504242 57.630634 49.369518 38.342659 0.027976 
71.820267 46.502548 43.677685 51.341110 47.737453 0.000000 
83.588058 44.997513 58.237595 50.376156 49.260944 0.000000 
76.919037 44.625023 42.657524 47.561886 42.497631 0.019782 
77.900314 45.169460 44.984627 43.258820 57.196465 0.019782 
79.568871 39.459332 43.324341 42.120041 50.786289 0.000000 
69.921951 51.475624 53.646439 52.019840 53.644070 0.019782 
88.206001 53.436584 59.339973 48.888901 50.226997 0.000000 
70.947182 52.053200 53.120285 55.623955 47.195911 0.019782 
73.109589 52.324036 54.735054 62.713791 63.742966 0.000000 
83.950638 47.802483 44.811718 36.268536 44.899422 0.019782 
81.331528 68.966614 59.131634 67.714783 52.885159 0.000000 
86.075760 37.866680 45.903538 49.530354 60.907333 0.000000 
79.883354 40.658337 50.533566 43.228401 44.285786 0.000000 
82.137894 48.466476 56.133202 48.524300 47.192692 0.000000 
74.081192 78.881668 77.580284 82.141434 62.813629 0.000000 
76.463837 36.562729 44.296986 45.617294 56.012943 0.000000 
84.540260 41.241291 42.013508 53.237339 49.586208 0.019782 
79.754898 55.410961 64.568565 64.679146 57.327152 0.000000 
70.483093 44.581646 48.598618 54.471710 47.850510 0.000000 
80.390343 50.177177 50.417320 52.464867 49.638924 0.000000 
77.329521 46.337376 45.819130 39.948208 48.925751 0.027976 
82.124954 54.138702 53.066948 54.207584 45.664192 0.000000 
89.727409 49.541565 52.646217 46.898903 45.611256 0.027976 
77.101120 58.758976 63.192268 63.983467 50.533173 0.000000 
78.856796 43.034634 46.982487 45.014385 49.717590 0.000000 
84.261147 53.397682 60.916241 67.887207 46.589146 0.019782 
77.175255 52.657600 58.426147 58.849674 55.045830 0.000000 
85.095482 73.077957 74.851959 86.890808 43.976181 0.000000 
73.919495 47.069340 46.990669 47.501610 41.803253 0.000000 
73.104126 41.081932 38.763172 50.672684 45.476536 0.000000 
87.486282 70.281479 63.844131 68.021507 54.637367 0.027976 
82.361259 63.101192 54.197056 62.915897 60.647671 0.000000 
85.688835 71.712585 68.316498 64.190422 52.371353 0.000000 
76.949471 55.475849 60.829334 50.801098 42.340866 0.000000 
78.410286 64.248917 64.886383 59.643070 51.719898 0.027976 
73.104774 49.680008 53.984726 55.226891 43.076725 0.019782 
76.595230 39.218105 38.810913 39.529930 40.646061 0.027976 
78.344193 68.380409 68.094551 70.499130 58.437386 0.000000 
78.675255 42.390579 49.486992 48.583511 39.984596 0.027976 
82.151581 43.314545 44.874775 47.352604 62.979095 0.000000 
76.671844 55.197010 53.586548 50.112183 46.372292 0.019782 
77.368813 52.208687 56.012108 68.209229 59.814968 0.000000 
77.189758 48.153557 51.181019 53.649532 49.382313 0.027976 
80.686378 72.591309 82.027153 76.582787 48.604588 0.000000 
75.628006 41.289875 49.070534 49.455605 48.239788 0.000000 
75.788109 40.553165 41.474163 39.961967 52.957916 0.019782 
76.944778 63.400997 59.505543 72.615219 55.426167 0.000000 
78.977989 51.261688 55.984161 58.042549 54.968685 0.000000 
77.612732 57.636288 60.765129 59.588085 54.816307 0.000000 
77.866714 48.523773 38.947849 46.068226 41.806805 0.000000 
66.331802 36.089466 37.129967 53.718307 51.066422 0.019782 
85.064903 62.708416 57.751484 54.225647 47.482605 0.000000 
78.018028 60.087250 56.764656 59.928066 60.204494 0.019782 
85.689468 65.559151 63.806911 62.963444 60.124878 0.000000 
76.599525 48.667175 53.646194 51.626106 42.521290 0.019782 
81.065697 49.457912 60.796604 60.916538 58.220249 0.000000 
83.604446 61.581387 63.622879 60.052265 54.823635 0.000000 
88.074005 50.189339 46.166618 44.495560 42.210583 0.000000 
74.821510 50.460270 54.465858 52.399601 60.951008 0.000000 
70.321526 44.336811 45.192226 50.847004 45.231636 0.000000 
80.618553 47.658340 50.726521 47.892025 42.446095 0.000000 
82.554054 40.074818 44.134907 51.697697 48.265232 0.000000 
74.276054 50.202553 55.294525 57.630333 56.282646 0.000000 
81.968094 77.772568 74.417625 66.056992 56.058250 0.027976 
72.822899 37.716885 40.897194 42.486832 46.741879 0.000000 
82.175209 56.632381 57.927071 59.539604 50.848469 0.027976 
77.227608 43.058945 41.818806 46.032845 45.045261 0.000000 
84.452644 52.729771 63.528336 50.488609 44.509514 0.000000 
76.156319 47.288422 44.986561 41.716972 53.416424 0.000000 
71.421303 47.877163 56.619446 48.540363 56.407288 0.019782 
75.420319 47.434479 46.845936 50.169571 54.616741 0.027976 
77.097572 52.693958 55.052696 57.098644 45.759350 0.019782 
69.163071 45.823483 48.390125 50.592487 42.276772 0.019782 
74.276039 37.956650 42.016468 46.573025 41.748608 0.027976 
76.428795 43.848240 41.967846 44.718418 52.730366 0.000000 
79.329735 68.728271 70.722481 64.369041 49.586220 0.019782 
78.026566 49.718777 59.520615 51.292191 47.441792 0.019782 
78.145920 55.543320 67.203865 64.636208 53.703903 0.000000 
80.657814 31.387983 46.230743 37.496964 42.714703 0.000000 
72.183624 40.571716 55.339916 53.414677 37.735771 0.034264 
79.287216 54.705406 71.332527 72.854210 56.904778 0.034264 
78.905693 54.135532 58.253399 58.212238 44.260166 0.000000 
72.013847 58.371689 54.949261 50.859142 54.071278 0.000000 
69.666206 45.510826 42.890579 48.940334 48.993988 0.000000 
76.209625 41.522453 48.237507 49.917831 45.936687 0.000000 
76.209724 41.695343 41.110538 39.586277 43.992954 0.000000 
73.500664 48.843285 52.396130 51.474213 49.636864 0.000000 
84.968498 43.199551 35.812805 39.001125 38.716068 0.000000 
74.521072 36.586197 33.603790 43.597588 38.520870 0.027976 
74.301910 57.866047 49.696911 61.495049 64.156197 0.000000 
66.781776 39.153122 44.442310 51.210247 51.766209 0.000000 
74.742058 46.444336 45.540577 50.445271 47.465496 0.019782 
83.321686 39.944408 47.346024 45.599384 48.105007 0.000000 
73.207840 48.230789 45.229801 46.123806 44.493595 0.039565 
79.194786 50.621731 46.502636 53.774918 39.539127 0.027976 
78.689568 45.717209 51.645344 47.802055 45.316200 0.000000 
73.468216 47.986320 46.929478 48.239883 43.038986 0.019782 
77.878456 43.782433 51.148933 47.979649 49.086849 0.000000 
68.936699 44.016823 43.708035 50.013321 47.725693 0.000000 
68.532349 53.556774 58.016773 55.152916 49.911701 0.000000 
74.807037 54.860107 58.544361 70.670441 44.692593 0.000000 
70.687065 51.121567 62.144897 54.407330 60.858505 0.000000 
77.070824 39.692074 40.806213 49.574039 39.286045 0.000000 
76.882607 50.787373 57.225269 65.458275 46.554214 0.000000 
73.434219 48.264263 52.738686 42.824375 43.622242 0.000000 
76.661842 59.100410 57.959602 75.007156 49.999393 0.019782 
78.440361 50.497158 54.860466 63.952240 47.684792 0.019782 
74.834122 45.626236 47.193741 52.021523 51.845490 0.019782 
78.868752 48.878368 56.917500 58.651928 57.151508 0.027976 
80.414345 72.864235 64.292923 67.312119 62.453621 0.000000 
83.591713 73.400093 72.796104 75.823196 58.957520 0.000000 
76.066223 43.691830 43.769215 47.774002 48.907478 0.000000 
83.148041 42.271431 53.043491 46.867832 50.975060 0.027976 
83.379517 49.120571 44.424316 48.855392 43.197300 0.000000 
84.164230 55.754177 58.384304 60.026066 45.192028 0.027976 
83.338333 53.693424 61.873581 55.454319 53.056778 0.039565 
67.073257 45.620434 47.409039 56.456856 56.950157 0.000000 
80.745140 38.534977 41.888706 42.003765 42.143387 0.000000 
82.132301 60.454159 69.803886 63.058624 52.174908 0.027976 
78.734581 47.874847 54.746376 55.465225 55.011715 0.000000 
82.124619 84.740501 80.111145 86.528297 61.609528 0.034264 
74.135803 64.382149 61.935669 66.157387 50.773609 0.000000 
85.218224 62.383003 62.242882 57.330627 51.240086 0.000000 
88.769501 48.194725 52.379879 54.732906 47.419037 0.027976 
69.509216 41.450905 43.744343 41.285542 53.539780 0.027976 
76.891556 74.406654 73.425171 67.853577 58.693199 0.019782 
76.609367 50.050369 56.321312 54.379814 46.951138 0.000000 
83.698174 40.501400 53.708229 49.540382 53.531555 0.027976 
71.799301 51.077065 55.046452 52.682690 51.045818 0.000000 
74.424461 43.494778 46.310024 48.430813 47.597198 0.000000 
73.016685 41.331688 41.199409 51.345142 55.546978 0.000000 
72.306252 55.380207 66.754059 65.245247 52.733536 0.000000 
69.270271 44.138248 49.806480 53.304768 56.194374 0.000000 
72.931763 49.347950 51.285305 51.102184 60.101414 0.019782 
70.630463 48.297150 50.927170 49.796757 43.795109 0.039565 
68.736687 43.125076 51.595818 51.916622 56.912025 0.000000 
68.740707 55.537796 52.943592 64.352180 55.368389 0.019782 
73.969849 51.985752 54.002880 56.828968 60.717308 0.000000 
70.881111 39.018192 41.129490 53.736240 51.827774 0.027976 
80.691628 48.197685 48.820091 57.059742 51.377831 0.027976 
78.789124 57.027107 56.515903 60.145306 56.557579 0.000000 
88.269081 57.996552 64.700356 64.127113 55.627983 0.000000 
74.656876 51.187016 56.966946 55.107269 61.279781 0.019782 
69.865356 59.442619 68.474663 62.081112 49.938568 0.019782 
76.357277 47.409409 59.843102 51.242435 57.452080 0.000000 
76.808662 56.237854 56.498798 63.436562 48.930561 0.019782 
88.550087 45.784847 52.049999 49.565125 41.766365 0.019782 
77.600906 51.424892 63.759834 73.440132 60.572067 0.000000 
88.827293 45.074825 46.156555 50.314457 48.772396 0.034264 
74.511002 53.848530 65.381508 63.673565 56.779369 0.019782 
76.735664 49.572510 54.163746 55.702412 53.034435 0.034264 
75.914566 69.295898 75.723923 72.985718 59.263092 0.000000 
84.154999 57.651733 54.484966 51.911129 50.480537 0.019782 
72.210503 45.598740 55.068375 50.692261 51.605564 0.000000 
76.540398 55.630436 61.430489 64.228653 45.343815 0.000000 
74.040848 52.045380 59.165707 49.155727 55.828800 0.034264 
77.664581 66.860260 72.310059 67.480347 54.536369 0.000000 
75.852974 47.123272 50.256496 49.957073 37.897694 0.000000 
69.470490 57.941090 73.616119 69.926430 55.837524 0.019782 
74.487160 41.150265 44.748676 50.833309 49.988773 0.027976 
72.919350 57.946262 55.210491 69.993034 59.067444 0.027976 
75.217888 40.474060 44.315922 45.155037 37.695240 0.019782 
74.881676 57.391743 52.047848 61.290974 48.066292 0.000000 
77.869568 57.444523 52.250458 50.131409 54.616348 0.000000 
76.189018 50.609882 55.678410 58.068596 60.646496 0.019782 
79.612091 54.915344 57.011871 59.272240 48.788857 0.000000 
78.005806 54.788719 52.144089 54.118496 50.761761 0.000000 
74.226883 45.124207 52.762070 53.256210 46.031223 0.000000 
79.778419 45.897942 51.449341 51.918034 45.380650 0.027976 
75.544319 42.618248 47.062912 54.824791 44.479546 0.000000 
78.697723 49.028183 59.899651 48.400997 41.351357 0.000000 
76.523247 46.720985 54.457260 58.956482 49.034340 0.034264 
77.371880 43.977585 49.469589 50.064053 61.285091 0.000000 
69.286377 43.238579 39.095387 40.711964 52.928196 0.000000 
75.690697 59.423809 66.364922 71.265945 51.564312 0.019782 
69.494568 52.397381 60.305077 58.567276 54.833275 0.000000 
81.877640 52.195515 48.540649 49.529587 50.926704 0.027976 
70.164017 40.670834 40.776608 47.768570 63.414848 0.000000 
71.919518 38.010380 47.474472 45.202789 38.761177 0.000000 
69.569351 44.133633 47.243309 51.781628 39.589394 0.000000 
76.461670 39.306179 43.014442 40.307076 48.552826 0.027976 
79.742210 69.185028 66.680748 62.994129 44.077751 0.000000 
76.966476 53.659748 61.515385 71.118965 58.851200 0.000000 
73.971336 57.936409 63.501747 51.543861 47.377941 0.000000 
77.326294 43.446507 56.747070 46.746620 45.292126 0.027976 
72.552361 60.704319 66.347580 72.737465 59.173321 0.000000 
77.238831 51.935867 46.539303 43.966434 46.587990 0.027976 
70.716713 36.169003 44.011658 50.568592 48.221790 0.000000 
79.671158 45.186363 43.380085 45.715195 44.726517 0.019782 
91.010361 36.220154 46.902210 44.847946 55.126068 0.000000 
71.915123 51.040901 63.699326 59.016903 64.994804 0.000000 
76.194130 51.733990 65.124199 51.545921 47.429138 0.027976 
75.336334 54.597530 58.074062 55.451717 58.030174 0.000000 
78.496178 54.762665 58.021561 63.887043 45.829277 0.000000 
75.082214 70.510826 72.834839 71.860146 56.978642 0.000000 
75.757874 44.881336 46.221535 57.382965 42.994942 0.000000 
71.957611 54.409157 59.649956 62.845081 55.165558 0.027976 
78.383507 40.662426 59.833683 66.680168 54.334740 0.000000 
76.421600 50.964993 55.525097 58.096413 44.854710 0.000000 
73.281647 46.436024 49.059120 56.943142 54.663330 0.000000 
75.903656 48.078991 50.342045 44.748791 40.337078 0.000000 
75.330170 36.455700 45.393127 41.801235 55.661579 0.000000 
68.752792 44.833057 48.665096 51.268715 65.897194 0.000000 
72.247337 45.064388 48.848370 49.858635 53.199715 0.019782 
70.747223 47.754997 48.742359 58.595699 51.534508 0.027976 
64.643829 45.846924 47.212387 42.628410 45.808296 0.000000 
77.104179 40.729420 42.958771 47.053627 54.289547 0.000000 
77.862694 81.595497 67.148796 66.328232 42.841602 0.000000 
75.921219 50.127899 57.812920 71.194138 51.654751 0.000000 
79.584984 48.005211 53.431492 68.636230 56.391884 0.019782 
77.096481 57.547466 63.586437 62.166401 60.006264 0.000000 
75.608131 48.111835 57.400307 53.003952 44.200260 0.000000 
72.703804 55.587334 60.314651 69.274376 56.939102 0.019782 
78.696335 42.695881 36.769085 41.938549 50.961788 0.000000 
80.332520 61.945415 50.990231 52.516594 49.115273 0.034264 
80.437950 37.278099 51.693264 50.778564 53.057529 0.019782 
69.681747 52.125652 56.380276 68.764854 48.069195 0.000000 
74.602791 54.144798 50.996941 50.214134 53.155418 0.000000 
78.085487 43.383232 43.096291 60.072289 50.444538 0.000000 
70.892586 53.314198 66.736244 68.151283 55.535248 0.019782 
78.567123 44.189468 47.029484 48.350613 46.426289 0.000000 
84.433609 54.493565 44.093796 54.629421 55.473907 0.000000 
79.986183 48.243813 50.134228 43.383320 39.947475 0.034264 
72.466949 49.723473 55.245419 56.970200 51.090649 0.000000 
70.267014 63.438053 73.574593 68.243431 66.533615 0.000000 
78.380661 44.140545 56.961826 58.911884 50.822754 0.019782 
72.541367 51.309235 53.049339 44.406609 43.029690 0.000000 
77.997414 68.645172 72.219337 81.865303 51.185322 0.000000 
74.979790 42.826900 54.899090 44.644642 55.288441 0.000000 
75.528801 62.576118 60.257198 63.452579 65.020958 0.019782 
78.602791 43.765705 46.963345 45.609470 48.195160 0.027976 
82.064713 45.195564 45.275902 50.535538 45.775791 0.000000 
78.025070 66.316589 71.473099 72.483681 56.781784 0.000000 
72.187759 42.336277 40.498867 48.992710 43.510326 0.000000 
64.961243 46.822300 49.883862 50.976204 49.023712 0.000000 
73.084084 52.554302 53.435246 52.241188 44.690506 0.000000 
73.819672 41.193287 50.151485 41.330593 37.525040 0.000000 
76.038338 42.163090 45.890125 46.353870 58.133457 0.027976 
75.423523 54.147179 54.450073 54.508221 47.876648 0.019782 
72.440941 40.473179 38.833233 46.956364 51.453014 0.000000 
78.273796 45.158443 49.069695 55.607922 69.334229 0.000000 
64.985474 50.924713 44.514954 58.762974 50.284840 0.000000 
75.184326 74.048782 73.419319 79.752113 48.982063 0.000000 
78.565155 59.344933 63.353035 68.702171 52.995174 0.019782 
73.970032 44.545898 49.527985 53.370598 49.842678 0.000000 
72.763260 53.598728 57.480125 61.720913 54.144623 0.000000 
73.120010 55.258553 58.980026 53.055973 39.562855 0.000000 
72.896301 40.354092 44.183445 51.283764 43.804550 0.000000 
73.564354 54.260612 57.827698 49.996910 39.469204 0.027976 
76.020813 64.269714 63.762463 67.897156 60.048992 0.000000 
86.317421 38.850777 40.592415 41.398243 44.059353 0.000000 
81.117577 58.629150 67.644402 59.567078 55.441059 0.027976 
73.197464 59.606377 50.635811 62.694160 48.925709 0.000000 
74.403191 47.019104 47.189846 46.640053 42.251366 0.000000 
63.293488 54.272308 57.376461 64.973351 40.586285 0.000000 
68.023819 49.519062 48.008808 43.024395 28.921421 0.019782 
59.579720 45.376987 52.018848 60.404606 41.122692 0.019782 
75.783508 50.470562 59.966660 61.811367 46.485565 0.000000 
80.246124 54.555634 51.487885 57.155575 54.262569 0.019782 
76.957321 41.539318 51.684307 46.913326 33.193718 0.019782 
74.110435 42.193111 48.931400 50.254700 52.552990 0.000000 
71.104408 46.117874 52.092384 57.066929 35.314220 0.000000 
76.021011 38.118137 44.119781 46.145042 47.300209 0.000000 
72.212288 45.348339 51.256107 53.538723 43.858997 0.000000 
69.948837 43.772560 42.776318 40.546371 48.832668 0.000000 
70.347214 53.442875 55.922371 45.022736 42.546009 0.000000 
79.946571 65.024055 72.480522 69.585686 47.198406 0.000000 
69.896111 46.702564 55.819443 71.030540 39.120632 0.019782 
63.222904 45.857708 58.337780 64.045700 49.382320 0.000000 
78.265099 47.373791 38.571442 43.901215 43.948341 0.019782 
69.530060 44.879574 46.468067 48.032139 51.364681 0.000000 
70.647469 49.158142 52.049030 46.321442 47.531712 0.000000 
72.437187 63.074596 62.152431 67.857002 47.545399 0.000000 
72.298988 39.033283 46.686779 41.463505 41.243565 0.034264 
74.355049 50.650814 46.582489 53.487217 35.361462 0.000000 
65.691872 46.314354 47.019142 48.570381 53.957485 0.000000 
74.679756 44.435074 53.157181 52.054749 40.990562 0.034264 
76.111877 58.237675 64.181259 52.782848 49.003696 0.000000 
81.644798 48.736946 47.075275 43.779648 46.559311 0.019782 
79.911095 45.577389 40.439751 42.894386 34.138092 0.000000 
73.817535 42.289391 46.111462 45.319504 37.486095 0.027976 
72.762405 53.640144 45.153049 42.455826 34.398079 0.000000 
68.814415 51.807808 54.175114 52.461807 53.776974 0.000000 
79.811157 47.628365 48.718468 55.066971 47.315746 0.000000 
84.463020 61.133389 60.074543 58.736660 45.647583 0.027976 
69.944489 40.030540 43.100616 49.633327 44.740299 0.000000 
78.816063 50.071068 55.625977 46.572689 50.881058 0.000000 
77.956184 48.896935 51.004444 46.865387 40.579315 0.027976 
66.354630 44.561649 49.759144 52.259884 46.848873 0.000000 
64.337601 44.465000 53.683697 51.399860 50.465786 0.000000 
68.111099 44.024166 46.959209 45.333408 44.195656 0.000000 
65.226730 50.271938 62.134857 62.432243 67.764175 0.000000 
72.651085 56.865738 64.908241 63.443520 51.457310 0.027976 
72.396935 39.166748 52.614399 54.357773 43.789150 0.019782 
73.313065 47.208080 45.610977 47.996891 41.956417 0.027976 
76.490234 61.771191 65.446442 59.464321 43.673149 0.000000 
69.034370 37.183971 49.630844 43.095680 47.181572 0.000000 
76.956520 44.667839 54.371647 48.118069 51.950726 0.000000 
74.453453 49.427158 53.430912 55.736652 49.353283 0.000000 
71.071609 38.286057 43.812569 41.999657 48.913986 0.000000 
73.894264 42.130814 50.391331 50.466888 46.596455 0.000000 
74.556389 54.051456 54.133598 57.968403 48.532177 0.019782 
72.273308 54.491840 50.086605 59.013401 50.230682 0.027976 
66.807556 50.397877 46.617680 58.556835 41.065277 0.000000 
67.243698 44.598766 48.020164 40.576458 46.325558 0.000000 
80.273697 43.617561 50.651550 47.430325 66.384956 0.000000 
66.109955 57.872791 59.286053 59.679882 42.907730 0.000000 
76.977341 53.690174 57.813744 53.757801 38.953068 0.000000 
73.359352 66.649147 72.992500 66.065636 48.778347 0.019782 
74.223938 43.314224 39.386005 50.624836 63.669315 0.000000 
69.053162 49.673923 42.730881 52.036945 52.058186 0.027976 
69.605927 51.527908 53.647709 57.455299 48.047241 0.027976 
77.796600 45.458652 46.973976 41.725845 51.130989 0.000000 
75.936905 54.463833 60.506989 50.794777 43.984497 0.019782 
80.276703 66.071922 73.339249 73.660446 65.731529 0.000000 
76.553871 39.342518 43.415054 40.810875 49.901577 0.000000 
73.672852 51.399151 58.796402 55.105705 49.693741 0.000000 
79.387840 68.039078 61.953419 68.053917 58.180939 0.019782 
82.276360 59.421181 59.171429 57.471439 52.582581 0.027976 
70.875809 55.207680 60.505875 75.061897 47.669964 0.000000 
77.221542 55.737839 53.886765 48.893944 48.770676 0.000000 
74.616653 50.348881 57.413078 62.601448 58.566998 0.000000 
66.692749 39.828754 53.726410 53.152130 44.786457 0.000000 
81.377052 48.287506 45.583359 45.054874 52.405678 0.000000 
76.760056 44.611553 52.114075 53.245686 56.359829 0.000000 
77.076859 55.975533 62.360428 74.830055 47.991657 0.000000 
67.815140 37.366287 37.117760 42.319267 42.445347 0.000000 
76.536247 46.067291 49.022274 63.179832 51.096077 0.019782 
64.208633 45.602810 42.217197 51.256355 46.523884 0.027976 
74.389023 57.810009 63.461731 66.680824 51.679398 0.000000 
72.415573 49.545887 50.160210 57.645771 41.644478 0.000000 
71.541336 52.771042 50.177162 54.544907 51.280109 0.000000 
76.607536 56.110767 54.569977 53.131401 38.991604 0.000000 
78.269707 56.999172 58.148567 70.365707 52.355385 0.027976 
74.349007 53.259663 47.639965 50.683529 56.008400 0.019782 
80.133644 47.724411 60.586823 60.152538 43.582432 0.000000 
76.244392 57.500847 67.824188 72.110146 60.730896 0.034264 
80.894753 45.830151 56.822674 56.635437 64.262878 0.027976 
80.950073 56.851238 54.385151 64.794800 43.951542 0.019782 
78.225136 42.906952 46.047512 37.697960 51.440727 0.027976 
75.259491 55.436813 67.548805 56.195423 55.068573 0.019782 
78.210266 55.513000 55.650173 57.342880 44.998512 0.019782 
74.439934 56.851440 54.007236 50.342697 56.624977 0.000000 
74.185387 48.745846 48.054832 46.242268 49.991947 0.027976 
85.601891 46.972252 57.357685 55.576012 44.379269 0.000000 
73.025909 47.725170 55.298626 54.092365 42.017838 0.000000 
74.504707 44.292942 55.291943 55.688606 63.456280 0.027976 
74.933365 52.460049 61.978786 63.710281 55.287239 0.039565 
73.996033 48.074009 51.755493 47.684547 34.861111 0.000000 
80.154884 70.840721 74.438293 73.907532 49.631546 0.000000 
77.747086 39.456566 45.347195 43.386238 60.114132 0.000000 
79.661858 46.199287 52.374287 51.910683 62.437294 0.019782 
73.324318 52.601963 53.607853 58.233780 40.132931 0.000000 
74.514229 53.407013 63.072712 64.535133 69.517609 0.000000 
69.508812 52.396648 54.727413 43.278446 42.930569 0.000000 
71.885689 51.995056 63.599228 63.598907 56.486267 0.000000 
75.419518 54.402763 49.925701 64.016586 47.238155 0.027976 
66.344856 61.219009 66.223091 60.627663 45.050518 0.000000 
84.108215 39.809029 47.974068 50.920033 46.650208 0.000000 
72.722069 41.474689 50.454624 43.741985 46.867016 0.019782 
74.725479 56.401142 56.225296 59.252110 62.228279 0.000000 
78.984863 38.426804 37.761349 37.658409 47.089493 0.019782 
78.440247 46.947845 53.182491 51.317127 54.274006 0.034264 
77.140923 60.882282 62.971241 61.915417 54.462490 0.039565 
71.195984 73.781151 75.561394 56.855221 46.711815 0.000000 
75.448997 61.137081 61.615849 59.497513 46.500275 0.000000 
75.653656 55.493134 57.527359 55.654015 56.716129 0.000000 
74.732483 52.429031 48.541672 52.408543 52.184242 0.000000 
77.358482 46.865028 50.455353 58.329678 46.275585 0.019782 
79.895927 47.747337 55.974297 46.454723 60.182053 0.000000 
77.486504 47.022915 49.928795 43.080132 49.921486 0.034264 
83.809662 42.982723 47.173912 54.703293 47.783096 0.034264 
74.576912 53.522472 45.096306 58.893986 49.685211 0.000000 
72.880806 56.429298 61.561626 58.358227 49.884037 0.000000 
75.778633 48.829742 53.025486 58.783367 41.419304 0.000000 
79.921333 54.121269 49.624496 58.025200 60.293556 0.000000 
83.040985 72.314011 71.616127 65.334991 59.839817 0.000000 
74.877586 64.178101 63.946392 67.037064 59.325382 0.000000 
67.142189 49.509113 54.779213 62.052334 51.201469 0.000000 
66.707512 51.370514 49.950359 57.391022 50.398163 0.000000 
74.922173 62.604206 54.524406 60.339039 50.071533 0.019782 
66.701187 49.590321 49.972305 56.520447 53.027061 0.019782 
69.117432 38.684292 41.496876 43.704575 43.227077 0.000000 
81.409088 50.342224 55.691406 51.446312 53.735302 0.000000 
71.499451 56.154819 46.738167 53.235214 55.990147 0.027976 
68.764206 45.750996 51.851692 64.087646 59.388969 0.000000 
71.754158 40.921425 47.362564 51.896793 69.791603 0.000000 
68.318832 46.670040 51.962315 45.501625 57.258385 0.000000 
71.360573 55.276039 63.029408 62.946751 45.167465 0.034264 
64.675255 49.500118 53.896473 63.680828 50.495804 0.000000 
71.468254 50.591755 56.160740 53.367332 49.783714 0.019782 
68.973755 59.262394 65.176315 63.244911 50.637508 0.000000 
73.825172 54.754986 55.179607 53.715683 57.071831 0.019782 
76.607147 42.573921 44.207485 41.544868 50.135265 0.000000 
71.699631 39.283108 44.003819 42.986111 60.629318 0.000000 
78.576515 72.357147 77.901199 73.766930 56.494770 0.000000 
73.109474 54.245182 52.735031 55.867722 45.502132 0.000000 
77.761261 45.704777 52.513882 43.111153 46.239746 0.027976 
67.771851 46.401611 50.597946 64.940422 58.781696 0.000000 
73.203918 66.732201 69.941238 70.116745 55.333805 0.000000 
72.094139 49.637650 48.023048 50.902622 51.998203 0.019782 
71.900070 45.215721 47.713448 48.214157 60.565559 0.000000 
75.125771 50.803497 50.410599 45.429920 43.807922 0.000000 
73.140793 41.815731 41.643661 49.426796 56.511894 0.000000 
74.450882 38.678581 51.470634 49.387508 55.038353 0.000000 
72.006760 42.271275 56.002941 55.667442 65.516754 0.027976 
70.270012 41.415516 44.823261 58.666977 57.088253 0.000000 
78.193352 66.858238 69.986366 80.154739 53.069405 0.000000 
72.479736 42.308319 45.031715 43.451744 39.319283 0.027976 
79.143097 65.329674 73.423691 71.279045 57.371429 0.034264 
78.335884 55.146332 60.675751 63.777523 55.235031 0.000000 
78.772293 49.640114 52.997604 54.908562 51.893646 0.027976 
81.361267 39.589581 40.449398 46.382736 51.412693 0.000000 
74.907509 41.913727 57.613163 52.693943 58.236229 0.000000 
76.851845 45.532276 54.460644 52.684063 56.061504 0.019782 
71.866409 52.892391 57.999313 57.371735 44.150414 0.000000 
75.203667 44.609188 53.451710 52.778912 49.128895 0.027976 
67.584908 61.789581 61.193863 51.494205 56.467049 0.000000 
75.363503 51.310730 53.111279 47.709175 47.758362 0.000000 
76.370979 49.393047 51.763443 62.724468 54.240498 0.000000 
76.593529 48.753643 55.942402 50.328373 53.340820 0.019782 
82.886818 57.145226 66.202339 64.432152 49.871857 0.000000 
80.275208 40.402672 43.645653 51.729111 53.345692 0.000000 
78.911278 32.735767 39.437679 46.027367 43.812778 0.000000 
83.380539 78.563858 83.176338 77.822929 66.421730 0.000000 
69.321098 45.122597 43.870609 49.550285 39.636673 0.027976 
71.896790 42.815033 50.715919 47.734924 47.394600 0.000000 
78.468254 45.583992 54.730114 43.679535 54.394455 0.000000 
71.891853 45.778824 51.965282 51.527962 53.821995 0.000000 
71.475334 38.733311 50.559940 53.280521 41.798203 0.000000 
75.891174 60.605907 59.018932 73.997650 57.207748 0.000000 
73.345848 47.612045 56.394176 50.902866 50.648617 0.000000 
68.533470 38.370075 45.438457 55.398026 50.705662 0.019782 
81.541473 54.236145 55.935642 62.021263 44.462376 0.000000 
73.567551 50.588257 52.070354 54.633915 49.493153 0.000000 
71.549797 32.042107 36.525536 48.043011 53.955750 0.000000 
71.465073 62.958469 66.107231 68.828514 50.165318 0.000000 
72.993217 36.804092 46.254021 56.384167 61.578106 0.000000 
64.520203 50.108379 50.701241 54.106762 66.500931 0.000000 
69.981339 48.971981 49.441063 52.602188 45.204655 0.000000 
73.996376 40.592094 50.252224 47.903259 58.879124 0.000000 
69.512375 41.733356 46.796356 57.439323 57.650894 0.034264 
81.823997 53.006287 52.957581 53.607056 49.394585 0.000000 
70.732498 65.654617 78.253014 71.769707 55.092762 0.019782 
81.198952 70.271553 72.437195 67.519508 61.242260 0.000000 
78.200073 57.580875 62.026543 70.420929 48.213921 0.000000 
72.784561 40.895542 56.341808 51.881210 67.769363 0.019782 
78.559853 53.765057 54.151592 54.736305 49.735802 0.027976 
81.477539 41.111942 49.599327 43.438385 46.234810 0.019782 
74.363075 53.655121 52.418724 55.703972 39.104198 0.034264 
73.114281 47.683933 52.951492 65.590775 49.474827 0.000000 
86.124794 66.463570 64.561020 61.854874 57.330593 0.027976 
81.099297 38.779221 50.595631 57.309395 55.076622 0.019782 
79.812531 44.402363 51.379578 50.599815 55.556568 0.000000 
75.454781 45.603626 60.533161 56.282215 57.949974 0.000000 
79.152885 57.667763 61.802914 70.271233 56.359165 0.000000 
81.425690 41.392975 51.185287 49.361786 37.771564 0.027976 
78.559364 44.515560 49.389526 47.149994 48.706825 0.000000 
77.030968 49.744141 51.195652 46.047695 54.685814 0.000000 
74.806923 58.748238 65.862885 72.379425 65.464096 0.019782 
77.819946 44.415691 41.252060 40.070881 71.162140 0.027976 
74.053352 48.218506 52.836880 50.097378 42.828465 0.000000 
84.588188 77.195549 70.773651 75.975586 66.827827 0.000000 
78.937584 69.913147 76.434402 80.042030 56.944237 0.000000 
72.855797 44.241917 53.627682 45.083019 63.579765 0.000000 
72.750954 56.321327 61.645927 67.576622 69.035370 0.027976 
73.161285 51.561543 50.180500 56.637150 53.096764 0.027976 
71.300240 42.716511 49.230392 55.579979 53.953785 0.000000 
74.879128 43.501392 49.399456 53.660156 48.899651 0.000000 
70.453323 41.949017 50.947994 52.223568 53.523472 0.000000 
75.114693 50.897690 44.710876 54.388866 53.539680 0.019782 
76.913773 39.598583 43.153217 53.309105 38.865772 0.000000 
71.915924 53.251678 61.048153 70.080399 56.382530 0.019782 
73.617584 31.626297 44.375511 45.176479 58.583607 0.000000 
75.603844 58.435501 65.564079 62.846375 48.374046 0.000000 
79.487679 51.651142 53.996231 59.073498 58.833492 0.000000 
73.825035 44.746269 62.002174 65.010338 57.154118 0.000000 
76.946861 43.921921 40.470600 48.640808 52.673805 0.000000 
81.937164 57.060429 53.181770 56.872780 61.684330 0.027976 
79.558990 57.315990 49.130020 66.125443 51.336937 0.019782 
71.251434 48.935299 50.390942 60.792953 45.799751 0.000000 
79.780869 64.186043 68.837166 77.631950 61.153244 0.027976 
73.626228 49.021152 46.990025 57.472298 44.103321 0.034264 
83.490639 45.072971 43.105751 46.614246 51.975651 0.019782 
65.246033 39.493984 41.237473 45.580490 48.400303 0.019782 
75.965820 46.077515 54.649666 59.761955 50.550079 0.000000 
70.350632 45.463810 52.516869 58.864616 55.666508 0.000000 
81.856339 74.859322 78.222801 82.586624 62.076710 0.027976 
82.292381 53.314545 59.199421 60.396862 59.984325 0.019782 
66.565895 49.780106 48.992214 55.882202 53.564194 0.019782 
78.228264 50.372498 65.701317 65.785164 49.785652 0.019782 
72.701256 52.585266 58.637951 60.316238 59.865341 0.034264 
81.483154 62.684322 70.916588 73.903831 58.428070 0.034264 
73.065903 47.520130 54.884022 52.883526 56.628345 0.000000 
74.091446 52.825695 56.671505 45.403053 50.733891 0.000000 
74.368599 35.107262 42.251438 41.165825 41.064629 0.000000 
71.953880 32.872913 47.197662 38.116879 53.471931 0.019782 
69.385231 36.723267 40.064877 52.861534 48.380188 0.000000 
73.678764 45.062370 64.443146 58.371380 58.300457 0.000000 
70.980370 42.944290 56.719692 47.610012 45.910259 0.034264 
80.629837 78.117401 85.719177 88.168655 61.648235 0.019782 
64.833351 41.370258 44.084415 45.104713 46.588924 0.000000 
69.224144 40.943001 56.660225 55.120258 51.144527 0.000000 
73.609268 67.501167 69.177597 74.015099 60.224392 0.000000 
83.755058 67.876106 68.480141 60.596439 51.065281 0.000000 
66.997673 47.251987 51.675953 55.631218 62.809708 0.000000 
71.118736 51.947788 59.568714 72.715088 49.814384 0.000000 
77.975906 65.645790 65.378349 74.894180 62.555637 0.019782 
83.541107 35.945621 43.237831 45.628551 45.314651 0.000000 
74.629341 64.319427 67.681717 83.963188 55.003815 0.000000 
68.495209 38.822086 47.119736 52.202053 51.207916 0.000000 
71.255814 57.774189 55.273346 61.646061 56.006622 0.027976 
79.005051 60.612530 64.112045 70.616211 53.912678 0.027976 
78.366402 55.726627 61.616089 74.550743 57.465851 0.000000 
82.986961 37.805016 48.015564 47.023071 46.096867 0.019782 
80.934456 38.535084 46.935474 41.166988 51.220078 0.034264 
72.894920 56.434685 65.829910 81.923210 63.906116 0.027976 
80.533173 56.910065 71.991600 68.015526 57.072300 0.000000 
80.651901 34.901730 47.466843 42.411110 58.320129 0.019782 
71.392479 62.750214 63.242870 61.947479 58.678455 0.027976 
79.791054 59.172413 61.475422 61.997372 46.152691 0.000000 
74.726471 49.946537 44.662529 46.320293 54.181786 0.019782 
77.936790 50.774281 60.574802 59.832420 46.594837 0.000000 
77.313927 33.868263 42.523369 37.949116 53.537258 0.034264 
82.257401 32.280285 43.258724 46.023544 55.019501 0.019782 
87.332985 43.236542 39.596443 45.067337 53.836189 0.019782 
80.331650 63.393875 70.675591 72.192680 56.871670 0.019782 
75.031113 61.345055 58.278481 66.554893 60.685184 0.000000 
70.130745 52.116505 57.626331 67.695267 57.483025 0.000000 
