72.121742 32.545559 36.615395 33.246395 52.144379 0.000000 
72.981827 53.077885 56.879162 43.744064 48.933601 0.000000 
74.796021 50.442635 46.644951 49.713902 53.292774 0.019782 
76.979179 58.420883 60.710953 65.028534 49.142647 0.027976 
71.451759 40.574623 48.851601 46.111748 49.439487 0.027976 
74.891693 47.190372 46.357048 45.984924 46.062225 0.019782 
62.541702 37.540653 43.491356 49.124775 50.130650 0.000000 
69.652260 47.438602 47.435951 51.317787 45.912884 0.027976 
76.183311 41.785461 50.895508 43.846851 49.285263 0.000000 
69.929100 51.518688 54.491585 60.943180 51.519566 0.000000 
74.190041 48.035519 56.044205 59.021439 60.332874 0.000000 
74.726303 47.668011 48.974304 50.851376 54.884819 0.000000 
72.125557 41.574871 48.519253 49.456356 51.773540 0.027976 
64.410973 51.175034 53.681534 59.119774 58.122025 0.000000 
71.458206 47.161739 50.695484 47.014046 58.573257 0.000000 
77.284286 56.941891 50.215050 63.360985 43.637566 0.000000 
70.640274 45.080086 44.746677 47.101643 64.461517 0.027976 
71.173096 49.028477 45.921406 55.275356 51.908489 0.019782 
71.510704 42.837646 43.670490 45.314896 48.804298 0.000000 
69.164642 50.945683 56.573738 58.112286 60.304352 0.027976 
73.724327 35.717865 41.451817 51.661274 51.382065 0.019782 
66.728279 38.113178 42.418362 44.863998 48.262985 0.000000 
77.315094 39.678974 47.175694 52.889431 36.977165 0.027976 
70.366562 38.643330 58.246223 40.201561 55.401402 0.000000 
79.144073 42.298077 36.982944 45.785824 49.113270 0.027976 
75.505074 42.497097 51.676502 39.529198 57.413300 0.027976 
68.884407 46.073013 47.768536 48.273766 50.698837 0.019782 
73.638580 46.731300 48.796638 44.788967 62.908100 0.000000 
72.793793 42.598839 44.690243 46.516987 61.033161 0.000000 
67.214333 48.404736 58.314663 60.929398 54.312366 0.000000 
77.888542 40.593105 49.157703 51.915199 70.151665 0.019782 
69.109390 41.481907 44.458767 59.374191 52.681591 0.000000 
71.256996 36.085751 42.026539 48.021645 56.099571 0.000000 
69.083511 47.377880 51.289059 54.459465 49.752037 0.000000 
67.944176 46.702587 41.724876 45.934948 49.046780 0.000000 
75.462234 36.691902 39.045078 44.469036 42.685783 0.027976 
74.829636 50.461102 57.858776 57.755066 44.553978 0.000000 
65.274857 49.114822 59.181332 58.053558 69.981300 0.000000 
71.893219 45.609703 47.618679 43.480820 47.296947 0.000000 
77.782394 43.739597 47.734634 60.921608 52.741978 0.000000 
67.871986 44.244480 51.323189 50.610531 47.740555 0.000000 
79.952400 45.558037 40.596474 35.251415 46.745178 0.000000 
78.126205 50.301056 57.262268 51.669376 53.418140 0.000000 
66.419182 36.755932 50.773384 35.409004 52.384739 0.000000 
73.389633 50.409409 47.923309 48.575710 47.357735 0.027976 
70.690948 41.357452 51.249718 41.162472 46.799831 0.027976 
71.849136 49.567612 55.769978 47.593197 62.217030 0.000000 
68.680687 47.009060 49.376163 50.815304 49.683704 0.027976 
71.467606 46.147835 46.566402 42.848000 44.410580 0.019782 
67.790665 42.504501 45.279057 39.391125 42.620045 0.027976 
