0.397677 
0.721399 
0.266009 
0.545876 
0.444591 
0.273962 
0.413765 
0.290646 
0.513104 
0.466477 
0.368534 
0.265992 
0.300911 
0.368757 
0.318490 
0.134476 
0.213936 
0.505759 
0.535119 
0.533710 
0.560315 
0.524214 
0.211157 
0.293159 
0.616434 
0.426349 
0.357682 
0.478654 
0.552883 
0.235350 
0.376311 
0.286284 
0.320235 
0.325350 
0.197167 
0.443636 
0.440797 
0.461934 
0.378383 
0.395394 
0.644341 
0.482724 
0.440813 
0.504613 
0.462308 
0.218605 
0.698799 
0.224840 
0.194885 
0.586776 
