83.697868 77.780548 73.807228 68.207153 55.051788 0.000000 
87.468788 88.065315 84.080399 81.368172 61.387608 0.027976 
87.015114 82.616928 77.645294 74.043617 60.025215 0.000000 
79.086761 69.710579 62.821491 65.850845 59.093742 0.000000 
82.322861 61.594185 68.037918 64.238373 56.208988 0.000000 
80.058846 69.281639 68.643127 58.049927 44.919346 0.034264 
90.452972 85.337959 87.277008 82.350311 56.944324 0.000000 
84.554756 79.472168 82.286980 69.490067 62.122524 0.000000 
77.773849 70.249557 68.977295 57.614956 59.748539 0.027976 
89.356735 82.367439 76.410065 75.410583 62.590820 0.000000 
