93.220367 54.134983 61.904617 44.820587 35.899887 0.000000 
91.311958 69.540489 64.169479 54.795841 33.996536 0.000000 
89.968071 72.594727 57.649719 46.139729 42.344639 0.019782 
90.463943 58.821095 57.980259 50.027649 33.013374 0.000000 
87.395607 66.751015 56.039131 52.686584 37.488644 0.000000 
90.856796 62.486420 61.271084 60.284027 36.330387 0.019782 
91.661667 65.298584 67.148056 61.127201 41.102787 0.027976 
91.452232 70.256470 68.641266 54.611877 46.473186 0.000000 
86.873085 63.136116 61.813381 50.582596 32.602993 0.027976 
89.586655 73.297432 64.223862 58.844498 43.025051 0.027976 
85.791672 76.325981 77.191162 65.549469 43.096081 0.000000 
87.470627 81.877075 72.631790 77.771049 43.991219 0.000000 
89.308090 67.103912 75.277245 61.330891 41.450901 0.000000 
82.504601 55.871395 49.159626 54.076756 35.476845 0.000000 
94.831802 73.566307 63.209873 54.687988 35.246967 0.000000 
92.403358 77.233757 61.288910 63.910412 55.255447 0.000000 
91.128952 64.320404 57.096825 61.248661 53.881481 0.027976 
88.810707 57.943695 62.229004 51.039009 39.721661 0.000000 
84.737213 72.027184 64.642288 60.058735 46.989246 0.019782 
80.176521 54.149025 49.721596 47.875076 47.329796 0.000000 
91.328850 82.952827 66.305511 55.639606 33.968426 0.000000 
86.199699 69.326782 62.059948 51.843307 32.939388 0.000000 
90.523712 68.599304 59.386608 46.318787 35.344700 0.000000 
83.960457 69.465218 64.355675 49.749062 34.774693 0.000000 
89.753944 77.114037 72.319504 51.491692 34.611179 0.000000 
88.277641 69.933212 62.993252 44.323589 27.713655 0.000000 
92.103409 68.716507 58.111393 54.402996 37.377926 0.019782 
92.225761 80.296967 76.095161 76.552704 34.936203 0.000000 
93.106689 74.179443 73.400055 64.375290 35.355801 0.000000 
88.146454 68.120735 71.420097 61.335464 49.618649 0.000000 
92.017929 75.689156 70.407669 79.841583 41.321091 0.000000 
91.488464 60.774284 53.824692 60.587490 50.985115 0.000000 
89.810898 64.550369 63.814339 64.524696 36.523788 0.000000 
92.357025 67.603416 65.935036 58.553951 54.211205 0.000000 
93.049171 78.518425 65.181900 67.721962 55.930878 0.000000 
92.225380 73.781319 71.933701 53.580627 25.930632 0.000000 
92.154770 64.987740 57.176552 47.658413 40.212494 0.019782 
91.130966 82.452766 69.315979 61.607483 47.074028 0.000000 
89.532814 84.303574 67.020729 66.251450 58.355839 0.027976 
83.675331 69.053604 55.860729 55.482155 31.209852 0.019782 
89.029442 76.479668 69.453880 50.462597 39.008232 0.000000 
96.446098 63.038040 69.042038 50.043861 32.284245 0.000000 
90.526436 68.346542 67.042984 57.283062 32.581379 0.000000 
91.038879 66.895103 60.191135 47.185848 46.177078 0.000000 
79.721947 86.652702 73.977730 59.146778 29.903439 0.027976 
88.851868 64.961555 63.202625 57.114296 54.252319 0.000000 
86.095985 60.252853 56.596779 47.904057 37.877541 0.000000 
86.154556 77.771187 75.915886 69.469330 53.266010 0.019782 
83.158272 72.053505 65.844353 75.195526 56.144737 0.000000 
88.695229 69.204758 66.270592 55.546772 40.302479 0.000000 
