92.378700 78.593750 92.496658 84.331215 95.378113 0.000000 
91.949120 76.569588 74.944992 73.586525 78.789322 0.027976 
89.360283 84.777504 78.519669 89.489708 95.460899 0.019782 
88.323082 91.028435 92.907829 83.719803 99.749359 0.000000 
91.357140 95.046448 93.852638 82.444160 88.948013 0.000000 
87.084366 88.885490 86.753510 86.834755 94.053566 0.019782 
91.702003 81.008560 85.421051 87.542343 82.297142 0.019782 
91.770142 93.306061 98.248627 88.269684 86.646393 0.000000 
88.642357 82.888435 83.450485 98.325752 80.673531 0.000000 
86.630180 93.233559 101.298836 95.697182 90.845581 0.000000 
89.281662 80.600342 88.756340 87.843735 81.131332 0.000000 
88.804825 89.865608 87.939796 81.675262 71.080467 0.019782 
86.536377 75.544930 93.759735 81.756844 72.544899 0.000000 
90.428604 78.450890 90.468536 80.578049 69.546600 0.000000 
92.674225 90.833092 86.082275 87.187759 76.474319 0.000000 
91.338226 83.654144 86.226685 89.885017 84.791649 0.000000 
88.804970 93.460007 73.489906 75.037437 70.163078 0.000000 
90.749298 91.936569 86.949150 86.451218 64.244797 0.000000 
89.067055 82.591904 80.585709 81.778107 78.173927 0.034264 
87.254295 86.185913 84.983345 83.404358 68.917374 0.000000 
88.607536 81.359901 79.322205 83.520859 66.963593 0.019782 
85.909683 74.359421 83.373306 74.361694 66.724281 0.000000 
89.984177 81.119644 78.879463 79.707726 71.918549 0.027976 
86.762970 73.589432 68.503792 78.801483 60.750034 0.027976 
85.600525 75.431046 81.652298 84.870056 70.961235 0.000000 
89.053741 77.015327 75.756409 78.637428 62.738930 0.019782 
85.330215 67.995407 81.114548 76.190300 62.344215 0.000000 
89.695107 66.120872 72.309456 67.574852 60.088943 0.039565 
87.855141 89.228470 75.155411 82.465134 63.638020 0.019782 
89.893097 71.980270 75.855537 80.613007 51.744011 0.000000 
83.770523 80.062454 73.547661 80.763084 54.903694 0.000000 
93.280434 79.127579 73.595657 72.089752 68.189850 0.000000 
87.409225 90.571823 92.214149 91.774948 75.299431 0.000000 
83.980736 70.743378 72.601410 67.689606 60.243645 0.027976 
88.101334 78.916458 70.664742 82.117226 62.766754 0.000000 
86.271019 87.055809 92.315964 84.333572 65.317352 0.000000 
95.394600 87.790237 90.341652 85.032669 62.483860 0.000000 
89.919624 81.644348 81.966164 86.672005 47.710560 0.034264 
89.358154 80.001129 86.486534 80.849174 51.955330 0.019782 
92.420624 69.218895 67.512291 63.355686 59.796124 0.000000 
94.552536 76.888367 78.523560 65.751228 54.874454 0.027976 
84.795380 78.521034 79.619606 66.325294 62.928646 0.019782 
85.682579 82.070045 84.533623 67.402306 37.164997 0.000000 
89.055145 65.936180 67.084526 63.003815 48.547092 0.019782 
91.331612 70.079460 64.674294 63.257500 41.430141 0.000000 
84.383156 72.068489 78.218987 66.370132 58.751675 0.000000 
86.765106 62.742359 69.620964 70.474098 54.059696 0.000000 
86.546188 59.134811 59.323845 71.738792 42.240238 0.000000 
88.790894 71.114395 78.006622 68.437363 50.006439 0.000000 
87.616631 83.234901 78.959633 69.615913 53.094288 0.027976 
83.739479 61.887177 66.472855 70.738884 47.709961 0.019782 
88.862068 66.838333 57.759174 56.616848 47.619659 0.019782 
91.109978 82.785606 87.469131 75.059143 45.417423 0.027976 
79.670052 75.447975 77.495972 82.205940 57.879532 0.000000 
84.773849 62.298317 68.275230 64.694138 49.335388 0.000000 
87.011330 73.463951 81.511810 69.912613 52.098751 0.027976 
79.743454 57.541649 57.612408 57.388165 39.148109 0.000000 
85.496590 69.675224 63.710323 76.663071 43.335911 0.027976 
89.847527 80.794373 96.921120 82.879799 56.468277 0.000000 
86.579956 70.396194 70.403305 72.100716 60.308243 0.027976 
92.251122 67.810364 82.994324 66.417618 47.671154 0.000000 
91.475250 66.192574 60.965298 60.266911 43.511600 0.000000 
87.770622 74.233200 75.078270 71.004021 50.927181 0.019782 
88.146889 76.179817 74.479874 80.102844 51.534279 0.000000 
86.110680 77.798874 82.545990 66.863136 56.883911 0.000000 
91.017639 64.386330 66.508583 59.913925 46.024757 0.000000 
88.333504 87.845634 76.087601 69.872086 52.931110 0.019782 
88.672417 69.409653 67.825134 68.255959 49.268032 0.027976 
77.089027 58.530266 59.336269 56.386738 42.927456 0.019782 
84.977829 59.546265 64.963081 55.600269 37.932110 0.027976 
82.914230 53.960808 53.290485 42.410088 43.086872 0.000000 
80.673424 58.334801 59.897839 63.954693 42.034691 0.019782 
86.488457 72.898552 66.156647 50.556103 34.852493 0.000000 
88.041344 61.422844 57.770164 52.027710 39.447269 0.000000 
84.487862 82.751579 71.373192 48.789608 38.735676 0.027976 
82.243851 53.429272 52.271938 46.319099 33.253555 0.000000 
83.319298 58.078495 59.062443 66.028450 42.183052 0.000000 
90.555115 70.621513 77.131081 74.905762 46.609970 0.000000 
87.095734 87.079895 77.921120 67.821198 49.748489 0.027976 
92.577705 85.886353 78.852867 72.176476 50.016155 0.000000 
88.669983 82.648018 79.153091 81.211761 49.301266 0.000000 
88.309547 70.137909 72.872131 66.731247 43.417702 0.019782 
86.787727 67.822403 70.744049 62.317940 43.233898 0.000000 
83.034462 50.171150 59.426548 59.236614 45.193344 0.000000 
82.111893 50.931377 47.181538 41.309803 33.835705 0.019782 
77.022087 42.755180 41.369476 37.905468 27.712883 0.027976 
83.175995 64.987740 52.480839 44.082397 29.689428 0.000000 
89.977081 73.817940 70.123978 46.764271 27.236685 0.000000 
76.391457 53.527802 52.245594 47.674778 26.108999 0.000000 
73.969391 43.229797 39.501091 36.801949 27.081575 0.027976 
81.639488 51.255852 48.402203 44.204102 25.148663 0.027976 
84.985527 65.083000 68.787186 59.012325 40.778484 0.000000 
77.637100 43.251560 41.594963 37.935055 31.585102 0.000000 
79.489700 48.553806 58.786278 42.437992 35.403008 0.000000 
80.198845 55.104683 57.145252 53.784164 36.175175 0.000000 
83.178223 67.478287 63.005207 55.741402 31.899427 0.000000 
78.258377 41.706516 36.412682 40.322792 36.013142 0.000000 
84.796738 57.868652 57.543266 57.326664 36.081608 0.000000 
88.685181 72.266571 77.360268 58.944931 39.442051 0.027976 
78.600647 52.169365 62.629799 46.509422 35.311783 0.000000 
85.843002 57.453129 57.042702 54.647762 49.030197 0.000000 
84.276718 71.274101 67.272461 56.029217 41.750355 0.000000 
90.475151 72.400070 69.030502 65.128090 49.730457 0.000000 
82.941696 81.063568 75.370026 55.675110 42.136902 0.000000 
88.389175 81.643196 75.446854 63.647640 48.397831 0.000000 
84.420792 74.922798 79.431839 66.550575 43.549572 0.019782 
89.448967 75.069313 67.412964 72.824440 50.442616 0.027976 
88.374199 75.223892 82.732124 68.555717 44.358746 0.027976 
90.191017 76.123199 77.506607 70.033195 47.917576 0.000000 
83.706612 85.399834 73.581284 61.392391 49.879745 0.019782 
89.390785 78.015656 78.108025 82.237793 59.344196 0.000000 
86.966469 64.961868 77.990364 54.651287 52.746540 0.000000 
90.997177 89.503304 89.819199 61.156898 51.746769 0.000000 
89.676781 69.558990 71.434883 68.606003 48.224064 0.019782 
85.029396 74.855003 84.761696 79.937637 53.140762 0.000000 
94.977188 61.447685 62.382713 52.669636 51.429382 0.027976 
88.238029 82.386551 76.359932 71.148956 63.869808 0.000000 
88.805748 56.817623 54.954662 51.741707 36.617287 0.027976 
83.779182 58.620167 68.913124 55.304985 36.946945 0.027976 
88.672806 68.061615 70.764038 55.826363 33.649826 0.000000 
87.139534 72.818253 73.891350 64.045296 45.341938 0.000000 
92.960892 63.660694 50.951153 46.045517 31.126736 0.019782 
81.764122 60.318794 60.905621 55.962242 35.637058 0.027976 
87.778778 60.710434 47.528393 54.469093 38.671890 0.000000 
85.847961 68.248474 57.856686 50.480682 37.420925 0.000000 
89.770828 67.518753 66.923187 53.102936 32.351582 0.000000 
87.723907 54.909130 47.012508 42.774448 31.570925 0.000000 
90.709373 68.751633 60.625626 51.496777 39.547306 0.000000 
90.008720 84.818291 79.355896 71.668854 37.591022 0.000000 
86.778206 65.440506 58.313198 47.627308 37.444408 0.000000 
85.502785 58.955975 49.845955 39.051964 33.841034 0.000000 
89.608337 63.082134 66.647339 62.455780 40.471901 0.000000 
86.589722 57.602463 63.073700 62.571594 35.948772 0.019782 
88.662735 81.524765 80.203026 71.335861 40.281200 0.000000 
85.957207 77.443062 71.437408 71.161842 60.095089 0.019782 
84.633102 66.833626 59.952564 57.480450 34.391273 0.000000 
89.351654 50.382446 55.928978 53.374443 35.331203 0.019782 
90.708794 83.648170 81.982162 71.946579 42.716160 0.000000 
88.304306 73.652290 73.573555 65.888306 50.236736 0.000000 
88.496628 66.323326 73.420197 61.066193 43.737026 0.000000 
88.009514 58.886463 57.942760 44.871166 35.980972 0.000000 
87.812714 69.843811 67.436356 64.550682 49.452690 0.027976 
91.919518 74.075897 66.241699 54.690098 39.825867 0.000000 
85.704498 76.074921 71.183472 67.007950 39.043034 0.000000 
91.768288 83.502190 80.523567 68.327225 49.188892 0.000000 
83.991722 64.753616 59.768532 56.647831 45.808315 0.000000 
89.911087 71.610146 70.610489 58.662674 41.313416 0.000000 
89.261070 64.103683 65.169098 51.296795 40.921806 0.000000 
88.667610 69.854561 80.039665 70.654182 41.708481 0.000000 
85.705704 66.361038 69.912117 53.180214 37.443985 0.000000 
83.500099 64.724297 64.369698 66.860321 45.001793 0.000000 
87.636162 73.905869 73.178566 60.009541 44.081581 0.000000 
89.086685 60.067986 53.282139 44.119324 37.736649 0.000000 
85.560547 76.191483 71.226425 57.046722 43.491871 0.000000 
88.315552 72.109512 74.381821 65.332481 58.124374 0.019782 
90.099800 64.046722 57.091190 48.166550 38.288597 0.000000 
88.319031 80.790527 71.203857 64.764099 33.079353 0.027976 
85.635689 79.141403 76.791061 71.457703 45.907185 0.000000 
89.590919 76.543098 68.124451 71.111130 47.094589 0.000000 
92.875885 77.645561 74.570465 70.738960 47.923809 0.000000 
81.357124 56.847412 58.547489 57.077358 43.787998 0.000000 
85.871956 69.527740 62.665993 51.342690 36.419533 0.000000 
86.644829 76.466805 82.884239 68.173134 45.596664 0.027976 
87.113510 64.263840 59.830391 53.313637 36.911919 0.000000 
94.209457 60.207577 69.614464 50.135902 41.912014 0.000000 
89.373528 65.655968 60.223469 44.721806 32.406319 0.000000 
92.426071 50.661354 54.850140 46.642197 37.334568 0.000000 
91.213371 66.256363 70.879890 64.787346 52.026783 0.027976 
85.898949 69.389069 66.509109 55.134247 44.332489 0.034264 
92.234718 71.687111 76.184311 59.272301 32.375137 0.000000 
86.568039 74.519630 71.698944 72.304924 34.405590 0.000000 
90.824478 68.442169 56.446346 53.734501 34.199558 0.000000 
81.285118 71.103401 66.050743 55.923473 37.135612 0.027976 
91.387421 64.781303 59.560505 52.303322 31.486282 0.039565 
82.745621 71.991386 72.203300 71.116783 56.448189 0.000000 
85.839218 82.809532 80.618370 79.091766 46.305126 0.000000 
86.122902 72.069527 59.533421 62.821789 39.642357 0.000000 
86.417809 75.298050 68.607063 65.976662 43.735794 0.027976 
84.177177 59.965591 59.411308 59.674755 44.276066 0.000000 
83.586174 71.226860 72.530495 60.996769 45.762764 0.000000 
87.188927 78.594749 70.086533 60.825890 41.225960 0.027976 
84.699081 76.995827 66.693497 59.117069 46.959293 0.019782 
86.427422 59.866295 56.015640 46.347122 41.421658 0.039565 
87.195923 66.386520 59.841965 54.589901 43.052307 0.000000 
84.270615 84.176071 73.316422 58.935246 38.280800 0.027976 
84.367035 74.515068 71.798836 57.522129 39.799206 0.000000 
86.731293 68.482140 72.316826 62.585987 41.800716 0.000000 
88.904030 75.271149 63.588036 64.991837 39.712418 0.000000 
89.691628 61.812458 47.495792 46.406540 30.324108 0.000000 
79.181122 59.929905 53.256935 43.499748 26.557756 0.000000 
86.119637 48.492584 40.500793 38.497879 23.839125 0.000000 
84.202698 48.713547 45.083401 35.750492 21.713108 0.000000 
89.572647 59.228558 44.905575 41.179840 26.088402 0.000000 
87.861435 68.978752 61.607094 48.633198 28.563841 0.000000 
91.991028 57.851524 50.188602 45.407024 26.237600 0.000000 
95.140388 71.160789 63.480797 45.719078 24.429533 0.000000 
86.813995 55.149891 44.319386 38.763702 21.911955 0.000000 
85.463043 60.298840 53.176861 39.430241 30.888021 0.000000 
84.922600 63.298119 61.254116 34.213070 23.118523 0.000000 
91.978790 64.059860 50.579811 46.593468 33.448734 0.019782 
85.624756 53.881310 45.659485 39.910336 23.956196 0.019782 
88.853432 46.834522 50.152817 46.060905 33.786079 0.000000 
92.329079 59.246449 45.599304 34.849270 26.345505 0.000000 
83.762337 69.490631 64.727409 65.045860 42.699436 0.000000 
86.302933 65.149567 47.755234 42.067024 41.376156 0.034264 
84.082161 58.734501 49.103577 35.488823 28.797422 0.000000 
87.638489 58.445831 51.321842 44.666283 28.215954 0.000000 
83.585953 55.591221 49.455574 40.752769 30.723246 0.019782 
85.563629 74.755356 62.551445 54.056877 44.981640 0.019782 
91.148453 73.593056 77.066788 65.930420 75.805542 0.027976 
87.796043 70.558662 63.660526 69.740143 55.427410 0.000000 
88.656876 84.877426 71.979095 64.800865 40.102097 0.000000 
87.480980 60.740788 61.876354 63.680180 40.046101 0.000000 
90.011879 77.477287 82.881523 60.172825 60.967430 0.000000 
88.484131 60.839863 62.526546 57.530846 41.174725 0.034264 
89.696754 72.644745 61.780090 55.599369 37.439999 0.000000 
85.630371 52.872116 56.176773 59.677929 36.708076 0.000000 
89.447014 68.617126 63.806217 59.582195 38.814430 0.027976 
84.413277 54.959972 49.350136 52.267807 35.442123 0.019782 
91.795311 54.912899 47.132729 35.550518 33.205757 0.000000 
89.508652 71.683395 74.047554 64.530602 42.923359 0.027976 
85.098312 54.167709 68.052467 49.649361 38.136436 0.000000 
85.686981 74.061310 82.863945 69.195320 44.250584 0.027976 
90.494263 69.211945 69.549316 57.941639 34.915119 0.000000 
87.396584 58.298981 60.612518 58.325916 37.692715 0.019782 
79.141708 47.362141 49.080643 45.075222 32.779854 0.000000 
78.181091 58.847324 53.235703 49.858795 41.519958 0.000000 
88.709358 65.030525 68.679977 48.361588 36.484577 0.000000 
84.122704 77.432457 81.336044 72.097000 46.050701 0.000000 
88.878708 62.505825 70.183578 64.912834 38.542667 0.000000 
82.437996 63.195259 54.943119 45.784992 33.466869 0.034264 
87.800179 61.908447 67.563339 57.903538 42.062653 0.000000 
82.501526 60.231773 60.412392 53.753456 32.632408 0.019782 
83.920288 63.001808 63.608765 57.964249 42.731300 0.000000 
85.229836 73.326759 64.876602 63.936550 39.482445 0.000000 
76.122673 56.669094 47.079849 48.758312 34.803379 0.039565 
83.921295 53.162041 57.110851 63.426491 39.806541 0.019782 
82.355888 50.799412 55.301300 46.092514 36.707409 0.000000 
84.506920 51.914288 53.294449 54.979488 32.783657 0.000000 
87.941467 67.000053 76.947235 54.322594 38.177589 0.019782 
90.201744 62.720078 62.815044 57.378769 33.305389 0.019782 
84.285934 77.648445 69.000488 68.349968 43.444675 0.000000 
92.233871 60.209484 58.496662 57.771404 38.647411 0.000000 
82.220284 57.961746 67.654907 62.515038 39.710339 0.000000 
83.224258 51.923695 58.714687 63.545052 40.857391 0.019782 
89.096611 67.743187 77.685753 63.059566 37.410851 0.000000 
83.458626 63.294292 72.253143 55.093578 38.458965 0.034264 
87.697327 56.205269 60.914261 63.087933 45.649666 0.019782 
96.143532 76.378777 73.981117 54.186054 40.210976 0.027976 
85.370560 76.781105 79.087646 67.248337 44.653877 0.019782 
87.607674 59.908485 61.534210 54.120697 36.389774 0.000000 
87.838737 70.251678 74.348740 62.678719 41.774590 0.027976 
81.678055 61.232998 61.207355 61.226727 40.753658 0.000000 
89.871521 56.007687 57.333405 51.309376 43.105160 0.000000 
89.816071 68.257080 60.455406 62.750832 48.452885 0.000000 
87.006050 52.313778 56.647285 58.971561 49.202892 0.000000 
88.258240 69.262924 69.319427 63.465748 40.912544 0.000000 
92.936485 58.096031 57.227871 52.266613 40.078835 0.019782 
84.940392 68.474121 57.504276 60.029907 31.540409 0.027976 
81.951920 59.604462 60.631111 56.201668 32.801880 0.000000 
88.464729 40.738380 39.631294 37.203876 33.325390 0.000000 
82.851585 48.917858 49.874012 54.451427 37.029106 0.000000 
86.886452 42.150558 52.587669 51.260670 34.780003 0.000000 
82.963417 59.099419 65.999672 65.362595 39.383919 0.000000 
83.617249 67.337929 52.925488 63.150719 46.782242 0.000000 
88.378387 53.889885 57.682034 47.795795 38.267700 0.019782 
86.439873 63.404221 70.421616 74.129433 42.927586 0.000000 
86.983574 69.897865 74.063713 72.950165 51.156261 0.000000 
89.781296 60.111866 69.634621 61.133331 43.920170 0.000000 
84.833817 67.836380 77.837242 64.631935 47.475292 0.000000 
94.565842 69.257652 65.791618 67.427460 46.604237 0.019782 
83.752335 69.910103 63.676826 64.676735 48.937759 0.000000 
84.411072 74.228394 73.994781 64.768127 45.633366 0.000000 
80.658333 53.487839 52.970337 49.400551 36.102554 0.027976 
81.764313 72.532806 67.755875 70.898071 53.094414 0.000000 
85.948212 67.158981 66.578529 54.898842 40.380199 0.000000 
93.432602 77.355820 74.899307 64.334610 43.464249 0.000000 
83.411415 49.053505 55.469173 56.286846 36.818542 0.000000 
86.703758 69.157074 71.617058 63.514893 48.847202 0.000000 
77.116669 72.332657 68.710197 68.751762 46.716072 0.000000 
92.757088 71.228584 76.434380 74.122284 43.806080 0.000000 
90.220596 67.643677 68.415024 74.641785 52.267601 0.000000 
86.743523 47.012676 48.985973 47.753212 39.557503 0.027976 
89.700668 63.567986 66.708977 53.773586 41.243587 0.019782 
85.886765 53.483734 53.835339 54.743324 48.253662 0.000000 
85.039688 55.657726 59.266659 61.111435 42.772720 0.027976 
91.810272 74.006424 63.712727 61.506363 56.742687 0.000000 
90.853493 76.323730 70.947685 66.642311 43.688683 0.019782 
92.114021 66.030014 71.813972 60.009914 44.536713 0.019782 
89.282867 64.316711 67.091835 70.239761 45.949551 0.000000 
89.279587 53.743011 52.444885 68.230103 39.275150 0.019782 
81.276436 48.086845 56.585133 64.992805 37.923931 0.000000 
84.226501 55.019199 68.201805 52.609993 34.747662 0.027976 
83.526222 43.505100 43.308498 51.691784 34.843418 0.000000 
84.803596 53.081600 52.561054 52.080315 41.205376 0.000000 
82.712852 66.606583 72.225838 71.618683 38.713318 0.000000 
88.704987 75.609917 77.925552 70.774719 39.366158 0.000000 
87.154785 65.473740 62.345295 59.246460 39.123749 0.000000 
84.354507 59.471657 66.806404 69.867355 42.860958 0.000000 
83.946228 68.520836 70.237259 67.636330 44.485447 0.000000 
86.204117 61.302376 63.300934 60.801510 42.079315 0.027976 
89.203796 79.874390 78.461075 79.244125 50.220478 0.000000 
92.640404 85.371361 78.350937 69.986542 51.605682 0.039565 
85.880417 73.815857 89.926849 85.396690 68.721062 0.000000 
89.268188 83.207558 82.634453 77.409164 50.620045 0.019782 
91.748604 80.819359 88.201897 68.448128 50.624111 0.027976 
82.968994 69.635071 71.675720 73.115997 55.403252 0.039565 
90.338608 83.702850 83.101570 76.855736 41.502434 0.027976 
79.127022 46.053562 51.555092 40.530685 32.087215 0.019782 
76.312355 38.326687 41.391102 43.073536 21.820372 0.000000 
85.674889 53.897717 52.438618 47.171814 31.557673 0.000000 
85.552345 55.370358 48.130859 42.382404 28.475391 0.000000 
87.572128 63.582859 45.956482 36.537136 27.390942 0.027976 
88.481071 45.540520 44.757393 40.723534 35.878983 0.000000 
79.945488 42.042587 37.637268 38.427380 28.476997 0.000000 
79.626892 58.827858 55.194431 50.519409 26.025156 0.019782 
80.848274 46.499523 43.990498 31.044365 24.490648 0.019782 
81.898209 49.706257 45.835457 39.353271 24.413208 0.000000 
76.024620 43.327629 36.527847 37.133034 22.535101 0.000000 
79.559319 55.990929 56.642376 40.784264 30.342539 0.000000 
88.287399 55.344635 52.614651 49.282009 31.959961 0.019782 
90.422577 62.975765 66.335175 56.828098 48.940624 0.000000 
96.381004 84.917473 66.139366 49.995182 34.513596 0.000000 
84.330261 47.818886 63.142841 47.113194 34.128525 0.000000 
93.300285 50.401604 46.287315 33.926083 25.463797 0.000000 
92.737282 61.236729 69.344559 55.638950 34.248409 0.000000 
86.136108 66.668800 56.984291 46.091167 41.892502 0.039565 
85.883995 69.814552 65.420715 46.532093 37.881260 0.000000 
79.394470 62.924141 66.595108 57.179146 45.272808 0.000000 
87.210106 70.782173 69.603218 50.833508 40.042557 0.019782 
89.528694 58.415833 63.737846 52.525261 39.803642 0.019782 
87.235924 65.816284 66.575775 52.962917 43.909065 0.000000 
86.491287 68.333672 67.563576 61.251278 48.067142 0.027976 
92.499481 62.567318 60.057747 60.768738 50.244381 0.000000 
82.201920 48.353458 46.950214 41.719002 31.905918 0.000000 
83.804077 65.759872 62.131371 52.426743 34.493420 0.019782 
85.432373 60.708920 60.949715 56.533852 30.750753 0.000000 
91.958107 73.202919 67.864197 67.578369 30.217133 0.000000 
85.107513 69.379288 64.325096 61.130859 34.807438 0.027976 
87.611603 62.392334 62.837067 49.701481 36.009857 0.000000 
89.775703 63.491844 66.077255 61.449219 43.436039 0.000000 
85.881065 69.620903 60.292400 55.620472 52.475662 0.000000 
80.402328 56.340351 48.513336 36.979736 26.702169 0.000000 
84.713936 58.536018 57.712185 46.670498 29.544918 0.000000 
85.183495 48.372818 45.215229 38.994198 27.365431 0.000000 
85.244019 63.310490 56.586838 53.268391 39.306778 0.000000 
89.223251 61.097408 49.617397 44.822849 43.200802 0.034264 
84.373749 80.351784 73.066277 56.002941 38.948032 0.027976 
85.488434 82.509346 81.397041 57.269947 35.540142 0.027976 
87.800354 84.656021 92.661667 79.011002 72.367546 0.000000 
85.300987 74.087059 70.495697 63.064106 42.282734 0.000000 
90.691124 74.821274 67.851921 65.330032 57.169163 0.019782 
87.305290 65.428520 66.106110 63.859432 47.145046 0.000000 
92.932594 64.038689 61.201962 53.696175 42.239788 0.000000 
87.520760 48.255299 43.670746 50.647732 42.349079 0.000000 
91.832527 50.535461 48.868828 42.267811 34.364983 0.019782 
84.884117 63.749378 60.780006 49.996071 43.185654 0.019782 
87.949364 61.813011 53.330074 58.843800 36.826721 0.000000 
83.073273 54.699772 42.112137 28.609734 18.592766 0.000000 
86.660263 55.588459 41.301254 29.656099 38.415966 0.019782 
87.060318 67.816689 52.756039 42.148365 30.457907 0.000000 
84.931213 54.860859 46.515385 34.501003 27.440523 0.039565 
92.068504 43.533318 27.743910 24.843018 19.155634 0.019782 
90.152672 45.986980 39.387310 30.871857 21.217716 0.000000 
80.328102 45.554585 40.103786 32.041100 21.262278 0.000000 
87.884872 48.499912 45.035034 32.729225 33.097904 0.000000 
89.404350 53.274433 46.412476 42.724949 32.872368 0.000000 
88.748428 64.496742 47.561287 43.235283 32.946472 0.000000 
91.811272 61.557522 61.633698 55.408112 36.679317 0.000000 
93.763641 62.326794 57.731853 48.917107 37.241386 0.000000 
87.254433 60.817410 57.499947 46.917126 23.777191 0.027976 
89.944679 84.836792 69.892868 51.395763 37.696808 0.000000 
90.041000 48.931385 44.709721 42.175747 31.523846 0.039565 
85.543709 62.299423 58.435936 51.376797 35.281605 0.000000 
86.983498 52.044510 54.112015 54.975979 38.134933 0.000000 
88.470009 65.856071 49.483650 43.606083 33.952343 0.027976 
92.877426 50.861374 46.393219 45.386421 43.360943 0.027976 
81.874161 67.234970 57.216473 53.485176 41.331673 0.027976 
87.248955 61.492184 60.442410 52.824474 44.110668 0.027976 
88.977188 68.811737 66.618263 50.635338 46.295418 0.019782 
88.260887 69.564178 61.619469 66.665253 41.566158 0.000000 
88.654907 71.624397 64.836250 70.155769 56.598572 0.000000 
84.789238 70.545578 83.016113 72.931755 44.583168 0.000000 
90.728104 60.100685 64.479881 57.036156 36.558056 0.000000 
90.037468 63.629791 56.166374 49.768013 45.687954 0.000000 
94.161713 56.702435 58.958847 49.730827 49.030338 0.027976 
95.006531 65.688591 69.379128 64.060905 44.050632 0.000000 
80.980873 56.347046 56.502598 44.223927 31.152842 0.000000 
85.576279 66.221054 63.238167 52.157246 33.820557 0.000000 
85.584442 62.168484 44.573578 33.728405 30.692600 0.000000 
76.636154 52.228745 53.686684 48.774143 25.362860 0.039565 
80.436424 44.623322 37.201080 43.679672 33.843441 0.019782 
77.270073 46.059010 47.181770 39.925449 29.731686 0.000000 
84.306099 64.579659 53.849903 54.111023 31.251278 0.000000 
83.051476 58.416615 59.468021 53.235584 35.331444 0.027976 
87.411804 56.353340 52.833302 49.311836 30.476110 0.027976 
86.046059 66.210075 69.633461 57.580196 43.970295 0.000000 
93.007751 54.384064 55.582832 50.607376 33.368454 0.000000 
83.865410 68.895210 81.876091 72.710876 35.879730 0.000000 
84.922523 63.618656 53.739323 53.886623 33.077499 0.000000 
85.181450 67.476624 70.090309 53.244785 40.555588 0.000000 
94.249184 58.190723 63.225235 54.763340 45.227882 0.000000 
89.984261 73.795715 76.816635 71.190819 45.583599 0.000000 
88.360168 73.208565 78.244209 63.629650 45.413795 0.000000 
89.393814 68.859955 81.910667 70.876411 47.199089 0.000000 
81.447960 61.354317 64.485435 63.401283 48.678547 0.000000 
87.879501 56.929562 68.683502 67.275078 46.799644 0.000000 
91.348587 61.746601 69.080490 67.358185 56.879841 0.019782 
91.443344 89.785545 87.777443 76.276711 53.590111 0.019782 
89.217407 63.292034 73.595886 73.428352 51.298851 0.000000 
86.396767 69.950249 69.735382 66.474869 38.988914 0.000000 
91.734482 66.042740 62.217888 63.495007 48.071850 0.000000 
84.544136 51.476395 54.790714 48.125515 30.690287 0.000000 
88.424614 59.140724 55.250217 54.494186 33.719269 0.019782 
85.349243 46.190315 39.338600 48.294991 45.733006 0.019782 
82.145981 53.546555 49.630764 47.163761 31.229094 0.000000 
89.840912 62.283401 52.314945 39.674889 30.854589 0.034264 
81.731537 49.473312 43.590839 39.241310 24.457470 0.000000 
82.324036 37.003971 35.454395 39.016262 24.545185 0.000000 
80.518227 41.509384 43.837955 37.846905 24.604689 0.000000 
75.511375 40.514023 38.955296 35.128643 30.047146 0.019782 
85.863136 42.625732 36.755165 30.319328 25.238808 0.000000 
81.414650 41.670456 38.744389 37.446342 29.654421 0.019782 
85.431107 50.784397 47.442097 38.198204 31.300802 0.019782 
85.272049 53.937145 53.890877 45.695793 35.257275 0.000000 
75.036499 41.504215 49.412254 49.616001 45.259869 0.000000 
71.387917 39.648411 41.353146 41.708286 30.858978 0.000000 
84.405350 53.129929 60.474857 53.150833 33.165432 0.019782 
83.095993 49.294701 51.673656 50.752213 42.812313 0.000000 
87.325150 53.730339 50.948475 47.862774 33.875946 0.027976 
78.149559 48.432453 52.312054 41.087963 38.251575 0.019782 
83.080917 56.128426 61.867081 45.135410 36.449512 0.000000 
80.834358 61.976398 76.663048 64.544205 36.372620 0.027976 
86.829956 71.996628 68.375572 70.119171 29.260216 0.000000 
86.677933 74.052238 71.012474 61.719341 46.376057 0.000000 
83.179573 60.475086 64.861656 52.896736 57.851032 0.000000 
80.137680 66.889847 73.237495 60.719193 42.040352 0.000000 
88.639839 65.776230 70.254303 68.747734 45.214531 0.000000 
81.502388 67.193558 68.119919 63.513531 41.004738 0.000000 
89.292175 49.909172 45.772343 52.717003 42.753124 0.000000 
85.873238 67.836166 74.146935 64.310959 40.481190 0.000000 
82.872597 43.914494 50.340244 45.000317 24.608707 0.000000 
82.541168 41.502544 36.890202 33.967632 27.699934 0.000000 
79.205223 43.383450 40.452278 33.574982 22.080402 0.000000 
82.888100 56.878696 42.620762 39.853291 21.432375 0.000000 
75.479752 40.399109 29.307468 32.704796 24.228235 0.019782 
90.064377 65.199295 44.823524 47.099434 25.106602 0.000000 
88.008690 63.837460 59.381432 57.077297 29.878836 0.034264 
76.226280 38.375362 36.935181 32.401073 20.089188 0.000000 
68.711479 41.248249 38.658356 34.616001 23.113441 0.000000 
71.783333 43.501797 37.744076 42.963108 28.007923 0.000000 
86.540382 56.671360 60.826946 47.565464 22.677465 0.019782 
89.659180 60.057125 60.507507 67.540710 40.449535 0.019782 
87.135025 38.062611 41.234943 40.284370 36.971680 0.000000 
86.338814 44.038143 42.298256 54.087154 38.475925 0.027976 
91.696671 49.742428 40.827721 52.560482 34.333584 0.019782 
90.830658 54.824921 63.013794 50.081776 32.846649 0.027976 
86.091797 53.937378 62.527054 48.317299 42.159496 0.000000 
95.126015 88.560280 80.573235 76.850151 48.089100 0.000000 
85.545654 72.550575 76.466713 71.967133 42.022816 0.000000 
93.980812 69.279381 66.182068 58.740723 43.694431 0.019782 
84.861038 62.333355 52.422405 54.261929 40.056068 0.000000 
88.072464 78.946930 71.969215 63.025768 36.533314 0.000000 
81.055763 73.293022 63.236347 59.742172 39.745155 0.000000 
85.374084 62.155376 63.652370 66.352592 47.347153 0.000000 
89.316826 49.192913 45.179699 42.790272 36.788498 0.000000 
85.469986 52.360081 47.020763 47.023216 33.365108 0.034264 
81.904068 55.221615 48.475456 44.154648 29.377438 0.000000 
85.604172 66.155945 56.683075 50.276733 33.206898 0.000000 
82.642471 49.003143 45.493675 43.333321 28.732996 0.000000 
82.262238 58.258095 56.189518 47.108017 36.913788 0.027976 
89.490791 47.441387 43.721592 37.620522 37.002804 0.027976 
87.278107 54.480759 59.703568 51.332920 31.881960 0.019782 
81.818420 67.739723 70.418144 55.511074 33.417141 0.019782 
82.091904 48.316467 50.374073 45.708706 32.814896 0.034264 
88.432785 65.438805 70.219246 65.602341 37.388432 0.019782 
94.082642 55.715794 60.079666 56.626301 50.869553 0.000000 
90.375954 53.550365 65.481911 56.522346 40.171665 0.034264 
86.110352 62.914276 57.733963 59.242817 32.862968 0.034264 
86.375145 61.493538 56.980949 60.053589 33.992550 0.000000 
88.953186 58.724762 62.034344 64.135750 32.728134 0.019782 
89.876312 47.201996 55.704826 49.117584 38.543030 0.000000 
86.110748 64.095734 63.167686 58.675529 43.150120 0.000000 
86.370430 52.659725 54.129044 47.664577 34.702175 0.000000 
85.091080 56.911285 49.508102 47.661057 35.022675 0.000000 
89.469284 66.344589 52.647644 53.702736 37.292728 0.000000 
87.892097 46.922234 49.541496 44.418938 41.902626 0.000000 
81.317009 59.842426 60.999325 50.521957 35.520233 0.000000 
88.549469 75.039185 65.524231 51.880394 39.057632 0.000000 
86.769806 63.700657 61.744640 48.968636 39.094688 0.000000 
83.350815 57.407970 61.624355 47.156975 37.760921 0.027976 
89.179169 64.401672 61.395168 54.305328 43.562637 0.000000 
86.174011 77.193962 68.616791 58.164394 41.950016 0.000000 
89.854538 60.798546 68.572777 56.585739 37.115772 0.000000 
89.666679 76.532310 71.113121 47.827606 41.309879 0.019782 
84.344414 65.329208 83.800011 72.825630 44.679173 0.000000 
86.802429 56.810841 56.731815 52.553738 41.562717 0.019782 
86.460342 73.347435 73.502808 67.344849 45.301888 0.000000 
89.127014 84.620605 84.716003 75.464211 50.545647 0.019782 
88.792778 67.600639 71.742790 63.930897 44.852371 0.000000 
