89.751137 46.929619 54.498852 49.719055 53.871693 0.000000 
95.178215 62.348694 62.920135 42.282909 52.943607 0.019782 
95.682404 56.778442 55.247005 57.754818 62.507320 0.000000 
86.098488 68.378387 73.307579 61.073910 49.018559 0.000000 
85.262238 64.396942 68.383698 58.791035 51.977154 0.000000 
94.981956 55.598389 61.534988 51.615089 41.597767 0.019782 
88.962929 87.294441 73.368973 48.042686 56.771358 0.000000 
89.625824 66.170746 69.908295 59.135242 63.140251 0.000000 
91.289841 61.460197 61.009781 51.681660 47.821953 0.000000 
91.763321 40.289692 44.743748 45.281288 33.444538 0.000000 
93.048691 73.988663 78.958260 67.239006 61.411625 0.000000 
93.035843 63.471653 71.923729 63.883041 58.688820 0.000000 
93.440926 53.381813 68.453697 68.036903 52.764938 0.000000 
91.484634 65.570786 68.500603 58.928219 60.847221 0.027976 
96.250519 52.684849 52.922787 48.193375 53.480492 0.000000 
89.374359 38.622433 60.601467 65.090797 55.306473 0.000000 
88.576874 45.125622 59.313919 49.966812 43.696007 0.019782 
89.970200 40.901173 44.117676 36.943638 52.102226 0.000000 
93.188072 72.529739 62.107658 54.874439 50.112556 0.000000 
90.951157 62.372780 62.874577 58.954693 46.877789 0.019782 
