5.000516 0.007382 0.010408 0.024426 0.043846 
306.003387 3.581398 0.029555 0.030731 0.062288 
316.959839 6.781544 0.037575 0.032285 0.082811 
137.146362 15.534784 0.074047 0.058675 0.113212 
117.726006 8.358208 0.061392 0.070716 0.147117 
26.600163 107.776558 2.803806 0.193100 0.222556 
98.056961 228.931107 85.709442 46.359314 242.514786 
60.276127 151.840302 43.619022 26.482876 752.628357 
116.019325 36.317612 20.037926 16.207451 1378.892212 
65.213600 104.568634 63.945759 19.942631 1559.756470 
165.210342 53.985031 35.915997 13.088542 1641.771484 
225.527161 81.941467 16.239565 6.471735 3127.105469 
293.155365 98.119919 0.306335 0.157391 4929.492188 
121.430824 52.773903 13.582458 5.315349 5273.770020 
335.195740 73.723381 19.484129 0.161995 9406.251953 
938.239380 3567.803223 806.644836 328.703094 44631.351562 
317.785187 96.304962 3.222140 5.444305 17263.949219 
239.755264 60.860188 19.018147 0.037046 28982.033203 
978.668152 61.945591 2.442459 5.490786 49195.679688 
176.821060 41.814934 11.850512 16.544956 35706.109375 
251.998032 70.077988 17.488256 5.424309 55788.714844 
298.662842 47.707218 14.274683 3.947570 109448.335938 
230.626328 92.756981 57.751259 10.382313 81172.460938 
496.126068 61.579639 2.579624 6.521809 224736.531250 
392.744232 67.591515 17.948940 17.004383 172201.171875 
1496.640625 125.701797 16.802395 7.091143 295679.000000 
207.777618 94.264137 4.007009 3.639709 226833.078125 
269.740173 63.347870 73.216164 6.482010 262631.218750 
193.269043 101.077393 58.765419 18.390900 337547.312500 
213.704605 80.948441 61.395512 57.339046 378759.625000 
210.797379 80.006210 82.990791 18.669558 280789.843750 
311.782959 122.025421 63.822845 39.336098 382495.218750 
411.442139 186.040558 119.344978 103.147537 231708.109375 
663.599792 336.294891 96.617500 149.670441 233674.843750 
2817.789551 2585.883057 477.806000 1310.791382 158808.578125 
5968.189453 22244.123047 3581.191406 9809.750000 140503.875000 
4863.646973 104792.898438 12503.286133 37913.281250 94091.390625 
1874.095825 50683.437500 2809.854004 19914.339844 105715.054688 
791.208435 12583.165039 226.662506 16454.740234 44204.562500 
551.262817 4698.810059 175.874115 26659.386719 20492.082031 
341.592438 1821.622803 182.785248 43912.343750 17961.689453 
600.221191 1008.642029 118.999153 117873.070312 19082.275391 
608.646423 407.676025 123.320488 192256.562500 20960.099609 
459.862000 254.365738 65.738174 271460.156250 13318.012695 
198.484146 159.541748 40.614342 403107.250000 12897.245117 
328.839081 118.499176 56.729343 793463.750000 15010.282227 
409.152100 124.221664 54.978546 754832.000000 12809.070312 
895.845093 127.062828 43.659031 838444.937500 24339.279297 
497.858032 84.497185 50.269650 949909.937500 24422.427734 
662.636047 81.897202 72.569542 1186431.000000 13001.476562 
313.852722 102.255699 62.627525 2573861.000000 20799.126953 
414.908875 168.305618 54.286407 7665184.500000 28499.767578 
314.045502 265.078491 50.555386 30559048.000000 35254.062500 
765.918457 349.235901 49.537380 81857536.000000 49525.707031 
386.903961 619.083191 46.229401 225255984.000000 96661.726562 
412.682587 946.074463 75.523369 156212144.000000 89257.453125 
266.820801 1084.135254 72.205421 82101632.000000 103198.132812 
422.740631 720.747986 65.586121 12666564.000000 85883.750000 
316.945831 623.976562 80.809547 2439206.500000 61529.218750 
353.083984 545.388672 70.917213 320582.812500 64622.945312 
242.105301 410.680634 65.179993 112834.914062 52514.054688 
373.752197 493.684967 89.470871 39879.871094 29226.550781 
593.865723 717.011230 84.871117 31581.763672 40071.175781 
297.476166 735.252991 53.531776 45452.789062 33567.265625 
251.851059 1019.850403 96.404732 33574.636719 35955.046875 
303.693481 1796.504272 130.041245 40657.863281 40002.113281 
293.274506 2668.011475 187.834152 52518.000000 42346.687500 
314.436157 4014.812012 337.487274 117669.890625 51331.878906 
350.581940 6260.338379 682.164795 395062.656250 45213.609375 
495.133362 9657.887695 1705.872681 746054.437500 58083.117188 
979.039917 14004.734375 2095.376953 1397238.000000 62713.300781 
381.679718 7854.367676 1492.155273 1713688.750000 75440.382812 
344.685883 6982.256836 984.249634 2238056.500000 56790.570312 
274.501678 4964.898438 795.598083 1735315.125000 61825.863281 
156.988510 1894.547974 231.947601 1265991.750000 34943.523438 
209.480469 1246.573730 170.451065 703629.062500 31771.310547 
193.576157 826.321045 141.117615 498453.156250 53004.859375 
225.048264 556.143066 118.787125 841819.125000 47605.843750 
226.032501 470.717041 95.998665 900995.375000 44383.968750 
219.269958 342.469086 84.298325 1423912.000000 32776.445312 
224.901596 416.257721 106.451302 2020515.500000 30719.189453 
226.738159 558.670044 166.624176 2776704.250000 35163.847656 
231.156433 466.886047 168.177155 3851898.750000 61725.558594 
249.147888 457.304291 147.546265 3186592.750000 49603.472656 
385.311401 645.047607 191.025528 2453777.000000 35424.914062 
280.035217 538.615356 160.588135 1787191.375000 33643.628906 
321.149292 696.796814 231.258881 1354707.625000 39721.148438 
237.414017 645.951477 142.033417 964031.750000 26717.119141 
297.385193 1041.522095 260.093140 863713.375000 27501.244141 
355.857849 1096.953491 274.643280 714995.625000 28041.310547 
347.692383 1404.218506 282.473297 520985.875000 39202.308594 
490.935852 1604.867920 496.197968 801523.375000 25035.693359 
543.283691 2031.599854 621.718689 765336.000000 24391.351562 
762.456848 2800.817627 2044.564575 1087873.250000 22417.640625 
900.253601 3007.886230 2562.841553 1778397.750000 31252.861328 
959.920654 2160.847900 4317.304688 1691961.625000 29546.208984 
654.224976 1288.525513 5001.768555 902644.062500 23201.324219 
516.207214 588.396423 4616.716797 630116.937500 16377.028320 
357.985962 289.877563 5180.157715 296858.687500 14447.646484 
472.520874 292.122742 7453.870605 460456.343750 22051.851562 
422.762299 254.581467 9094.074219 235005.671875 15831.173828 
241.731567 109.325211 4693.456055 115197.906250 16264.396484 
328.691681 133.062729 5190.069336 87034.992188 18666.960938 
322.844299 117.636948 3480.761963 86538.890625 26589.373047 
473.040344 138.444748 3472.330811 93289.062500 28730.199219 
589.636719 136.137024 5177.734375 197732.078125 25785.490234 
957.984375 126.734413 5537.975098 404251.156250 42990.375000 
1581.382568 126.425613 4911.368164 751857.625000 45733.320312 
2609.573486 207.235565 5066.170898 961658.062500 65549.843750 
3390.772949 144.407928 2552.865479 1619280.500000 55820.105469 
3790.750732 200.769058 1868.659668 1305916.375000 71911.960938 
2213.752930 157.226227 717.173462 596149.562500 69081.976562 
1674.072266 256.532867 607.156250 578373.625000 71273.242188 
1190.774902 211.151901 556.548828 503789.687500 57783.031250 
866.168701 242.969666 423.265900 567781.000000 54345.210938 
1163.312622 186.784180 545.198914 825762.687500 45477.191406 
873.884033 134.190323 415.614868 967437.125000 41763.828125 
920.655518 87.091438 497.561615 1556401.875000 43986.230469 
1481.246216 150.376663 638.891724 2463817.000000 56335.562500 
821.567993 139.936539 401.775024 1125380.875000 53119.648438 
495.559753 90.761269 424.392639 975565.062500 37731.812500 
532.873657 89.575974 412.449677 1071446.375000 53104.246094 
481.037598 126.376915 495.699890 1202611.875000 32551.837891 
527.109070 106.004265 463.715302 2123137.250000 50511.347656 
589.694031 70.930344 534.418030 2185337.000000 39065.593750 
472.146210 75.190285 803.608765 2498727.000000 38281.289062 
698.194275 66.919769 617.681519 3068759.000000 38062.367188 
735.079041 67.475586 747.228027 2766169.000000 41878.464844 
838.301025 70.388748 606.205933 4856026.500000 52783.562500 
573.724121 63.842255 539.926880 3098316.000000 59317.019531 
614.359253 63.159962 331.617554 2506011.250000 58970.945312 
1271.999634 106.629532 624.213013 3951269.000000 49589.472656 
1859.449829 87.176163 994.927612 3737433.500000 53540.878906 
2712.170410 122.025757 1100.350464 5535549.500000 42662.183594 
1328.251587 105.969040 1226.901733 2883923.000000 46747.078125 
2267.106201 150.803986 2017.018066 4519293.500000 39281.613281 
1824.690186 148.244324 1980.240112 3697711.750000 29518.775391 
1385.497681 211.511887 1375.593140 2493581.000000 30027.966797 
974.442566 155.282135 583.049500 1541712.625000 29834.191406 
1066.418213 150.957901 512.283081 1410100.875000 36983.500000 
1101.386841 192.813965 583.115906 1530953.750000 30288.527344 
1000.230042 169.945053 335.858795 1058816.125000 29270.748047 
827.114258 163.075912 293.237854 610578.437500 23637.355469 
509.592499 102.068153 170.391724 276396.562500 21498.142578 
562.529236 152.632935 286.590027 210801.375000 30279.123047 
355.339996 61.477455 87.260117 230449.890625 22981.210938 
470.491364 100.301361 109.875610 343065.750000 27883.679688 
404.759705 81.086334 75.554581 440539.437500 35774.203125 
552.388306 95.394722 94.300049 827201.125000 22355.570312 
818.627625 110.178574 121.244087 1184730.750000 33813.894531 
688.527466 145.871262 116.065453 3073977.250000 61296.339844 
967.450378 139.259323 100.397163 6783789.000000 83384.492188 
223.228714 74.235542 53.255333 303956960.000000 7.802752 
179.671371 37.841969 25.889799 466671968.000000 125.387299 
237.822586 276.377258 276.601013 27337866.000000 3166.034424 
8660171.000000 730504000.000000 149231.906250 48368.710938 11.708364 
7729698240493099870584832.000000 18382214660096.000000 316793056.000000 64015.371094 6.075190 
3051129227970835711524864.000000 1753170313216.000000 2287470.500000 8640103.000000 118.584129 
221227802479529547530240.000000 5614914240512.000000 96261760.000000 14350.757812 21.081135 
9120161.000000 573073664.000000 385222.500000 71604.992188 30.139694 
2684.932129 496.527618 5269.786133 3519.460205 54.966499 
529.218384 174.971603 1047.959351 3235.880127 77.627266 
499.380219 285.444580 664.431152 2825.816406 136.880661 
213.208939 53.119858 125.503517 1180.255981 212.661224 
538.362549 167.223511 90.530022 1908.542358 375.626648 
679.036011 248.169250 154.365509 1622.576660 235.136841 
311.077667 132.107559 61.689476 717.947571 428.223022 
315.846527 126.693275 18.171234 465.992401 453.357300 
289.703003 121.245346 13.276916 476.431915 427.331696 
442.129364 108.927826 15.323426 712.701721 845.975464 
600.812927 121.152664 10.844508 488.247406 1134.099609 
730.375061 90.763191 7.474473 397.015411 528.949829 
1066.295410 84.686943 9.468421 431.376587 1148.715332 
1488.056641 119.972305 20.915112 449.412689 906.327087 
2193.596191 99.781670 12.086916 418.372131 1009.234497 
2736.698730 139.796402 21.805405 438.784515 1413.751587 
3301.997803 147.979294 18.825569 365.129272 1901.132568 
4127.011719 99.658897 13.328292 347.895142 1871.914917 
4299.866211 124.876236 17.498930 364.203400 1356.845215 
4662.590820 149.741760 27.580082 343.955078 1896.996216 
6769.924316 144.487823 12.407791 359.613342 1339.024048 
7877.660645 86.939598 13.611271 411.746918 2438.613525 
8087.800293 87.954132 15.496140 418.041992 2543.833008 
7864.218262 85.280128 13.570623 363.455109 2819.238770 
10074.301758 61.915337 6.571980 369.713440 1763.214355 
10663.197266 156.847519 51.976021 420.385925 3866.602539 
12756.348633 69.877701 9.308412 359.477814 2819.846924 
12771.074219 70.815254 10.248164 373.408691 2250.869141 
12023.713867 73.309319 13.914099 355.358124 3463.963867 
13736.653320 73.886505 5.145621 381.769531 2326.318604 
16635.820312 95.212502 16.325800 311.668488 2685.509766 
15419.154297 61.500561 24.452702 378.276276 2491.357666 
15734.160156 131.429825 41.114780 442.755554 3134.021240 
17043.322266 45.126629 4.066963 330.103302 2509.733398 
16400.269531 64.878685 7.641203 294.092194 2886.577881 
16431.496094 67.156601 3.745997 318.083038 2267.355957 
16652.064453 43.722473 2.730424 338.050934 2859.877686 
20379.615234 61.468151 7.358221 306.494659 4369.833008 
20673.876953 49.004974 3.394663 321.871460 3013.592529 
21348.306641 118.398354 28.239546 371.664520 3461.079590 
20668.708984 46.697502 4.391344 327.791687 3773.209473 
17818.865234 44.889862 1.722954 353.436157 3810.718506 
23209.664062 42.590233 2.894494 399.932343 6787.019531 
20138.666016 44.937496 6.421570 364.026520 3507.988037 
19687.597656 65.912659 16.016411 407.815582 6699.108887 
23673.285156 86.791550 4.440523 374.340363 3720.801758 
22026.833984 37.179626 2.375244 366.614380 5775.355469 
23115.917969 44.738922 3.258460 398.411377 3631.215332 
27758.119141 66.222237 19.197565 387.105591 3227.632812 
23818.337891 52.966785 4.037186 383.549713 5313.197754 
19659.337891 56.150352 4.634739 371.357391 5914.086426 
25220.228516 93.185303 12.339560 294.826324 5883.783691 
20526.521484 64.636322 7.527208 370.590698 6471.455566 
19670.113281 83.397881 17.030109 341.650055 4846.539062 
29304.814453 38.030174 3.962410 390.811584 6460.073242 
21471.162109 87.308784 99.710899 477.279663 5949.777832 
24050.863281 47.373089 2.866478 356.224792 3056.059082 
21029.873047 37.572132 2.789782 402.620087 3609.931641 
23869.623047 57.111134 6.590021 292.760529 3978.747314 
24163.253906 43.081127 3.508145 316.373383 4147.779785 
26760.453125 46.767197 2.327197 296.231659 2860.385254 
24995.091797 59.081337 4.736485 331.095764 3660.518555 
19985.912109 66.572617 8.880456 331.766083 5212.035156 
22468.626953 59.898800 8.715931 367.199738 6600.308105 
22050.410156 57.097961 4.648479 394.406891 2818.512939 
24086.570312 73.106026 8.251349 331.685547 3310.190186 
23490.740234 50.761475 2.586460 375.738678 4657.478516 
25966.255859 65.186958 7.587380 339.267944 3101.822998 
24585.867188 72.587173 5.353549 387.567017 4462.966309 
25886.957031 57.290112 3.598016 421.366821 3953.902588 
23883.693359 39.280354 3.394209 301.902161 4432.298340 
23783.017578 83.479210 17.546528 409.826935 3998.878174 
27595.183594 65.648048 8.999222 417.463928 4520.027344 
22766.162109 57.723034 3.114080 382.496277 3405.572998 
25602.539062 47.943558 3.134075 313.849060 2341.553223 
21039.402344 45.031429 5.068165 347.877136 4639.594727 
24465.095703 53.315987 6.034166 335.273834 2785.296143 
22766.875000 47.846516 3.506069 297.565857 4935.954590 
23864.228516 47.253071 2.982548 332.981873 4388.590332 
23142.845703 40.368038 2.191548 365.389191 3659.413574 
24979.957031 46.161125 3.752853 385.465973 4666.716309 
30005.353516 54.773285 3.693898 358.082245 3294.850342 
25628.542969 39.672600 2.354437 320.913910 3654.186035 
25103.486328 50.404907 4.630890 341.442780 3844.014648 
18115.490234 27.477650 1.445344 316.140686 6728.326172 
26325.488281 48.940483 87.250137 297.965149 4683.781250 
23687.369141 37.925308 2.828419 354.290894 1989.231689 
23512.265625 70.412224 10.021977 378.765594 4082.052002 
22917.453125 47.152470 4.705951 363.704315 4509.943359 
24974.208984 97.599060 11.325583 351.105804 3660.615479 
24358.443359 84.870972 26.618641 346.573608 6058.338379 
25874.359375 79.338905 16.028784 396.333740 3475.623535 
21731.072266 45.575787 2.533900 359.605621 3544.483398 
21332.929688 60.674301 22.889278 416.147003 4445.417480 
23299.412109 100.322830 22.478060 370.658630 2519.336670 
23565.281250 63.944576 5.334395 412.554504 3311.060791 
21513.615234 100.285965 28.348494 426.932312 3832.714355 
25313.636719 54.889046 3.941499 367.250763 3819.238525 
25723.287109 82.951164 7.490115 397.002716 2939.943848 
19828.130859 43.465870 3.204933 348.921600 2918.711182 
19517.982422 57.174576 4.586413 362.995361 3905.342041 
25070.332031 44.551331 2.704196 425.351135 2595.421387 
22108.439453 35.867264 2.636144 358.886566 4029.769531 
22961.968750 72.578384 148.533340 438.550079 3786.218262 
25136.806641 44.593399 6.523082 373.905334 3533.074463 
26083.951172 32.233093 4.445385 407.778076 4250.646484 
25911.429688 46.045639 4.222644 408.654327 6963.846191 
22833.283203 73.806618 4.791830 305.887939 7151.043457 
21704.136719 59.909351 4.749799 317.708893 4448.564941 
19537.953125 52.351929 4.366435 337.276581 3012.526855 
21060.857422 61.251354 5.126946 405.531677 1861.170166 
23212.742188 174.373413 17.428413 360.857727 5604.964355 
24745.576172 69.715767 10.702856 352.607544 4979.873047 
25420.968750 50.229527 4.428516 337.209900 2309.533203 
21209.490234 38.367439 2.385643 369.663422 3529.305664 
20900.738281 44.746361 3.118645 286.999817 5094.094238 
19047.328125 66.866074 8.831254 328.757111 4682.103027 
23568.373047 50.944412 4.761116 310.950195 4990.517090 
18958.234375 65.079018 9.252666 391.265930 7121.791992 
22325.474609 61.451496 6.753077 385.901703 5435.598145 
25506.130859 92.492714 22.752386 354.317963 2952.234619 
19864.208984 69.448715 16.538790 442.361542 4883.874023 
25803.455078 49.144135 2.459337 373.864319 4635.114258 
26662.027344 44.548058 5.512938 354.910248 6929.933594 
21154.361328 72.854897 16.854160 387.193481 3818.434570 
24713.000000 47.544991 4.937531 368.311249 3474.244873 
16975.681641 85.965515 10.538453 345.120941 4515.556641 
23646.781250 40.548687 11.060589 378.511566 5839.286133 
27600.673828 53.973442 8.529136 343.134766 4345.810059 
25352.845703 81.006302 15.734506 312.726837 4866.384277 
18814.845703 70.260323 12.631927 261.620911 4196.995117 
21166.812500 50.387569 3.358005 456.046997 2565.701172 
23471.951172 47.260719 3.349038 347.241974 4321.110352 
23756.552734 109.417450 151.954971 483.864136 3001.035156 
25518.078125 60.774151 18.701445 377.543365 4170.680176 
23524.949219 93.429001 238.257111 217.528717 4924.493652 
17918.380859 42.115479 3.687642 283.451691 2925.160645 
18224.546875 86.241989 16.819048 289.879181 3133.226562 
25110.501953 50.006420 3.074577 368.682892 6791.941895 
24359.123047 87.542747 11.949549 332.744354 2940.180908 
23046.076172 44.128147 4.592631 350.777802 3228.993652 
24150.728516 53.257122 2.867486 402.017303 2867.339355 
23894.335938 73.960793 18.000618 313.492950 2898.185303 
23940.648438 69.842911 6.676368 261.872955 2906.975830 
21727.226562 77.025925 18.584650 357.151733 5039.574219 
27766.224609 53.010288 6.029213 391.530762 6133.354492 
27137.343750 56.108303 4.441906 349.277130 3302.931152 
24577.269531 47.997929 6.472219 386.100525 4505.659180 
22304.958984 63.700371 9.766878 289.840668 3846.536865 
23080.835938 54.573330 4.384518 306.478271 3781.193848 
24221.568359 61.574425 12.386672 324.932373 4636.896973 
23825.281250 39.055927 4.104115 361.159485 5068.703125 
21006.994141 107.899185 18.533369 398.951508 2951.869385 
24569.681641 80.134727 33.562939 285.466888 5663.892090 
24376.302734 87.468559 23.946163 282.307465 3755.474854 
19853.578125 42.876709 7.987846 319.337555 3539.391602 
25787.666016 37.022003 6.740771 392.177826 3565.749023 
23895.453125 37.176331 3.827659 334.045319 2444.647217 
24933.666016 34.454216 1.660056 427.269806 3754.366943 
23215.537109 81.408310 7.221181 312.434509 3489.895020 
24750.847656 55.905403 9.824353 421.161926 6058.258789 
24043.607422 74.507553 13.829529 329.738220 5557.066895 
19697.253906 64.851059 5.859792 305.597992 2184.055176 
22882.955078 72.556435 51.880764 329.303894 3879.049072 
18302.449219 86.720772 7.055305 397.737213 8117.753906 
23695.660156 64.049507 6.037228 355.013245 3024.028320 
23373.443359 54.413261 4.827456 323.384583 3123.234131 
25331.814453 61.601952 5.417136 387.934174 3498.239258 
26546.242188 52.464378 3.525867 328.406738 5082.052246 
16350.363281 61.887089 7.034309 366.984192 3752.593506 
22905.900391 57.249668 4.870648 364.497650 6606.010254 
21186.517578 33.234020 1.821808 330.666595 4472.334961 
21551.705078 109.003624 12.390341 386.313812 5683.718750 
24316.755859 56.685894 3.214795 356.223419 6101.995605 
24213.005859 53.898972 4.425148 393.072540 5343.476074 
22144.955078 52.604324 5.803593 349.655151 4646.977051 
25611.320312 60.434708 61.314960 403.333405 1751.915039 
24545.009766 48.430485 3.479327 406.362000 4218.807129 
21415.390625 50.027847 4.241107 314.562866 5915.303711 
25415.980469 116.132538 189.801956 396.522858 4336.581055 
23163.882812 61.877018 4.364169 369.984741 4743.160156 
14739.818359 51.318436 6.102213 388.617096 4100.163086 
21019.972656 43.172886 2.265198 318.238037 3944.630615 
23260.271484 67.566353 10.835835 391.754059 4867.351074 
20743.849609 53.725033 7.502884 329.254883 5818.477539 
30563.849609 51.559868 2.967088 475.471832 4981.249023 
18041.470703 75.512184 18.497122 339.109650 5094.177246 
24240.707031 39.752682 7.288855 401.979309 5522.952148 
23072.898438 47.853226 3.085074 233.646469 3154.512939 
21991.873047 51.791737 4.353605 407.421265 5106.184570 
23544.242188 44.777893 3.145789 429.820343 4027.837646 
19259.167969 47.402245 3.639126 287.346893 5165.677734 
22125.890625 39.851673 2.182198 385.631287 3537.032715 
20872.564453 86.139137 15.263135 293.332001 3528.491211 
21412.656250 47.588860 9.100764 275.198486 5513.752441 
20320.582031 83.071609 13.055876 314.845856 3381.810547 
19845.701172 68.387482 8.200336 357.848846 5275.908691 
25624.904297 44.949669 3.807210 365.422943 4986.298828 
23411.404297 42.390404 2.877473 310.150879 2373.905518 
22924.970703 75.312126 8.113705 285.350250 6017.563965 
23403.457031 53.728138 8.649565 318.461975 3972.447510 
22715.328125 85.407768 120.364952 374.856964 5942.927734 
22054.607422 58.876133 8.709256 263.642700 4731.612793 
20938.310547 52.370422 6.438632 314.465088 4373.268555 
22425.322266 40.964046 4.234126 277.670197 5516.348633 
21367.912109 70.957138 8.643237 323.433624 5486.141113 
23916.455078 62.674622 4.959939 308.171936 3621.774658 
25326.437500 46.029385 4.689929 363.677399 4562.825684 
25021.425781 55.984947 4.958717 263.038879 7245.820312 
21603.371094 63.682903 8.495134 367.780670 5157.321289 
27196.974609 49.063839 3.160644 393.478882 2433.764404 
25082.123047 50.673283 4.728325 366.745422 3877.054199 
25845.572266 64.145226 7.300070 379.045441 5574.585449 
24200.707031 179.990646 317.450836 356.751801 5098.092285 
23555.027344 77.539703 11.281391 354.143066 2853.889893 
21804.189453 44.499561 2.773305 362.446320 3833.252930 
28223.871094 63.601871 3.974116 397.773865 3794.831055 
24552.775391 114.958038 37.417572 328.301453 3396.553711 
23630.406250 69.914803 4.274220 292.322998 4304.340820 
19875.931641 53.139095 4.970404 337.186646 4769.394043 
24349.017578 121.058311 29.378824 272.481415 2624.593750 
22378.779297 66.763023 7.072342 332.468842 4471.866699 
20408.273438 46.519459 2.787541 370.561981 4948.645508 
23562.039062 40.673668 2.038940 457.459778 4080.724121 
24873.259766 49.010368 2.751364 414.718292 3247.322510 
23891.666016 60.280094 8.083570 338.288696 4268.455566 
23224.195312 68.669167 34.079170 319.451599 5198.761719 
19720.814453 43.543587 2.397242 314.924103 6344.977051 
23307.699219 89.939117 122.685745 424.136169 5451.235352 
23479.193359 59.297283 4.741749 322.528900 4759.599609 
21527.273438 74.432632 191.844406 215.657074 3626.100342 
23728.023438 44.507351 4.821625 345.031158 3865.588135 
20371.150391 71.581993 26.023911 349.436127 3880.703857 
24007.648438 33.472393 3.911325 356.589630 2919.575439 
23615.687500 52.459053 2.548154 381.440582 3913.971924 
26830.710938 57.396301 22.901814 302.605682 3457.497803 
22764.794922 65.394089 16.128319 331.679382 4484.778809 
19908.226562 53.026173 4.656577 355.749481 6893.893066 
23936.304688 41.084663 2.192637 357.495697 3297.867676 
15182.878906 54.168865 10.408265 313.342682 2892.004395 
25245.439453 48.212280 2.405965 353.308960 5715.474121 
21744.970703 40.383060 2.751281 372.125916 3660.899902 
25395.123047 58.970760 2.887511 337.070648 5150.312500 
25339.052734 58.172218 3.583605 404.711212 4169.224609 
23725.357422 56.210102 1.527783 353.113678 6843.267578 
21959.476562 57.097080 4.678976 301.719452 6193.673828 
29513.500000 60.726852 6.544743 344.271545 3050.507812 
17736.917969 79.388626 8.827504 322.898529 2967.460693 
25954.996094 37.168633 5.386930 360.872162 4421.658203 
24843.388672 45.213905 4.486161 375.432007 4251.345215 
23597.376953 93.668823 26.520689 342.403442 3444.138916 
20858.505859 47.760441 3.679319 271.707397 10365.980469 
22592.888672 53.926582 4.764297 331.209412 5612.511230 
26419.185547 58.268715 6.466934 391.606018 4664.366211 
23582.439453 75.546211 40.043602 361.227051 5782.854492 
25089.300781 46.007168 4.035807 339.445526 3766.492676 
26991.222656 48.525349 70.880409 292.315826 6171.015137 
23334.916016 46.757072 2.276041 341.530121 2918.823242 
25459.343750 53.336998 8.761521 359.116180 3665.347168 
21539.476562 73.756271 5.778196 315.972107 4198.069336 
24311.298828 129.088394 13.721163 397.520569 4491.842773 
23646.734375 47.725407 2.058089 341.795319 3674.603516 
18841.097656 54.063736 30.418421 373.457855 5432.278809 
23036.691406 41.249149 2.084088 265.393829 3460.262207 
23109.765625 45.254681 79.726631 462.286346 3673.276123 
20975.794922 81.877151 16.088234 342.208221 4958.803223 
22640.166016 63.229187 9.989149 342.168488 5415.990723 
25902.386719 41.380360 2.236953 392.114441 4185.975098 
23517.683594 39.428402 1.924912 459.539001 3352.418457 
22398.226562 46.394981 24.424103 331.692017 6493.585449 
20415.636719 31.974503 8.225690 346.168365 4493.113770 
17578.808594 46.566410 3.056819 351.990845 5438.394043 
20572.097656 63.656933 7.899230 358.536072 3092.407715 
20917.105469 163.879822 20.166590 386.036133 4858.736328 
19857.138672 72.041885 5.645553 425.764893 3763.441406 
17394.093750 56.126949 6.087542 376.621277 5502.356445 
19776.416016 52.982109 3.007405 316.948639 3715.875000 
21044.457031 40.407608 3.029165 274.523376 5474.985840 
19288.367188 47.109592 4.170291 316.443481 8234.828125 
20940.283203 49.569435 3.428267 369.121155 3757.301758 
17758.347656 34.617294 2.245791 335.132324 5403.150391 
16132.945312 33.152908 1.655792 332.822723 2192.621826 
16443.037109 136.253967 11.180975 352.835175 4522.145996 
19656.792969 47.444782 5.716513 330.302185 4834.919434 
19041.300781 39.676220 2.094714 372.487335 5159.339844 
18728.253906 48.486904 2.802087 364.737823 4019.727051 
18342.257812 47.526054 2.388182 359.951477 3602.254883 
15495.062500 59.757126 12.833951 318.484924 6144.407227 
17465.359375 78.636147 13.005568 358.372284 4031.819824 
15387.023438 39.200798 3.003232 375.654388 4868.475098 
18108.335938 36.403400 2.277626 398.576019 4719.456055 
15996.940430 44.080647 3.768661 383.018188 5732.141602 
14335.812500 69.564812 10.099545 392.210175 4570.366211 
16061.476562 37.842999 2.946025 354.017944 6442.330566 
15868.850586 60.913570 3.016386 347.189087 4953.722168 
17082.789062 35.380543 1.640764 362.782227 3572.022461 
15722.702148 35.154163 2.139620 331.593079 6758.683594 
17209.554688 35.892296 4.489917 342.301788 4416.687988 
17324.927734 70.204361 11.003362 334.357758 5308.807617 
16314.065430 41.290058 2.012191 343.419586 4402.562012 
16130.970703 47.437504 3.642863 340.945953 5926.308594 
18607.880859 38.450150 1.704333 388.401581 4624.120605 
14026.752930 26.812771 2.010568 296.502502 6200.666016 
15985.379883 48.049809 6.691865 341.716400 6700.589844 
16070.295898 56.869312 6.331299 386.178406 4081.175537 
16623.044922 40.474159 3.327838 404.763550 5503.418457 
18803.830078 39.142296 2.324072 332.300201 8360.268555 
14943.537109 39.495018 4.722242 321.547089 4027.579102 
17098.320312 93.113213 7.985155 298.919067 3274.721436 
15688.822266 66.177109 6.527169 262.250092 3441.487793 
15859.268555 54.310616 5.073958 328.332092 3103.876953 
15995.052734 48.057835 3.157342 367.141998 6821.380859 
16727.160156 68.754982 4.922644 396.543365 3900.908447 
17412.134766 33.830521 1.039863 373.744476 3865.997559 
18944.542969 76.976135 4.110908 394.207367 4559.457031 
17010.052734 29.302382 1.850610 349.542664 3401.416748 
15013.911133 49.524231 4.245351 264.515594 3485.942383 
18024.898438 49.993202 3.312895 404.127563 6032.721191 
16214.264648 47.843712 1.460206 326.194794 6527.003418 
17299.060547 45.477077 3.201828 409.549896 4799.841797 
18475.876953 47.717636 3.668399 346.167023 5724.287109 
17803.404297 34.299221 2.417425 374.884369 4298.064453 
14044.757812 51.837471 6.275644 311.760620 6832.446777 
17509.460938 41.139500 1.274357 343.398743 5248.876953 
16404.669922 42.072563 3.604589 303.850006 2867.600830 
18186.001953 41.303509 4.143598 312.531616 3448.039062 
17606.070312 57.099251 3.994123 320.979706 6949.671875 
18336.554688 40.605042 2.297424 378.634918 5455.145508 
16154.062500 67.143517 4.208157 312.663269 3905.704102 
16298.515625 69.488312 16.910135 333.247650 7694.478516 
17495.152344 46.106766 2.701718 310.020905 4376.660645 
16531.232422 41.416588 6.680790 345.542084 2433.910400 
18438.835938 54.078133 4.617857 344.968597 5575.116211 
18677.988281 47.472500 1.660832 304.684479 3639.370850 
14813.745117 25.006004 2.704255 334.335236 5625.299805 
19495.201172 51.631462 3.030602 394.226227 3456.074951 
14890.706055 47.918922 1.363928 370.829620 4599.676758 
18659.033203 53.465828 29.945765 483.083740 6134.959473 
15185.377930 32.891926 1.254186 376.793549 5799.844238 
15419.637695 78.811356 4.162750 279.963013 1731.749634 
