4137.221191 1261.727295 485.776764 535.825317 188.844131 
4079.537109 1463.024292 563.902039 462.448090 139.207825 
3527.553223 2030.572510 802.294617 832.951843 314.479980 
3948.756348 2080.799072 851.096008 573.307312 211.703674 
3840.961914 1337.857666 564.828796 225.519684 120.110817 
4022.822021 1434.670166 573.106567 298.185272 186.739136 
3805.870117 1365.759033 767.166748 293.179871 212.708588 
3662.832520 1722.886841 688.454224 391.045471 84.977913 
3993.448486 2369.465088 969.400330 653.949951 258.740387 
3636.582520 1650.977417 718.107971 349.995697 213.026306 
3951.736572 1280.396729 603.320129 379.709259 86.377068 
3626.135742 1302.516479 724.332031 399.092987 147.604050 
3460.769043 1353.768555 512.095337 243.159454 115.806526 
4182.703125 1158.213013 530.362854 291.526550 133.288422 
4183.732422 1740.496460 514.854492 315.024323 80.963181 
3907.435059 1523.493896 623.775635 389.795166 138.814148 
4989.755371 2011.843384 873.721985 315.225220 227.700226 
4898.010254 1534.132812 775.170105 431.600525 222.368164 
3536.763184 963.292664 598.230042 256.917816 118.402527 
3572.597168 2039.618164 786.203918 331.146454 170.274582 
