Episode: 1: [[0.2 0.2 0.2 0.2 0.2]] 
Episode: 2: [[0.19960019 0.19960584 0.19960232 0.19960116 0.19960062]] 
Episode: 3: [[0.19981605 0.19951695 0.1996675  0.19974525 0.19980557]] 
Episode: 4: [[0.19964251 0.19969976 0.19969521 0.19961947 0.19968405]] 
Episode: 5: [[0.19945529 0.19964765 0.19950444 0.19939852 0.19951074]] 
Episode: 6: [[0.19920191 0.199499   0.19923462 0.1991117  0.19925602]] 
Episode: 7: [[0.19891338 0.19926219 0.19894029 0.19879347 0.1989533 ]] 
Episode: 8: [[0.19889493 0.19900872 0.19882739 0.19878034 0.19896935]] 
Episode: 9: [[0.19891158 0.1987151  0.19862781 0.19867615 0.19893041]] 
Episode: 10: [[0.19892678 0.19840112 0.19838333 0.198549   0.19887948]] 
Episode: 11: [[0.19879772 0.19837227 0.1981394  0.19832836 0.19869591]] 
Episode: 12: [[0.19864959 0.19817816 0.19791454 0.19807057 0.19844508]] 
Episode: 13: [[0.19843417 0.19791831 0.19764853 0.19781144 0.19820338]] 
Episode: 14: [[0.19839734 0.19804399 0.19773602 0.19784014 0.19817534]] 
Episode: 15: [[0.1982231  0.1981663  0.19781058 0.19782938 0.1980293 ]] 
Episode: 16: [[0.19841088 0.19837168 0.19800997 0.19802277 0.198213  ]] 
Episode: 17: [[0.19866166 0.19855392 0.19810364 0.19811167 0.1982949 ]] 
Episode: 18: [[0.19896269 0.19881043 0.19831045 0.19831415 0.19850044]] 
Episode: 19: [[0.19924054 0.19905566 0.1985076  0.19850463 0.19869328]] 
Episode: 20: [[0.19950733 0.1993097  0.19869578 0.19866483 0.19882718]] 
Episode: 21: [[0.19982257 0.19957891 0.19889112 0.19882102 0.19900703]] 
Episode: 22: [[0.20016137 0.19988556 0.1991307  0.19903234 0.19924974]] 
Episode: 23: [[0.20036186 0.19984247 0.1990653  0.19896485 0.19922808]] 
Episode: 24: [[0.20056647 0.19985925 0.19907168 0.19897307 0.19926953]] 
Episode: 25: [[0.2007751  0.1999179  0.19912831 0.19903602 0.19936265]] 
Episode: 26: [[0.20095198 0.19989364 0.19911534 0.19903585 0.19940259]] 
Episode: 27: [[0.2010922  0.19992556 0.19913363 0.19902427 0.19937876]] 
Episode: 28: [[0.20122351 0.20000854 0.19922629 0.19909562 0.19941366]] 
Episode: 29: [[0.20133044 0.20003407 0.19930409 0.1991707  0.19941948]] 
Episode: 30: [[0.2014261  0.20007691 0.19940208 0.19926572 0.19944334]] 
Episode: 31: [[0.20149262 0.2001213  0.19950624 0.19935553 0.1994358 ]] 
Episode: 32: [[0.20151776 0.20016146 0.19958423 0.199403   0.19937801]] 
Episode: 33: [[0.20158255 0.20026718 0.19971885 0.19949952 0.19935614]] 
Episode: 34: [[0.20163743 0.20033142 0.19981281 0.19956899 0.19932705]] 
Episode: 35: [[0.20167528 0.20040378 0.19990188 0.1996255  0.19928107]] 
Episode: 36: [[0.2017545  0.20048065 0.19999363 0.19969621 0.19927076]] 
Episode: 37: [[0.20182663 0.20055953 0.2000807  0.19976169 0.1992607 ]] 
Episode: 38: [[0.20193802 0.2006413  0.20016944 0.19983451 0.19927518]] 
Episode: 39: [[0.20204654 0.20071547 0.20025122 0.19989993 0.19928789]] 
Episode: 40: [[0.20214322 0.20079276 0.20034045 0.19997722 0.19930947]] 
Episode: 41: [[0.2022727  0.20089109 0.20045274 0.20007797 0.19935873]] 
Episode: 42: [[0.20241429 0.2009968  0.2005723  0.20018938 0.19942892]] 
Episode: 43: [[0.20254324 0.20102015 0.20061223 0.20023072 0.19945203]] 
Episode: 44: [[0.20258798 0.20097099 0.20057534 0.20019017 0.19939278]] 
Episode: 45: [[0.20267317 0.20094328 0.20056584 0.2001897  0.1993808 ]] 
Episode: 46: [[0.2027705  0.2009172  0.20058283 0.20020682 0.19936056]] 
Episode: 47: [[0.20299417 0.20095089 0.2006575  0.20030767 0.19944939]] 
Episode: 48: [[0.20323372 0.20101085 0.20076247 0.20043807 0.19957067]] 
Episode: 49: [[0.2035703  0.2010666  0.20084383 0.20054738 0.19972792]] 
Episode: 50: [[0.20387816 0.20106368 0.20083714 0.20054945 0.19978416]] 
Episode: 51: [[0.20421384 0.20107362 0.2008565  0.20058623 0.19987336]] 
Episode: 52: [[0.20457107 0.20101367 0.20082526 0.200575   0.19989909]] 
Episode: 53: [[0.20492394 0.20099294 0.20083873 0.20061912 0.19999094]] 
Episode: 54: [[0.2051139  0.20107241 0.20091929 0.20073287 0.20017324]] 
Episode: 55: [[0.20535612 0.20116428 0.2010026  0.2008502  0.20037283]] 
Episode: 56: [[0.20531905 0.20111328 0.20094304 0.20080478 0.20040222]] 
Episode: 57: [[0.20526941 0.20109591 0.20092176 0.20078984 0.2004495 ]] 
Episode: 58: [[0.20532897 0.20117722 0.2009915  0.20087124 0.20058551]] 
Episode: 59: [[0.20544358 0.20133738 0.20113589 0.20101243 0.20076661]] 
Episode: 60: [[0.20563777 0.20152996 0.20130065 0.20118351 0.20100003]] 
Episode: 61: [[0.20589146 0.20168841 0.20143002 0.20130534 0.20118539]] 
Episode: 62: [[0.20616893 0.20183928 0.20152874 0.20138778 0.20135674]] 
Episode: 63: [[0.20645726 0.20200664 0.20163937 0.20148018 0.20154229]] 
Episode: 64: [[0.20671466 0.20219195 0.20178314 0.20160605 0.20174257]] 
Episode: 65: [[0.20698397 0.20241962 0.20197603 0.20178069 0.2019909 ]] 
Episode: 66: [[0.20735587 0.20271862 0.20223695 0.20202456 0.20231126]] 
Episode: 67: [[0.20780908 0.20304622 0.20251502 0.20227976 0.20263983]] 
Episode: 68: [[0.20797092 0.20326352 0.20271958 0.20246212 0.20286906]] 
Episode: 69: [[0.20790735 0.20311548 0.20276555 0.20256406 0.20299233]] 
Episode: 70: [[0.20770542 0.20291515 0.20275405 0.20264146 0.20309818]] 
Episode: 71: [[0.20766528 0.20282383 0.2028408  0.20279841 0.2032938 ]] 
Episode: 72: [[0.2077083  0.20281057 0.20300908 0.2030179  0.20353079]] 
Episode: 73: [[0.20775309 0.20278917 0.20310563 0.2031358  0.20368955]] 
Episode: 74: [[0.20779677 0.20272923 0.20312905 0.20321739 0.20384775]] 
Episode: 75: [[0.20791306 0.20270206 0.20318435 0.20334727 0.20406616]] 
Episode: 76: [[0.20801078 0.20265962 0.20320383 0.20343278 0.20423658]] 
Episode: 77: [[0.2081602  0.20269114 0.20333374 0.20360716 0.20445709]] 
Episode: 78: [[0.20820795 0.20265055 0.20337656 0.2037044  0.20462082]] 
Episode: 79: [[0.20827833 0.20270936 0.2035369  0.2039044  0.20485342]] 
Episode: 80: [[0.20841959 0.20280714 0.20377062 0.20422187 0.2052126 ]] 
Episode: 81: [[0.2086422  0.2029622  0.20404966 0.20458654 0.20563073]] 
Episode: 82: [[0.20893179 0.2031661  0.20437779 0.20498458 0.20607352]] 
Episode: 83: [[0.20904656 0.20322134 0.2045443  0.20524022 0.20636377]] 
Episode: 84: [[0.20915543 0.20326053 0.20468628 0.20548622 0.20665765]] 
Episode: 85: [[0.20931685 0.2033654  0.20489727 0.2057804  0.20698504]] 
Episode: 86: [[0.20948453 0.2034581  0.20508786 0.20606564 0.20730989]] 
Episode: 87: [[0.20965116 0.20349865 0.20520444 0.20630156 0.2076225 ]] 
Episode: 88: [[0.20990992 0.20363979 0.20544754 0.20664926 0.20802617]] 
Episode: 89: [[0.21013741 0.20379198 0.20569623 0.206965   0.20836844]] 
Episode: 90: [[0.21022427 0.20392153 0.20586538 0.20718424 0.2086348 ]] 
Episode: 91: [[0.21045358 0.20414905 0.20615037 0.20751524 0.20900016]] 
Episode: 92: [[0.21063298 0.2043276  0.20636408 0.20781069 0.20934837]] 
Episode: 93: [[0.21085893 0.20452294 0.20659386 0.20810969 0.20969774]] 
Episode: 94: [[0.21127321 0.20491065 0.20701031 0.20856833 0.2101863 ]] 
Episode: 95: [[0.21172741 0.20535749 0.20746337 0.20905638 0.21070479]] 
Episode: 96: [[0.21223995 0.20584366 0.20797321 0.20958698 0.21124849]] 
Episode: 97: [[0.21273698 0.20629977 0.2083928  0.21000555 0.21167897]] 
Episode: 98: [[0.2123527  0.20591824 0.20800886 0.20962173 0.21129547]] 
Episode: 99: [[0.21205819 0.20582163 0.20768446 0.20928946 0.21098122]] 
Episode: 100: [[0.21179003 0.2057311  0.20739023 0.20898783 0.21069506]] 
Episode: 101: [[0.2115474  0.20564917 0.20712402 0.20871493 0.21043615]] 
Episode: 102: [[0.2113277  0.20557334 0.20688301 0.20846789 0.2102017 ]] 
Episode: 103: [[0.21112895 0.2055048  0.206665   0.20824441 0.2099896 ]] 
Episode: 104: [[0.21094918 0.20544288 0.20646778 0.20804226 0.20979777]] 
Episode: 105: [[0.21078657 0.20538689 0.20628938 0.20785941 0.20962425]] 
Episode: 106: [[0.21063948 0.20533626 0.20612802 0.20769401 0.20946729]] 
Episode: 107: [[0.21050644 0.20529048 0.20598206 0.2075444  0.20932533]] 
Episode: 108: [[0.21038611 0.20524907 0.20585005 0.20740908 0.20919693]] 
Episode: 109: [[0.21027729 0.20521161 0.20573066 0.2072867  0.2090808 ]] 
Episode: 110: [[0.21017888 0.20517778 0.20562269 0.20717603 0.2089758 ]] 
Episode: 111: [[0.21008988 0.20514718 0.20552504 0.20707594 0.20888084]] 
Episode: 112: [[0.2100094  0.2051195  0.20543674 0.20698543 0.20879497]] 
Episode: 113: [[0.20993662 0.20509449 0.2053569  0.20690359 0.20871732]] 
Episode: 114: [[0.20987082 0.20507187 0.2052847  0.2068296  0.2086471 ]] 
Episode: 115: [[0.20981131 0.2050514  0.20521942 0.20676267 0.20858361]] 
Episode: 116: [[0.20975752 0.20503291 0.2051604  0.20670217 0.20852621]] 
Episode: 117: [[0.20970888 0.2050162  0.20510703 0.20664747 0.20847431]] 
Episode: 118: [[0.20966491 0.20500109 0.20505878 0.20659801 0.20842738]] 
Episode: 119: [[0.20962515 0.20498744 0.20501517 0.20655331 0.20838498]] 
Episode: 120: [[0.20958921 0.2049751  0.20497574 0.2065129  0.20834664]] 
Episode: 121: [[0.20955673 0.20496394 0.2049401  0.20647636 0.20831198]] 
Episode: 122: [[0.20952736 0.20495385 0.20490788 0.20644334 0.20828064]] 
Episode: 123: [[0.2095008  0.20494473 0.20487875 0.20641348 0.20825231]] 
Episode: 124: [[0.20947681 0.20493649 0.20485242 0.20638649 0.20822671]] 
Episode: 125: [[0.20945512 0.20492904 0.20482862 0.2063621  0.20820357]] 
Episode: 126: [[0.20943551 0.2049223  0.2048071  0.20634006 0.20818266]] 
Episode: 127: [[0.20941779 0.20491622 0.20478766 0.20632014 0.20816377]] 
Episode: 128: [[0.20940177 0.20491073 0.20477009 0.20630212 0.20814669]] 
Episode: 129: [[0.2093873  0.20490575 0.2047542  0.20628585 0.20813125]] 
Episode: 130: [[0.20937422 0.20490125 0.20473985 0.20627114 0.2081173 ]] 
Episode: 131: [[0.2093624  0.20489718 0.20472689 0.20625785 0.2081047 ]] 
Episode: 132: [[0.20935172 0.20489351 0.20471516 0.20624584 0.20809332]] 
Episode: 133: [[0.20934206 0.20489019 0.20470457 0.20623499 0.20808302]] 
Episode: 134: [[0.20933335 0.2048872  0.204695   0.20622519 0.20807372]] 
Episode: 135: [[0.20932546 0.20488448 0.20468636 0.20621632 0.20806532]] 
Episode: 136: [[0.20931834 0.20488204 0.20467855 0.20620832 0.20805772]] 
Episode: 137: [[0.2093119  0.20487982 0.20467149 0.20620109 0.20805086]] 
Episode: 138: [[0.20930609 0.20487782 0.20466511 0.20619455 0.20804466]] 
Episode: 139: [[0.20930085 0.20487602 0.20465934 0.20618865 0.20803906]] 
Episode: 140: [[0.2092961  0.2048744  0.20465414 0.20618331 0.20803401]] 
Episode: 141: [[0.20929182 0.20487294 0.20464943 0.2061785  0.20802945]] 
Episode: 142: [[0.20928794 0.20487161 0.20464519 0.20617415 0.20802532]] 
Episode: 143: [[0.20928444 0.20487042 0.20464134 0.20617022 0.2080216 ]] 
Episode: 144: [[0.20928128 0.20486934 0.20463787 0.20616667 0.20801823]] 
Episode: 145: [[0.20927843 0.20486838 0.20463474 0.20616347 0.20801519]] 
Episode: 146: [[0.20927586 0.2048675  0.20463191 0.20616058 0.20801245]] 
Episode: 147: [[0.20927353 0.2048667  0.20462936 0.20615795 0.20800997]] 
Episode: 148: [[0.20927143 0.20486599 0.20462705 0.20615558 0.20800774]] 
Episode: 149: [[0.20926954 0.20486534 0.20462497 0.20615345 0.20800571]] 
Episode: 150: [[0.20926782 0.20486474 0.20462309 0.20615153 0.2080039 ]] 
Episode: 151: [[0.20926628 0.20486422 0.20462139 0.20614979 0.20800224]] 
Episode: 152: [[0.20926487 0.20486373 0.20461985 0.2061482  0.20800075]] 
Episode: 153: [[0.20926361 0.20486328 0.20461847 0.20614679 0.20799941]] 
Episode: 154: [[0.20926246 0.20486288 0.20461722 0.20614551 0.20799819]] 
Episode: 155: [[0.20926143 0.20486252 0.20461608 0.20614435 0.20799708]] 
Episode: 156: [[0.2092605  0.20486219 0.20461506 0.2061433  0.20799609]] 
Episode: 157: [[0.20925964 0.2048619  0.20461413 0.20614237 0.20799519]] 
Episode: 158: [[0.20925888 0.20486163 0.2046133  0.20614152 0.20799439]] 
Episode: 159: [[0.2092582  0.20486139 0.20461254 0.20614074 0.20799366]] 
Episode: 160: [[0.20925757 0.20486116 0.20461185 0.20614004 0.207993  ]] 
Episode: 161: [[0.209257   0.20486097 0.20461124 0.20613942 0.2079924 ]] 
Episode: 162: [[0.2092565  0.20486079 0.20461069 0.20613885 0.20799187]] 
Episode: 163: [[0.20925604 0.20486063 0.20461018 0.20613834 0.20799139]] 
Episode: 164: [[0.20925562 0.20486048 0.20460974 0.20613788 0.20799096]] 
Episode: 165: [[0.20925525 0.20486036 0.20460933 0.20613746 0.20799057]] 
Episode: 166: [[0.2092549  0.20486024 0.20460896 0.20613709 0.20799021]] 
Episode: 167: [[0.20925461 0.20486014 0.20460863 0.20613675 0.20798989]] 
Episode: 168: [[0.20925434 0.20486005 0.20460834 0.20613644 0.2079896 ]] 
Episode: 169: [[0.20925409 0.20485996 0.20460807 0.20613615 0.20798935]] 
Episode: 170: [[0.20925386 0.20485988 0.20460783 0.2061359  0.20798911]] 
Episode: 171: [[0.20925367 0.20485982 0.2046076  0.20613568 0.2079889 ]] 
Episode: 172: [[0.20925349 0.20485976 0.20460741 0.20613547 0.20798871]] 
Episode: 173: [[0.20925333 0.20485972 0.20460723 0.20613529 0.20798855]] 
Episode: 174: [[0.20925318 0.20485967 0.20460707 0.20613512 0.2079884 ]] 
Episode: 175: [[0.20925304 0.20485963 0.20460692 0.20613497 0.20798826]] 
Episode: 176: [[0.20925292 0.2048596  0.20460679 0.20613484 0.20798814]] 
Episode: 177: [[0.20925282 0.20485957 0.20460667 0.20613472 0.20798804]] 
Episode: 178: [[0.20925272 0.20485954 0.20460656 0.20613462 0.20798793]] 
Episode: 179: [[0.20925263 0.20485951 0.20460647 0.20613451 0.20798784]] 
Episode: 180: [[0.20925255 0.20485948 0.20460638 0.20613442 0.20798777]] 
Episode: 181: [[0.20925248 0.20485945 0.20460631 0.20613435 0.2079877 ]] 
Episode: 182: [[0.20925242 0.20485944 0.20460624 0.20613427 0.20798764]] 
Episode: 183: [[0.20925236 0.20485942 0.20460618 0.20613421 0.20798758]] 
Episode: 184: [[0.20925231 0.2048594  0.20460612 0.20613416 0.20798753]] 
Episode: 185: [[0.20925227 0.20485939 0.20460607 0.20613411 0.20798749]] 
Episode: 186: [[0.20925222 0.20485938 0.20460603 0.20613407 0.20798744]] 
Episode: 187: [[0.20925218 0.20485936 0.20460598 0.20613402 0.20798741]] 
Episode: 188: [[0.20925215 0.20485935 0.20460595 0.20613399 0.20798738]] 
Episode: 189: [[0.20925212 0.20485933 0.20460592 0.20613396 0.20798735]] 
Episode: 190: [[0.20925209 0.20485933 0.20460589 0.20613393 0.20798732]] 
Episode: 191: [[0.20925206 0.20485933 0.20460586 0.2061339  0.2079873 ]] 
Episode: 192: [[0.20925204 0.20485933 0.20460583 0.20613387 0.20798728]] 
Episode: 193: [[0.20925203 0.20485933 0.20460582 0.20613386 0.20798726]] 
Episode: 194: [[0.20925201 0.20485933 0.2046058  0.20613384 0.20798725]] 
Episode: 195: [[0.209252   0.20485933 0.20460579 0.20613383 0.20798723]] 
Episode: 196: [[0.20925198 0.20485933 0.20460577 0.20613381 0.20798722]] 
Episode: 197: [[0.20925197 0.20485933 0.20460576 0.2061338  0.20798722]] 
Episode: 198: [[0.20925196 0.20485935 0.20460574 0.20613378 0.20798722]] 
Episode: 199: [[0.20925194 0.20485936 0.20460573 0.20613377 0.20798722]] 
Episode: 200: [[0.20925193 0.20485938 0.20460571 0.20613377 0.20798722]] 
Episode: 201: [[0.20925193 0.20485939 0.20460571 0.20613377 0.20798722]] 
Episode: 202: [[0.20925193 0.2048594  0.20460571 0.20613377 0.20798722]] 
Episode: 203: [[0.20925193 0.20485942 0.20460571 0.20613377 0.20798722]] 
Episode: 204: [[0.20925193 0.20485944 0.20460571 0.20613377 0.20798722]] 
Episode: 205: [[0.20925193 0.20485945 0.20460571 0.20613377 0.20798722]] 
Episode: 206: [[0.20925193 0.20485947 0.20460571 0.20613377 0.20798722]] 
Episode: 207: [[0.20925193 0.20485948 0.20460571 0.20613377 0.20798722]] 
Episode: 208: [[0.20925193 0.2048595  0.20460571 0.20613377 0.20798722]] 
Episode: 209: [[0.20925193 0.20485951 0.20460571 0.20613377 0.20798722]] 
Episode: 210: [[0.20925193 0.20485952 0.20460571 0.20613377 0.20798722]] 
Episode: 211: [[0.20925193 0.20485954 0.20460571 0.20613377 0.20798722]] 
Episode: 212: [[0.20925193 0.20485955 0.20460571 0.20613377 0.20798722]] 
Episode: 213: [[0.20925193 0.20485957 0.20460571 0.20613377 0.20798722]] 
Episode: 214: [[0.20925193 0.20485958 0.20460571 0.20613377 0.20798723]] 
Episode: 215: [[0.20925193 0.2048596  0.20460571 0.20613377 0.20798725]] 
Episode: 216: [[0.20925193 0.2048596  0.20460571 0.20613377 0.20798725]] 
Episode: 217: [[0.20925193 0.2048596  0.20460571 0.20613377 0.20798725]] 
Episode: 218: [[0.20925193 0.2048596  0.20460571 0.20613377 0.20798725]] 
Episode: 219: [[0.20925193 0.2048596  0.20460571 0.20613377 0.20798725]] 
Episode: 220: [[0.20925193 0.2048596  0.20460571 0.20613377 0.20798725]] 
Episode: 221: [[0.20925193 0.2048596  0.20460571 0.20613377 0.20798725]] 
Episode: 222: [[0.20925193 0.2048596  0.20460571 0.20613377 0.20798725]] 
Episode: 223: [[0.20925193 0.2048596  0.20460571 0.20613377 0.20798725]] 
Episode: 224: [[0.20925193 0.2048596  0.20460571 0.20613377 0.20798725]] 
Episode: 225: [[0.20925193 0.2048596  0.20460571 0.20613377 0.20798725]] 
Episode: 226: [[0.20925193 0.2048596  0.20460571 0.20613377 0.20798725]] 
Episode: 227: [[0.20925193 0.20485961 0.20460571 0.20613377 0.20798725]] 
Episode: 228: [[0.20925193 0.20485963 0.20460571 0.20613377 0.20798725]] 
Episode: 229: [[0.20925193 0.20485964 0.20460571 0.20613377 0.20798725]] 
Episode: 230: [[0.20925193 0.20485966 0.20460571 0.20613377 0.20798725]] 
Episode: 231: [[0.20925193 0.20485967 0.20460571 0.20613377 0.20798725]] 
Episode: 232: [[0.20925193 0.20485969 0.20460571 0.20613377 0.20798726]] 
Episode: 233: [[0.20925193 0.20485969 0.20460571 0.20613377 0.20798726]] 
Episode: 234: [[0.20925193 0.20485969 0.20460571 0.20613377 0.20798726]] 
Episode: 235: [[0.20925193 0.20485969 0.20460571 0.20613377 0.20798726]] 
Episode: 236: [[0.20925193 0.20485969 0.20460571 0.20613377 0.20798726]] 
Episode: 237: [[0.20925193 0.20485969 0.20460571 0.20613377 0.20798726]] 
Episode: 238: [[0.20925193 0.20485969 0.20460571 0.20613377 0.20798726]] 
Episode: 239: [[0.20925193 0.20485969 0.20460571 0.20613377 0.20798726]] 
Episode: 240: [[0.20925193 0.20485969 0.20460571 0.20613377 0.20798726]] 
Episode: 241: [[0.20925193 0.20485969 0.20460571 0.20613377 0.20798728]] 
Episode: 242: [[0.20925193 0.20485969 0.20460571 0.20613377 0.2079873 ]] 
Episode: 243: [[0.20925193 0.20485969 0.20460571 0.20613377 0.20798731]] 
Episode: 244: [[0.20925193 0.20485969 0.20460571 0.20613377 0.20798732]] 
Episode: 245: [[0.20925193 0.20485969 0.20460571 0.20613377 0.20798734]] 
Episode: 246: [[0.20925193 0.20485969 0.20460571 0.20613377 0.20798735]] 
Episode: 247: [[0.20925193 0.20485969 0.20460571 0.20613377 0.20798737]] 
Episode: 248: [[0.20925193 0.20485969 0.20460571 0.20613377 0.20798738]] 
Episode: 249: [[0.20925193 0.20485969 0.20460571 0.20613377 0.2079874 ]] 
Episode: 250: [[0.20925193 0.20485969 0.20460571 0.20613377 0.20798741]] 
Episode: 251: [[0.20925193 0.2048597  0.20460571 0.20613377 0.20798743]] 
Episode: 252: [[0.20925193 0.20485972 0.20460571 0.20613377 0.20798744]] 
Episode: 253: [[0.20925193 0.20485973 0.20460571 0.20613377 0.20798746]] 
Episode: 254: [[0.20925193 0.20485975 0.20460571 0.20613377 0.20798747]] 
Episode: 255: [[0.20925193 0.20485976 0.20460571 0.20613377 0.20798749]] 
Episode: 256: [[0.20925193 0.20485978 0.20460571 0.20613377 0.2079875 ]] 
Episode: 257: [[0.20925193 0.20485978 0.20460571 0.20613377 0.20798752]] 
Episode: 258: [[0.20925193 0.20485978 0.20460571 0.20613377 0.20798753]] 
Episode: 259: [[0.20925193 0.20485978 0.20460571 0.20613377 0.20798755]] 
Episode: 260: [[0.20925193 0.20485978 0.20460571 0.20613377 0.20798756]] 
Episode: 261: [[0.20925193 0.20485978 0.20460571 0.20613377 0.20798756]] 
Episode: 262: [[0.20925193 0.20485978 0.20460571 0.20613377 0.20798756]] 
Episode: 263: [[0.20925193 0.20485978 0.20460571 0.20613377 0.20798756]] 
Episode: 264: [[0.20925193 0.20485978 0.20460571 0.20613377 0.20798756]] 
Episode: 265: [[0.20925193 0.20485978 0.20460571 0.20613377 0.20798756]] 
Episode: 266: [[0.20925193 0.20485978 0.20460571 0.20613377 0.20798756]] 
Episode: 267: [[0.20925193 0.20485978 0.20460571 0.20613377 0.20798756]] 
Episode: 268: [[0.20925193 0.20485978 0.20460571 0.20613377 0.20798756]] 
Episode: 269: [[0.20925193 0.20485978 0.20460571 0.20613377 0.20798756]] 
Episode: 270: [[0.20925193 0.2048598  0.20460571 0.20613377 0.20798758]] 
Episode: 271: [[0.20925193 0.20485981 0.20460571 0.20613377 0.20798759]] 
Episode: 272: [[0.20925193 0.20485982 0.20460571 0.20613377 0.2079876 ]] 
Episode: 273: [[0.20925193 0.20485984 0.20460571 0.20613377 0.20798762]] 
Episode: 274: [[0.20925193 0.20485984 0.20460571 0.20613377 0.20798764]] 
Episode: 275: [[0.20925193 0.20485985 0.20460571 0.20613377 0.20798765]] 
Episode: 276: [[0.20925193 0.20485985 0.20460571 0.20613377 0.20798767]] 
Episode: 277: [[0.20925193 0.20485985 0.20460571 0.20613377 0.20798768]] 
Episode: 278: [[0.20925193 0.20485987 0.20460571 0.20613377 0.2079877 ]] 
Episode: 279: [[0.20925193 0.20485987 0.20460571 0.20613377 0.20798771]] 
Episode: 280: [[0.20925193 0.20485988 0.20460571 0.20613377 0.20798773]] 
Episode: 281: [[0.20925193 0.2048599  0.20460571 0.20613377 0.20798774]] 
Episode: 282: [[0.20925193 0.20485991 0.20460571 0.20613377 0.20798776]] 
Episode: 283: [[0.20925193 0.20485993 0.20460571 0.20613377 0.20798777]] 
Episode: 284: [[0.20925193 0.20485993 0.20460571 0.20613377 0.20798779]] 
Episode: 285: [[0.20925193 0.20485993 0.20460571 0.20613377 0.2079878 ]] 
Episode: 286: [[0.20925193 0.20485993 0.20460571 0.20613377 0.20798782]] 
Episode: 287: [[0.20925193 0.20485993 0.20460571 0.20613377 0.20798783]] 
Episode: 288: [[0.20925193 0.20485994 0.20460571 0.20613378 0.20798784]] 
Episode: 289: [[0.20925193 0.20485994 0.20460571 0.20613378 0.20798786]] 
Episode: 290: [[0.20925193 0.20485996 0.20460571 0.20613378 0.20798787]] 
Episode: 291: [[0.20925193 0.20485997 0.20460571 0.20613378 0.20798789]] 
Episode: 292: [[0.20925193 0.20485999 0.20460571 0.2061338  0.2079879 ]] 
Episode: 293: [[0.20925193 0.20486    0.20460571 0.20613381 0.20798792]] 
Episode: 294: [[0.20925193 0.20486002 0.20460571 0.20613381 0.20798793]] 
Episode: 295: [[0.20925193 0.20486003 0.20460571 0.20613381 0.20798795]] 
Episode: 296: [[0.20925193 0.20486005 0.20460571 0.20613381 0.20798796]] 
Episode: 297: [[0.20925193 0.20486006 0.20460571 0.20613381 0.20798798]] 
Episode: 298: [[0.20925193 0.20486006 0.20460571 0.20613381 0.207988  ]] 
Episode: 299: [[0.20925193 0.20486006 0.20460571 0.20613381 0.20798801]] 
Episode: 300: [[0.20925193 0.20486008 0.20460571 0.20613381 0.20798802]] 
Episode: 301: [[0.20925193 0.20486008 0.20460571 0.20613381 0.20798804]] 
Episode: 302: [[0.20925193 0.20486008 0.20460571 0.20613381 0.20798805]] 
Episode: 303: [[0.20925193 0.20486008 0.20460571 0.20613381 0.20798807]] 
Episode: 304: [[0.20925193 0.20486009 0.20460571 0.20613381 0.20798808]] 
Episode: 305: [[0.20925193 0.2048601  0.20460571 0.20613381 0.2079881 ]] 
Episode: 306: [[0.20925193 0.20486012 0.20460571 0.20613381 0.20798811]] 
Episode: 307: [[0.20925193 0.20486014 0.20460571 0.20613381 0.20798813]] 
Episode: 308: [[0.20925193 0.20486015 0.20460571 0.20613381 0.20798814]] 
Episode: 309: [[0.20925193 0.20486017 0.20460571 0.20613381 0.20798816]] 
Episode: 310: [[0.20925193 0.2048602  0.20460571 0.20613381 0.20798817]] 
Episode: 311: [[0.20925193 0.20486023 0.20460571 0.20613381 0.20798819]] 
Episode: 312: [[0.20925193 0.20486026 0.20460571 0.20613381 0.2079882 ]] 
Episode: 313: [[0.20925193 0.20486027 0.20460571 0.20613381 0.20798822]] 
Episode: 314: [[0.20925193 0.2048603  0.20460571 0.20613381 0.20798823]] 
Episode: 315: [[0.20925193 0.20486033 0.20460571 0.20613381 0.20798825]] 
Episode: 316: [[0.20925193 0.20486036 0.20460571 0.20613381 0.20798826]] 
Episode: 317: [[0.20925193 0.20486039 0.20460571 0.20613381 0.20798828]] 
Episode: 318: [[0.20925193 0.2048604  0.20460571 0.20613381 0.20798828]] 
Episode: 319: [[0.20925193 0.20486042 0.20460571 0.20613381 0.20798828]] 
Episode: 320: [[0.20925193 0.20486043 0.20460571 0.20613381 0.20798828]] 
Episode: 321: [[0.20925193 0.20486045 0.20460571 0.20613381 0.20798828]] 
Episode: 322: [[0.20925193 0.20486046 0.20460571 0.20613381 0.20798828]] 
Episode: 323: [[0.20925193 0.20486048 0.20460571 0.20613381 0.20798828]] 
Episode: 324: [[0.20925193 0.2048605  0.20460571 0.20613381 0.20798829]] 
Episode: 325: [[0.20925193 0.20486051 0.20460571 0.20613381 0.2079883 ]] 
Episode: 326: [[0.20925193 0.20486054 0.20460571 0.20613381 0.20798832]] 
Episode: 327: [[0.20925193 0.20486057 0.20460571 0.20613381 0.20798834]] 
Episode: 328: [[0.20925193 0.20486058 0.20460571 0.20613381 0.20798835]] 
Episode: 329: [[0.20925193 0.2048606  0.20460571 0.20613381 0.20798837]] 
Episode: 330: [[0.20925193 0.20486061 0.20460571 0.20613381 0.20798838]] 
Episode: 331: [[0.20925193 0.20486063 0.20460571 0.20613381 0.2079884 ]] 
Episode: 332: [[0.20925193 0.20486066 0.20460571 0.20613381 0.20798841]] 
Episode: 333: [[0.20925193 0.20486069 0.20460571 0.20613381 0.20798843]] 
Episode: 334: [[0.20925194 0.20486073 0.20460573 0.20613383 0.20798846]] 
Episode: 335: [[0.20925196 0.20486078 0.20460574 0.20613384 0.20798849]] 
Episode: 336: [[0.20925197 0.20486082 0.20460576 0.20613386 0.2079885 ]] 
Episode: 337: [[0.20925198 0.20486087 0.20460577 0.20613387 0.20798852]] 
Episode: 338: [[0.209252   0.2048609  0.20460577 0.20613389 0.20798853]] 
Episode: 339: [[0.20925201 0.20486093 0.20460577 0.2061339  0.20798855]] 
Episode: 340: [[0.20925203 0.20486096 0.20460577 0.2061339  0.20798856]] 
Episode: 341: [[0.20925204 0.20486099 0.20460577 0.2061339  0.20798858]] 
Episode: 342: [[0.20925206 0.20486102 0.20460577 0.2061339  0.20798859]] 
Episode: 343: [[0.20925207 0.20486104 0.20460577 0.20613392 0.2079886 ]] 
Episode: 344: [[0.20925209 0.20486107 0.20460577 0.20613393 0.20798862]] 
Episode: 345: [[0.20925209 0.2048611  0.20460577 0.20613393 0.20798863]] 
Episode: 346: [[0.2092521  0.20486113 0.20460577 0.20613395 0.20798865]] 
Episode: 347: [[0.2092521  0.20486116 0.20460577 0.20613396 0.20798866]] 
Episode: 348: [[0.20925212 0.2048612  0.20460577 0.20613398 0.20798868]] 
Episode: 349: [[0.20925212 0.20486122 0.20460577 0.20613399 0.2079887 ]] 
Episode: 350: [[0.20925212 0.20486125 0.20460577 0.206134   0.20798871]] 
Episode: 351: [[0.20925212 0.20486127 0.20460577 0.20613402 0.20798872]] 
Episode: 352: [[0.20925212 0.20486128 0.20460577 0.20613402 0.20798874]] 
Episode: 353: [[0.20925212 0.2048613  0.20460577 0.20613404 0.20798875]] 
Episode: 354: [[0.20925212 0.20486131 0.20460577 0.20613404 0.20798877]] 
Episode: 355: [[0.20925212 0.20486133 0.20460577 0.20613404 0.20798878]] 
Episode: 356: [[0.20925212 0.20486134 0.20460577 0.20613405 0.2079888 ]] 
Episode: 357: [[0.20925212 0.20486136 0.20460577 0.20613405 0.20798881]] 
Episode: 358: [[0.20925212 0.20486139 0.20460577 0.20613407 0.20798883]] 
Episode: 359: [[0.20925212 0.2048614  0.20460577 0.20613407 0.20798884]] 
Episode: 360: [[0.20925212 0.20486143 0.20460577 0.20613407 0.20798886]] 
Episode: 361: [[0.20925212 0.20486146 0.20460577 0.20613408 0.20798887]] 
Episode: 362: [[0.20925212 0.20486149 0.20460577 0.2061341  0.20798889]] 
Episode: 363: [[0.20925212 0.20486152 0.20460577 0.2061341  0.2079889 ]] 
Episode: 364: [[0.20925212 0.20486155 0.20460577 0.2061341  0.20798892]] 
Episode: 365: [[0.20925212 0.20486158 0.20460577 0.2061341  0.20798893]] 
Episode: 366: [[0.20925212 0.2048616  0.20460577 0.20613411 0.20798895]] 
Episode: 367: [[0.20925212 0.20486161 0.20460577 0.20613411 0.20798896]] 
Episode: 368: [[0.20925212 0.20486163 0.20460577 0.20613411 0.20798898]] 
Episode: 369: [[0.20925212 0.20486164 0.20460577 0.20613411 0.20798899]] 
Episode: 370: [[0.20925212 0.20486166 0.20460577 0.20613411 0.207989  ]] 
Episode: 371: [[0.20925212 0.20486167 0.20460577 0.20613411 0.20798902]] 
Episode: 372: [[0.20925212 0.20486169 0.20460577 0.20613411 0.20798904]] 
Episode: 373: [[0.20925212 0.2048617  0.20460577 0.20613411 0.20798905]] 
Episode: 374: [[0.20925212 0.20486172 0.20460577 0.20613411 0.20798907]] 
Episode: 375: [[0.20925212 0.20486172 0.20460577 0.20613411 0.20798908]] 
Episode: 376: [[0.20925212 0.20486172 0.20460577 0.20613411 0.2079891 ]] 
Episode: 377: [[0.20925212 0.20486172 0.20460577 0.20613411 0.2079891 ]] 
Episode: 378: [[0.20925212 0.20486172 0.20460577 0.20613411 0.2079891 ]] 
Episode: 379: [[0.20925212 0.20486172 0.20460577 0.20613411 0.2079891 ]] 
Episode: 380: [[0.20925212 0.2048617  0.20460577 0.20613411 0.2079891 ]] 
Episode: 381: [[0.20925212 0.2048617  0.20460577 0.20613411 0.20798911]] 
Episode: 382: [[0.20925212 0.2048617  0.20460577 0.20613411 0.20798913]] 
Episode: 383: [[0.20925212 0.20486172 0.20460577 0.20613411 0.20798914]] 
Episode: 384: [[0.20925212 0.20486173 0.20460577 0.20613413 0.20798916]] 
Episode: 385: [[0.20925212 0.20486175 0.20460577 0.20613413 0.20798917]] 
Episode: 386: [[0.20925212 0.20486176 0.20460577 0.20613413 0.20798919]] 
Episode: 387: [[0.20925212 0.20486178 0.20460577 0.20613413 0.2079892 ]] 
Episode: 388: [[0.20925212 0.20486179 0.20460577 0.20613413 0.20798922]] 
Episode: 389: [[0.20925212 0.20486179 0.20460577 0.20613413 0.20798923]] 
Episode: 390: [[0.20925212 0.20486179 0.20460577 0.20613413 0.20798925]] 
Episode: 391: [[0.20925212 0.2048618  0.20460577 0.20613413 0.20798926]] 
Episode: 392: [[0.20925212 0.20486182 0.20460577 0.20613413 0.20798928]] 
Episode: 393: [[0.20925212 0.20486183 0.20460577 0.20613413 0.20798929]] 
Episode: 394: [[0.20925212 0.20486183 0.20460577 0.20613413 0.2079893 ]] 
Episode: 395: [[0.20925212 0.20486185 0.20460577 0.20613413 0.20798932]] 
Episode: 396: [[0.20925212 0.20486186 0.20460577 0.20613413 0.20798934]] 
Episode: 397: [[0.20925212 0.20486188 0.20460577 0.20613413 0.20798935]] 
Episode: 398: [[0.20925212 0.2048619  0.20460577 0.20613413 0.20798936]] 
Episode: 399: [[0.20925212 0.20486191 0.20460577 0.20613413 0.20798938]] 
Episode: 400: [[0.20925212 0.20486192 0.20460577 0.20613413 0.2079894 ]] 
Episode: 401: [[0.20925213 0.20486195 0.20460577 0.20613414 0.20798941]] 
Episode: 402: [[0.20925213 0.20486198 0.20460577 0.20613416 0.20798942]] 
Episode: 403: [[0.20925213 0.204862   0.20460577 0.20613417 0.20798944]] 
Episode: 404: [[0.20925213 0.20486201 0.20460577 0.20613419 0.20798945]] 
Episode: 405: [[0.20925213 0.20486203 0.20460577 0.20613419 0.20798947]] 
Episode: 406: [[0.20925213 0.20486204 0.20460577 0.20613419 0.20798948]] 
Episode: 407: [[0.20925213 0.20486207 0.20460577 0.20613419 0.2079895 ]] 
Episode: 408: [[0.20925213 0.20486209 0.20460577 0.20613419 0.20798951]] 
Episode: 409: [[0.20925213 0.20486212 0.20460577 0.20613419 0.20798953]] 
Episode: 410: [[0.20925213 0.20486213 0.20460577 0.20613419 0.20798954]] 
Episode: 411: [[0.20925213 0.20486215 0.20460577 0.20613419 0.20798956]] 
Episode: 412: [[0.20925213 0.20486216 0.20460577 0.20613419 0.20798957]] 
Episode: 413: [[0.20925213 0.20486218 0.20460577 0.20613419 0.20798959]] 
Episode: 414: [[0.20925213 0.20486219 0.20460577 0.20613419 0.2079896 ]] 
Episode: 415: [[0.20925213 0.20486219 0.20460577 0.20613419 0.20798962]] 
Episode: 416: [[0.20925213 0.2048622  0.20460577 0.2061342  0.20798963]] 
Episode: 417: [[0.20925213 0.20486222 0.20460577 0.20613421 0.20798965]] 
Episode: 418: [[0.20925213 0.20486224 0.20460577 0.20613423 0.20798966]] 
Episode: 419: [[0.20925213 0.20486225 0.20460577 0.20613424 0.20798968]] 
Episode: 420: [[0.20925213 0.20486227 0.20460577 0.20613426 0.2079897 ]] 
Episode: 421: [[0.20925215 0.2048623  0.20460579 0.20613427 0.20798972]] 
Episode: 422: [[0.20925216 0.20486233 0.2046058  0.20613429 0.20798975]] 
Episode: 423: [[0.20925218 0.20486236 0.20460582 0.2061343  0.20798978]] 
Episode: 424: [[0.2092522  0.2048624  0.20460583 0.20613432 0.20798981]] 
Episode: 425: [[0.20925221 0.20486245 0.20460585 0.20613433 0.20798984]] 
Episode: 426: [[0.20925222 0.20486248 0.20460586 0.20613435 0.20798987]] 
Episode: 427: [[0.20925224 0.2048625  0.20460588 0.20613436 0.2079899 ]] 
Episode: 428: [[0.20925225 0.20486253 0.20460589 0.20613438 0.20798992]] 
Episode: 429: [[0.20925227 0.20486256 0.20460589 0.2061344  0.20798993]] 
Episode: 430: [[0.20925228 0.2048626  0.20460589 0.20613441 0.20798995]] 
Episode: 431: [[0.2092523  0.20486262 0.20460589 0.20613442 0.20798996]] 
Episode: 432: [[0.2092523  0.20486264 0.20460589 0.20613444 0.20798998]] 
Episode: 433: [[0.2092523  0.20486265 0.20460589 0.20613444 0.20798999]] 
Episode: 434: [[0.2092523  0.20486267 0.20460589 0.20613444 0.20799   ]] 
Episode: 435: [[0.2092523  0.20486268 0.20460589 0.20613444 0.20799002]] 
Episode: 436: [[0.2092523  0.2048627  0.20460589 0.20613444 0.20799004]] 
Episode: 437: [[0.2092523  0.20486271 0.20460589 0.20613444 0.20799005]] 
Episode: 438: [[0.2092523  0.20486273 0.20460589 0.20613444 0.20799007]] 
Episode: 439: [[0.2092523  0.20486273 0.20460589 0.20613444 0.20799008]] 
Episode: 440: [[0.2092523  0.20486273 0.20460589 0.20613444 0.2079901 ]] 
Episode: 441: [[0.2092523  0.20486273 0.20460589 0.20613444 0.20799011]] 
Episode: 442: [[0.2092523  0.20486274 0.20460589 0.20613444 0.20799012]] 
Episode: 443: [[0.2092523  0.20486274 0.20460589 0.20613444 0.20799014]] 
Episode: 444: [[0.2092523  0.20486276 0.20460589 0.20613444 0.20799015]] 
Episode: 445: [[0.2092523  0.20486277 0.20460589 0.20613444 0.20799017]] 
Episode: 446: [[0.2092523  0.20486277 0.20460589 0.20613444 0.20799018]] 
Episode: 447: [[0.2092523  0.20486279 0.20460589 0.20613444 0.2079902 ]] 
Episode: 448: [[0.2092523  0.20486279 0.20460589 0.20613444 0.20799021]] 
Episode: 449: [[0.2092523  0.20486279 0.20460589 0.20613444 0.20799023]] 
Episode: 450: [[0.2092523  0.2048628  0.20460589 0.20613445 0.20799024]] 
Episode: 451: [[0.2092523  0.2048628  0.20460589 0.20613445 0.20799026]] 
Episode: 452: [[0.2092523  0.2048628  0.20460589 0.20613445 0.20799027]] 
Episode: 453: [[0.2092523  0.20486282 0.20460589 0.20613445 0.20799029]] 
Episode: 454: [[0.2092523  0.20486282 0.20460589 0.20613445 0.2079903 ]] 
Episode: 455: [[0.2092523  0.20486283 0.20460589 0.20613447 0.20799032]] 
Episode: 456: [[0.2092523  0.20486285 0.20460589 0.20613448 0.20799033]] 
Episode: 457: [[0.2092523  0.20486288 0.20460589 0.2061345  0.20799035]] 
Episode: 458: [[0.2092523  0.2048629  0.20460589 0.20613451 0.20799036]] 
Episode: 459: [[0.2092523  0.20486291 0.20460589 0.20613453 0.20799038]] 
Episode: 460: [[0.2092523  0.20486294 0.20460589 0.20613454 0.2079904 ]] 
Episode: 461: [[0.2092523  0.20486297 0.20460589 0.20613456 0.20799041]] 
Episode: 462: [[0.2092523  0.204863   0.20460589 0.20613457 0.20799042]] 
Episode: 463: [[0.2092523  0.20486303 0.20460589 0.20613459 0.20799044]] 
Episode: 464: [[0.20925231 0.20486306 0.20460589 0.2061346  0.20799045]] 
Episode: 465: [[0.20925231 0.20486309 0.20460589 0.20613462 0.20799047]] 
Episode: 466: [[0.20925231 0.20486312 0.20460589 0.20613463 0.20799048]] 
Episode: 467: [[0.20925231 0.20486312 0.20460589 0.20613463 0.2079905 ]] 
Episode: 468: [[0.20925231 0.20486312 0.20460589 0.20613463 0.20799051]] 
Episode: 469: [[0.20925231 0.20486312 0.20460589 0.20613463 0.20799053]] 
Episode: 470: [[0.20925231 0.20486313 0.20460589 0.20613463 0.20799054]] 
Episode: 471: [[0.20925231 0.20486315 0.20460589 0.20613465 0.20799056]] 
Episode: 472: [[0.20925231 0.20486318 0.20460589 0.20613466 0.20799057]] 
Episode: 473: [[0.20925231 0.2048632  0.20460589 0.20613468 0.20799059]] 
Episode: 474: [[0.20925231 0.20486322 0.20460589 0.20613469 0.2079906 ]] 
Episode: 475: [[0.20925231 0.20486324 0.20460589 0.2061347  0.20799062]] 
Episode: 476: [[0.20925231 0.20486325 0.20460589 0.2061347  0.20799063]] 
Episode: 477: [[0.20925231 0.20486327 0.20460589 0.2061347  0.20799065]] 
Episode: 478: [[0.20925231 0.20486328 0.20460589 0.20613472 0.20799066]] 
Episode: 479: [[0.20925231 0.2048633  0.20460589 0.20613474 0.20799068]] 
Episode: 480: [[0.20925233 0.20486332 0.20460589 0.20613475 0.20799069]] 
Episode: 481: [[0.20925233 0.20486335 0.20460589 0.20613477 0.2079907 ]] 
Episode: 482: [[0.20925233 0.20486337 0.20460589 0.20613478 0.20799072]] 
Episode: 483: [[0.20925233 0.20486338 0.20460589 0.20613478 0.20799074]] 
Episode: 484: [[0.20925233 0.2048634  0.20460589 0.20613478 0.20799075]] 
Episode: 485: [[0.20925233 0.20486341 0.20460589 0.20613478 0.20799077]] 
Episode: 486: [[0.20925233 0.20486343 0.20460589 0.20613478 0.20799078]] 
Episode: 487: [[0.20925233 0.20486344 0.20460589 0.20613478 0.2079908 ]] 
Episode: 488: [[0.20925233 0.20486346 0.20460589 0.20613478 0.20799081]] 
Episode: 489: [[0.20925233 0.20486347 0.20460589 0.20613478 0.20799083]] 
Episode: 490: [[0.20925233 0.20486349 0.20460589 0.20613478 0.20799084]] 
Episode: 491: [[0.20925233 0.20486349 0.20460589 0.20613478 0.20799085]] 
Episode: 492: [[0.20925233 0.2048635  0.20460589 0.20613478 0.20799087]] 
Episode: 493: [[0.20925233 0.2048635  0.20460589 0.20613478 0.20799088]] 
Episode: 494: [[0.20925233 0.2048635  0.20460589 0.20613478 0.2079909 ]] 
Episode: 495: [[0.20925233 0.20486352 0.20460589 0.20613478 0.20799091]] 
Episode: 496: [[0.20925233 0.20486353 0.20460589 0.20613478 0.20799093]] 
Episode: 497: [[0.20925233 0.20486355 0.20460589 0.20613478 0.20799094]] 
Episode: 498: [[0.20925233 0.20486356 0.20460589 0.20613478 0.20799096]] 
Episode: 499: [[0.20925233 0.20486358 0.20460589 0.20613478 0.20799097]] 
Episode: 500: [[0.20925233 0.2048636  0.20460589 0.20613478 0.20799099]] 
