53573.792969 5087.209473 2714.399414 1700.219238 8975.853516 
63110.140625 3847.971680 1761.571289 1721.243286 8969.289062 
79196.539062 4524.665527 2714.737061 959.603210 8322.120117 
68211.656250 5505.669922 2678.351562 1675.499756 10872.791016 
56108.144531 4067.864990 2317.181885 1653.758667 8872.619141 
57135.769531 4363.824707 2321.624268 1518.875977 7027.473145 
57512.800781 4273.286133 2059.312012 1752.325439 5616.576660 
61035.339844 3084.519775 2291.573975 1173.659668 7009.679688 
57816.398438 3349.154785 3635.999756 3000.130371 11006.773438 
59277.062500 4890.938965 3771.361084 1585.511475 5049.686035 
63360.023438 4075.012695 2365.937012 1582.661377 9360.683594 
63313.859375 3072.421875 2095.857910 1406.643433 11467.719727 
54866.492188 4214.048340 2380.349121 1279.414917 11486.452148 
46365.906250 2977.242432 2316.013428 1649.579590 9287.168945 
58025.410156 3234.628418 1673.546021 1438.503784 7582.726074 
48639.105469 4150.981934 2596.898682 1909.811768 7239.392090 
69981.726562 4153.558105 2625.661621 1941.412476 6395.880859 
56283.839844 4289.451660 2615.968750 1878.196533 10716.419922 
59141.140625 3509.397217 2598.297363 2375.003174 7348.547852 
53384.902344 4292.092285 2760.242920 1870.219727 12228.121094 
