0.402880 
1.012773 
0.346276 
0.737388 
0.361785 
0.745822 
0.948460 
0.447309 
0.848594 
0.886198 
0.671780 
0.676549 
0.414552 
0.771008 
0.417283 
0.905338 
0.653963 
1.135180 
0.869751 
0.908948 
0.786148 
0.639297 
0.531396 
0.350313 
0.382180 
0.437682 
0.509148 
0.609064 
0.909098 
0.501806 
0.401447 
0.643769 
0.324054 
1.010373 
0.719486 
0.637509 
0.483336 
0.536654 
1.057217 
0.526678 
0.862934 
0.773426 
0.641211 
0.839068 
0.645143 
0.761930 
0.637987 
0.605431 
0.602197 
0.400694 
