448.814056 322.523956 194.050522 110.318863 247491.000000 
427.219421 274.162018 148.289230 114.940773 275904.875000 
370.010193 244.937408 133.560379 86.594620 204303.468750 
399.072662 373.465973 198.246719 132.635971 318922.718750 
427.144440 257.746735 108.539162 96.118973 158849.468750 
367.052155 305.660889 174.518265 124.566330 310900.593750 
492.023651 346.213654 216.434601 149.955200 315783.281250 
372.743866 248.886032 145.786270 109.374756 236166.375000 
360.877228 248.784607 137.404221 84.627205 156310.187500 
446.988373 281.432343 147.652252 70.334282 203413.546875 
402.121094 257.261932 145.519501 72.976189 222529.000000 
354.537933 292.842987 173.170258 107.619591 211730.515625 
488.430939 308.157959 119.747223 69.466072 205788.843750 
354.777161 250.642441 186.170273 107.890961 287653.812500 
404.979309 263.117035 112.244308 83.102661 135927.656250 
324.321228 229.672363 127.635719 73.182236 146153.906250 
365.158386 292.843048 161.485214 97.202347 132697.421875 
408.580139 254.702820 118.307510 81.134483 236005.281250 
355.848785 233.883347 141.926529 73.027031 139367.265625 
461.126007 298.988983 167.213806 90.310387 233247.406250 
441.576263 276.061188 162.278503 83.735115 122094.367188 
398.058624 289.044556 151.878311 105.552124 153125.406250 
393.982910 273.758057 157.351227 101.181389 161715.734375 
397.667908 275.833710 135.419586 92.127235 183119.609375 
457.175964 308.339905 167.077515 106.853035 263003.468750 
427.687592 276.688782 149.491165 107.673119 169299.218750 
434.606171 294.464935 174.756958 122.266975 240548.484375 
388.543854 256.720245 124.217880 99.370956 155313.875000 
437.854645 287.561859 152.943314 83.289871 184183.187500 
457.957031 349.031128 182.536652 101.513176 211556.906250 
412.592468 309.366638 182.520950 129.049988 193174.921875 
406.697021 241.533875 118.634567 62.414711 174476.812500 
457.723022 304.869751 134.375717 104.752602 171858.750000 
469.519623 406.399292 232.215790 178.072998 167908.171875 
405.686096 319.479156 173.786697 134.512329 208766.187500 
372.068359 262.062683 241.847824 123.703949 279261.812500 
355.045715 270.502747 134.058105 114.637680 278368.687500 
503.207855 360.338196 309.584015 157.681396 155907.796875 
398.185425 250.252090 148.777039 77.510597 159044.468750 
409.090851 263.095306 160.411942 117.438126 198452.609375 
479.665710 346.207550 164.000916 111.938095 212335.921875 
447.216309 329.034790 154.061707 77.702637 207170.265625 
380.529449 248.119614 138.109024 69.502434 174116.531250 
347.547638 282.500153 166.746094 83.647026 131469.906250 
332.044342 286.147583 124.642189 74.881767 141850.140625 
344.923737 246.860229 115.650787 74.967903 218791.265625 
456.385956 296.617584 157.289062 79.497871 225977.234375 
451.605560 359.484894 172.155670 128.891830 222609.218750 
364.801208 251.419815 112.225113 68.260597 131253.718750 
356.376587 234.845001 133.234070 76.645218 225798.062500 
