80.767365 45.364220 35.142807 33.450256 30.765032 0.019782 
90.571289 56.488277 47.231754 36.197773 35.259262 0.000000 
97.166954 38.580631 36.598976 42.480587 37.215759 0.000000 
84.830872 45.759556 38.216930 30.387405 28.666275 0.019782 
87.412392 51.424694 42.530228 31.636259 21.617302 0.000000 
90.112518 44.041504 32.729538 26.809685 30.425335 0.000000 
89.852928 47.696373 40.545792 38.150646 33.261143 0.000000 
85.782974 44.400749 36.855270 35.383011 39.286549 0.000000 
85.186981 44.046944 34.136719 26.332302 25.622177 0.000000 
89.984962 44.410217 31.755791 24.122095 27.780537 0.000000 
87.215889 53.740425 46.618450 55.019333 45.021889 0.000000 
85.065193 41.486691 26.737116 24.152193 23.590244 0.000000 
86.340996 59.851990 59.415531 47.923672 34.636623 0.000000 
89.152252 41.919399 32.921642 34.030453 35.364250 0.027976 
89.800064 43.871456 41.522224 31.982704 31.013477 0.000000 
83.893509 61.670635 51.414677 38.850830 42.354530 0.000000 
89.695580 46.083855 41.910217 40.990177 48.022072 0.019782 
86.037437 41.388641 33.135845 34.827297 34.006950 0.000000 
88.241745 43.132595 37.650227 33.087402 29.506977 0.027976 
88.896156 46.749386 39.903679 44.092873 46.504269 0.000000 
76.629860 39.536625 32.682419 27.048981 23.627293 0.019782 
70.334000 35.579330 28.809772 22.059788 20.313906 0.034264 
80.652359 35.831326 32.300423 27.933552 31.156582 0.000000 
89.986221 45.723541 39.221680 32.318943 33.669205 0.027976 
88.319496 50.594246 44.148647 35.517906 30.335545 0.000000 
86.217270 47.954548 39.404793 37.042324 35.591995 0.000000 
92.430130 47.100052 39.871857 31.552084 30.728819 0.000000 
81.052925 39.866512 37.528122 31.449543 28.578882 0.000000 
93.688599 44.707890 38.743549 33.459476 27.550694 0.027976 
86.166824 35.562881 35.451416 32.719883 35.734230 0.000000 
90.902969 50.694168 46.536674 44.063164 28.013552 0.000000 
85.698952 34.005051 30.228813 30.785707 31.016537 0.019782 
87.311012 49.492599 43.474831 45.608212 32.973438 0.000000 
84.063667 33.355583 27.635853 25.807394 28.059885 0.019782 
82.781548 55.092133 51.145279 43.838142 44.101940 0.019782 
88.006454 47.321236 34.674217 42.128479 33.516708 0.019782 
91.337914 44.975418 34.686886 27.543421 34.696819 0.000000 
89.721649 47.383942 39.233624 35.478764 31.344631 0.000000 
90.445366 43.984169 33.313843 32.302979 40.620323 0.000000 
87.874611 51.478367 46.948788 43.764828 33.661404 0.000000 
79.975906 44.663982 33.078033 26.025553 16.228371 0.000000 
86.963493 46.453384 44.757832 36.094852 33.763023 0.000000 
88.683296 48.136768 40.607334 38.224449 30.706470 0.034264 
85.307930 41.125641 29.864302 29.109175 23.893414 0.027976 
80.809135 47.400143 36.302258 32.952091 20.645504 0.000000 
90.602493 50.305729 39.204880 40.301064 33.575386 0.000000 
83.517525 39.381615 30.425083 32.906033 33.640003 0.019782 
86.704605 53.990078 47.958019 31.909775 45.483093 0.000000 
82.094322 47.230553 42.796665 36.641396 34.548862 0.000000 
78.333397 41.424294 38.729031 33.256607 27.302801 0.000000 
