94.346130 96.468925 89.875725 93.061501 72.382721 0.019782 
94.069511 90.741821 94.923477 89.921532 83.045593 0.019782 
94.324829 83.134850 91.685204 86.688461 65.997963 0.000000 
96.748474 105.319923 100.947922 93.821411 98.385086 0.019782 
94.706169 81.240448 94.528008 96.279366 70.072144 0.000000 
89.073097 85.689507 93.691780 91.010612 75.907753 0.000000 
92.683342 89.326202 89.488884 98.918358 67.464012 0.000000 
81.186798 104.048599 96.292999 86.353523 78.459656 0.039565 
87.686874 86.630653 90.957184 79.451294 52.287971 0.000000 
95.088287 92.924927 89.053047 84.948685 105.011696 0.000000 
86.138916 87.595551 94.387939 89.351761 76.183083 0.000000 
87.286270 91.778030 84.957687 95.635612 94.236885 0.000000 
96.623360 98.952240 89.197510 76.791283 76.944084 0.027976 
89.033676 98.426720 86.996490 89.904449 63.488724 0.000000 
88.214142 93.592041 92.540298 82.696541 76.809250 0.000000 
88.621223 93.741425 92.858902 96.819641 99.592621 0.000000 
89.027237 85.199562 87.840813 90.188683 82.081635 0.019782 
87.600273 99.113121 83.546608 78.570358 76.659767 0.027976 
88.271591 82.875954 82.602402 83.323891 106.008904 0.000000 
90.413826 81.926613 85.726791 91.833542 122.957359 0.000000 
87.884453 82.386963 96.298599 87.667534 104.376030 0.027976 
88.210426 111.836746 93.238556 94.167625 89.039124 0.000000 
94.096733 90.510132 79.595573 95.263519 97.221024 0.000000 
86.332458 90.902321 85.921890 90.061859 92.010315 0.000000 
84.212128 90.458015 82.778908 90.232262 83.003067 0.000000 
87.075287 98.473419 91.773727 94.870872 98.184937 0.000000 
92.980324 83.715927 86.822823 89.402496 65.025749 0.000000 
87.049133 76.612793 94.985069 83.440742 83.240463 0.000000 
87.731064 97.453178 89.956902 95.502213 97.742928 0.000000 
95.221397 89.239281 87.132103 89.634331 89.283028 0.000000 
89.700508 84.035294 92.679855 90.932617 78.306641 0.000000 
89.262917 88.158371 91.234482 89.308235 69.682655 0.000000 
93.505089 87.118622 87.234947 101.061432 82.093910 0.000000 
87.410378 103.897820 93.400627 83.116402 77.659073 0.027976 
85.712257 95.481880 91.450386 87.649849 97.628540 0.000000 
89.654243 95.073128 81.114143 93.219902 97.495346 0.019782 
89.435371 89.287399 93.872925 90.051941 70.335579 0.000000 
93.164543 95.134804 90.024811 85.063339 83.379013 0.000000 
86.614014 95.740242 98.240440 96.215164 80.243996 0.019782 
94.935669 93.243095 79.585999 84.493843 83.144485 0.000000 
93.849365 93.298508 90.719460 78.354057 85.122314 0.027976 
86.978561 82.319946 83.015831 93.076309 81.875313 0.000000 
88.251808 93.353233 97.156143 83.274498 81.471619 0.000000 
90.150589 77.389122 82.619705 85.045204 76.676117 0.000000 
84.057297 96.194733 92.403526 95.019974 66.654526 0.000000 
86.217827 86.887146 86.017776 96.539848 86.127930 0.000000 
90.745369 96.943474 94.112206 69.592560 73.991043 0.000000 
85.106827 98.346184 90.695076 89.690186 95.851776 0.000000 
92.825584 98.874168 86.161743 95.366814 78.393135 0.000000 
88.327271 94.057167 95.036255 94.619469 82.941338 0.019782 
88.564201 82.024193 85.046600 90.532043 89.233101 0.027976 
89.870384 86.504639 89.227852 90.694740 76.758583 0.000000 
90.854195 83.847481 87.919868 84.094498 85.926422 0.000000 
87.359009 88.888496 101.309036 94.900841 67.573036 0.027976 
87.948410 89.203163 91.096191 100.197815 82.790024 0.000000 
91.760353 98.165482 103.670395 90.230659 101.593742 0.000000 
90.623993 80.721840 96.693481 95.810211 73.231812 0.027976 
95.194160 99.289536 96.491013 94.296638 85.264458 0.000000 
95.059563 99.960114 92.086632 82.258194 92.945580 0.019782 
88.231972 93.846428 86.964767 95.447922 93.907272 0.000000 
95.253174 94.401512 101.370232 88.645576 59.244209 0.000000 
90.330132 88.149521 73.105858 81.117340 73.958328 0.027976 
89.271729 90.245796 82.120369 95.051476 79.870621 0.000000 
94.348648 71.273186 87.384781 82.686287 98.163322 0.000000 
93.211159 96.471687 92.300842 91.762558 81.146408 0.000000 
83.891815 96.489372 93.034805 86.615257 76.893936 0.000000 
89.937073 100.852417 88.111153 86.691170 85.218636 0.000000 
84.074303 102.585014 91.563446 94.336220 98.792648 0.000000 
94.461197 77.548210 100.486160 93.414436 87.768822 0.019782 
92.272560 102.614861 97.525742 92.108391 71.145905 0.000000 
91.379189 93.346054 97.047813 93.673210 89.053658 0.019782 
91.203728 98.001404 96.398834 87.863548 95.700127 0.019782 
97.059731 81.292358 91.891777 78.772232 93.552429 0.000000 
91.495789 98.550262 89.350273 86.013268 87.789566 0.000000 
91.327644 82.819893 91.656792 96.345718 102.481308 0.027976 
93.728676 85.668671 98.371719 82.589104 94.986862 0.000000 
92.631851 91.405319 100.969559 83.127518 84.991348 0.000000 
85.622887 102.456787 90.458260 105.583351 74.820145 0.000000 
91.039238 73.500809 87.717995 92.134506 76.552681 0.019782 
91.576248 80.540565 89.815887 99.719154 80.831627 0.000000 
92.894676 96.872345 94.170441 92.488922 62.240517 0.000000 
88.655495 93.471954 90.346214 84.296310 63.463394 0.027976 
85.584320 92.151962 92.449608 97.085716 97.808701 0.000000 
88.635208 91.096733 94.710213 82.868935 86.244354 0.000000 
90.376961 92.924721 92.815842 99.460518 75.301765 0.000000 
88.864670 92.651260 89.517616 89.156860 86.714668 0.000000 
91.526222 93.008209 96.573578 98.864639 95.733368 0.000000 
91.030342 82.649109 91.526016 90.136589 86.472252 0.000000 
89.538658 96.645081 86.052368 96.061920 108.652435 0.000000 
94.561394 101.787910 96.441956 97.828705 87.077438 0.000000 
96.259438 81.650749 91.668953 83.047173 77.395683 0.034264 
92.445900 96.195328 96.912346 95.557991 83.283661 0.000000 
88.036644 83.669151 94.854759 94.862915 100.294052 0.000000 
91.414482 92.732986 90.163368 92.821854 83.679970 0.000000 
89.435776 104.003029 90.944260 71.721985 80.661964 0.019782 
88.698479 91.194931 89.032402 85.471191 85.217262 0.019782 
86.881363 91.801155 92.923965 90.718910 69.498756 0.000000 
89.369049 84.024857 76.780006 84.666260 90.152916 0.019782 
86.957268 94.708145 85.674751 108.615120 91.760231 0.027976 
90.350563 82.189789 90.451927 92.877213 71.870247 0.019782 
