1.280119 
1.308916 
1.185015 
1.746948 
1.456090 
1.411344 
1.598845 
1.404029 
1.115290 
1.319343 
1.534309 
1.485452 
1.344528 
1.176226 
1.576595 
0.675775 
0.904951 
1.650639 
1.718655 
1.254750 
1.139957 
1.204612 
1.185867 
1.249098 
1.417341 
1.332772 
1.321898 
1.245497 
1.348277 
1.050213 
1.087352 
1.314672 
1.436563 
1.302452 
1.162093 
1.382167 
1.131743 
1.294267 
1.832920 
1.355978 
1.314549 
1.477150 
1.452559 
1.382623 
1.164718 
1.018094 
1.599575 
1.079453 
0.974715 
1.188187 
1.482367 
1.540513 
1.273731 
0.884084 
1.415918 
1.590498 
1.153803 
1.311582 
1.414298 
1.576131 
1.523556 
1.039034 
1.412314 
1.324846 
1.148973 
1.298150 
1.362548 
1.863991 
1.457287 
1.397205 
1.493148 
1.365019 
1.614494 
1.375916 
1.545649 
1.388906 
0.971135 
1.387982 
1.553953 
1.176912 
0.967885 
1.526282 
0.859115 
1.286203 
1.374040 
1.549344 
1.134394 
1.398119 
1.383612 
1.293734 
1.578539 
1.459079 
1.479238 
1.423777 
1.423578 
0.980989 
1.317495 
1.195334 
1.243038 
1.103135 
