36989.671875 3836.125488 3313.451416 3754.502930 445327.812500 
48782.449219 4627.643555 4044.531250 4572.679199 496480.906250 
46878.898438 4596.931641 4327.530273 4530.020508 547491.500000 
42716.503906 4176.243652 4687.395020 4461.078613 408019.187500 
43375.390625 3278.599854 3177.840332 3427.934570 490199.187500 
40914.789062 3824.668213 4183.410645 3450.550537 428626.031250 
38524.488281 3507.219971 3161.129395 3374.310791 411285.406250 
43715.691406 3319.141602 3333.366455 2972.427490 279942.187500 
42983.703125 4441.112305 4611.131348 4719.544922 520656.937500 
46255.605469 6621.807617 3431.403076 3925.394043 550255.375000 
