78.228531 0.318900 0.186692 0.314366 0.766959 
135.794235 20.368336 1005.788269 0.014478 4.389307 
402.943542 1096.875244 483.342102 7.364999 965.020996 
81.624741 32.259495 119.080460 0.464852 99441.929688 
1441.585449 1388.162476 1780.647827 223.267960 453852.781250 
1858.638306 761.913452 412.657104 167.521149 988761.125000 
3496.373779 1629.937622 391.942688 291.265533 537986.625000 
7713.412109 3297.153076 758.727783 1551.712158 339737.843750 
31896.873047 10309.772461 431.416443 2463.393799 103119.875000 
113226.867188 23583.986328 868.511108 26235.023438 56483.277344 
79624.445312 5298.294434 1063.419312 58431.246094 23615.761719 
41093.902344 1474.999878 390.532074 33864.003906 8814.997070 
27171.283203 1163.292847 476.568542 24235.994141 9848.198242 
10446.062500 776.496277 301.508362 28513.097656 8252.424805 
5010.123535 898.162659 483.372375 15350.263672 7605.392090 
4290.277832 289.823792 255.500702 44183.667969 6538.437012 
2513.858887 240.024689 332.249939 24163.396484 7073.315430 
1488.506592 137.718536 341.355164 13627.959961 6820.837891 
1841.464478 112.381645 595.045349 50842.472656 12183.103516 
3120.341064 309.868439 2324.035645 288134.500000 25322.265625 
1896.036987 36.378864 1310.410522 18981.230469 22586.371094 
1154.180542 40.710052 915.568665 28560.355469 40037.882812 
789.193726 27.596872 777.824646 5556.457520 36035.296875 
584.186951 67.066330 190.345520 1313.870850 28945.298828 
701.571350 27.481159 96.838272 931.611877 49408.566406 
576.795288 48.624393 287.393829 1445.197021 54681.328125 
643.650085 62.899326 304.196716 602.439026 84799.828125 
773.144043 53.034233 110.023651 621.871033 70354.328125 
642.601746 63.210388 155.707809 346.834076 66328.085938 
1128.060791 50.676888 379.230988 951.862671 95248.656250 
2140.890625 263.635254 789.701660 2245.857178 138992.593750 
2096.823486 87.663536 528.805298 695.786743 86615.953125 
4137.304688 77.386925 1603.938599 461.557648 120293.070312 
6413.626465 193.925980 1678.010254 1213.678589 102292.078125 
6561.949219 89.757957 2552.339355 727.792236 83260.320312 
7058.482910 135.724518 1289.788330 744.653259 59833.449219 
4745.798340 104.407745 1052.216187 1010.984253 57605.191406 
3676.574219 65.021980 1544.377197 326.758270 25943.468750 
2700.367188 81.418739 787.720276 490.499969 23921.386719 
2268.041504 72.650986 1600.579834 230.286621 13754.358398 
2328.907715 58.424831 754.191833 225.873093 16881.060547 
2593.404785 56.938461 994.512634 437.421082 19650.234375 
1823.345459 35.518360 386.567413 137.615036 13759.879883 
4306.149902 59.527657 1431.419922 370.864746 21388.048828 
4527.603516 34.645103 816.019653 206.276871 19377.687500 
4899.336914 68.841568 1251.618408 639.847717 22504.060547 
3834.812744 97.045975 1392.758179 434.288910 26984.955078 
4377.750977 34.102459 561.631897 871.269714 27212.982422 
10372.039062 51.649773 978.078369 1228.103516 32483.847656 
8655.898438 95.191254 2605.573975 3211.020996 25181.068359 
7389.550293 20.597050 347.150574 1705.161621 48863.023438 
10291.611328 106.420288 874.668396 3427.551270 70357.742188 
6656.122070 43.116753 177.471069 1026.921997 31528.646484 
4439.459961 34.037033 68.704002 506.059204 42364.550781 
6784.278320 91.319336 72.544037 2120.738770 29597.744141 
7784.369141 130.964310 134.049042 2174.908936 50186.628906 
5023.018066 46.971329 57.181404 499.359009 33375.300781 
8190.069336 51.216274 44.266949 796.031372 39445.101562 
21161.312500 96.494835 54.822857 1599.290283 26139.960938 
6021.345215 17.888737 15.737503 2788.753906 28081.027344 
28906.740234 70.097946 52.822529 6687.007324 18240.441406 
45527.824219 64.805267 36.205193 7238.589844 34685.140625 
76404.835938 56.157990 43.504280 17815.927734 36402.136719 
183992.203125 82.769226 102.444725 3554.565674 30987.484375 
166887.578125 52.633125 28.836197 4172.849121 37401.828125 
136831.687500 54.579231 14.908169 842.474609 40308.636719 
359179.218750 61.890980 51.163895 1875.213745 46286.750000 
1166996.250000 103.461571 52.110580 1024.440186 54809.777344 
2473176.250000 513.032654 336.593231 5418.152344 76549.367188 
12008675082240.000000 207377552.000000 4403.743652 38616.308594 19.292833 
10496.832031 2.685395 1.400386 11390.416992 123.317390 
6977.520508 33.055092 3.661627 5408.640137 3027.251709 
3852.005371 0.019194 0.344659 37407.542969 795.828918 
2286.136230 0.001467 0.384604 28711.046875 400.603394 
1334.425171 0.286316 1.310554 357755.500000 5334.822754 
1290.062378 0.000023 0.887104 35313.890625 1057.806030 
999.259521 0.000015 0.490912 267770.125000 1886.729248 
854.302673 0.000010 0.660585 2498147.250000 19028.542969 
837.440613 0.000005 0.580431 35090084.000000 40596.609375 
815.277893 0.000006 0.752404 19168740.000000 438228.156250 
601.829773 0.000190 0.704169 71712448.000000 2598019.750000 
600.421692 0.000085 1.092663 3599563520.000000 7582036.500000 
570.667480 0.000146 1.147243 168001798144.000000 22484290.000000 
433.797516 0.000259 1.138394 3527078313984.000000 70799504.000000 
587.378601 0.000223 1.146974 3961764708352.000000 118338320.000000 
454.084045 0.000285 1.184272 10403652304896.000000 56793636.000000 
523.926147 0.000339 1.147704 38963926532096.000000 64870896.000000 
492.278717 0.000457 1.234806 6235323629568.000000 25519148.000000 
488.564056 0.000313 1.281264 11102928764928.000000 36570176.000000 
452.274750 0.000502 1.311104 20727495393280.000000 2626177.250000 
480.741394 0.000693 1.300199 121835790270464.000000 1924120.125000 
502.080994 0.000525 1.116492 108910304296960.000000 1704671.250000 
563.513794 0.000372 1.032902 139498541285376.000000 1469540.000000 
497.002808 0.000514 0.975887 487980024201216.000000 3137467.000000 
474.965668 0.000566 1.074538 281472158138368.000000 1491393.125000 
446.941498 0.000450 1.131722 77660776562688.000000 834288.250000 
534.339661 0.000480 1.126155 170674635145216.000000 1036334.437500 
484.660614 0.000618 1.213943 16116222001152.000000 1447221.625000 
467.799835 0.001102 1.310166 143218805047296.000000 30026.523438 
542.628479 0.000504 1.356943 23481525731328.000000 768776.375000 
512.586426 0.000604 1.359025 3118011252736.000000 1030442.687500 
534.489258 0.000483 1.331907 4223210881024.000000 765521.687500 
434.788940 0.000662 1.348704 2436098686976.000000 2434747.750000 
446.882965 0.000674 1.290551 1725112778752.000000 22468216.000000 
469.514587 0.000606 1.312509 7602846564352.000000 36164268.000000 
485.461700 0.000770 1.336240 580391206912.000000 53136164.000000 
463.501007 0.000814 1.130295 19716934467584.000000 492429920.000000 
476.579865 0.000411 1.158460 1605709070336.000000 2237473536.000000 
486.466461 0.000511 1.102906 13627506556928.000000 4970235904.000000 
533.608765 0.000555 1.329708 2185953411072.000000 678735680.000000 
478.884125 0.000808 1.400830 22707674546176.000000 8648255.000000 
484.113892 0.000326 1.363154 6647512039424.000000 21199122.000000 
470.611694 0.000497 1.166769 12426255794176.000000 815726.687500 
600.731689 0.000296 0.626370 15396290691072.000000 350436.250000 
547.533203 0.000555 4.028968 9303009263616.000000 178455.187500 
493.146637 0.000542 14.861770 5334423306240.000000 65349.601562 
504.212555 0.000432 0.859947 4776898592768.000000 43709.164062 
483.815552 0.000197 1.187851 32324022435840.000000 53279.941406 
507.710846 0.000065 1.767871 4226242838528.000000 4892.955078 
501.013611 0.000071 1.611135 2107671314432.000000 13145.721680 
570.953369 0.000025 1.800118 2034251464704.000000 191358.984375 
451.081116 0.000018 1.600107 993540308992.000000 12010.492188 
507.131256 0.000014 1.542515 2286077345792.000000 26931.261719 
471.959320 0.000022 1.547325 863189532672.000000 38906.882812 
475.527588 0.000019 1.621059 439212376064.000000 104167.031250 
529.021606 0.000014 1.485192 57425944576.000000 90326.734375 
572.944580 0.000008 1.229355 134976372736.000000 69821.140625 
472.250671 0.000037 1.588627 80984014848.000000 117804.640625 
498.142365 0.000019 1.430422 167130415104.000000 252026.093750 
442.079956 0.000030 1.309000 42388131840.000000 40754.414062 
428.050232 0.000057 1.269692 22908080128.000000 141712.859375 
504.432953 0.000059 1.157377 33858271232.000000 97558.312500 
469.496490 0.000020 1.082210 7280858112.000000 99363.343750 
551.736206 0.000025 1.211041 6123254272.000000 107173.390625 
446.992157 0.000124 1.404687 4967361024.000000 195461.343750 
536.812134 0.000016 1.468744 48491073536.000000 536345.000000 
608.045532 0.000016 1.303693 2258611968.000000 381702.687500 
579.942383 0.000024 1.282387 714019264.000000 498659.843750 
560.951172 0.000057 1.217808 791812352.000000 286486.156250 
500.743317 0.000045 1.249129 2416109568.000000 785619.875000 
487.258240 0.000021 1.156801 694461888.000000 593866.937500 
548.739868 0.000050 1.133099 761584512.000000 400400.218750 
563.761597 0.000084 1.164629 2180530176.000000 989812.937500 
568.109802 0.000094 1.322032 1292983424.000000 2684631.500000 
590.622070 0.000026 1.287165 1990901888.000000 2807591.000000 
509.449829 0.000041 1.073938 593385216.000000 1520469.625000 
462.421936 0.000160 1.261440 14642698240.000000 6967456.500000 
472.504456 0.000046 1.120110 1136254592.000000 3526450.250000 
500.414307 0.000019 1.180360 692271424.000000 4974057.500000 
571.164917 0.000010 1.040828 684837120.000000 9806986.000000 
526.337280 0.000065 1.037566 453912768.000000 15641318.000000 
545.433716 0.000039 1.176772 380482272.000000 37582020.000000 
499.556458 0.000038 1.159148 1729924992.000000 31488160.000000 
533.119629 0.000080 1.128297 1648400640.000000 74374216.000000 
563.482300 0.000064 1.064173 1261172096.000000 48019704.000000 
554.825989 0.000012 1.031476 651006080.000000 89795112.000000 
612.274963 0.000074 1.015762 2610217728.000000 122318872.000000 
477.586243 0.000031 1.015909 2622052096.000000 223500752.000000 
532.726562 0.000036 0.971427 748634816.000000 323339200.000000 
436.986755 0.000048 1.064958 984410112.000000 1221122176.000000 
524.404480 0.000018 0.956731 1441668096.000000 571210560.000000 
548.467468 0.000021 0.957725 2891113216.000000 1045973504.000000 
665.327881 0.000021 0.964428 1750441728.000000 1222872192.000000 
524.518127 0.000047 0.988986 1782562688.000000 5872082432.000000 
559.505005 0.000006 0.953067 3099546112.000000 2324169472.000000 
505.807983 0.000028 0.962122 1879658752.000000 2018181888.000000 
536.251282 0.000033 0.999784 3226462720.000000 1964690048.000000 
545.888794 0.000047 0.947198 3655678976.000000 1469569280.000000 
422.536896 0.000162 0.972094 2946521600.000000 2355567104.000000 
523.080322 0.000103 1.015151 1946333440.000000 1287064960.000000 
472.600983 0.000024 1.022786 2288798208.000000 1849908480.000000 
563.257568 0.000032 0.944127 2350024704.000000 2392893952.000000 
481.505249 0.000058 0.964585 2413869056.000000 1348560384.000000 
510.947723 0.000068 0.913812 4209202944.000000 736214080.000000 
536.662354 0.000017 0.961714 1492489984.000000 743552640.000000 
568.957825 0.000022 0.920615 942785728.000000 535641216.000000 
528.073792 0.000040 0.951776 1529682816.000000 331202048.000000 
456.828583 0.000028 0.954238 1880832256.000000 407012256.000000 
415.006470 0.000046 0.932364 1926543616.000000 187612032.000000 
590.074768 0.000030 0.918401 2981245696.000000 149507152.000000 
513.425537 0.000162 0.972261 1741528192.000000 50943800.000000 
505.984741 0.000039 0.977671 677738112.000000 169571776.000000 
581.863770 0.000012 0.931534 1068753216.000000 118587080.000000 
552.936829 0.000016 0.963111 1349724544.000000 56444472.000000 
516.413757 0.000032 0.940658 1756299776.000000 106397936.000000 
488.201202 0.000023 0.953358 1494180608.000000 61329380.000000 
533.317871 0.000043 0.975532 2682252544.000000 169279616.000000 
576.153381 0.000021 0.945724 1456327552.000000 59021960.000000 
579.164734 0.000012 0.948786 1428907008.000000 35670460.000000 
593.140015 0.000018 0.916640 1581369600.000000 103018952.000000 
495.320557 0.000045 0.914407 966394880.000000 54580100.000000 
547.860962 0.000009 0.954231 1395105408.000000 80057456.000000 
449.953644 0.000035 0.944636 1181181440.000000 88672552.000000 
629.590210 0.000050 0.956001 473050784.000000 49545872.000000 
516.284546 0.000092 0.949868 922775680.000000 66478152.000000 
483.731720 0.000062 1.003556 1740668288.000000 256007216.000000 
442.293671 0.000059 0.941431 997054400.000000 143506448.000000 
555.198608 0.000030 0.963637 1245256448.000000 139627616.000000 
574.966003 0.000021 0.959728 2234951424.000000 151642624.000000 
429.260742 0.000071 0.973038 1170114304.000000 60300352.000000 
