0.020803 0.000172 0.000144 0.000199 0.000217 
0.093435 0.000177 0.000137 0.000251 0.000158 
0.182071 0.000231 0.000143 0.000151 0.000282 
0.523827 0.000233 0.000172 0.000235 0.000320 
0.471388 0.000220 0.000176 0.000276 0.000296 
1.121421 0.000311 0.000245 0.000344 0.000339 
1.505388 0.000411 0.000361 0.000356 0.000457 
2.797667 0.000417 0.000372 0.000409 0.000469 
2.915095 0.000550 0.000443 0.000563 0.000673 
3.964636 0.000736 0.000555 0.000702 0.000821 
4.082894 0.000743 0.000700 0.000807 0.000644 
7.350024 0.001321 0.000868 0.001251 0.000681 
8.705954 0.001569 0.000967 0.001017 0.000849 
7.115807 0.001741 0.001219 0.001128 0.000886 
9.742498 0.002433 0.001372 0.001343 0.001146 
12.580342 0.003295 0.001622 0.001887 0.001927 
10.979074 0.003286 0.001947 0.001810 0.001171 
20.387175 0.005943 0.002295 0.001978 0.001194 
23.149313 0.007967 0.002418 0.001832 0.001357 
16.938597 0.008093 0.002716 0.002352 0.001215 
27.032059 0.011386 0.003345 0.002218 0.001125 
90.223274 0.050680 0.003797 0.002124 0.001849 
34.551228 0.019839 0.004330 0.003101 0.001918 
104.022644 0.083266 0.004980 0.003238 0.001730 
46.537533 0.031820 0.005810 0.004568 0.002104 
66.198166 0.057461 0.005856 0.004238 0.001820 
108.426521 0.124527 0.006676 0.004663 0.002017 
72.953117 0.090621 0.007114 0.005744 0.002738 
88.546120 0.145096 0.008683 0.005333 0.002970 
273.539886 1.058793 0.012002 0.005428 0.003528 
104.753128 0.221271 0.010797 0.006522 0.003589 
253.431427 1.268364 0.015907 0.006777 0.004162 
296.528900 4.634816 0.021487 0.008658 0.004473 
297.463348 4.444642 0.029689 0.008170 0.003502 
251.318832 2.385990 0.022974 0.009494 0.004155 
289.018616 20.024719 0.055353 0.009540 0.003974 
246.439453 4.979044 0.031063 0.009738 0.004201 
309.368652 25.252226 0.111988 0.009450 0.004844 
186.896515 10.582029 0.060215 0.011561 0.004923 
66.263222 74.660599 0.324002 0.014333 0.006242 
166.076080 19.572622 0.075567 0.014562 0.004981 
166.039276 54.452488 0.274323 0.015961 0.006139 
109.951859 71.490654 0.372670 0.019177 0.004980 
168.637665 32.065952 0.188818 0.021837 0.006046 
234.031815 28.893583 0.209094 0.023364 0.006069 
249.856277 30.797871 0.276331 0.020823 0.008780 
53.664276 237.241776 37.533531 0.241176 0.007834 
58.773762 213.154160 58.887836 0.279215 0.014128 
120.195908 272.646118 38.980640 0.259575 0.014341 
100.454735 90.853165 1.556085 0.039505 0.009426 
256.988312 123.778481 6.595881 0.093039 0.009334 
88.051735 212.665222 16.705790 0.123954 0.010941 
7.694222 177.923874 130.478821 7.556207 0.034672 
0.861277 184.996094 128.061264 7.326548 0.029722 
52.254459 286.381805 103.170395 5.423706 0.036668 
1.388228 189.969070 144.479477 49.822433 0.435265 
130.144028 160.081314 75.419975 3.949273 0.029948 
2.495321 184.567078 147.424072 39.557892 0.226896 
7.726254 170.599731 136.992462 49.256355 0.337312 
186.859650 191.405228 82.675842 20.996771 0.315311 
29.532585 151.270859 113.568428 98.027649 2.596566 
125.216003 50.686279 46.933479 1.006701 0.028297 
927.439758 89.405899 130.928299 98.405113 29.205038 
57.768623 50.959091 83.760208 99.581619 18.953318 
4.067849 160.364731 98.055771 70.532310 13.697652 
16.862244 67.366615 54.953144 37.975178 26.523140 
11.924358 164.494690 137.207718 81.175598 7.005562 
58.332249 156.896759 124.810150 78.716202 28.069595 
76.745689 37.402046 139.482712 83.798622 2.053282 
44.818859 189.522598 145.278641 107.261963 29.342300 
4017.059814 189.513077 17.171816 0.042223 131.064301 
5.743204 278.719971 11.792085 10.935616 79.060616 
62.790665 0.407288 21.991051 40.328514 87.454971 
76.095299 37.726410 41.357029 41.581333 123.663879 
11.198430 26.487680 55.559044 55.204868 25.541656 
11.375904 97.577995 74.231155 43.335796 38.585312 
283.801941 12.905208 69.131432 146.285233 137.841003 
5.272582 106.669792 71.066879 37.123566 79.655884 
13.820464 144.964233 103.359039 59.110760 116.138969 
82.275536 57.072216 48.625820 36.770657 61.836315 
10.115922 41.362488 39.465363 34.218372 145.678543 
705.764526 0.107996 34.225723 30.392939 793.733093 
12.107720 53.103458 33.878647 16.716324 283.090149 
190.788956 39.359547 97.017395 67.887840 251.079269 
1894.098389 98.961411 68.121399 0.303233 603.337646 
360.883392 31.599199 116.156357 88.613007 620.686584 
9.556363 44.535099 30.509779 31.550701 363.530914 
10.238216 26.117754 14.486938 8.962043 294.247406 
2735.945068 86.096519 5.506431 7.714795 1135.940796 
239.029205 0.656002 1.260767 32.309029 582.401917 
568.949646 51.649860 0.672701 81.053497 1253.714355 
13.406065 103.610680 65.888962 31.590300 252.678421 
17.026342 69.207878 55.871418 39.845634 207.670853 
580.942139 20.118982 9.267218 5.044465 708.173157 
40.938210 26.007227 6.489530 1.402816 1188.462402 
224.497116 92.391472 72.204727 57.736675 953.827271 
388.022308 9.323989 23.438587 3.532899 1574.361328 
21.717434 50.454300 39.193016 8.945786 240.207016 
43.276947 8.354330 2.538275 0.721172 578.029053 
64.401337 41.851883 39.875683 16.881838 918.506592 
1003.267639 0.138482 1.826088 1.172359 1327.641357 
27.785114 54.500740 38.328346 24.017712 384.471710 
70.517143 30.391523 13.265510 7.364277 646.642334 
93.031090 26.290724 6.143830 11.792583 972.153992 
81.407867 0.510143 2.148380 6.880250 799.068604 
196.322495 5.073730 6.511084 1.659636 825.913147 
72.969528 95.978256 45.002724 21.557737 419.102875 
58.585686 68.930283 27.998384 17.954233 618.060242 
116.453178 3.087907 14.741595 19.283279 1298.390381 
33.402771 30.154068 19.242088 7.224496 703.236877 
133.068359 17.203192 44.466049 8.346070 2484.071533 
28.819853 108.540771 104.830391 87.453987 833.542725 
582.410339 81.379730 34.863113 27.739367 2021.233154 
240.825928 25.751955 22.119780 17.483398 2187.708496 
1108.042358 356.958038 195.832870 80.931297 4672.231445 
127.464531 55.408413 24.913277 27.365011 1170.022827 
33.954021 37.584301 21.273420 39.422073 695.858582 
84.656174 11.763574 17.048382 19.616024 913.433960 
291.812134 86.399933 166.443207 42.238434 346.209961 
117.950241 3.625544 0.894020 6.704191 2824.037598 
249.350266 45.755268 2.320406 8.892134 2808.414062 
94.725922 3.834060 3.980834 4.966953 2675.828613 
157.665314 6.454681 2.328625 1.373214 2027.266602 
67.945663 12.694020 33.096668 11.637234 1955.089355 
20.212330 37.307335 9.922945 3.333022 1570.420288 
42.848667 42.786503 24.348305 10.409709 1538.978516 
132.130280 1.812710 11.187013 6.045263 1578.516846 
122.563644 9.052373 3.223443 0.190553 2302.894287 
102.815544 19.496351 4.685864 3.960122 2893.587891 
80.118683 41.881599 21.039133 33.364666 4052.788330 
71.724220 80.274185 113.276627 93.568779 1314.400757 
74.256065 42.917953 36.035118 49.080547 2473.341797 
160.557739 54.751186 44.817337 27.488449 2172.178223 
54.349346 1.767496 0.625270 0.114944 3719.946045 
26.561178 44.799000 10.453135 11.853181 2509.752686 
81.603271 40.164482 19.449440 28.890030 2669.610840 
43.599915 54.920437 22.498474 11.117082 1144.308228 
97.204453 73.027603 39.520485 11.641569 2482.477783 
97.950706 95.039810 33.107697 20.392437 990.513306 
71.508018 120.534676 74.539597 45.654537 1556.061523 
99.482216 37.027092 25.329187 20.852779 3972.211914 
75.943314 56.377201 10.124330 0.317774 3349.390137 
40.680428 21.431250 5.832916 6.610984 3142.306396 
30.015633 52.363098 25.485764 20.025261 2082.224854 
1672.602051 58.016628 4.007404 73.437294 9888.481445 
107.296539 12.772330 3.804133 6.692250 3473.442383 
223.864639 1.326768 0.129459 0.997678 5711.929688 
37.236984 12.997796 4.342308 1.465179 6005.192871 
26.218018 30.663483 4.094436 3.310354 3613.476318 
239.910278 4.250333 1.714306 4.002754 7144.337891 
254.237656 0.718337 2.100290 6.528132 9414.509766 
46.645817 140.807648 40.170349 16.452782 6969.699707 
125.047134 142.395416 103.815979 31.037258 6935.270996 
59.795650 177.635742 67.583961 27.129494 1318.663086 
70.797539 61.657555 10.074059 5.262230 5835.301270 
41.345688 111.583992 55.341091 37.107567 4838.380859 
42.558937 86.546104 31.958790 18.647799 6395.925781 
31.688198 98.447708 32.443913 19.212753 6213.801270 
76.025597 164.513260 29.133902 26.595791 5344.568848 
32.936810 24.114265 2.058705 1.102996 10009.365234 
151.957794 58.757442 22.530684 2.844102 6356.305176 
81.403084 44.232338 5.965566 1.724507 6614.555664 
23.220480 200.350739 90.003250 46.843449 6003.610840 
206.185455 9.957091 4.749454 3.348726 5343.767090 
54.593979 118.794174 91.125557 23.990705 2354.919434 
69.078552 35.345169 14.797750 6.634548 9882.847656 
580.280945 2.194457 1.544221 1.745675 18684.148438 
99.129005 65.910255 35.235901 21.961906 6612.345703 
73.510963 38.410213 10.862442 7.894607 4412.339844 
64.284920 76.305870 31.719763 18.761105 4978.314941 
96.804695 70.173187 31.753572 34.109413 7681.498535 
139.303345 41.639076 58.846939 23.326487 3496.176514 
58.095520 15.942130 7.546740 4.473575 5837.921875 
53.737762 9.374835 1.530416 12.161736 12743.512695 
79.366074 3.845549 2.968379 7.759944 19295.251953 
476.882385 6.862154 5.402601 41.342415 15224.052734 
760.595581 79.837059 46.536732 9.481696 22318.015625 
45.055397 73.034271 19.379694 5.959236 10556.960938 
95.445625 25.009604 3.727495 2.736284 11015.994141 
99.721092 89.865059 29.022945 21.217216 7386.634766 
1580.981567 587.345032 818.964722 1970.124634 71012.265625 
171.945847 4.156281 2.562875 2.412003 21444.974609 
80.844963 92.500053 34.523659 15.293878 4961.883301 
288.347198 1.418887 27.067215 7.720490 25942.466797 
109.816521 33.184776 19.696587 5.032629 17027.750000 
756.768127 4.807947 10.905136 15.688935 28822.185547 
271.555878 0.652210 0.238235 0.925545 30514.917969 
89.397057 51.130779 14.409444 9.305702 12612.226562 
90.750580 3.908053 1.272145 0.832272 16065.483398 
98.420670 22.722063 7.878120 4.694461 20440.429688 
154.740631 52.112156 33.822559 31.379045 8728.564453 
101.710632 2.573710 1.521805 0.706208 25389.910156 
519.988037 2.757610 0.178176 5.033341 26476.369141 
44.512657 30.060547 4.760649 6.011704 15699.811523 
77.322334 33.882633 11.203690 4.041684 10634.334961 
51.225128 95.912491 30.583361 21.893732 7501.933105 
37.695469 12.109972 1.463925 1.407936 15437.593750 
46.504799 16.905035 5.157967 1.306099 21397.410156 
38.708206 25.060127 5.012313 6.619882 16710.835938 
122.177864 72.672577 37.737328 15.703839 23316.041016 
78.396713 1.000078 1.365541 10.336984 15432.299805 
42.290073 89.839966 22.826075 7.845886 10635.314453 
32.236305 44.368404 13.472220 5.409513 17284.240234 
61.336666 3.419674 2.107029 4.761078 24795.470703 
68.183464 65.127327 22.986603 13.858040 11135.182617 
267.875763 3.221043 0.952630 1.370083 27531.623047 
17.125050 63.022255 16.630411 3.645326 10389.369141 
87.235031 22.478882 13.374087 3.415392 11920.965820 
137.103729 0.529908 7.807925 0.098043 36739.308594 
67.186928 13.889866 0.194283 0.497663 30511.511719 
90.805176 118.875450 6.769296 214.694641 34388.906250 
126.128891 18.225327 14.047811 7.613455 18006.722656 
78.081879 44.791748 12.540759 2.976249 11915.491211 
72.118935 42.086094 15.543785 6.490117 17276.085938 
104.921509 31.163492 0.495841 9.311593 26982.708984 
1394.526001 2372.903809 2114.668945 72.350342 54880.984375 
33.921585 23.618475 4.119464 2.532918 25352.933594 
24.839722 72.928345 24.728539 8.892137 19181.189453 
78.342461 27.377291 12.048483 19.249310 15785.271484 
55.369930 47.994923 14.881497 13.876580 16468.392578 
44.500816 87.345268 24.587223 4.955261 13350.127930 
45.721935 92.450333 45.743446 44.049683 11221.273438 
57.096481 80.833725 21.083977 10.857078 15496.847656 
74.592613 69.179779 21.899605 4.761610 16992.035156 
51.931133 54.408669 15.070216 2.338058 25959.013672 
99.099480 35.986778 7.696864 2.282739 9419.508789 
66.441444 42.665005 3.037515 0.648812 23502.673828 
107.875885 27.614044 3.069093 6.503436 19788.761719 
253.215378 10.141017 0.415540 0.882604 21459.478516 
257.318787 19.187443 0.250685 5.635869 45107.820312 
59.373474 50.677616 13.899165 0.521849 16024.447266 
363.956238 36.381821 0.952495 13.033697 28345.474609 
65.730324 80.401855 28.417953 2.008973 19014.064453 
290.218384 14.124690 7.998493 4.945778 36318.167969 
52.100700 33.563511 8.714731 2.353827 15607.844727 
35.265793 45.828987 11.614422 1.470158 20915.662109 
81.094009 0.674944 0.422520 0.386078 23051.246094 
57.163830 2.632553 0.135100 0.154758 29709.941406 
47.532764 87.897835 26.926044 9.760436 16058.450195 
9.695497 40.535400 10.776704 7.319322 14858.471680 
159.861191 66.019424 20.490879 6.147987 20631.378906 
59.254623 61.806042 15.927567 6.159435 23406.398438 
22.021441 83.065666 23.660536 5.351010 14822.156250 
49.912083 16.318279 8.753931 15.283095 26834.070312 
20.584795 53.264687 16.738829 6.274520 14305.318359 
149.690155 29.291521 6.805215 1.470213 31491.171875 
156.496292 9.678499 4.931824 0.502260 26807.916016 
1125.807983 0.937781 0.184072 1.562041 40715.085938 
44.781025 39.444324 14.938304 1.105830 14621.458008 
124.812561 66.740097 19.100042 9.174427 22668.621094 
617.253113 1.283479 1.726260 1.070173 25605.787109 
296.717468 6.619280 10.180610 6.577936 33590.007812 
24.136488 39.837864 8.539107 3.849165 17696.343750 
61.316128 79.622162 22.100882 8.335604 19177.169922 
115.428215 29.913641 5.520482 8.499681 32319.707031 
45.667274 70.716019 11.364786 7.116803 22853.345703 
552.851685 20.929785 12.845294 5.861580 25635.740234 
143.073044 38.538605 13.760626 0.668229 26351.103516 
190.404495 74.119354 24.533783 1.597048 34682.304688 
77.660187 4.033201 1.292562 0.868594 18683.615234 
56.201458 86.220306 21.393929 10.814305 17609.296875 
18.101809 95.030891 30.023001 4.536704 24142.015625 
23.532907 90.994095 25.407440 6.661811 19891.384766 
110.291283 4.215702 0.912679 0.489094 32059.029297 
165.800308 40.300392 15.218928 19.980062 37751.730469 
20.802876 57.576012 14.469098 4.245379 18529.156250 
38.045105 100.065605 26.088125 15.073602 30843.160156 
40.854370 109.094849 23.124775 4.169216 22041.996094 
103.121887 14.252417 2.938277 0.666080 22769.537109 
45.560139 76.753845 25.485321 10.157791 12247.755859 
336.931366 17.709255 3.244061 0.217881 34548.195312 
1025.786133 4.636535 4.092381 2.335004 52265.199219 
346.332977 1.131968 4.732211 26.825655 50554.847656 
36.670376 48.104137 13.114923 2.882854 13967.748047 
27.457777 8.352827 7.971961 3.926060 24395.250000 
96.415573 19.460142 5.142021 0.643866 22517.994141 
79.554527 108.656593 24.157524 6.843220 6685.748535 
63.729053 58.645416 12.889304 3.744688 25698.683594 
76.947372 43.189995 17.220150 0.756227 19720.380859 
45.842289 86.626007 22.847605 5.205065 14925.420898 
138.413422 43.741676 10.236070 1.725839 22182.697266 
58.930332 93.723656 30.028206 11.559020 18341.605469 
21.112000 21.773989 7.566061 2.500148 27346.603516 
25.770533 82.963425 22.752008 3.007827 19732.476562 
67.917198 61.290089 24.508272 10.060915 19021.664062 
56.384239 24.070896 4.967277 0.684878 20304.984375 
93.034386 88.564178 20.163181 0.644842 14228.695312 
29.227179 81.843582 23.709362 3.427131 18549.419922 
74.322975 61.683609 18.276176 3.839128 28166.152344 
108.900917 55.568253 15.670765 4.009251 15174.451172 
68.602493 66.932564 24.004683 5.626690 10456.581055 
320.596832 36.133305 7.941193 0.221699 38630.621094 
73.204742 56.263943 17.434278 6.927214 30274.736328 
302.025269 34.632980 1.230640 7.943433 45490.406250 
44.612774 38.590282 6.771522 0.498562 20351.410156 
472.627502 8.306096 2.367688 7.362359 48861.671875 
45.299221 33.103886 6.467705 3.066629 16893.771484 
68.372498 60.237484 18.131809 4.702970 12960.654297 
27.620384 95.114708 24.645308 5.061657 14306.798828 
462.820099 2.206105 0.828998 1.819436 28570.097656 
37.728325 103.363617 23.343882 5.162394 12968.547852 
26.219717 73.829575 16.637575 5.145075 23800.486328 
101.527031 104.775406 32.929745 2.421454 12080.819336 
81.844841 66.835587 20.056145 2.186126 18712.470703 
126.530807 9.531111 0.351342 0.479080 24756.757812 
89.465836 57.549408 18.426125 4.044827 25454.869141 
72.100922 124.657799 35.501068 7.174271 11622.943359 
52.300220 0.130233 0.535463 1.353307 44143.847656 
58.445141 32.802643 10.863597 1.522432 21186.197266 
74.167770 14.115747 5.953392 4.866796 31276.091797 
82.491623 12.481636 2.948584 4.775251 22572.187500 
48.483784 88.064766 33.940674 3.257411 14619.780273 
1381.323730 4.667024 5.119104 7.288476 33616.585938 
155.845505 0.401402 0.777104 0.064581 18650.878906 
113.586174 28.651110 5.519420 1.045895 32108.886719 
18.545376 59.297577 22.232140 7.048193 11434.555664 
13.296815 49.900406 10.974874 1.033265 27808.443359 
15.300604 88.301949 21.378056 3.660014 20001.580078 
15.888394 105.383217 32.152420 6.992103 19770.892578 
63.286339 87.297874 23.421734 4.903516 10945.820312 
56.520069 127.086998 41.534973 12.372527 13642.042969 
261.982239 32.095661 11.201235 0.787718 17083.175781 
61.152515 78.509888 25.213362 3.547946 11925.335938 
62.879944 32.097832 17.874792 6.490288 21112.378906 
71.248161 77.870743 27.600183 7.092232 17767.349609 
108.403320 30.455946 11.299504 2.659516 21012.009766 
117.587639 47.666878 8.801696 2.187793 31974.242188 
26.259644 52.078777 18.819641 5.363486 20260.062500 
83.993256 40.266243 8.366955 1.323057 27716.478516 
117.019302 30.316666 6.004983 1.412031 23224.367188 
138.757874 72.195419 24.344191 7.041494 13906.041992 
9.842861 59.151108 12.331904 2.130438 15735.881836 
71.494461 89.954185 26.276506 2.102403 19577.011719 
33.555908 96.719872 18.819889 4.534192 20481.115234 
31.949890 98.351784 22.894686 3.388513 19642.341797 
37.587219 83.220169 23.002453 6.634273 22056.441406 
481.484894 6.035515 7.664647 29.482769 68237.914062 
30.053175 94.634186 27.395132 2.120726 27178.814453 
48.070271 50.003906 11.799131 0.860023 26134.648438 
593.123474 29.776230 23.009581 0.920675 40461.246094 
56.974613 95.284599 22.723095 4.736353 21422.943359 
50.766563 131.988983 37.904633 6.988762 17765.021484 
32.723789 101.478027 37.035484 6.930013 11907.833984 
67.046539 71.402145 25.645618 2.770728 33298.652344 
63.108570 54.129833 17.922905 2.861358 13920.737305 
267.702972 12.118446 4.069146 0.503799 43176.484375 
83.398857 59.596798 16.454678 2.154731 24558.542969 
120.885094 1.445688 2.126430 2.838710 55802.460938 
14.130574 49.909744 9.413665 1.753329 19671.072266 
28.223604 63.579613 31.076775 3.518844 27114.787109 
15.760427 79.119522 14.914248 1.717713 24296.488281 
24.707619 68.849342 16.667276 2.261819 14361.482422 
28.212742 81.400414 21.050928 2.445352 26702.005859 
78.625153 15.287860 3.987491 8.650532 25455.488281 
32.853096 52.830925 14.418579 1.915306 16057.788086 
97.789322 69.158524 7.136762 1.098471 24631.447266 
60.880253 24.670393 12.102572 2.557727 20267.699219 
522.893799 4.991989 1.324769 1.304012 33634.062500 
40.294071 76.757088 18.708374 4.010202 16497.496094 
152.103806 17.493935 3.041502 1.082409 24979.408203 
23.317965 17.240049 2.392835 0.654223 22696.339844 
155.745895 19.706839 0.436360 0.494338 31087.582031 
46.104603 44.413071 11.509376 1.662504 12961.877930 
37.731384 65.550232 19.526533 4.898005 12469.992188 
25.820208 91.514923 26.318825 2.757480 10971.538086 
83.752563 69.957138 21.436680 7.307408 19553.287109 
44.369530 96.569794 27.602194 5.063070 13073.090820 
32.286423 70.249191 21.204287 2.118211 26264.841797 
267.555511 9.114883 3.169913 1.311857 22308.710938 
77.719383 78.270691 10.505023 10.987711 35666.925781 
179.101562 15.797666 7.544399 5.980182 43783.289062 
226.576370 2.838119 0.407400 0.294780 31968.535156 
116.035927 30.059763 3.872662 0.252190 34232.781250 
349.503937 21.610422 12.584431 4.466712 67224.140625 
62.666542 73.979675 19.546169 2.491124 20990.900391 
36.830132 107.624916 35.325829 4.734360 19353.328125 
32.557293 92.368607 22.305044 2.790253 26986.097656 
467.463928 29.610910 8.917847 8.786240 39176.398438 
73.322189 16.628408 7.234070 2.214460 13969.639648 
29.336981 40.828327 9.506800 1.671493 17642.714844 
705.910889 22.535103 34.352833 4.714670 35367.964844 
359.140350 29.203482 11.448240 2.403350 27979.886719 
31.274998 47.580379 7.729740 1.374271 14277.888672 
63.067616 51.624298 13.955883 1.798150 27827.550781 
16.814430 145.248734 37.712639 5.082647 23525.908203 
329.390991 2.965057 0.025262 1.046088 33668.648438 
264.891632 5.121658 0.517902 0.541018 50288.910156 
21.013687 84.190834 22.730419 2.866794 14888.682617 
156.524094 51.223866 7.295845 0.508290 33728.187500 
48.446865 48.716694 8.528782 1.469603 14334.420898 
214.655823 21.720314 4.658987 30.901268 37223.648438 
13.618386 106.120911 18.236908 4.412488 24644.994141 
426.565063 5.219366 10.097155 21.727919 41495.722656 
7.859605 89.947235 25.228586 6.057323 17040.730469 
17.483366 102.179428 18.439171 2.514628 26458.425781 
92.189323 16.406349 7.112462 5.086958 30509.646484 
871.412415 17.766817 10.056343 1.861386 24765.554688 
59.730412 109.757042 32.178913 5.528567 20670.990234 
47.602863 62.066269 10.422226 0.960601 30149.111328 
121.784332 93.897408 22.663509 3.176935 8001.484863 
24.098022 23.697815 9.321418 3.038350 28344.453125 
260.596436 21.796183 0.764899 0.356845 33316.894531 
15.140905 79.339363 20.400009 6.036657 19205.064453 
72.252625 128.118790 40.524063 7.318050 15466.952148 
17.530081 82.905289 18.033840 4.205628 15293.289062 
63.092201 21.243029 8.551011 1.342770 16112.280273 
114.831505 13.384158 4.165657 0.787650 28365.763672 
117.445076 69.311592 22.064188 3.954535 11419.555664 
22.734362 52.489105 17.936708 2.425309 30295.257812 
129.674713 62.292332 12.414749 3.341112 30856.628906 
225.863632 58.795025 12.343191 0.692421 30339.398438 
38.302597 91.711380 17.411333 3.889447 11238.680664 
67.996613 92.179382 20.787825 4.444683 13633.705078 
132.092819 62.071770 9.933378 4.056214 24656.085938 
91.737556 71.987648 19.660234 2.944418 40004.968750 
180.797974 20.531250 8.277557 0.865222 38945.339844 
41.813431 14.282211 1.657147 1.626167 21657.548828 
20.765238 92.379166 21.070877 4.114888 13178.856445 
66.433502 39.276279 9.431881 3.531377 17204.146484 
93.668251 49.351070 13.228326 1.736285 21911.896484 
552.356750 12.004089 4.208420 6.052176 38186.500000 
34.751591 74.768143 18.905167 1.185373 19663.343750 
102.126663 39.177006 7.761954 1.276888 31988.126953 
25.271740 26.637823 1.937055 0.796322 13994.820312 
155.631195 33.125187 8.062856 3.157331 56131.722656 
403.988312 0.638274 0.443812 11.234669 51243.921875 
60.886780 73.303780 21.319077 7.915512 25859.835938 
93.454002 48.660763 9.747046 0.912006 26084.187500 
331.373199 82.296661 19.202183 0.893226 38279.500000 
129.910904 46.519539 16.185884 4.901796 26478.384766 
30.300911 66.957413 14.251279 2.494798 21709.060547 
65.782585 54.209141 14.331078 0.497399 31064.751953 
124.064888 83.512604 17.092979 1.984266 25216.529297 
993.462463 79.241959 14.159683 2.226839 36887.664062 
79.368607 49.040718 10.182021 5.411155 29200.273438 
82.237251 83.178696 17.894812 1.418841 24312.591797 
48.707615 45.226273 9.020630 3.654841 21070.929688 
235.623764 19.236692 3.459704 2.658637 26341.578125 
70.432053 74.707970 16.927691 2.546825 20287.636719 
53.085308 74.146133 14.101806 0.508887 32406.548828 
145.415161 0.265788 0.136503 1.095282 33790.789062 
106.238579 15.980690 5.189958 2.347289 22973.494141 
652.385376 11.283578 4.753084 0.760562 31672.783203 
590.070190 0.118070 3.594863 0.617111 34615.859375 
34.325397 52.465469 14.946724 4.292624 41170.839844 
347.732147 28.928858 2.653305 4.892006 30165.173828 
71.958969 125.379486 32.274792 4.870712 17390.765625 
54.014240 102.436386 30.569918 2.913825 16870.714844 
97.167412 81.613441 20.025188 5.325902 16202.233398 
27.266487 68.890129 13.031369 1.043498 18454.644531 
57.154480 99.078117 25.209526 3.623285 30712.048828 
56.991550 98.250992 27.504171 3.519540 25775.029297 
214.619354 60.932060 19.789068 12.096444 36127.679688 
83.420181 54.000679 13.838439 2.301945 28066.755859 
42.395046 31.913530 10.887433 3.367934 16247.472656 
60.007065 45.593334 7.999823 1.706145 27967.576172 
60.275333 61.538776 9.902180 0.741199 22772.216797 
25.246735 46.533302 12.341546 1.454634 17433.097656 
524.634094 4.650374 0.818463 7.504703 55722.664062 
24.364962 44.777618 9.324432 2.153289 22139.351562 
29.462324 109.760139 35.673904 2.363727 20205.537109 
20.998087 78.378021 21.536949 7.523604 25840.556641 
124.529228 3.868569 1.394597 7.721331 37241.925781 
60.024872 84.812187 23.574656 5.485491 8698.158203 
68.862381 52.287712 6.123905 1.838681 38304.234375 
27.450716 86.195976 17.659687 3.544384 21806.892578 
83.767265 64.597977 10.262830 1.414762 30518.367188 
53.085655 79.500626 19.659964 6.884895 14929.904297 
101.732811 6.762531 1.141720 5.148493 18129.396484 
54.036243 87.984329 26.872520 2.907413 9111.250000 
63.757507 45.426414 11.382886 0.742957 19192.839844 
57.544495 76.066269 20.434746 5.688966 16036.190430 
369.801086 11.583595 1.171228 0.591376 26220.802734 
9.376245 88.979431 19.807995 3.904901 14411.176758 
398.567413 26.653965 1.627031 0.949439 34772.152344 
78.517609 38.360207 5.839815 1.409853 27930.056641 
43.211586 35.446915 5.570898 1.288087 15779.319336 
115.613564 45.938278 7.024634 4.985382 33687.753906 
27.408472 102.302994 29.111437 2.546056 11889.806641 
58.990925 102.817734 29.286556 5.232013 18446.087891 
151.602631 43.272213 8.061094 3.632799 25902.179688 
64.195663 81.725998 19.791067 1.142321 28353.546875 
47.263561 115.091698 25.130417 2.752233 11423.508789 
32.078972 74.203102 13.229733 1.371209 20613.332031 
61.991459 54.232067 11.919724 1.065605 22389.718750 
83.027718 57.772301 13.888720 2.027086 17074.162109 
69.682938 59.583858 10.717872 2.557339 17903.392578 
15.844076 111.741692 28.167368 5.283426 18902.738281 
242.518036 33.242977 3.565461 0.803103 38616.046875 
362.633789 5.859119 10.627671 4.422017 32318.291016 
63.692158 11.022693 0.752986 1.244801 30391.498047 
57.452061 58.808399 17.734991 1.626209 22193.666016 
82.646500 7.720403 0.391191 1.234002 24772.765625 
14.950114 60.937073 16.240690 1.647361 16522.707031 
5.256168 115.029152 29.476427 2.058857 23522.505859 
35.750015 80.824997 21.382505 1.836245 18482.841797 
25.479073 55.601471 11.384533 0.864990 21166.044922 
669.037476 11.829926 12.343196 710.031982 87922.710938 
19.439356 50.709732 12.241611 2.808957 25921.259766 
60.161674 71.104065 15.303378 2.354553 11691.714844 
