3.668261 
2.379262 
2.074475 
1.811707 
1.725798 
1.826085 
1.418799 
1.130781 
1.344496 
1.503332 
1.812716 
1.059040 
0.821082 
1.784907 
1.049010 
0.793640 
0.941530 
1.216256 
1.230762 
1.446030 
0.940878 
0.994207 
0.789942 
0.986083 
1.170016 
0.904049 
1.094996 
1.042038 
0.855988 
0.920839 
0.749819 
0.618758 
1.070411 
0.704665 
0.616863 
0.903431 
0.672347 
1.230178 
0.839559 
0.640265 
0.853914 
0.923924 
1.069684 
0.955673 
0.867694 
0.571863 
0.762520 
0.630589 
0.659142 
1.006837 
0.804596 
0.881969 
1.339470 
0.890562 
1.157583 
1.335188 
0.835784 
0.782901 
1.460747 
0.688106 
1.055553 
0.496774 
1.066600 
1.089037 
0.799661 
0.741787 
0.844168 
0.657242 
1.134507 
0.556559 
0.695124 
1.092906 
1.101673 
0.834377 
1.466625 
0.972242 
1.257664 
0.908183 
0.945853 
0.716534 
0.543463 
1.872962 
0.903847 
0.616413 
0.666433 
1.184657 
0.731472 
1.233041 
1.565948 
0.622441 
1.486785 
0.656285 
0.710390 
1.458137 
0.981068 
0.986709 
0.830916 
1.361010 
0.941723 
1.101998 
0.685582 
0.715785 
0.567923 
0.941948 
1.166669 
0.399590 
0.890794 
0.873891 
0.691750 
1.442250 
1.215049 
0.705496 
0.771773 
1.061716 
0.489613 
1.146536 
0.666750 
0.418482 
0.996774 
0.905566 
0.730614 
0.654610 
0.839914 
0.781184 
0.675598 
0.861523 
0.798322 
0.878718 
0.687786 
0.411521 
1.100017 
0.873903 
0.479011 
1.895184 
0.629239 
0.808691 
0.643960 
1.061899 
0.749397 
0.654142 
0.631325 
1.172979 
0.769964 
1.040378 
1.189471 
0.695757 
0.694677 
0.470964 
0.748874 
0.663153 
1.045279 
1.198047 
0.635275 
0.596778 
0.501476 
1.114465 
0.947716 
0.524210 
0.509955 
1.134186 
0.658373 
1.046855 
0.580534 
0.490660 
1.410884 
0.913763 
0.786132 
0.512654 
0.732071 
0.958135 
0.914613 
1.224582 
1.407130 
1.306267 
0.847995 
1.371679 
0.469849 
0.448111 
0.748522 
0.763437 
2.775757 
1.170705 
0.663102 
0.668401 
0.815734 
0.712586 
0.919765 
1.002340 
1.017228 
1.070977 
0.702026 
1.032136 
0.654796 
1.338967 
0.711495 
0.912555 
0.750307 
1.090246 
0.634588 
0.568357 
0.827263 
0.944578 
0.748874 
1.248588 
0.255898 
0.800772 
1.175592 
1.017582 
1.129881 
0.951017 
0.781131 
0.961816 
0.716461 
0.902057 
1.254213 
0.769230 
0.896417 
0.554245 
0.983403 
0.907599 
0.594061 
0.623655 
0.753563 
0.786896 
0.877372 
0.642960 
0.988377 
0.656527 
1.287184 
0.800183 
0.888104 
0.875638 
0.794787 
1.015965 
0.985804 
0.644756 
0.918698 
0.847483 
0.780850 
1.340179 
0.940101 
0.863597 
0.730630 
1.040820 
0.797303 
0.936621 
1.098622 
1.048118 
1.094813 
0.489580 
0.759322 
0.675862 
0.897116 
0.640150 
0.660652 
0.944822 
0.592142 
0.490678 
0.967686 
0.452025 
0.800011 
0.737339 
0.551437 
0.715591 
1.396518 
1.079154 
1.682781 
0.947406 
0.645947 
0.603228 
0.774784 
0.400367 
1.063906 
0.953699 
0.746407 
0.819644 
0.965920 
1.138624 
0.781349 
0.649959 
0.914279 
0.510493 
0.624284 
1.640924 
0.327484 
0.859137 
0.441567 
0.996576 
1.044312 
0.476750 
0.274258 
0.811030 
0.621577 
0.569850 
0.738672 
0.726508 
1.138855 
0.818387 
1.003123 
0.690929 
0.872546 
0.690935 
0.599129 
0.999942 
0.341563 
0.955610 
0.935590 
0.894199 
1.379270 
1.650725 
0.855358 
0.908109 
1.076012 
0.248999 
1.081459 
1.234891 
1.411572 
1.157043 
0.913924 
0.846920 
0.727092 
0.638611 
0.661241 
0.737108 
0.480591 
0.477073 
0.864540 
0.881480 
0.520609 
0.707735 
0.803173 
1.163435 
0.297000 
0.275306 
0.565029 
0.612419 
0.584075 
0.776898 
0.976002 
0.764384 
0.576651 
0.400953 
0.426370 
0.922646 
0.786782 
1.384863 
0.880111 
1.447287 
1.350825 
0.627133 
1.072849 
0.466493 
0.705301 
0.660998 
0.808766 
0.321069 
1.281593 
0.866708 
1.047037 
0.260485 
0.973099 
0.651244 
0.676628 
0.478325 
1.136503 
0.639034 
0.926590 
0.705810 
0.958418 
0.546026 
0.803264 
1.499150 
0.742176 
0.358827 
0.706605 
0.614958 
1.102621 
1.284341 
0.641350 
0.473960 
0.980564 
0.619134 
0.425209 
1.089580 
0.344625 
0.547552 
0.494395 
0.932133 
1.484500 
1.270081 
1.776688 
1.196879 
1.224086 
1.631952 
0.963130 
0.747792 
0.671278 
0.490539 
0.944631 
1.333391 
0.988026 
1.161582 
0.454771 
0.736228 
0.669953 
0.954444 
1.162924 
0.231153 
1.685131 
0.981465 
1.116478 
0.338142 
0.767721 
0.635526 
0.578894 
0.850549 
1.043236 
1.204260 
0.673243 
0.540719 
0.783549 
0.983894 
0.443628 
1.037129 
0.881953 
0.465597 
1.120653 
0.895808 
0.956204 
0.503345 
1.049259 
0.848028 
0.961828 
0.813712 
0.585292 
0.717751 
0.688805 
1.016462 
0.875885 
0.602038 
1.328994 
0.594726 
0.784040 
0.816890 
0.813912 
1.722676 
0.783114 
0.611986 
0.519217 
0.883135 
0.843290 
0.866840 
0.667958 
0.576505 
1.071441 
0.960891 
0.681717 
0.966422 
0.628317 
1.071004 
0.502674 
0.958828 
0.882586 
0.372781 
0.996687 
0.763770 
0.930479 
0.755472 
0.785999 
0.480338 
0.686180 
0.778449 
1.022187 
0.894450 
0.878454 
0.842949 
0.713213 
0.711025 
0.703693 
0.525917 
0.709784 
1.002901 
0.639968 
0.943235 
0.495370 
0.832630 
0.560846 
0.854858 
0.798702 
0.653174 
1.008434 
0.909415 
0.713447 
0.923048 
1.063352 
1.004732 
1.493108 
1.273684 
0.618238 
0.505434 
