427653.250000 266421.312500 118129.718750 45210.722656 64566.199219 
588045.875000 173174.625000 120574.718750 27263.765625 20768.453125 
429311.531250 553770.312500 291914.437500 834084.437500 163579.687500 
168391.453125 77454.382812 79330.312500 60200.503906 22027.082031 
311348.750000 191765.203125 103091.632812 54541.304688 41375.925781 
573526.312500 175358.968750 101816.304688 18373.513672 45762.496094 
237462.343750 49316.625000 91361.781250 106134.398438 107923.859375 
521290.343750 266505.875000 237660.984375 33344.519531 10992.898438 
515318.843750 530476.500000 221498.000000 38468.835938 56966.332031 
508844.500000 405641.656250 224996.234375 63128.718750 35877.531250 
33057.011719 73441.234375 149153.750000 97750.976562 70068.328125 
438177.250000 451726.250000 552655.500000 129554.281250 82223.007812 
675536.125000 398820.468750 281315.562500 73969.476562 54746.246094 
680559.562500 465261.718750 241290.078125 59491.972656 57766.402344 
489897.468750 387824.625000 191557.953125 41581.199219 41210.472656 
673165.250000 648192.437500 95446.187500 53199.707031 44408.867188 
219896.859375 108980.601562 90818.867188 25187.296875 40080.226562 
461103.656250 297513.718750 184507.218750 129950.414062 83214.976562 
421230.875000 296101.562500 305885.000000 30069.927734 37633.792969 
203475.828125 256774.218750 127680.664062 24521.248047 14061.112305 
