Episode: 1: [[0. 0. 0.]
 [0. 0. 0.]
 [0. 0. 0.]] 
Episode: 2: [[ 8.000000e-06 -7.999999e-06 -7.999999e-06]
 [ 7.999999e-06  7.999999e-06 -7.999999e-06]
 [ 8.000000e-06  7.999999e-06  7.999999e-06]] 
Episode: 3: [[ 1.33603917e-05 -1.33604317e-05 -1.33604317e-05]
 [ 1.33604290e-05  1.33603598e-05 -1.33604435e-05]
 [ 1.33604299e-05  1.33604235e-05  1.33603580e-05]] 
Episode: 4: [[ 1.7503977e-05 -1.7504046e-05 -1.7504046e-05]
 [ 1.7504040e-05  1.7503913e-05 -1.7504068e-05]
 [ 1.7504042e-05  1.7504031e-05  1.7503909e-05]] 
Episode: 5: [[ 2.0898202e-05 -2.0898273e-05 -2.0898273e-05]
 [ 2.0898267e-05  2.0898135e-05 -2.0898296e-05]
 [ 2.0898269e-05  2.0898258e-05  2.0898131e-05]] 
Episode: 6: [[ 2.3767090e-05 -2.3767150e-05 -2.3767150e-05]
 [ 2.3767145e-05  2.3767016e-05 -2.3767174e-05]
 [ 2.3767147e-05  2.3767136e-05  2.3767012e-05]] 
Episode: 7: [[ 2.6239482e-05 -2.6239653e-05 -2.6239653e-05]
 [ 2.6239641e-05  2.6239308e-05 -2.6239713e-05]
 [ 2.6239642e-05  2.6239615e-05  2.6239297e-05]] 
Episode: 8: [[ 2.8398661e-05 -2.8398921e-05 -2.8398921e-05]
 [ 2.8398905e-05  2.8398412e-05 -2.8399010e-05]
 [ 2.8398905e-05  2.8398865e-05  2.8398395e-05]] 
Episode: 9: [[ 3.0302001e-05 -3.0302404e-05 -3.0302404e-05]
 [ 3.0302381e-05  3.0301640e-05 -3.0302537e-05]
 [ 3.0302381e-05  3.0302319e-05  3.0301613e-05]] 
Episode: 10: [[ 3.1991665e-05 -3.1992182e-05 -3.1992178e-05]
 [ 3.1992149e-05  3.1991203e-05 -3.1992349e-05]
 [ 3.1992149e-05  3.1992069e-05  3.1991167e-05]] 
Episode: 11: [[ 3.3499644e-05 -3.3500241e-05 -3.3500237e-05]
 [ 3.3500204e-05  3.3499087e-05 -3.3500437e-05]
 [ 3.3500201e-05  3.3500106e-05  3.3499040e-05]] 
Episode: 12: [[ 3.4851077e-05 -3.4851724e-05 -3.4851721e-05]
 [ 3.4851684e-05  3.4850436e-05 -3.4851946e-05]
 [ 3.4851681e-05  3.4851575e-05  3.4850382e-05]] 
Episode: 13: [[ 3.6066162e-05 -3.6066835e-05 -3.6066827e-05]
 [ 3.6066791e-05  3.6065427e-05 -3.6067075e-05]
 [ 3.6066784e-05  3.6066671e-05  3.6065361e-05]] 
Episode: 14: [[ 3.7161477e-05 -3.7162208e-05 -3.7162201e-05]
 [ 3.7162161e-05  3.7160615e-05 -3.7162481e-05]
 [ 3.7162154e-05  3.7162023e-05  3.7160538e-05]] 
Episode: 15: [[ 3.8150854e-05 -3.8151684e-05 -3.8151673e-05]
 [ 3.8151626e-05  3.8149810e-05 -3.8152004e-05]
 [ 3.8151618e-05  3.8151466e-05  3.8149716e-05]] 
Episode: 16: [[ 3.9045917e-05 -3.9046961e-05 -3.9046947e-05]
 [ 3.9046889e-05  3.9044571e-05 -3.9047369e-05]
 [ 3.9046881e-05  3.9046685e-05  3.9044444e-05]] 
Episode: 17: [[ 3.9856895e-05 -3.9858220e-05 -3.9858201e-05]
 [ 3.9858129e-05  3.9855197e-05 -3.9858733e-05]
 [ 3.9858121e-05  3.9857870e-05  3.9855036e-05]] 
Episode: 18: [[ 4.0592633e-05 -4.0594201e-05 -4.0594179e-05]
 [ 4.0594092e-05  4.0590585e-05 -4.0594812e-05]
 [ 4.0594085e-05  4.0593783e-05  4.0590392e-05]] 
Episode: 19: [[ 4.1260471e-05 -4.1262407e-05 -4.1262378e-05]
 [ 4.1262272e-05  4.1257961e-05 -4.1263156e-05]
 [ 4.1262265e-05  4.1261890e-05  4.1257721e-05]] 
Episode: 20: [[ 4.1867392e-05 -4.1869633e-05 -4.1869596e-05]
 [ 4.1869473e-05  4.1864438e-05 -4.1870502e-05]
 [ 4.1869469e-05  4.1869029e-05  4.1864154e-05]] 
Episode: 21: [[ 4.2419255e-05 -4.2421754e-05 -4.2421714e-05]
 [ 4.2421572e-05  4.2415857e-05 -4.2422740e-05]
 [ 4.2421569e-05  4.2421070e-05  4.2415526e-05]] 
Episode: 22: [[ 4.2921114e-05 -4.2923915e-05 -4.2923868e-05]
 [ 4.2923708e-05  4.2917192e-05 -4.2925036e-05]
 [ 4.2923704e-05  4.2923133e-05  4.2916807e-05]] 
Episode: 23: [[ 4.3377626e-05 -4.3380824e-05 -4.3380769e-05]
 [ 4.3380587e-05  4.3373093e-05 -4.3382111e-05]
 [ 4.3380584e-05  4.3379925e-05  4.3372642e-05]] 
Episode: 24: [[ 4.3793243e-05 -4.3796830e-05 -4.3796768e-05]
 [ 4.3796565e-05  4.3788132e-05 -4.3798274e-05]
 [ 4.3796561e-05  4.3795819e-05  4.3787622e-05]] 
Episode: 25: [[ 4.4171691e-05 -4.4175616e-05 -4.4175547e-05]
 [ 4.4175322e-05  4.4166020e-05 -4.4177206e-05]
 [ 4.4175318e-05  4.4174500e-05  4.4165452e-05]] 
Episode: 26: [[ 4.4516404e-05 -4.4520610e-05 -4.4520533e-05]
 [ 4.4520293e-05  4.4510212e-05 -4.4522330e-05]
 [ 4.4520290e-05  4.4519398e-05  4.4509590e-05]] 
Episode: 27: [[ 4.4830282e-05 -4.4834804e-05 -4.4834720e-05]
 [ 4.4834462e-05  4.4823544e-05 -4.4836666e-05]
 [ 4.4834458e-05  4.4833490e-05  4.4822864e-05]] 
Episode: 28: [[ 4.5116129e-05 -4.5120989e-05 -4.5120898e-05]
 [ 4.5120622e-05  4.5108842e-05 -4.5122997e-05]
 [ 4.5120618e-05  4.5119570e-05  4.5108103e-05]] 
Episode: 29: [[ 4.5376350e-05 -4.5381621e-05 -4.5381523e-05]
 [ 4.5381224e-05  4.5368462e-05 -4.5383793e-05]
 [ 4.5381221e-05  4.5380082e-05  4.5367662e-05]] 
Episode: 30: [[ 4.5613364e-05 -4.5618996e-05 -4.5618890e-05]
 [ 4.5618573e-05  4.5604887e-05 -4.5621324e-05]
 [ 4.5618570e-05  4.5617347e-05  4.5604025e-05]] 
Episode: 31: [[ 4.5829322e-05 -4.5835281e-05 -4.5835168e-05]
 [ 4.5834833e-05  4.5820314e-05 -4.5837747e-05]
 [ 4.5834830e-05  4.5833531e-05  4.5819397e-05]] 
Episode: 32: [[ 4.6025980e-05 -4.6032295e-05 -4.6032179e-05]
 [ 4.6031822e-05  4.6016441e-05 -4.6034907e-05]
 [ 4.6031819e-05  4.6030444e-05  4.6015470e-05]] 
Episode: 33: [[ 4.6205088e-05 -4.6211760e-05 -4.6211640e-05]
 [ 4.6211266e-05  4.6195048e-05 -4.6214514e-05]
 [ 4.6211262e-05  4.6209807e-05  4.6194022e-05]] 
Episode: 34: [[ 4.6368128e-05 -4.6375182e-05 -4.6375055e-05]
 [ 4.6374662e-05  4.6357578e-05 -4.6378082e-05]
 [ 4.6374658e-05  4.6373123e-05  4.6356497e-05]] 
Episode: 35: [[ 4.6516569e-05 -4.6523975e-05 -4.6523845e-05]
 [ 4.6523433e-05  4.6505520e-05 -4.6527017e-05]
 [ 4.6523430e-05  4.6521818e-05  4.6504389e-05]] 
Episode: 36: [[ 4.6651578e-05 -4.6659370e-05 -4.6659232e-05]
 [ 4.6658803e-05  4.6639991e-05 -4.6662561e-05]
 [ 4.6658799e-05  4.6657104e-05  4.6638801e-05]] 
Episode: 37: [[ 4.6774385e-05 -4.6782578e-05 -4.6782432e-05]
 [ 4.6781981e-05  4.6762241e-05 -4.6785921e-05]
 [ 4.6781977e-05  4.6780198e-05  4.6760993e-05]] 
Episode: 38: [[ 4.6886151e-05 -4.6894740e-05 -4.6894587e-05]
 [ 4.6894118e-05  4.6873476e-05 -4.6898233e-05]
 [ 4.6894114e-05  4.6892252e-05  4.6872174e-05]] 
Episode: 39: [[ 4.6987872e-05 -4.6996785e-05 -4.6996629e-05]
 [ 4.6996141e-05  4.6974696e-05 -4.7000412e-05]
 [ 4.6996138e-05  4.6994199e-05  4.6973342e-05]] 
Episode: 40: [[ 4.7080452e-05 -4.7089674e-05 -4.7089510e-05]
 [ 4.7089008e-05  4.7066809e-05 -4.7093425e-05]
 [ 4.7089005e-05  4.7086993e-05  4.7065405e-05]] 
Episode: 41: [[ 4.7164511e-05 -4.7174100e-05 -4.7173929e-05]
 [ 4.7173409e-05  4.7150348e-05 -4.7177993e-05]
 [ 4.7173406e-05  4.7171314e-05  4.7148889e-05]] 
Episode: 42: [[ 4.7240945e-05 -4.7250895e-05 -4.7250716e-05]
 [ 4.7250182e-05  4.7226280e-05 -4.7254925e-05]
 [ 4.7250178e-05  4.7248006e-05  4.7224770e-05]] 
Episode: 43: [[ 4.7310303e-05 -4.7320671e-05 -4.7320485e-05]
 [ 4.7319929e-05  4.7295096e-05 -4.7324855e-05]
 [ 4.7319925e-05  4.7317666e-05  4.7293528e-05]] 
Episode: 44: [[ 4.7373283e-05 -4.7384008e-05 -4.7383815e-05]
 [ 4.7383241e-05  4.7357524e-05 -4.7388337e-05]
 [ 4.7383237e-05  4.7380894e-05  4.7355898e-05]] 
Episode: 45: [[ 4.7430505e-05 -4.7441590e-05 -4.7441390e-05]
 [ 4.7440797e-05  4.7414207e-05 -4.7446065e-05]
 [ 4.7440793e-05  4.7438371e-05  4.7412523e-05]] 
Episode: 46: [[ 4.7482310e-05 -4.7493795e-05 -4.7493588e-05]
 [ 4.7492977e-05  4.7465412e-05 -4.7498430e-05]
 [ 4.7492973e-05  4.7490455e-05  4.7463662e-05]] 
Episode: 47: [[ 4.7529171e-05 -4.7541103e-05 -4.7540885e-05]
 [ 4.7540252e-05  4.7511607e-05 -4.7545916e-05]
 [ 4.7540248e-05  4.7537629e-05  4.7509788e-05]] 
Episode: 48: [[ 4.7571652e-05 -4.7584024e-05 -4.7583799e-05]
 [ 4.7583144e-05  4.7553425e-05 -4.7589016e-05]
 [ 4.7583140e-05  4.7580419e-05  4.7551537e-05]] 
Episode: 49: [[ 4.7610083e-05 -4.7622922e-05 -4.7622689e-05]
 [ 4.7622008e-05  4.7591166e-05 -4.7628098e-05]
 [ 4.7622005e-05  4.7619178e-05  4.7589205e-05]] 
Episode: 50: [[ 4.7644680e-05 -4.7658097e-05 -4.7657853e-05]
 [ 4.7657148e-05  4.7624981e-05 -4.7663492e-05]
 [ 4.7657144e-05  4.7654190e-05  4.7622940e-05]] 
Episode: 51: [[ 4.7676040e-05 -4.7690028e-05 -4.7689773e-05]
 [ 4.7689042e-05  4.7655591e-05 -4.7695634e-05]
 [ 4.7689038e-05  4.7685964e-05  4.7653470e-05]] 
Episode: 52: [[ 4.7704481e-05 -4.7718935e-05 -4.7718673e-05]
 [ 4.7717920e-05  4.7683319e-05 -4.7724730e-05]
 [ 4.7717916e-05  4.7714733e-05  4.7681122e-05]] 
Episode: 53: [[ 4.7730260e-05 -4.7745103e-05 -4.7744830e-05]
 [ 4.7744059e-05  4.7708414e-05 -4.7751066e-05]
 [ 4.7744055e-05  4.7740770e-05  4.7706144e-05]] 
Episode: 54: [[ 4.7753460e-05 -4.7768717e-05 -4.7768433e-05]
 [ 4.7767644e-05  4.7730889e-05 -4.7774862e-05]
 [ 4.7767640e-05  4.7764250e-05  4.7728543e-05]] 
Episode: 55: [[ 4.7774287e-05 -4.7789952e-05 -4.7789654e-05]
 [ 4.7788846e-05  4.7750938e-05 -4.7796282e-05]
 [ 4.7788842e-05  4.7785343e-05  4.7748508e-05]] 
Episode: 56: [[ 4.7793066e-05 -4.7809077e-05 -4.7808768e-05]
 [ 4.7807942e-05  4.7768943e-05 -4.7815585e-05]
 [ 4.7807938e-05  4.7804333e-05  4.7766429e-05]] 
Episode: 57: [[ 4.7810001e-05 -4.7826379e-05 -4.7826055e-05]
 [ 4.7825211e-05  4.7785117e-05 -4.7833066e-05]
 [ 4.7825208e-05  4.7821501e-05  4.7782520e-05]] 
Episode: 58: [[ 4.7825171e-05 -4.7841942e-05 -4.7841608e-05]
 [ 4.7840742e-05  4.7799502e-05 -4.7848818e-05]
 [ 4.7840738e-05  4.7836926e-05  4.7796817e-05]] 
Episode: 59: [[ 4.7838832e-05 -4.7856025e-05 -4.7855679e-05]
 [ 4.7854792e-05  4.7812395e-05 -4.7863090e-05]
 [ 4.7854788e-05  4.7850866e-05  4.7809630e-05]] 
Episode: 60: [[ 4.7850805e-05 -4.7868463e-05 -4.7868107e-05]
 [ 4.7867194e-05  4.7823472e-05 -4.7875747e-05]
 [ 4.7867190e-05  4.7863145e-05  4.7820609e-05]] 
Episode: 61: [[ 4.7861355e-05 -4.7879545e-05 -4.7879174e-05]
 [ 4.7878231e-05  4.7833058e-05 -4.7887064e-05]
 [ 4.7878228e-05  4.7874048e-05  4.7830094e-05]] 
Episode: 62: [[ 4.7870712e-05 -4.7889451e-05 -4.7889065e-05]
 [ 4.7888094e-05  4.7841444e-05 -4.7897214e-05]
 [ 4.7888090e-05  4.7883772e-05  4.7838374e-05]] 
Episode: 63: [[ 4.7879108e-05 -4.7898404e-05 -4.7898004e-05]
 [ 4.7897003e-05  4.7848916e-05 -4.7906404e-05]
 [ 4.7897000e-05  4.7892547e-05  4.7845748e-05]] 
Episode: 64: [[ 4.7886628e-05 -4.7906367e-05 -4.7905953e-05]
 [ 4.7904927e-05  4.7855538e-05 -4.7914578e-05]
 [ 4.7904923e-05  4.7900350e-05  4.7852274e-05]] 
Episode: 65: [[ 4.7893256e-05 -4.7913461e-05 -4.7913032e-05]
 [ 4.7911984e-05  4.7861264e-05 -4.7921891e-05]
 [ 4.7911981e-05  4.7907281e-05  4.7857902e-05]] 
Episode: 66: [[ 4.7899226e-05 -4.7919810e-05 -4.7919366e-05]
 [ 4.7918300e-05  4.7866390e-05 -4.7928432e-05]
 [ 4.7918296e-05  4.7913480e-05  4.7862934e-05]] 
Episode: 67: [[ 4.7904385e-05 -4.7925369e-05 -4.7924910e-05]
 [ 4.7923822e-05  4.7870657e-05 -4.7934194e-05]
 [ 4.7923819e-05  4.7918886e-05  4.7867106e-05]] 
Episode: 68: [[ 4.7909067e-05 -4.7930411e-05 -4.7929938e-05]
 [ 4.7928832e-05  4.7874535e-05 -4.7939418e-05]
 [ 4.7928828e-05  4.7923790e-05  4.7870897e-05]] 
Episode: 69: [[ 4.7913069e-05 -4.7934820e-05 -4.7934333e-05]
 [ 4.7933205e-05  4.7877693e-05 -4.7944028e-05]
 [ 4.7933201e-05  4.7928050e-05  4.7873964e-05]] 
Episode: 70: [[ 4.7916663e-05 -4.7938724e-05 -4.7938222e-05]
 [ 4.7937079e-05  4.7880498e-05 -4.7948106e-05]
 [ 4.7937076e-05  4.7931822e-05  4.7876685e-05]] 
Episode: 71: [[ 4.7919686e-05 -4.7942136e-05 -4.7941619e-05]
 [ 4.7940459e-05  4.7882699e-05 -4.7951708e-05]
 [ 4.7940455e-05  4.7935089e-05  4.7878799e-05]] 
Episode: 72: [[ 4.7922134e-05 -4.7944999e-05 -4.7944468e-05]
 [ 4.7943286e-05  4.7884263e-05 -4.7954774e-05]
 [ 4.7943282e-05  4.7937796e-05  4.7880265e-05]] 
Episode: 73: [[ 4.7924248e-05 -4.7947535e-05 -4.7946989e-05]
 [ 4.7945789e-05  4.7885522e-05 -4.7957514e-05]
 [ 4.7945785e-05  4.7940179e-05  4.7881433e-05]] 
Episode: 74: [[ 4.7926136e-05 -4.7949823e-05 -4.7949263e-05]
 [ 4.7948044e-05  4.7886624e-05 -4.7959988e-05]
 [ 4.7948040e-05  4.7942325e-05  4.7882451e-05]] 
Episode: 75: [[ 4.7927679e-05 -4.7951715e-05 -4.7951140e-05]
 [ 4.7949903e-05  4.7887366e-05 -4.7962058e-05]
 [ 4.7949899e-05  4.7944079e-05  4.7883106e-05]] 
Episode: 76: [[ 4.7928901e-05 -4.7953330e-05 -4.7952741e-05]
 [ 4.7951486e-05  4.7887785e-05 -4.7963862e-05]
 [ 4.7951482e-05  4.7945552e-05  4.7883437e-05]] 
Episode: 77: [[ 4.7929767e-05 -4.7954600e-05 -4.7953996e-05]
 [ 4.7952723e-05  4.7887803e-05 -4.7965332e-05]
 [ 4.7952719e-05  4.7946673e-05  4.7883361e-05]] 
Episode: 78: [[ 4.7930294e-05 -4.7955527e-05 -4.7954909e-05]
 [ 4.7953614e-05  4.7887435e-05 -4.7966467e-05]
 [ 4.7953610e-05  4.7947447e-05  4.7882895e-05]] 
Episode: 79: [[ 4.7930658e-05 -4.7956310e-05 -4.7955677e-05]
 [ 4.7954360e-05  4.7886941e-05 -4.7967453e-05]
 [ 4.7954356e-05  4.7948077e-05  4.7882306e-05]] 
Episode: 80: [[ 4.7930949e-05 -4.7957001e-05 -4.7956357e-05]
 [ 4.7955018e-05  4.7886431e-05 -4.7968337e-05]
 [ 4.7955014e-05  4.7948626e-05  4.7881709e-05]] 
Episode: 81: [[ 4.7930793e-05 -4.7957317e-05 -4.7956659e-05]
 [ 4.7955295e-05  4.7885354e-05 -4.7968875e-05]
 [ 4.7955291e-05  4.7948775e-05  4.7880530e-05]] 
Episode: 82: [[ 4.7930476e-05 -4.7957503e-05 -4.7956830e-05]
 [ 4.7955440e-05  4.7884121e-05 -4.7969286e-05]
 [ 4.7955436e-05  4.7948794e-05  4.7879199e-05]] 
Episode: 83: [[ 4.7930149e-05 -4.7957568e-05 -4.7956881e-05]
 [ 4.7955473e-05  4.7882939e-05 -4.7969548e-05]
 [ 4.7955469e-05  4.7948710e-05  4.7877922e-05]] 
Episode: 84: [[ 4.7929669e-05 -4.7957496e-05 -4.7956793e-05]
 [ 4.7955364e-05  4.7881600e-05 -4.7969676e-05]
 [ 4.7955360e-05  4.7948484e-05  4.7876489e-05]] 
Episode: 85: [[ 4.7929192e-05 -4.7957328e-05 -4.7956612e-05]
 [ 4.7955167e-05  4.7880319e-05 -4.7969686e-05]
 [ 4.7955164e-05  4.7948186e-05  4.7875117e-05]] 
Episode: 86: [[ 4.7928519e-05 -4.7957052e-05 -4.7956320e-05]
 [ 4.7954858e-05  4.7878802e-05 -4.7969606e-05]
 [ 4.7954854e-05  4.7947760e-05  4.7873509e-05]] 
Episode: 87: [[ 4.7927893e-05 -4.7956797e-05 -4.7956051e-05]
 [ 4.7954574e-05  4.7877409e-05 -4.7969530e-05]
 [ 4.7954571e-05  4.7947367e-05  4.7872032e-05]] 
Episode: 88: [[ 4.7927235e-05 -4.7956528e-05 -4.7955768e-05]
 [ 4.7954276e-05  4.7876012e-05 -4.7969439e-05]
 [ 4.7954272e-05  4.7946964e-05  4.7870555e-05]] 
Episode: 89: [[ 4.7926391e-05 -4.7956099e-05 -4.7955327e-05]
 [ 4.7953818e-05  4.7874382e-05 -4.7969203e-05]
 [ 4.7953814e-05  4.7946392e-05  4.7868842e-05]] 
Episode: 90: [[ 4.7925460e-05 -4.7955633e-05 -4.7954847e-05]
 [ 4.7953319e-05  4.7872662e-05 -4.7968937e-05]
 [ 4.7953316e-05  4.7945778e-05  4.7867037e-05]] 
Episode: 91: [[ 4.7924492e-05 -4.7955054e-05 -4.7954258e-05]
 [ 4.7952712e-05  4.7870915e-05 -4.7968544e-05]
 [ 4.7952708e-05  4.7945061e-05  4.7865207e-05]] 
Episode: 92: [[ 4.7923200e-05 -4.7954250e-05 -4.7953439e-05]
 [ 4.7951871e-05  4.7868725e-05 -4.7967962e-05]
 [ 4.7951868e-05  4.7944093e-05  4.7862919e-05]] 
Episode: 93: [[ 4.7921938e-05 -4.7953479e-05 -4.7952653e-05]
 [ 4.7951064e-05  4.7866604e-05 -4.7967405e-05]
 [ 4.7951060e-05  4.7943162e-05  4.7860703e-05]] 
Episode: 94: [[ 4.7920475e-05 -4.7952562e-05 -4.7951722e-05]
 [ 4.7950107e-05  4.7864211e-05 -4.7966725e-05]
 [ 4.7950103e-05  4.7942071e-05  4.7858211e-05]] 
Episode: 95: [[ 4.7919126e-05 -4.7951638e-05 -4.7950783e-05]
 [ 4.7949150e-05  4.7862002e-05 -4.7966005e-05]
 [ 4.7949146e-05  4.7940994e-05  4.7855909e-05]] 
Episode: 96: [[ 4.7917682e-05 -4.7950591e-05 -4.7949721e-05]
 [ 4.7948070e-05  4.7859667e-05 -4.7965161e-05]
 [ 4.7948066e-05  4.7939793e-05  4.7853478e-05]] 
Episode: 97: [[ 4.7915884e-05 -4.7949357e-05 -4.7948473e-05]
 [ 4.7946796e-05  4.7856840e-05 -4.7964182e-05]
 [ 4.7946793e-05  4.7938371e-05  4.7850539e-05]] 
Episode: 98: [[ 4.7914145e-05 -4.7948201e-05 -4.7947302e-05]
 [ 4.7945599e-05  4.7854119e-05 -4.7963273e-05]
 [ 4.7945596e-05  4.7937028e-05  4.7847712e-05]] 
Episode: 99: [[ 4.7912348e-05 -4.7946931e-05 -4.7946014e-05]
 [ 4.7944290e-05  4.7851321e-05 -4.7962247e-05]
 [ 4.7944286e-05  4.7935577e-05  4.7844806e-05]] 
Episode: 100: [[ 4.7910467e-05 -4.7945621e-05 -4.7944686e-05]
 [ 4.7942940e-05  4.7848414e-05 -4.7961192e-05]
 [ 4.7942936e-05  4.7934078e-05  4.7841786e-05]] 
Episode: 101: [[ 4.7908550e-05 -4.7944322e-05 -4.7943373e-05]
 [ 4.7941601e-05  4.7845471e-05 -4.7960159e-05]
 [ 4.7941598e-05  4.7932586e-05  4.7838734e-05]] 
Episode: 102: [[ 4.7906506e-05 -4.7942907e-05 -4.7941943e-05]
 [ 4.7940142e-05  4.7842346e-05 -4.7959020e-05]
 [ 4.7940139e-05  4.7930967e-05  4.7835492e-05]] 
Episode: 103: [[ 4.7904188e-05 -4.7941281e-05 -4.7940299e-05]
 [ 4.7938469e-05  4.7838832e-05 -4.7957696e-05]
 [ 4.7938465e-05  4.7929119e-05  4.7831847e-05]] 
Episode: 104: [[ 4.7901787e-05 -4.7939520e-05 -4.7938516e-05]
 [ 4.7936657e-05  4.7835198e-05 -4.7956233e-05]
 [ 4.7936654e-05  4.7927137e-05  4.7828078e-05]] 
Episode: 105: [[ 4.7899623e-05 -4.7937931e-05 -4.7936908e-05]
 [ 4.7935024e-05  4.7831920e-05 -4.7954916e-05]
 [ 4.7935020e-05  4.7925347e-05  4.7824680e-05]] 
Episode: 106: [[ 4.7897625e-05 -4.7936479e-05 -4.7935438e-05]
 [ 4.7933529e-05  4.7828900e-05 -4.7953716e-05]
 [ 4.7933525e-05  4.7923710e-05  4.7821552e-05]] 
Episode: 107: [[ 4.7895523e-05 -4.7934907e-05 -4.7933852e-05]
 [ 4.7931917e-05  4.7825728e-05 -4.7952402e-05]
 [ 4.7931913e-05  4.7921949e-05  4.7818263e-05]] 
Episode: 108: [[ 4.7893198e-05 -4.7933219e-05 -4.7932146e-05]
 [ 4.7930182e-05  4.7822239e-05 -4.7951005e-05]
 [ 4.7930178e-05  4.7920050e-05  4.7814650e-05]] 
Episode: 109: [[ 4.7891117e-05 -4.7931706e-05 -4.7930618e-05]
 [ 4.7928625e-05  4.7819114e-05 -4.7949750e-05]
 [ 4.7928621e-05  4.7918347e-05  4.7811413e-05]] 
Episode: 110: [[ 4.7889167e-05 -4.7930211e-05 -4.7929105e-05]
 [ 4.7927093e-05  4.7816186e-05 -4.7948484e-05]
 [ 4.7927089e-05  4.7916681e-05  4.7808375e-05]] 
Episode: 111: [[ 4.7887363e-05 -4.7928843e-05 -4.7927722e-05]
 [ 4.7925692e-05  4.7813475e-05 -4.7947331e-05]
 [ 4.7925689e-05  4.7915153e-05  4.7805566e-05]] 
Episode: 112: [[ 4.7885595e-05 -4.7927526e-05 -4.7926387e-05]
 [ 4.7924339e-05  4.7810823e-05 -4.7946225e-05]
 [ 4.7924335e-05  4.7913676e-05  4.7802820e-05]] 
Episode: 113: [[ 4.7883972e-05 -4.7926325e-05 -4.7925172e-05]
 [ 4.7923106e-05  4.7808389e-05 -4.7945221e-05]
 [ 4.7923102e-05  4.7912330e-05  4.7800298e-05]] 
Episode: 114: [[ 4.7882349e-05 -4.7925165e-05 -4.7923997e-05]
 [ 4.7921912e-05  4.7805966e-05 -4.7944261e-05]
 [ 4.7921909e-05  4.7911017e-05  4.7797788e-05]] 
Episode: 115: [[ 4.7880803e-05 -4.7923986e-05 -4.7922807e-05]
 [ 4.7920705e-05  4.7803653e-05 -4.7943264e-05]
 [ 4.7920701e-05  4.7909703e-05  4.7795391e-05]] 
Episode: 116: [[ 4.7879203e-05 -4.7922676e-05 -4.7921480e-05]
 [ 4.7919366e-05  4.7801255e-05 -4.7942121e-05]
 [ 4.7919362e-05  4.7908263e-05  4.7792906e-05]] 
Episode: 117: [[ 4.7877624e-05 -4.7921294e-05 -4.7920083e-05]
 [ 4.7917958e-05  4.7798880e-05 -4.7940895e-05]
 [ 4.7917954e-05  4.7906764e-05  4.7790443e-05]] 
Episode: 118: [[ 4.7876070e-05 -4.7919988e-05 -4.7918762e-05]
 [ 4.7916626e-05  4.7796551e-05 -4.7939749e-05]
 [ 4.7916623e-05  4.7905338e-05  4.7788031e-05]] 
Episode: 119: [[ 4.7874408e-05 -4.7918635e-05 -4.7917394e-05]
 [ 4.7915244e-05  4.7794070e-05 -4.7938574e-05]
 [ 4.7915240e-05  4.7903850e-05  4.7785459e-05]] 
Episode: 120: [[ 4.7872840e-05 -4.7917274e-05 -4.7916015e-05]
 [ 4.7913858e-05  4.7791724e-05 -4.7937367e-05]
 [ 4.7913854e-05  4.7902373e-05  4.7783025e-05]] 
Episode: 121: [[ 4.7871148e-05 -4.7915764e-05 -4.7914487e-05]
 [ 4.7912319e-05  4.7789192e-05 -4.7936013e-05]
 [ 4.7912315e-05  4.7900739e-05  4.7780399e-05]] 
Episode: 122: [[ 4.7869340e-05 -4.7914193e-05 -4.7912898e-05]
 [ 4.7910715e-05  4.7786489e-05 -4.7934616e-05]
 [ 4.7910711e-05  4.7899033e-05  4.7777598e-05]] 
Episode: 123: [[ 4.7867674e-05 -4.7912756e-05 -4.7911442e-05]
 [ 4.7909249e-05  4.7784004e-05 -4.7933343e-05]
 [ 4.7909245e-05  4.7897473e-05  4.7775022e-05]] 
Episode: 124: [[ 4.7866062e-05 -4.7911300e-05 -4.7909973e-05]
 [ 4.7907768e-05  4.7781592e-05 -4.7932037e-05]
 [ 4.7907764e-05  4.7895905e-05  4.7772523e-05]] 
Episode: 125: [[ 4.7864542e-05 -4.7909871e-05 -4.7908528e-05]
 [ 4.7906316e-05  4.7779315e-05 -4.7930738e-05]
 [ 4.7906313e-05  4.7894377e-05  4.7770161e-05]] 
Episode: 126: [[ 4.7863010e-05 -4.7908361e-05 -4.7907000e-05]
 [ 4.7904785e-05  4.7777015e-05 -4.7929349e-05]
 [ 4.7904781e-05  4.7892772e-05  4.7767775e-05]] 
Episode: 127: [[ 4.7861326e-05 -4.7906895e-05 -4.7905516e-05]
 [ 4.7903293e-05  4.7774502e-05 -4.7928042e-05]
 [ 4.7903290e-05  4.7891179e-05  4.7765170e-05]] 
Episode: 128: [[ 4.7859688e-05 -4.7905356e-05 -4.7903959e-05]
 [ 4.7901729e-05  4.7772050e-05 -4.7926638e-05]
 [ 4.7901725e-05  4.7889527e-05  4.7762627e-05]] 
Episode: 129: [[ 4.7857808e-05 -4.7903679e-05 -4.7902264e-05]
 [ 4.7900023e-05  4.7769241e-05 -4.7925136e-05]
 [ 4.7900019e-05  4.7887715e-05  4.7759717e-05]] 
Episode: 130: [[ 4.7855923e-05 -4.7901947e-05 -4.7900510e-05]
 [ 4.7898262e-05  4.7766425e-05 -4.7923571e-05]
 [ 4.7898258e-05  4.7885853e-05  4.7756799e-05]] 
Episode: 131: [[ 4.7853959e-05 -4.7900186e-05 -4.7898731e-05]
 [ 4.7896472e-05  4.7763497e-05 -4.7921993e-05]
 [ 4.7896465e-05  4.7883954e-05  4.7753761e-05]] 
Episode: 132: [[ 4.7851932e-05 -4.7898353e-05 -4.7896876e-05]
 [ 4.7894606e-05  4.7760474e-05 -4.7920345e-05]
 [ 4.7894599e-05  4.7881978e-05  4.7750629e-05]] 
Episode: 133: [[ 4.7849862e-05 -4.7896458e-05 -4.7894959e-05]
 [ 4.7892678e-05  4.7757385e-05 -4.7918635e-05]
 [ 4.7892667e-05  4.7879941e-05  4.7747424e-05]] 
Episode: 134: [[ 4.7847770e-05 -4.7894624e-05 -4.7893107e-05]
 [ 4.7890811e-05  4.7754271e-05 -4.7917001e-05]
 [ 4.7890797e-05  4.7877958e-05  4.7744197e-05]] 
Episode: 135: [[ 4.7845784e-05 -4.7892943e-05 -4.7891408e-05]
 [ 4.7889094e-05  4.7751317e-05 -4.7915521e-05]
 [ 4.7889080e-05  4.7876129e-05  4.7741138e-05]] 
Episode: 136: [[ 4.7843416e-05 -4.7890975e-05 -4.7889422e-05]
 [ 4.7887082e-05  4.7747810e-05 -4.7913796e-05]
 [ 4.7887068e-05  4.7873978e-05  4.7737507e-05]] 
Episode: 137: [[ 4.7841033e-05 -4.7888912e-05 -4.7887337e-05]
 [ 4.7884980e-05  4.7744270e-05 -4.7911966e-05]
 [ 4.7884965e-05  4.7871741e-05  4.7733844e-05]] 
Episode: 138: [[ 4.7838636e-05 -4.7886788e-05 -4.7885191e-05]
 [ 4.7882815e-05  4.7740701e-05 -4.7910067e-05]
 [ 4.7882801e-05  4.7869446e-05  4.7730147e-05]] 
Episode: 139: [[ 4.7836249e-05 -4.7884620e-05 -4.7883001e-05]
 [ 4.7880611e-05  4.7737147e-05 -4.7908117e-05]
 [ 4.7880592e-05  4.7867114e-05  4.7726466e-05]] 
Episode: 140: [[ 4.7833622e-05 -4.7882397e-05 -4.7880756e-05]
 [ 4.7878344e-05  4.7733251e-05 -4.7906160e-05]
 [ 4.7878322e-05  4.7864694e-05  4.7722431e-05]] 
Episode: 141: [[ 4.7830974e-05 -4.7880156e-05 -4.7878490e-05]
 [ 4.7876056e-05  4.7729318e-05 -4.7904185e-05]
 [ 4.7876034e-05  4.7862253e-05  4.7718357e-05]] 
Episode: 142: [[ 4.7828369e-05 -4.7877991e-05 -4.7876303e-05]
 [ 4.7873844e-05  4.7725454e-05 -4.7902289e-05]
 [ 4.7873822e-05  4.7859889e-05  4.7714355e-05]] 
Episode: 143: [[ 4.7825612e-05 -4.7875754e-05 -4.7874044e-05]
 [ 4.7871556e-05  4.7721365e-05 -4.7900350e-05]
 [ 4.7871534e-05  4.7857433e-05  4.7710120e-05]] 
Episode: 144: [[ 4.7822941e-05 -4.7873516e-05 -4.7871781e-05]
 [ 4.7869271e-05  4.7717404e-05 -4.7898386e-05]
 [ 4.7869249e-05  4.7854992e-05  4.7706013e-05]] 
Episode: 145: [[ 4.7820242e-05 -4.7871159e-05 -4.7869398e-05]
 [ 4.7866870e-05  4.7713384e-05 -4.7896290e-05]
 [ 4.7866848e-05  4.7852438e-05  4.7701848e-05]] 
Episode: 146: [[ 4.7817735e-05 -4.7868882e-05 -4.7867095e-05]
 [ 4.7864552e-05  4.7709644e-05 -4.7894238e-05]
 [ 4.7864531e-05  4.7849986e-05  4.7697973e-05]] 
Episode: 147: [[ 4.7815087e-05 -4.7866466e-05 -4.7864654e-05]
 [ 4.7862097e-05  4.7705696e-05 -4.7892063e-05]
 [ 4.7862075e-05  4.7847392e-05  4.7693880e-05]] 
Episode: 148: [[ 4.7812122e-05 -4.7863865e-05 -4.7862024e-05]
 [ 4.7859445e-05  4.7701287e-05 -4.7889745e-05]
 [ 4.7859423e-05  4.7844576e-05  4.7689311e-05]] 
Episode: 149: [[ 4.7809401e-05 -4.7861500e-05 -4.7859634e-05]
 [ 4.7857036e-05  4.7697242e-05 -4.7887646e-05]
 [ 4.7857015e-05  4.7842015e-05  4.7685120e-05]] 
Episode: 150: [[ 4.7806800e-05 -4.7859186e-05 -4.7857295e-05]
 [ 4.7854679e-05  4.7693371e-05 -4.7885576e-05]
 [ 4.7854657e-05  4.7839516e-05  4.7681111e-05]] 
Episode: 151: [[ 4.7804300e-05 -4.7857029e-05 -4.7855112e-05]
 [ 4.7852478e-05  4.7689657e-05 -4.7883663e-05]
 [ 4.7852456e-05  4.7837173e-05  4.7677262e-05]] 
Episode: 152: [[ 4.7801514e-05 -4.7854730e-05 -4.7852791e-05]
 [ 4.7850128e-05  4.7685528e-05 -4.7881655e-05]
 [ 4.7850106e-05  4.7834659e-05  4.7672987e-05]] 
Episode: 153: [[ 4.7798691e-05 -4.7852311e-05 -4.7850346e-05]
 [ 4.7847658e-05  4.7681337e-05 -4.7879515e-05]
 [ 4.7847636e-05  4.7832033e-05  4.7668647e-05]] 
Episode: 154: [[ 4.7796031e-05 -4.7849979e-05 -4.7847989e-05]
 [ 4.7845278e-05  4.7677386e-05 -4.7877438e-05]
 [ 4.7845257e-05  4.7829511e-05  4.7664555e-05]] 
Episode: 155: [[ 4.7793568e-05 -4.7847745e-05 -4.7845733e-05]
 [ 4.7843005e-05  4.7673722e-05 -4.7875430e-05]
 [ 4.7842983e-05  4.7827110e-05  4.7660760e-05]] 
Episode: 156: [[ 4.7790840e-05 -4.7845453e-05 -4.7843416e-05]
 [ 4.7840666e-05  4.7669680e-05 -4.7873415e-05]
 [ 4.7840644e-05  4.7824611e-05  4.7656576e-05]] 
Episode: 157: [[ 4.7787678e-05 -4.7842794e-05 -4.7840731e-05]
 [ 4.7837948e-05  4.7664998e-05 -4.7871075e-05]
 [ 4.7837926e-05  4.7821712e-05  4.7651731e-05]] 
Episode: 158: [[ 4.7784608e-05 -4.7840156e-05 -4.7838064e-05]
 [ 4.7835256e-05  4.7660447e-05 -4.7868740e-05]
 [ 4.7835234e-05  4.7818849e-05  4.7647020e-05]] 
Episode: 159: [[ 4.7781745e-05 -4.7837737e-05 -4.7835620e-05]
 [ 4.7832782e-05  4.7656205e-05 -4.7866608e-05]
 [ 4.7832760e-05  4.7816215e-05  4.7642628e-05]] 
Episode: 160: [[ 4.7778754e-05 -4.7835296e-05 -4.7833153e-05]
 [ 4.7830286e-05  4.7651782e-05 -4.7864483e-05]
 [ 4.7830265e-05  4.7813541e-05  4.7638048e-05]] 
Episode: 161: [[ 4.7775819e-05 -4.7832764e-05 -4.7830596e-05]
 [ 4.7827703e-05  4.7647427e-05 -4.7862239e-05]
 [ 4.7827682e-05  4.7810794e-05  4.7633537e-05]] 
Episode: 162: [[ 4.7772450e-05 -4.7830177e-05 -4.7827984e-05]
 [ 4.7825055e-05  4.7642450e-05 -4.7860034e-05]
 [ 4.7825033e-05  4.7807924e-05  4.7628389e-05]] 
Episode: 163: [[ 4.7769256e-05 -4.7827598e-05 -4.7825375e-05]
 [ 4.7822417e-05  4.7637721e-05 -4.7857793e-05]
 [ 4.7822396e-05  4.7805090e-05  4.7623496e-05]] 
Episode: 164: [[ 4.7766021e-05 -4.7825037e-05 -4.7822788e-05]
 [ 4.7819798e-05  4.7632941e-05 -4.7855585e-05]
 [ 4.7819776e-05  4.7802267e-05  4.7618552e-05]] 
Episode: 165: [[ 4.7762886e-05 -4.7822399e-05 -4.7820122e-05]
 [ 4.7817106e-05  4.7628291e-05 -4.7853264e-05]
 [ 4.7817084e-05  4.7799389e-05  4.7613739e-05]] 
Episode: 166: [[ 4.7759819e-05 -4.7819765e-05 -4.7817459e-05]
 [ 4.7814421e-05  4.7623736e-05 -4.7850932e-05]
 [ 4.7814399e-05  4.7796526e-05  4.7609021e-05]] 
Episode: 167: [[ 4.7756908e-05 -4.7817153e-05 -4.7814818e-05]
 [ 4.7811765e-05  4.7619404e-05 -4.7848585e-05]
 [ 4.7811744e-05  4.7793710e-05  4.7604532e-05]] 
Episode: 168: [[ 4.7754173e-05 -4.7814621e-05 -4.7812257e-05]
 [ 4.7809193e-05  4.7615322e-05 -4.7846290e-05]
 [ 4.7809172e-05  4.7790993e-05  4.7600301e-05]] 
Episode: 169: [[ 4.7751495e-05 -4.7812111e-05 -4.7809717e-05]
 [ 4.7806647e-05  4.7611324e-05 -4.7844009e-05]
 [ 4.7806625e-05  4.7788308e-05  4.7596157e-05]] 
Episode: 170: [[ 4.7749014e-05 -4.7809823e-05 -4.7807400e-05]
 [ 4.7804322e-05  4.7607620e-05 -4.7841935e-05]
 [ 4.7804300e-05  4.7785848e-05  4.7592319e-05]] 
Episode: 171: [[ 4.7746391e-05 -4.7807411e-05 -4.7804962e-05]
 [ 4.7801870e-05  4.7603713e-05 -4.7839756e-05]
 [ 4.7801848e-05  4.7783258e-05  4.7588270e-05]] 
Episode: 172: [[ 4.7743859e-05 -4.7805013e-05 -4.7802536e-05]
 [ 4.7799436e-05  4.7599937e-05 -4.7837570e-05]
 [ 4.7799414e-05  4.7780697e-05  4.7584355e-05]] 
Episode: 173: [[ 4.7741381e-05 -4.7802754e-05 -4.7800251e-05]
 [ 4.7797137e-05  4.7596248e-05 -4.7835529e-05]
 [ 4.7797115e-05  4.7778267e-05  4.7580535e-05]] 
Episode: 174: [[ 4.7739100e-05 -4.7800593e-05 -4.7798068e-05]
 [ 4.7794943e-05  4.7592846e-05 -4.7833561e-05]
 [ 4.7794922e-05  4.7775960e-05  4.7577010e-05]] 
Episode: 175: [[ 4.7736467e-05 -4.7798316e-05 -4.7795766e-05]
 [ 4.7792626e-05  4.7588932e-05 -4.7831541e-05]
 [ 4.7792604e-05  4.7773490e-05  4.7572954e-05]] 
Episode: 176: [[ 4.7734015e-05 -4.7796239e-05 -4.7793666e-05]
 [ 4.7790509e-05  4.7585294e-05 -4.7829712e-05]
 [ 4.7790487e-05  4.7771231e-05  4.7569189e-05]] 
Episode: 177: [[ 4.7731442e-05 -4.7794147e-05 -4.7791553e-05]
 [ 4.7788373e-05  4.7581489e-05 -4.7827893e-05]
 [ 4.7788351e-05  4.7768939e-05  4.7565249e-05]] 
Episode: 178: [[ 4.7729158e-05 -4.7792280e-05 -4.7789668e-05]
 [ 4.7786467e-05  4.7578105e-05 -4.7826270e-05]
 [ 4.7786445e-05  4.7766895e-05  4.7561745e-05]] 
Episode: 179: [[ 4.7727153e-05 -4.7790618e-05 -4.7787988e-05]
 [ 4.7784768e-05  4.7575133e-05 -4.7824815e-05]
 [ 4.7784746e-05  4.7765076e-05  4.7558668e-05]] 
Episode: 180: [[ 4.7725323e-05 -4.7789024e-05 -4.7786376e-05]
 [ 4.7783145e-05  4.7572415e-05 -4.7823396e-05]
 [ 4.7783124e-05  4.7763348e-05  4.7555852e-05]] 
Episode: 181: [[ 4.7723315e-05 -4.7787245e-05 -4.7784575e-05]
 [ 4.7781334e-05  4.7569429e-05 -4.7821806e-05]
 [ 4.7781312e-05  4.7761427e-05  4.7552759e-05]] 
Episode: 182: [[ 4.7721434e-05 -4.7785601e-05 -4.7782913e-05]
 [ 4.7779660e-05  4.7566631e-05 -4.7820344e-05]
 [ 4.7779638e-05  4.7759648e-05  4.7549860e-05]] 
Episode: 183: [[ 4.7719430e-05 -4.7783844e-05 -4.7781134e-05]
 [ 4.7777870e-05  4.7563648e-05 -4.7818779e-05]
 [ 4.7777849e-05  4.7757745e-05  4.7546768e-05]] 
Episode: 184: [[ 4.7717236e-05 -4.7781843e-05 -4.7779111e-05]
 [ 4.7775837e-05  4.7560377e-05 -4.7816979e-05]
 [ 4.7775815e-05  4.7755595e-05  4.7543381e-05]] 
Episode: 185: [[ 4.7715206e-05 -4.7780028e-05 -4.7777274e-05]
 [ 4.7773989e-05  4.7557354e-05 -4.7815352e-05]
 [ 4.7773967e-05  4.7753638e-05  4.7540252e-05]] 
Episode: 186: [[ 4.7713307e-05 -4.7778252e-05 -4.7775477e-05]
 [ 4.7772184e-05  4.7554520e-05 -4.7813741e-05]
 [ 4.7772162e-05  4.7751739e-05  4.7537313e-05]] 
Episode: 187: [[ 4.7711128e-05 -4.7776299e-05 -4.7773501e-05]
 [ 4.7770194e-05  4.7551275e-05 -4.7811991e-05]
 [ 4.7770172e-05  4.7749632e-05  4.7533951e-05]] 
Episode: 188: [[ 4.7709102e-05 -4.7774509e-05 -4.7771689e-05]
 [ 4.7768372e-05  4.7548263e-05 -4.7810394e-05]
 [ 4.7768346e-05  4.7747697e-05  4.7530830e-05]] 
Episode: 189: [[ 4.7707097e-05 -4.7772788e-05 -4.7769950e-05]
 [ 4.7766618e-05  4.7545283e-05 -4.7808877e-05]
 [ 4.7766593e-05  4.7745831e-05  4.7527745e-05]] 
Episode: 190: [[ 4.7705133e-05 -4.7771187e-05 -4.7768332e-05]
 [ 4.7764981e-05  4.7542373e-05 -4.7807483e-05]
 [ 4.7764956e-05  4.7744077e-05  4.7524733e-05]] 
Episode: 191: [[ 4.7703306e-05 -4.7769714e-05 -4.7766840e-05]
 [ 4.7763475e-05  4.7539670e-05 -4.7806207e-05]
 [ 4.7763449e-05  4.7742458e-05  4.7521935e-05]] 
Episode: 192: [[ 4.7701596e-05 -4.7768353e-05 -4.7765465e-05]
 [ 4.7762085e-05  4.7537142e-05 -4.7805035e-05]
 [ 4.7762060e-05  4.7740963e-05  4.7519316e-05]] 
Episode: 193: [[ 4.7699708e-05 -4.7766945e-05 -4.7764042e-05]
 [ 4.7760641e-05  4.7534355e-05 -4.7803849e-05]
 [ 4.7760615e-05  4.7739391e-05  4.7516431e-05]] 
Episode: 194: [[ 4.7697777e-05 -4.7765563e-05 -4.7762645e-05]
 [ 4.7759218e-05  4.7531510e-05 -4.7802703e-05]
 [ 4.7759193e-05  4.7737834e-05  4.7513488e-05]] 
Episode: 195: [[ 4.7695848e-05 -4.7764050e-05 -4.7761114e-05]
 [ 4.7757669e-05  4.7528654e-05 -4.7801404e-05]
 [ 4.7757643e-05  4.7736161e-05  4.7510533e-05]] 
Episode: 196: [[ 4.7693735e-05 -4.7762329e-05 -4.7759375e-05]
 [ 4.7755912e-05  4.7525522e-05 -4.7799909e-05]
 [ 4.7755886e-05  4.7734276e-05  4.7507288e-05]] 
Episode: 197: [[ 4.7691279e-05 -4.7760448e-05 -4.7757472e-05]
 [ 4.7753983e-05  4.7521891e-05 -4.7798309e-05]
 [ 4.7753958e-05  4.7732192e-05  4.7503530e-05]] 
Episode: 198: [[ 4.7688976e-05 -4.7758680e-05 -4.7755686e-05]
 [ 4.7752172e-05  4.7518486e-05 -4.7796806e-05]
 [ 4.7752146e-05  4.7730231e-05  4.7500005e-05]] 
Episode: 199: [[ 4.7686844e-05 -4.7757061e-05 -4.7754049e-05]
 [ 4.7750513e-05  4.7515336e-05 -4.7795435e-05]
 [ 4.7750487e-05  4.7728434e-05  4.7496746e-05]] 
Episode: 200: [[ 4.7684345e-05 -4.7755067e-05 -4.7752037e-05]
 [ 4.7748472e-05  4.7511636e-05 -4.7793717e-05]
 [ 4.7748446e-05  4.7726240e-05  4.7492915e-05]] 
Episode: 201: [[ 4.7681944e-05 -4.7753034e-05 -4.7749982e-05]
 [ 4.7746398e-05  4.7508071e-05 -4.7791927e-05]
 [ 4.7746373e-05  4.7724028e-05  4.7489222e-05]] 
Episode: 202: [[ 4.7679194e-05 -4.7750829e-05 -4.7747752e-05]
 [ 4.7744143e-05  4.7503996e-05 -4.7790021e-05]
 [ 4.7744117e-05  4.7721602e-05  4.7485002e-05]] 
Episode: 203: [[ 4.7676469e-05 -4.7748672e-05 -4.7745572e-05]
 [ 4.7741938e-05  4.7499965e-05 -4.7788166e-05]
 [ 4.7741913e-05  4.7719226e-05  4.7480829e-05]] 
Episode: 204: [[ 4.7673951e-05 -4.7746595e-05 -4.7743473e-05]
 [ 4.7739817e-05  4.7496233e-05 -4.7786354e-05]
 [ 4.7739792e-05  4.7716956e-05  4.7476966e-05]] 
Episode: 205: [[ 4.7671499e-05 -4.7744634e-05 -4.7741491e-05]
 [ 4.7737813e-05  4.7492602e-05 -4.7784659e-05]
 [ 4.7737787e-05  4.7714799e-05  4.7473204e-05]] 
Episode: 206: [[ 4.7669153e-05 -4.7742764e-05 -4.7739602e-05]
 [ 4.7735903e-05  4.7489131e-05 -4.7783047e-05]
 [ 4.7735877e-05  4.7712743e-05  4.7469610e-05]] 
Episode: 207: [[ 4.7666534e-05 -4.7740730e-05 -4.7737547e-05]
 [ 4.7733818e-05  4.7485260e-05 -4.7781308e-05]
 [ 4.7733793e-05  4.7710495e-05  4.7465601e-05]] 
Episode: 208: [[ 4.7664224e-05 -4.7738915e-05 -4.7735713e-05]
 [ 4.7731959e-05  4.7481841e-05 -4.7779751e-05]
 [ 4.7731934e-05  4.7708490e-05  4.7462061e-05]] 
Episode: 209: [[ 4.7661804e-05 -4.7737089e-05 -4.7733869e-05]
 [ 4.7730085e-05  4.7478265e-05 -4.7778209e-05]
 [ 4.7730060e-05  4.7706460e-05  4.7458361e-05]] 
Episode: 210: [[ 4.7658930e-05 -4.7735037e-05 -4.7731795e-05]
 [ 4.7727975e-05  4.7474030e-05 -4.7776510e-05]
 [ 4.7727950e-05  4.7704154e-05  4.7453981e-05]] 
Episode: 211: [[ 4.7655645e-05 -4.7732781e-05 -4.7729518e-05]
 [ 4.7725651e-05  4.7469202e-05 -4.7774673e-05]
 [ 4.7725625e-05  4.7701596e-05  4.7448986e-05]] 
Episode: 212: [[ 4.7652298e-05 -4.7730566e-05 -4.7727284e-05]
 [ 4.7723366e-05  4.7464287e-05 -4.7772901e-05]
 [ 4.7723341e-05  4.7699064e-05  4.7443904e-05]] 
Episode: 213: [[ 4.7649115e-05 -4.7728488e-05 -4.7725189e-05]
 [ 4.7721223e-05  4.7459613e-05 -4.7771249e-05]
 [ 4.7721198e-05  4.7696685e-05  4.7439069e-05]] 
Episode: 214: [[ 4.7645844e-05 -4.7726386e-05 -4.7723064e-05]
 [ 4.7719048e-05  4.7454814e-05 -4.7769587e-05]
 [ 4.7719022e-05  4.7694266e-05  4.7434110e-05]] 
Episode: 215: [[ 4.7642821e-05 -4.7724454e-05 -4.7721114e-05]
 [ 4.7717051e-05  4.7450383e-05 -4.7768062e-05]
 [ 4.7717025e-05  4.7692040e-05  4.7429527e-05]] 
Episode: 216: [[ 4.7639740e-05 -4.7722391e-05 -4.7719033e-05]
 [ 4.7714922e-05  4.7445857e-05 -4.7766403e-05]
 [ 4.7714897e-05  4.7689689e-05  4.7424848e-05]] 
Episode: 217: [[ 4.7636739e-05 -4.7720423e-05 -4.7717047e-05]
 [ 4.7712892e-05  4.7441452e-05 -4.7764835e-05]
 [ 4.7712867e-05  4.7687437e-05  4.7420293e-05]] 
Episode: 218: [[ 4.7633061e-05 -4.7717949e-05 -4.7714551e-05]
 [ 4.7710342e-05  4.7436049e-05 -4.7762842e-05]
 [ 4.7710317e-05  4.7684622e-05  4.7414705e-05]] 
Episode: 219: [[ 4.7629383e-05 -4.7715512e-05 -4.7712092e-05]
 [ 4.7707825e-05  4.7430651e-05 -4.7760892e-05]
 [ 4.7707803e-05  4.7681839e-05  4.7409121e-05]] 
Episode: 220: [[ 4.7625901e-05 -4.7713256e-05 -4.7709815e-05]
 [ 4.7705493e-05  4.7425543e-05 -4.7759106e-05]
 [ 4.7705475e-05  4.7679248e-05  4.7403839e-05]] 
Episode: 221: [[ 4.7622427e-05 -4.7710906e-05 -4.7707443e-05]
 [ 4.7703066e-05  4.7420443e-05 -4.7757203e-05]
 [ 4.7703048e-05  4.7676574e-05  4.7398564e-05]] 
Episode: 222: [[ 4.7619185e-05 -4.7708749e-05 -4.7705267e-05]
 [ 4.7700840e-05  4.7415688e-05 -4.7755471e-05]
 [ 4.7700822e-05  4.7674112e-05  4.7393649e-05]] 
Episode: 223: [[ 4.7615991e-05 -4.7706486e-05 -4.7702983e-05]
 [ 4.7698508e-05  4.7410987e-05 -4.7753605e-05]
 [ 4.7698493e-05  4.7671561e-05  4.7388789e-05]] 
Episode: 224: [[ 4.7613052e-05 -4.7704423e-05 -4.7700898e-05]
 [ 4.7696383e-05  4.7406669e-05 -4.7751910e-05]
 [ 4.7696369e-05  4.7669233e-05  4.7384321e-05]] 
Episode: 225: [[ 4.7610047e-05 -4.7702109e-05 -4.7698562e-05]
 [ 4.7694011e-05  4.7402238e-05 -4.7749938e-05]
 [ 4.7693997e-05  4.7666672e-05  4.7379737e-05]] 
Episode: 226: [[ 4.7607249e-05 -4.7699872e-05 -4.7696300e-05]
 [ 4.7691723e-05  4.7398105e-05 -4.7748003e-05]
 [ 4.7691708e-05  4.7664209e-05  4.7375459e-05]] 
Episode: 227: [[ 4.7604677e-05 -4.7697828e-05 -4.7694233e-05]
 [ 4.7689631e-05  4.7394304e-05 -4.7746238e-05]
 [ 4.7689617e-05  4.7661957e-05  4.7371523e-05]] 
Episode: 228: [[ 4.7602094e-05 -4.7695718e-05 -4.7692101e-05]
 [ 4.7687474e-05  4.7390480e-05 -4.7744401e-05]
 [ 4.7687459e-05  4.7659647e-05  4.7367565e-05]] 
Episode: 229: [[ 4.7599286e-05 -4.7693375e-05 -4.7689733e-05]
 [ 4.7685084e-05  4.7386315e-05 -4.7742349e-05]
 [ 4.7685069e-05  4.7657093e-05  4.7363250e-05]] 
Episode: 230: [[ 4.7596430e-05 -4.7691021e-05 -4.7687354e-05]
 [ 4.7682679e-05  4.7382080e-05 -4.7740297e-05]
 [ 4.7682664e-05  4.7654517e-05  4.7358863e-05]] 
Episode: 231: [[ 4.7593574e-05 -4.7688656e-05 -4.7684964e-05]
 [ 4.7680263e-05  4.7377842e-05 -4.7738235e-05]
 [ 4.7680249e-05  4.7651934e-05  4.7354471e-05]] 
Episode: 232: [[ 4.7590485e-05 -4.7686201e-05 -4.7682483e-05]
 [ 4.7677750e-05  4.7373269e-05 -4.7736121e-05]
 [ 4.7677735e-05  4.7649231e-05  4.7349735e-05]] 
Episode: 233: [[ 4.7587084e-05 -4.7683567e-05 -4.7679820e-05]
 [ 4.7675050e-05  4.7368241e-05 -4.7733876e-05]
 [ 4.7675036e-05  4.7646317e-05  4.7344529e-05]] 
Episode: 234: [[ 4.7583300e-05 -4.7680751e-05 -4.7676975e-05]
 [ 4.7672158e-05  4.7362661e-05 -4.7731512e-05]
 [ 4.7672143e-05  4.7643181e-05  4.7338752e-05]] 
Episode: 235: [[ 4.7579579e-05 -4.7677888e-05 -4.7674082e-05]
 [ 4.7669222e-05  4.7357156e-05 -4.7729078e-05]
 [ 4.7669208e-05  4.7640009e-05  4.7333051e-05]] 
Episode: 236: [[ 4.7576112e-05 -4.7675250e-05 -4.7671416e-05]
 [ 4.7666515e-05  4.7352034e-05 -4.7726844e-05]
 [ 4.7666501e-05  4.7637084e-05  4.7327747e-05]] 
Episode: 237: [[ 4.7572878e-05 -4.7672667e-05 -4.7668804e-05]
 [ 4.7663874e-05  4.7347239e-05 -4.7724618e-05]
 [ 4.7663860e-05  4.7634243e-05  4.7322781e-05]] 
Episode: 238: [[ 4.7569833e-05 -4.7670259e-05 -4.7666370e-05]
 [ 4.7661411e-05  4.7342724e-05 -4.7722551e-05]
 [ 4.7661397e-05  4.7631591e-05  4.7318106e-05]] 
Episode: 239: [[ 4.7566493e-05 -4.7667669e-05 -4.7663751e-05]
 [ 4.7658759e-05  4.7337777e-05 -4.7720343e-05]
 [ 4.7658745e-05  4.7628728e-05  4.7312984e-05]] 
Episode: 240: [[ 4.7563179e-05 -4.7664995e-05 -4.7661048e-05]
 [ 4.7656027e-05  4.7332858e-05 -4.7718033e-05]
 [ 4.7656013e-05  4.7625796e-05  4.7307891e-05]] 
Episode: 241: [[ 4.7559784e-05 -4.7662226e-05 -4.7658250e-05]
 [ 4.7653197e-05  4.7327823e-05 -4.7715632e-05]
 [ 4.7653182e-05  4.7622765e-05  4.7302678e-05]] 
Episode: 242: [[ 4.7555761e-05 -4.7659134e-05 -4.7655129e-05]
 [ 4.7650028e-05  4.7321872e-05 -4.7713009e-05]
 [ 4.7650014e-05  4.7619342e-05  4.7296515e-05]] 
Episode: 243: [[ 4.7551966e-05 -4.7656256e-05 -4.7652222e-05]
 [ 4.7647078e-05  4.7316265e-05 -4.7710579e-05]
 [ 4.7647063e-05  4.7616148e-05  4.7290712e-05]] 
Episode: 244: [[ 4.7548059e-05 -4.7653408e-05 -4.7649348e-05]
 [ 4.7644153e-05  4.7310503e-05 -4.7708210e-05]
 [ 4.7644138e-05  4.7612961e-05  4.7284746e-05]] 
Episode: 245: [[ 4.7543705e-05 -4.7650381e-05 -4.7646292e-05]
 [ 4.7641039e-05  4.7304085e-05 -4.7705740e-05]
 [ 4.7641024e-05  4.7609541e-05  4.7278103e-05]] 
Episode: 246: [[ 4.7539404e-05 -4.7647311e-05 -4.7643189e-05]
 [ 4.7637877e-05  4.7297748e-05 -4.7703201e-05]
 [ 4.7637863e-05  4.7606089e-05  4.7271544e-05]] 
Episode: 247: [[ 4.7535399e-05 -4.7644458e-05 -4.7640311e-05]
 [ 4.7634941e-05  4.7291844e-05 -4.7700851e-05]
 [ 4.7634931e-05  4.7602880e-05  4.7265436e-05]] 
Episode: 248: [[ 4.7531277e-05 -4.7641613e-05 -4.7637441e-05]
 [ 4.7632013e-05  4.7285776e-05 -4.7698537e-05]
 [ 4.7632002e-05  4.7599660e-05  4.7259160e-05]] 
Episode: 249: [[ 4.7527366e-05 -4.7638950e-05 -4.7634752e-05]
 [ 4.7629270e-05  4.7280020e-05 -4.7696383e-05]
 [ 4.7629259e-05  4.7596637e-05  4.7253205e-05]] 
Episode: 250: [[ 4.7523739e-05 -4.7636400e-05 -4.7632177e-05]
 [ 4.7626643e-05  4.7274680e-05 -4.7694288e-05]
 [ 4.7626632e-05  4.7593763e-05  4.7247679e-05]] 
Episode: 251: [[ 4.7520283e-05 -4.7634025e-05 -4.7629779e-05]
 [ 4.7624195e-05  4.7269594e-05 -4.7692356e-05]
 [ 4.7624188e-05  4.7591071e-05  4.7242418e-05]] 
Episode: 252: [[ 4.7517045e-05 -4.7631838e-05 -4.7627571e-05]
 [ 4.7621939e-05  4.7264835e-05 -4.7690588e-05]
 [ 4.7621932e-05  4.7588583e-05  4.7237492e-05]] 
Episode: 253: [[ 4.7513891e-05 -4.7629666e-05 -4.7625377e-05]
 [ 4.7619702e-05  4.7260193e-05 -4.7688820e-05]
 [ 4.7619695e-05  4.7586123e-05  4.7232690e-05]] 
Episode: 254: [[ 4.7510701e-05 -4.7627349e-05 -4.7623038e-05]
 [ 4.7617323e-05  4.7255486e-05 -4.7686895e-05]
 [ 4.7617315e-05  4.7583530e-05  4.7227815e-05]] 
Episode: 255: [[ 4.7507328e-05 -4.7624839e-05 -4.7620502e-05]
 [ 4.7614747e-05  4.7250509e-05 -4.7684793e-05]
 [ 4.7614740e-05  4.7580736e-05  4.7222664e-05]] 
Episode: 256: [[ 4.7504142e-05 -4.7622496e-05 -4.7618138e-05]
 [ 4.7612342e-05  4.7245809e-05 -4.7682839e-05]
 [ 4.7612335e-05  4.7578123e-05  4.7217796e-05]] 
Episode: 257: [[ 4.7500936e-05 -4.7620164e-05 -4.7615780e-05]
 [ 4.7609945e-05  4.7241083e-05 -4.7680900e-05]
 [ 4.7609938e-05  4.7575515e-05  4.7212903e-05]] 
Episode: 258: [[ 4.7497444e-05 -4.7617632e-05 -4.7613223e-05]
 [ 4.7607340e-05  4.7235932e-05 -4.7678797e-05]
 [ 4.7607333e-05  4.7572681e-05  4.7207570e-05]] 
Episode: 259: [[ 4.7493781e-05 -4.7614976e-05 -4.7610542e-05]
 [ 4.7604612e-05  4.7230533e-05 -4.7676596e-05]
 [ 4.7604604e-05  4.7569709e-05  4.7201982e-05]] 
Episode: 260: [[ 4.7490194e-05 -4.7612488e-05 -4.7608031e-05]
 [ 4.7602050e-05  4.7225250e-05 -4.7674570e-05]
 [ 4.7602043e-05  4.7566897e-05  4.7196518e-05]] 
Episode: 261: [[ 4.7486788e-05 -4.7609981e-05 -4.7605499e-05]
 [ 4.7599478e-05  4.7220223e-05 -4.7672478e-05]
 [ 4.7599471e-05  4.7564099e-05  4.7191315e-05]] 
Episode: 262: [[ 4.7483660e-05 -4.7607700e-05 -4.7603196e-05]
 [ 4.7597136e-05  4.7215606e-05 -4.7670579e-05]
 [ 4.7597128e-05  4.7561549e-05  4.7186535e-05]] 
Episode: 263: [[ 4.7480553e-05 -4.7605223e-05 -4.7600690e-05]
 [ 4.7594600e-05  4.7211004e-05 -4.7668447e-05]
 [ 4.7594593e-05  4.7558824e-05  4.7181769e-05]] 
Episode: 264: [[ 4.7477821e-05 -4.7603011e-05 -4.7598456e-05]
 [ 4.7592341e-05  4.7206959e-05 -4.7666534e-05]
 [ 4.7592333e-05  4.7556401e-05  4.7177578e-05]] 
Episode: 265: [[ 4.7475354e-05 -4.7601014e-05 -4.7596437e-05]
 [ 4.7590296e-05  4.7203303e-05 -4.7664806e-05]
 [ 4.7590289e-05  4.7554211e-05  4.7173791e-05]] 
Episode: 266: [[ 4.7472906e-05 -4.7599064e-05 -4.7594469e-05]
 [ 4.7588303e-05  4.7199679e-05 -4.7663128e-05]
 [ 4.7588295e-05  4.7552068e-05  4.7170040e-05]] 
Episode: 267: [[ 4.7470337e-05 -4.7597041e-05 -4.7592428e-05]
 [ 4.7586233e-05  4.7195877e-05 -4.7661397e-05]
 [ 4.7586225e-05  4.7549842e-05  4.7166104e-05]] 
Episode: 268: [[ 4.7467714e-05 -4.7594982e-05 -4.7590347e-05]
 [ 4.7584123e-05  4.7191999e-05 -4.7659636e-05]
 [ 4.7584115e-05  4.7547572e-05  4.7162088e-05]] 
Episode: 269: [[ 4.7464931e-05 -4.7592923e-05 -4.7588266e-05]
 [ 4.7582009e-05  4.7187899e-05 -4.7657912e-05]
 [ 4.7582002e-05  4.7545276e-05  4.7157842e-05]] 
Episode: 270: [[ 4.7462017e-05 -4.7590809e-05 -4.7586131e-05]
 [ 4.7579833e-05  4.7183607e-05 -4.7656154e-05]
 [ 4.7579830e-05  4.7542911e-05  4.7153400e-05]] 
Episode: 271: [[ 4.7459034e-05 -4.7588743e-05 -4.7584046e-05]
 [ 4.7577705e-05  4.7179215e-05 -4.7654470e-05]
 [ 4.7577701e-05  4.7540576e-05  4.7148860e-05]] 
Episode: 272: [[ 4.7456073e-05 -4.7586745e-05 -4.7582031e-05]
 [ 4.7575646e-05  4.7174864e-05 -4.7652858e-05]
 [ 4.7575642e-05  4.7538306e-05  4.7144360e-05]] 
Episode: 273: [[ 4.7453199e-05 -4.7584832e-05 -4.7580099e-05]
 [ 4.7573671e-05  4.7170648e-05 -4.7651323e-05]
 [ 4.7573667e-05  4.7536123e-05  4.7139998e-05]] 
Episode: 274: [[ 4.7450325e-05 -4.7582849e-05 -4.7578094e-05]
 [ 4.7571626e-05  4.7166417e-05 -4.7649708e-05]
 [ 4.7571622e-05  4.7533878e-05  4.7135622e-05]] 
Episode: 275: [[ 4.7447695e-05 -4.7581041e-05 -4.7576268e-05]
 [ 4.7569763e-05  4.7162550e-05 -4.7648238e-05]
 [ 4.7569760e-05  4.7531834e-05  4.7131620e-05]] 
Episode: 276: [[ 4.7444759e-05 -4.7578917e-05 -4.7574122e-05]
 [ 4.7567577e-05  4.7158228e-05 -4.7646474e-05]
 [ 4.7567577e-05  4.7529455e-05  4.7127145e-05]] 
Episode: 277: [[ 4.7442085e-05 -4.7576992e-05 -4.7572179e-05]
 [ 4.7565598e-05  4.7154292e-05 -4.7644880e-05]
 [ 4.7565598e-05  4.7527297e-05  4.7123071e-05]] 
Episode: 278: [[ 4.7439353e-05 -4.7574853e-05 -4.7570018e-05]
 [ 4.7563404e-05  4.7150254e-05 -4.7643050e-05]
 [ 4.7563404e-05  4.7524940e-05  4.7118891e-05]] 
Episode: 279: [[ 4.7436595e-05 -4.7572732e-05 -4.7567875e-05]
 [ 4.7561229e-05  4.7146183e-05 -4.7641250e-05]
 [ 4.7561229e-05  4.7522593e-05  4.7114678e-05]] 
Episode: 280: [[ 4.7433874e-05 -4.7570516e-05 -4.7565634e-05]
 [ 4.7558962e-05  4.7142152e-05 -4.7639329e-05]
 [ 4.7558962e-05  4.7520167e-05  4.7110505e-05]] 
Episode: 281: [[ 4.7430975e-05 -4.7568024e-05 -4.7563113e-05]
 [ 4.7556419e-05  4.7137852e-05 -4.7637128e-05]
 [ 4.7556419e-05  4.7517467e-05  4.7106048e-05]] 
Episode: 282: [[ 4.7428126e-05 -4.7565496e-05 -4.7560559e-05]
 [ 4.7553844e-05  4.7133621e-05 -4.7634876e-05]
 [ 4.7553844e-05  4.7514746e-05  4.7101665e-05]] 
Episode: 283: [[ 4.7425488e-05 -4.7563190e-05 -4.7558227e-05]
 [ 4.7551490e-05  4.7129703e-05 -4.7632828e-05]
 [ 4.7551490e-05  4.7512254e-05  4.7097605e-05]] 
Episode: 284: [[ 4.7423022e-05 -4.7560887e-05 -4.7555899e-05]
 [ 4.7549154e-05  4.7126028e-05 -4.7630743e-05]
 [ 4.7549154e-05  4.7509795e-05  4.7093796e-05]] 
Episode: 285: [[ 4.7420526e-05 -4.7558493e-05 -4.7553480e-05]
 [ 4.7546728e-05  4.7122303e-05 -4.7628560e-05]
 [ 4.7546728e-05  4.7507248e-05  4.7089936e-05]] 
Episode: 286: [[ 4.7418274e-05 -4.7556336e-05 -4.7551297e-05]
 [ 4.7544538e-05  4.7118945e-05 -4.7626592e-05]
 [ 4.7544538e-05  4.7504953e-05  4.7086454e-05]] 
Episode: 287: [[ 4.7415659e-05 -4.7553938e-05 -4.7548874e-05]
 [ 4.7542100e-05  4.7115052e-05 -4.7624435e-05]
 [ 4.7542100e-05  4.7502384e-05  4.7082423e-05]] 
Episode: 288: [[ 4.7413036e-05 -4.7551643e-05 -4.7546553e-05]
 [ 4.7539761e-05  4.7111156e-05 -4.7622394e-05]
 [ 4.7539761e-05  4.7499903e-05  4.7078389e-05]] 
Episode: 289: [[ 4.7410063e-05 -4.7549172e-05 -4.7544054e-05]
 [ 4.7537236e-05  4.7106758e-05 -4.7620237e-05]
 [ 4.7537236e-05  4.7497211e-05  4.7073834e-05]] 
Episode: 290: [[ 4.7407411e-05 -4.7546950e-05 -4.7541809e-05]
 [ 4.7534970e-05  4.7102832e-05 -4.7618290e-05]
 [ 4.7534970e-05  4.7494796e-05  4.7069771e-05]] 
Episode: 291: [[ 4.7404592e-05 -4.7544716e-05 -4.7539550e-05]
 [ 4.7532681e-05  4.7098671e-05 -4.7616370e-05]
 [ 4.7532681e-05  4.7492340e-05  4.7065463e-05]] 
Episode: 292: [[ 4.7401278e-05 -4.7542188e-05 -4.7536996e-05]
 [ 4.7530088e-05  4.7093781e-05 -4.7614230e-05]
 [ 4.7530088e-05  4.7489539e-05  4.7060406e-05]] 
Episode: 293: [[ 4.7398156e-05 -4.7539834e-05 -4.7534621e-05]
 [ 4.7527672e-05  4.7089183e-05 -4.7612248e-05]
 [ 4.7527672e-05  4.7486927e-05  4.7055648e-05]] 
Episode: 294: [[ 4.7394900e-05 -4.7537247e-05 -4.7532008e-05]
 [ 4.7525027e-05  4.7084373e-05 -4.7610025e-05]
 [ 4.7525027e-05  4.7484085e-05  4.7050671e-05]] 
Episode: 295: [[ 4.7391193e-05 -4.7534424e-05 -4.7529156e-05]
 [ 4.7522135e-05  4.7078898e-05 -4.7607638e-05]
 [ 4.7522135e-05  4.7480960e-05  4.7045007e-05]] 
Episode: 296: [[ 4.7387417e-05 -4.7531412e-05 -4.7526111e-05]
 [ 4.7519050e-05  4.7073314e-05 -4.7605048e-05]
 [ 4.7519054e-05  4.7477653e-05  4.7039226e-05]] 
Episode: 297: [[ 4.7383772e-05 -4.7528465e-05 -4.7523132e-05]
 [ 4.7516038e-05  4.7067915e-05 -4.7602505e-05]
 [ 4.7516041e-05  4.7474427e-05  4.7033634e-05]] 
Episode: 298: [[ 4.7380014e-05 -4.7525355e-05 -4.7519989e-05]
 [ 4.7512858e-05  4.7062349e-05 -4.7599799e-05]
 [ 4.7512862e-05  4.7471036e-05  4.7027868e-05]] 
Episode: 299: [[ 4.7376670e-05 -4.7522572e-05 -4.7517176e-05]
 [ 4.7510017e-05  4.7057398e-05 -4.7597372e-05]
 [ 4.7510021e-05  4.7468006e-05  4.7022739e-05]] 
Episode: 300: [[ 4.7373276e-05 -4.7519719e-05 -4.7514292e-05]
 [ 4.7507103e-05  4.7052363e-05 -4.7594876e-05]
 [ 4.7507107e-05  4.7464906e-05  4.7017522e-05]] 
Episode: 301: [[ 4.7369667e-05 -4.7516740e-05 -4.7511279e-05]
 [ 4.7504058e-05  4.7047015e-05 -4.7592290e-05]
 [ 4.7504062e-05  4.7461657e-05  4.7011981e-05]] 
Episode: 302: [[ 4.7365778e-05 -4.7513546e-05 -4.7508052e-05]
 [ 4.7500791e-05  4.7041260e-05 -4.7589521e-05]
 [ 4.7500795e-05  4.7458172e-05  4.7006022e-05]] 
Episode: 303: [[ 4.7361620e-05 -4.7510319e-05 -4.7504793e-05]
 [ 4.7497484e-05  4.7035115e-05 -4.7586778e-05]
 [ 4.7497488e-05  4.7454614e-05  4.6999663e-05]] 
Episode: 304: [[ 4.7357815e-05 -4.7507387e-05 -4.7501828e-05]
 [ 4.7494475e-05  4.7029498e-05 -4.7584290e-05]
 [ 4.7494479e-05  4.7451376e-05  4.6993846e-05]] 
Episode: 305: [[ 4.7354049e-05 -4.7504480e-05 -4.7498892e-05]
 [ 4.7491496e-05  4.7023943e-05 -4.7581823e-05]
 [ 4.7491500e-05  4.7448168e-05  4.6988094e-05]] 
Episode: 306: [[ 4.7350524e-05 -4.7501802e-05 -4.7496185e-05]
 [ 4.7488746e-05  4.7018741e-05 -4.7579564e-05]
 [ 4.7488749e-05  4.7445203e-05  4.6982710e-05]] 
Episode: 307: [[ 4.7347221e-05 -4.7499343e-05 -4.7493701e-05]
 [ 4.7486217e-05  4.7013873e-05 -4.7577505e-05]
 [ 4.7486225e-05  4.7442467e-05  4.6977671e-05]] 
Episode: 308: [[ 4.7343856e-05 -4.7496862e-05 -4.7491194e-05]
 [ 4.7483667e-05  4.7008914e-05 -4.7575435e-05]
 [ 4.7483674e-05  4.7439702e-05  4.6972538e-05]] 
Episode: 309: [[ 4.7340793e-05 -4.7494614e-05 -4.7488924e-05]
 [ 4.7481357e-05  4.7004403e-05 -4.7573565e-05]
 [ 4.7481364e-05  4.7437195e-05  4.6967867e-05]] 
Episode: 310: [[ 4.7338031e-05 -4.7492587e-05 -4.7486876e-05]
 [ 4.7479272e-05  4.7000336e-05 -4.7571877e-05]
 [ 4.7479280e-05  4.7434936e-05  4.6963658e-05]] 
Episode: 311: [[ 4.7335001e-05 -4.7490292e-05 -4.7484558e-05]
 [ 4.7476915e-05  4.6995869e-05 -4.7569942e-05]
 [ 4.7476922e-05  4.7432393e-05  4.6959034e-05]] 
Episode: 312: [[ 4.7331756e-05 -4.7487880e-05 -4.7482121e-05]
 [ 4.7474434e-05  4.6991081e-05 -4.7567923e-05]
 [ 4.7474445e-05  4.7429709e-05  4.6954076e-05]] 
Episode: 313: [[ 4.7328602e-05 -4.7485602e-05 -4.7479822e-05]
 [ 4.7472091e-05  4.6986432e-05 -4.7566042e-05]
 [ 4.7472102e-05  4.7427158e-05  4.6949262e-05]] 
Episode: 314: [[ 4.7325477e-05 -4.7483147e-05 -4.7477341e-05]
 [ 4.7469577e-05  4.6981811e-05 -4.7563943e-05]
 [ 4.7469588e-05  4.7424455e-05  4.6944479e-05]] 
Episode: 315: [[ 4.7322203e-05 -4.7480567e-05 -4.7474732e-05]
 [ 4.7466932e-05  4.6976973e-05 -4.7561734e-05]
 [ 4.7466943e-05  4.7421618e-05  4.6939469e-05]] 
Episode: 316: [[ 4.7318550e-05 -4.7477770e-05 -4.7471905e-05]
 [ 4.7464062e-05  4.6971589e-05 -4.7559366e-05]
 [ 4.7464073e-05  4.7418525e-05  4.6933896e-05]] 
Episode: 317: [[ 4.7315159e-05 -4.7475212e-05 -4.7469322e-05]
 [ 4.7461435e-05  4.6966594e-05 -4.7557212e-05]
 [ 4.7461446e-05  4.7415688e-05  4.6928726e-05]] 
Episode: 318: [[ 4.7311547e-05 -4.7472462e-05 -4.7466543e-05]
 [ 4.7458612e-05  4.6961271e-05 -4.7554888e-05]
 [ 4.7458623e-05  4.7412643e-05  4.6923218e-05]] 
Episode: 319: [[ 4.7307858e-05 -4.7469548e-05 -4.7463600e-05]
 [ 4.7455625e-05  4.6955825e-05 -4.7552396e-05]
 [ 4.7455640e-05  4.7409441e-05  4.6917579e-05]] 
Episode: 320: [[ 4.7304118e-05 -4.7466656e-05 -4.7460679e-05]
 [ 4.7452657e-05  4.6950310e-05 -4.7549936e-05]
 [ 4.7452671e-05  4.7406251e-05  4.6911871e-05]] 
Episode: 321: [[ 4.7300582e-05 -4.7463745e-05 -4.7457739e-05]
 [ 4.7449685e-05  4.6945082e-05 -4.7547408e-05]
 [ 4.7449699e-05  4.7403078e-05  4.6906458e-05]] 
Episode: 322: [[ 4.7297108e-05 -4.7460984e-05 -4.7454949e-05]
 [ 4.7446858e-05  4.6939953e-05 -4.7545036e-05]
 [ 4.7446872e-05  4.7400048e-05  4.6901150e-05]] 
Episode: 323: [[ 4.7293910e-05 -4.7458474e-05 -4.7452409e-05]
 [ 4.7444286e-05  4.6935234e-05 -4.7542886e-05]
 [ 4.7444300e-05  4.7397283e-05  4.6896264e-05]] 
Episode: 324: [[ 4.7290974e-05 -4.7456033e-05 -4.7449943e-05]
 [ 4.7441794e-05  4.6930887e-05 -4.7540754e-05]
 [ 4.7441808e-05  4.7394624e-05  4.6891764e-05]] 
Episode: 325: [[ 4.7288220e-05 -4.7453774e-05 -4.7447658e-05]
 [ 4.7439487e-05  4.6926809e-05 -4.7538793e-05]
 [ 4.7439502e-05  4.7392157e-05  4.6887544e-05]] 
Episode: 326: [[ 4.7285164e-05 -4.7451253e-05 -4.7445112e-05]
 [ 4.7436912e-05  4.6922294e-05 -4.7536603e-05]
 [ 4.7436926e-05  4.7389411e-05  4.6882869e-05]] 
Episode: 327: [[ 4.7282290e-05 -4.7448793e-05 -4.7442627e-05]
 [ 4.7434405e-05  4.6918034e-05 -4.7534439e-05]
 [ 4.7434420e-05  4.7386748e-05  4.6878456e-05]] 
Episode: 328: [[ 4.7279089e-05 -4.7445887e-05 -4.7439687e-05]
 [ 4.7431444e-05  4.6913283e-05 -4.7531827e-05]
 [ 4.7431458e-05  4.7383630e-05  4.6873534e-05]] 
Episode: 329: [[ 4.7275596e-05 -4.7442849e-05 -4.7436617e-05]
 [ 4.7428344e-05  4.6908106e-05 -4.7529134e-05]
 [ 4.7428359e-05  4.7380348e-05  4.6868176e-05]] 
Episode: 330: [[ 4.7271871e-05 -4.7439578e-05 -4.7433310e-05]
 [ 4.7425008e-05  4.6902587e-05 -4.7526231e-05]
 [ 4.7425023e-05  4.7376823e-05  4.6862460e-05]] 
Episode: 331: [[ 4.7267826e-05 -4.7436060e-05 -4.7429752e-05]
 [ 4.7421414e-05  4.6896599e-05 -4.7523117e-05]
 [ 4.7421428e-05  4.7373025e-05  4.6856261e-05]] 
Episode: 332: [[ 4.7263900e-05 -4.7432699e-05 -4.7426358e-05]
 [ 4.7417980e-05  4.6890793e-05 -4.7520160e-05]
 [ 4.7417994e-05  4.7369391e-05  4.6850251e-05]] 
Episode: 333: [[ 4.7260310e-05 -4.7429647e-05 -4.7423277e-05]
 [ 4.7414862e-05  4.6885481e-05 -4.7517482e-05]
 [ 4.7414876e-05  4.7366084e-05  4.6844751e-05]] 
Episode: 334: [[ 4.7256617e-05 -4.7426634e-05 -4.7420235e-05]
 [ 4.7411781e-05  4.6880032e-05 -4.7514874e-05]
 [ 4.7411795e-05  4.7362795e-05  4.6839108e-05]] 
Episode: 335: [[ 4.7252834e-05 -4.7423597e-05 -4.7417168e-05]
 [ 4.7408670e-05  4.6874451e-05 -4.7512262e-05]
 [ 4.7408685e-05  4.7359470e-05  4.6833331e-05]] 
Episode: 336: [[ 4.7249243e-05 -4.7420530e-05 -4.7414069e-05]
 [ 4.7405538e-05  4.6869136e-05 -4.7509562e-05]
 [ 4.7405552e-05  4.7356149e-05  4.6827830e-05]] 
Episode: 337: [[ 4.7245885e-05 -4.7417710e-05 -4.7411220e-05]
 [ 4.7402656e-05  4.6864167e-05 -4.7507096e-05]
 [ 4.7402671e-05  4.7353085e-05  4.6822686e-05]] 
Episode: 338: [[ 4.7242465e-05 -4.7414949e-05 -4.7408430e-05]
 [ 4.7399833e-05  4.6859117e-05 -4.7504716e-05]
 [ 4.7399848e-05  4.7350066e-05  4.6817458e-05]] 
Episode: 339: [[ 4.7239158e-05 -4.7412348e-05 -4.7405803e-05]
 [ 4.7397170e-05  4.6854238e-05 -4.7502494e-05]
 [ 4.7397185e-05  4.7347206e-05  4.6812409e-05]] 
Episode: 340: [[ 4.7236066e-05 -4.7409965e-05 -4.7403395e-05]
 [ 4.7394726e-05  4.6849680e-05 -4.7500471e-05]
 [ 4.7394740e-05  4.7344576e-05  4.6807691e-05]] 
Episode: 341: [[ 4.7233290e-05 -4.7407815e-05 -4.7401223e-05]
 [ 4.7392525e-05  4.6845587e-05 -4.7498645e-05]
 [ 4.7392539e-05  4.7342208e-05  4.6803452e-05]] 
Episode: 342: [[ 4.7230129e-05 -4.7405483e-05 -4.7398869e-05]
 [ 4.7390131e-05  4.6840934e-05 -4.7496698e-05]
 [ 4.7390145e-05  4.7339610e-05  4.6798636e-05]] 
Episode: 343: [[ 4.7226582e-05 -4.7402882e-05 -4.7396243e-05]
 [ 4.7387457e-05  4.6835714e-05 -4.7494534e-05]
 [ 4.7387472e-05  4.7336711e-05  4.6793233e-05]] 
Episode: 344: [[ 4.7223191e-05 -4.7400201e-05 -4.7393536e-05]
 [ 4.7384714e-05  4.6830708e-05 -4.7492238e-05]
 [ 4.7384729e-05  4.7333768e-05  4.6788049e-05]] 
Episode: 345: [[ 4.7220146e-05 -4.7397789e-05 -4.7391099e-05]
 [ 4.7382244e-05  4.6826211e-05 -4.7490168e-05]
 [ 4.7382258e-05  4.7331119e-05  4.6783396e-05]] 
Episode: 346: [[ 4.7216803e-05 -4.7395137e-05 -4.7388421e-05]
 [ 4.7379530e-05  4.6821275e-05 -4.7487894e-05]
 [ 4.7379544e-05  4.7328209e-05  4.6778285e-05]] 
Episode: 347: [[ 4.7213187e-05 -4.7392357e-05 -4.7385613e-05]
 [ 4.7376678e-05  4.6815945e-05 -4.7485537e-05]
 [ 4.7376692e-05  4.7325138e-05  4.6772770e-05]] 
Episode: 348: [[ 4.7209956e-05 -4.7389862e-05 -4.7383091e-05]
 [ 4.7374120e-05  4.6811183e-05 -4.7483420e-05]
 [ 4.7374135e-05  4.7322388e-05  4.6767840e-05]] 
Episode: 349: [[ 4.7206584e-05 -4.7387417e-05 -4.7380621e-05]
 [ 4.7371606e-05  4.6806224e-05 -4.7481390e-05]
 [ 4.7371621e-05  4.7319656e-05  4.6762707e-05]] 
Episode: 350: [[ 4.7203474e-05 -4.7385012e-05 -4.7378191e-05]
 [ 4.7369143e-05  4.6801633e-05 -4.7479341e-05]
 [ 4.7369158e-05  4.7317000e-05  4.6757956e-05]] 
Episode: 351: [[ 4.7200250e-05 -4.7382571e-05 -4.7375725e-05]
 [ 4.7366641e-05  4.6796882e-05 -4.7477279e-05]
 [ 4.7366655e-05  4.7314294e-05  4.6753041e-05]] 
Episode: 352: [[ 4.7196729e-05 -4.7379879e-05 -4.7373003e-05]
 [ 4.7363879e-05  4.6791691e-05 -4.7474998e-05]
 [ 4.7363894e-05  4.7311314e-05  4.6747668e-05]] 
Episode: 353: [[ 4.7193444e-05 -4.7377212e-05 -4.7370308e-05]
 [ 4.7361154e-05  4.6786838e-05 -4.7472688e-05]
 [ 4.7361169e-05  4.7308396e-05  4.6742640e-05]] 
Episode: 354: [[ 4.7189951e-05 -4.7374229e-05 -4.7367295e-05]
 [ 4.7358113e-05  4.6781661e-05 -4.7470065e-05]
 [ 4.7358128e-05  4.7305166e-05  4.6737277e-05]] 
Episode: 355: [[ 4.7186211e-05 -4.7370973e-05 -4.7364007e-05]
 [ 4.7354795e-05  4.6776113e-05 -4.7467191e-05]
 [ 4.7354810e-05  4.7301655e-05  4.6731529e-05]] 
Episode: 356: [[ 4.7182701e-05 -4.7367972e-05 -4.7360973e-05]
 [ 4.7351732e-05  4.6770911e-05 -4.7464553e-05]
 [ 4.7351747e-05  4.7298407e-05  4.6726138e-05]] 
Episode: 357: [[ 4.7179026e-05 -4.7364912e-05 -4.7357880e-05]
 [ 4.7348607e-05  4.6765472e-05 -4.7461886e-05]
 [ 4.7348622e-05  4.7295078e-05  4.6720506e-05]] 
Episode: 358: [[ 4.7175152e-05 -4.7361784e-05 -4.7354719e-05]
 [ 4.7345406e-05  4.6759742e-05 -4.7459191e-05]
 [ 4.7345424e-05  4.7291658e-05  4.6714573e-05]] 
Episode: 359: [[ 4.7171550e-05 -4.7358888e-05 -4.7351794e-05]
 [ 4.7342444e-05  4.6754416e-05 -4.7456702e-05]
 [ 4.7342462e-05  4.7288489e-05  4.6709058e-05]] 
Episode: 360: [[ 4.7167618e-05 -4.7355839e-05 -4.7348713e-05]
 [ 4.7339319e-05  4.6748613e-05 -4.7454112e-05]
 [ 4.7339337e-05  4.7285128e-05  4.6703051e-05]] 
Episode: 361: [[ 4.7163147e-05 -4.7352572e-05 -4.7345413e-05]
 [ 4.7335961e-05  4.6742029e-05 -4.7451402e-05]
 [ 4.7335980e-05  4.7281486e-05  4.6696237e-05]] 
Episode: 362: [[ 4.7158737e-05 -4.7349175e-05 -4.7341982e-05]
 [ 4.7332480e-05  4.6735517e-05 -4.7448528e-05]
 [ 4.7332498e-05  4.7277739e-05  4.6689496e-05]] 
Episode: 363: [[ 4.7154394e-05 -4.7345937e-05 -4.7338712e-05]
 [ 4.7329158e-05  4.6729110e-05 -4.7445821e-05]
 [ 4.7329177e-05  4.7274145e-05  4.6682864e-05]] 
Episode: 364: [[ 4.7150286e-05 -4.7342710e-05 -4.7335452e-05]
 [ 4.7325851e-05  4.6723038e-05 -4.7443067e-05]
 [ 4.7325870e-05  4.7270594e-05  4.6676574e-05]] 
Episode: 365: [[ 4.7145892e-05 -4.7339392e-05 -4.7332098e-05]
 [ 4.7322446e-05  4.6716552e-05 -4.7440277e-05]
 [ 4.7322465e-05  4.7266916e-05  4.6669858e-05]] 
Episode: 366: [[ 4.7141686e-05 -4.7336049e-05 -4.7328718e-05]
 [ 4.7319027e-05  4.6710331e-05 -4.7437414e-05]
 [ 4.7319045e-05  4.7263249e-05  4.6663416e-05]] 
Episode: 367: [[ 4.7137597e-05 -4.7332673e-05 -4.7325306e-05]
 [ 4.7315578e-05  4.6704270e-05 -4.7434485e-05]
 [ 4.7315596e-05  4.7259571e-05  4.6657136e-05]] 
Episode: 368: [[ 4.7133744e-05 -4.7329559e-05 -4.7322159e-05]
 [ 4.7312395e-05  4.6698566e-05 -4.7431804e-05]
 [ 4.7312413e-05  4.7256166e-05  4.6651225e-05]] 
Episode: 369: [[ 4.7129983e-05 -4.7326364e-05 -4.7318932e-05]
 [ 4.7309139e-05  4.6692981e-05 -4.7429010e-05]
 [ 4.7309157e-05  4.7252706e-05  4.6645437e-05]] 
Episode: 370: [[ 4.7126308e-05 -4.7323138e-05 -4.7315672e-05]
 [ 4.7305854e-05  4.6687514e-05 -4.7426158e-05]
 [ 4.7305872e-05  4.7249232e-05  4.6639769e-05]] 
Episode: 371: [[ 4.7122787e-05 -4.7320143e-05 -4.7312646e-05]
 [ 4.7302801e-05  4.6682282e-05 -4.7423535e-05]
 [ 4.7302819e-05  4.7245987e-05  4.6634348e-05]] 
Episode: 372: [[ 4.7119454e-05 -4.7317160e-05 -4.7309630e-05]
 [ 4.7299767e-05  4.6677320e-05 -4.7420879e-05]
 [ 4.7299785e-05  4.7242782e-05  4.6629200e-05]] 
Episode: 373: [[ 4.7115707e-05 -4.7313846e-05 -4.7306279e-05]
 [ 4.7296391e-05  4.6671750e-05 -4.7417943e-05]
 [ 4.7296413e-05  4.7239220e-05  4.6623431e-05]] 
Episode: 374: [[ 4.7111487e-05 -4.7310215e-05 -4.7302612e-05]
 [ 4.7292691e-05  4.6665486e-05 -4.7414753e-05]
 [ 4.7292713e-05  4.7235299e-05  4.6616937e-05]] 
Episode: 375: [[ 4.7107598e-05 -4.7306894e-05 -4.7299254e-05]
 [ 4.7289304e-05  4.6659716e-05 -4.7411842e-05]
 [ 4.7289326e-05  4.7231704e-05  4.6610960e-05]] 
Episode: 376: [[ 4.7103680e-05 -4.7303420e-05 -4.7295744e-05]
 [ 4.7285768e-05  4.6653891e-05 -4.7408761e-05]
 [ 4.7285790e-05  4.7227972e-05  4.6604920e-05]] 
Episode: 377: [[ 4.7099667e-05 -4.7300025e-05 -4.7292313e-05]
 [ 4.7282305e-05  4.6647936e-05 -4.7405796e-05]
 [ 4.7282327e-05  4.7224294e-05  4.6598750e-05]] 
Episode: 378: [[ 4.7095782e-05 -4.7296828e-05 -4.7289082e-05]
 [ 4.7279038e-05  4.6642173e-05 -4.7403028e-05]
 [ 4.7279060e-05  4.7220808e-05  4.6592781e-05]] 
Episode: 379: [[ 4.7091882e-05 -4.7293735e-05 -4.7285957e-05]
 [ 4.7275873e-05  4.6636404e-05 -4.7400383e-05]
 [ 4.7275898e-05  4.7217414e-05  4.6586803e-05]] 
Episode: 380: [[ 4.7087604e-05 -4.7290432e-05 -4.7282621e-05]
 [ 4.7272490e-05  4.6630084e-05 -4.7397589e-05]
 [ 4.7272515e-05  4.7213773e-05  4.6580259e-05]] 
Episode: 381: [[ 4.7082991e-05 -4.7287100e-05 -4.7279256e-05]
 [ 4.7269066e-05  4.6623289e-05 -4.7394838e-05]
 [ 4.7269092e-05  4.7210047e-05  4.6573223e-05]] 
Episode: 382: [[ 4.7078142e-05 -4.7283520e-05 -4.7275644e-05]
 [ 4.7265392e-05  4.6616136e-05 -4.7391863e-05]
 [ 4.7265417e-05  4.7206067e-05  4.6565820e-05]] 
Episode: 383: [[ 4.7073230e-05 -4.7279907e-05 -4.7271995e-05]
 [ 4.7261678e-05  4.6608897e-05 -4.7388861e-05]
 [ 4.7261707e-05  4.7202047e-05  4.6558325e-05]] 
Episode: 384: [[ 4.7068097e-05 -4.7276248e-05 -4.7268299e-05]
 [ 4.7257912e-05  4.6601341e-05 -4.7385856e-05]
 [ 4.7257941e-05  4.7197947e-05  4.6550507e-05]] 
Episode: 385: [[ 4.7062684e-05 -4.7272340e-05 -4.7264351e-05]
 [ 4.7253892e-05  4.6593374e-05 -4.7382633e-05]
 [ 4.7253921e-05  4.7193585e-05  4.6542264e-05]] 
Episode: 386: [[ 4.7057569e-05 -4.7268735e-05 -4.7260710e-05]
 [ 4.7250182e-05  4.6585850e-05 -4.7379690e-05]
 [ 4.7250211e-05  4.7189540e-05  4.6534478e-05]] 
Episode: 387: [[ 4.7052792e-05 -4.7265185e-05 -4.7257123e-05]
 [ 4.7246536e-05  4.6578811e-05 -4.7376725e-05]
 [ 4.7246565e-05  4.7185596e-05  4.6527191e-05]] 
Episode: 388: [[ 4.7048081e-05 -4.7261710e-05 -4.7253616e-05]
 [ 4.7242971e-05  4.6571869e-05 -4.7373833e-05]
 [ 4.7243000e-05  4.7181733e-05  4.6520010e-05]] 
Episode: 389: [[ 4.7043744e-05 -4.7258382e-05 -4.7250254e-05]
 [ 4.7239562e-05  4.6565474e-05 -4.7371021e-05]
 [ 4.7239591e-05  4.7178062e-05  4.6513385e-05]] 
Episode: 390: [[ 4.7039706e-05 -4.7255329e-05 -4.7247169e-05]
 [ 4.7236434e-05  4.6559519e-05 -4.7368456e-05]
 [ 4.7236463e-05  4.7174683e-05  4.6507219e-05]] 
Episode: 391: [[ 4.7035410e-05 -4.7251975e-05 -4.7243779e-05]
 [ 4.7232999e-05  4.6553163e-05 -4.7365607e-05]
 [ 4.7233032e-05  4.7170994e-05  4.6500638e-05]] 
Episode: 392: [[ 4.7030764e-05 -4.7248312e-05 -4.7240079e-05]
 [ 4.7229252e-05  4.6546298e-05 -4.7362486e-05]
 [ 4.7229285e-05  4.7166977e-05  4.6493529e-05]] 
Episode: 393: [[ 4.7025747e-05 -4.7244524e-05 -4.7236252e-05]
 [ 4.7225367e-05  4.6538898e-05 -4.7359306e-05]
 [ 4.7225400e-05  4.7162786e-05  4.6485871e-05]] 
Episode: 394: [[ 4.7021058e-05 -4.7241036e-05 -4.7232730e-05]
 [ 4.7221783e-05  4.6531990e-05 -4.7356396e-05]
 [ 4.7221820e-05  4.7158916e-05  4.6478719e-05]] 
Episode: 395: [[ 4.7016398e-05 -4.7237532e-05 -4.7229194e-05]
 [ 4.7218189e-05  4.6525121e-05 -4.7353464e-05]
 [ 4.7218226e-05  4.7155037e-05  4.6471610e-05]] 
Episode: 396: [[ 4.7011643e-05 -4.7233872e-05 -4.7225498e-05]
 [ 4.7214431e-05  4.6518111e-05 -4.7350371e-05]
 [ 4.7214471e-05  4.7151003e-05  4.6464353e-05]] 
Episode: 397: [[ 4.7007001e-05 -4.7230209e-05 -4.7221798e-05]
 [ 4.7210677e-05  4.6511261e-05 -4.7347246e-05]
 [ 4.7210717e-05  4.7146987e-05  4.6457259e-05]] 
Episode: 398: [[ 4.7002301e-05 -4.7226546e-05 -4.7218098e-05]
 [ 4.7206919e-05  4.6504330e-05 -4.7344136e-05]
 [ 4.7206959e-05  4.7142959e-05  4.6450084e-05]] 
Episode: 399: [[ 4.6997207e-05 -4.7222769e-05 -4.7214286e-05]
 [ 4.7203037e-05  4.6496833e-05 -4.7340993e-05]
 [ 4.7203081e-05  4.7138772e-05  4.6442325e-05]] 
Episode: 400: [[ 4.6992303e-05 -4.7218975e-05 -4.7210451e-05]
 [ 4.7199144e-05  4.6489604e-05 -4.7337780e-05]
 [ 4.7199188e-05  4.7134596e-05  4.6434841e-05]] 
Episode: 401: [[ 4.6987177e-05 -4.7215170e-05 -4.7206609e-05]
 [ 4.7195237e-05  4.6482055e-05 -4.7334612e-05]
 [ 4.7195281e-05  4.7130376e-05  4.6427031e-05]] 
Episode: 402: [[ 4.6981815e-05 -4.7211277e-05 -4.7202680e-05]
 [ 4.7191235e-05  4.6474161e-05 -4.7331399e-05]
 [ 4.7191279e-05  4.7126039e-05  4.6418863e-05]] 
Episode: 403: [[ 4.6976547e-05 -4.7207493e-05 -4.7198861e-05]
 [ 4.7187343e-05  4.6466412e-05 -4.7328289e-05]
 [ 4.7187390e-05  4.7121815e-05  4.6410845e-05]] 
Episode: 404: [[ 4.6971130e-05 -4.7203419e-05 -4.7194746e-05]
 [ 4.7183159e-05  4.6458434e-05 -4.7324880e-05]
 [ 4.7183206e-05  4.7117308e-05  4.6402587e-05]] 
Episode: 405: [[ 4.6966041e-05 -4.7199370e-05 -4.7190653e-05]
 [ 4.7179012e-05  4.6450914e-05 -4.7321417e-05]
 [ 4.7179063e-05  4.7112873e-05  4.6394802e-05]] 
Episode: 406: [[ 4.6961348e-05 -4.7195506e-05 -4.7186753e-05]
 [ 4.7175065e-05  4.6443965e-05 -4.7318077e-05]
 [ 4.7175115e-05  4.7108671e-05  4.6387606e-05]] 
Episode: 407: [[ 4.6956735e-05 -4.7191832e-05 -4.7183043e-05]
 [ 4.7171303e-05  4.6437144e-05 -4.7314934e-05]
 [ 4.7171354e-05  4.7104648e-05  4.6380541e-05]] 
Episode: 408: [[ 4.6952620e-05 -4.7188532e-05 -4.7179710e-05]
 [ 4.7167927e-05  4.6431058e-05 -4.7312104e-05]
 [ 4.7167978e-05  4.7101039e-05  4.6374240e-05]] 
Episode: 409: [[ 4.6948117e-05 -4.7185094e-05 -4.7176240e-05]
 [ 4.7164398e-05  4.6424419e-05 -4.7309208e-05]
 [ 4.7164453e-05  4.7097245e-05  4.6367368e-05]] 
Episode: 410: [[ 4.6944155e-05 -4.7182039e-05 -4.7173151e-05]
 [ 4.7161262e-05  4.6418576e-05 -4.7306621e-05]
 [ 4.7161317e-05  4.7093876e-05  4.6361321e-05]] 
Episode: 411: [[ 4.6940397e-05 -4.7179223e-05 -4.7170306e-05]
 [ 4.7158370e-05  4.6413043e-05 -4.7304264e-05]
 [ 4.7158424e-05  4.7090754e-05  4.6355595e-05]] 
Episode: 412: [[ 4.6936515e-05 -4.7176465e-05 -4.7167519e-05]
 [ 4.7155532e-05  4.6407335e-05 -4.7302001e-05]
 [ 4.7155587e-05  4.7087662e-05  4.6349687e-05]] 
Episode: 413: [[ 4.6932622e-05 -4.7173518e-05 -4.7164544e-05]
 [ 4.7152509e-05  4.6401590e-05 -4.7299523e-05]
 [ 4.7152564e-05  4.7084402e-05  4.6343743e-05]] 
Episode: 414: [[ 4.6929064e-05 -4.7170866e-05 -4.7161866e-05]
 [ 4.7149788e-05  4.6396344e-05 -4.7297308e-05]
 [ 4.7149842e-05  4.7081459e-05  4.6338315e-05]] 
Episode: 415: [[ 4.6925459e-05 -4.7168345e-05 -4.7159319e-05]
 [ 4.7147194e-05  4.6391040e-05 -4.7295252e-05]
 [ 4.7147249e-05  4.7078622e-05  4.6332825e-05]] 
Episode: 416: [[ 4.6922200e-05 -4.7166068e-05 -4.7157020e-05]
 [ 4.7144851e-05  4.6386242e-05 -4.7293397e-05]
 [ 4.7144906e-05  4.7076057e-05  4.6327859e-05]] 
Episode: 417: [[ 4.6919045e-05 -4.7163932e-05 -4.7154863e-05]
 [ 4.7142650e-05  4.6381603e-05 -4.7291680e-05]
 [ 4.7142705e-05  4.7073634e-05  4.6323061e-05]] 
Episode: 418: [[ 4.6916120e-05 -4.7161986e-05 -4.7152898e-05]
 [ 4.7140646e-05  4.6377310e-05 -4.7290127e-05]
 [ 4.7140700e-05  4.7071419e-05  4.6318619e-05]] 
Episode: 419: [[ 4.6912977e-05 -4.7159789e-05 -4.7150679e-05]
 [ 4.7138383e-05  4.6372686e-05 -4.7288337e-05]
 [ 4.7138441e-05  4.7068948e-05  4.6313835e-05]] 
Episode: 420: [[ 4.6909929e-05 -4.7157526e-05 -4.7148395e-05]
 [ 4.7136062e-05  4.6368186e-05 -4.7286449e-05]
 [ 4.7136120e-05  4.7066434e-05  4.6309175e-05]] 
Episode: 421: [[ 4.6906734e-05 -4.7155045e-05 -4.7145888e-05]
 [ 4.7133522e-05  4.6363461e-05 -4.7284342e-05]
 [ 4.7133581e-05  4.7063699e-05  4.6304282e-05]] 
Episode: 422: [[ 4.6903646e-05 -4.7152764e-05 -4.7143585e-05]
 [ 4.7131183e-05  4.6358906e-05 -4.7282443e-05]
 [ 4.7131241e-05  4.7061159e-05  4.6299567e-05]] 
Episode: 423: [[ 4.6900535e-05 -4.7150548e-05 -4.7141348e-05]
 [ 4.7128910e-05  4.6354322e-05 -4.7280624e-05]
 [ 4.7128968e-05  4.7058675e-05  4.6294823e-05]] 
Episode: 424: [[ 4.6897570e-05 -4.7148496e-05 -4.7139274e-05]
 [ 4.7126799e-05  4.6349960e-05 -4.7278958e-05]
 [ 4.7126858e-05  4.7056361e-05  4.6290308e-05]] 
Episode: 425: [[ 4.6894053e-05 -4.7146048e-05 -4.7136800e-05]
 [ 4.7124278e-05  4.6344783e-05 -4.7276968e-05]
 [ 4.7124340e-05  4.7053607e-05  4.6284953e-05]] 
Episode: 426: [[ 4.6890516e-05 -4.7143385e-05 -4.7134108e-05]
 [ 4.7121546e-05  4.6339563e-05 -4.7274734e-05]
 [ 4.7121612e-05  4.7050657e-05  4.6279547e-05]] 
Episode: 427: [[ 4.6887257e-05 -4.7140762e-05 -4.7131456e-05]
 [ 4.7118869e-05  4.6334739e-05 -4.7272479e-05]
 [ 4.7118934e-05  4.7047786e-05  4.6274548e-05]] 
Episode: 428: [[ 4.6883706e-05 -4.7138052e-05 -4.7128717e-05]
 [ 4.7116093e-05  4.6329500e-05 -4.7270194e-05]
 [ 4.7116162e-05  4.7044792e-05  4.6269124e-05]] 
Episode: 429: [[ 4.6880403e-05 -4.7135345e-05 -4.7125977e-05]
 [ 4.7113332e-05  4.6324603e-05 -4.7267851e-05]
 [ 4.7113404e-05  4.7041842e-05  4.6264053e-05]] 
Episode: 430: [[ 4.6877249e-05 -4.7132595e-05 -4.7123198e-05]
 [ 4.7110534e-05  4.6319918e-05 -4.7265425e-05]
 [ 4.7110607e-05  4.7038880e-05  4.6259196e-05]] 
Episode: 431: [[ 4.6874062e-05 -4.7129994e-05 -4.7120568e-05]
 [ 4.7107882e-05  4.6315192e-05 -4.7263176e-05]
 [ 4.7107955e-05  4.7036043e-05  4.6254303e-05]] 
Episode: 432: [[ 4.6870755e-05 -4.7127112e-05 -4.7117654e-05]
 [ 4.7104950e-05  4.6310277e-05 -4.7260633e-05]
 [ 4.7105023e-05  4.7032936e-05  4.6249206e-05]] 
Episode: 433: [[ 4.6867342e-05 -4.7124096e-05 -4.7114605e-05]
 [ 4.7101883e-05  4.6305198e-05 -4.7257963e-05]
 [ 4.7101956e-05  4.7029695e-05  4.6243942e-05]] 
Episode: 434: [[ 4.6864083e-05 -4.7121044e-05 -4.7111516e-05]
 [ 4.7098787e-05  4.6300331e-05 -4.7255213e-05]
 [ 4.7098860e-05  4.7026442e-05  4.6238893e-05]] 
Episode: 435: [[ 4.6861038e-05 -4.7118254e-05 -4.7108693e-05]
 [ 4.7095957e-05  4.6295787e-05 -4.7252717e-05]
 [ 4.7096029e-05  4.7023459e-05  4.6234178e-05]] 
Episode: 436: [[ 4.6858455e-05 -4.7115889e-05 -4.7106299e-05]
 [ 4.7093556e-05  4.6291934e-05 -4.7250600e-05]
 [ 4.7093628e-05  4.7020931e-05  4.6230180e-05]] 
Episode: 437: [[ 4.6855032e-05 -4.7113059e-05 -4.7103436e-05]
 [ 4.7090671e-05  4.6286856e-05 -4.7248148e-05]
 [ 4.7090743e-05  4.7017853e-05  4.6224919e-05]] 
Episode: 438: [[ 4.6851084e-05 -4.7109850e-05 -4.7100195e-05]
 [ 4.7087393e-05  4.6281013e-05 -4.7245387e-05]
 [ 4.7087466e-05  4.7014353e-05  4.6218865e-05]] 
Episode: 439: [[ 4.6847195e-05 -4.7106525e-05 -4.7096833e-05]
 [ 4.7084006e-05  4.6275240e-05 -4.7242480e-05]
 [ 4.7084079e-05  4.7010763e-05  4.6212885e-05]] 
Episode: 440: [[ 4.6843459e-05 -4.7103145e-05 -4.7093414e-05]
 [ 4.7080568e-05  4.6269681e-05 -4.7239471e-05]
 [ 4.7080641e-05  4.7007150e-05  4.6207122e-05]] 
Episode: 441: [[ 4.6839719e-05 -4.7099882e-05 -4.7090118e-05]
 [ 4.7077247e-05  4.6264129e-05 -4.7236601e-05]
 [ 4.7077319e-05  4.7003639e-05  4.6201367e-05]] 
Episode: 442: [[ 4.6836380e-05 -4.7096950e-05 -4.7087153e-05]
 [ 4.7074263e-05  4.6259167e-05 -4.7234014e-05]
 [ 4.7074336e-05  4.7000489e-05  4.6196223e-05]] 
Episode: 443: [[ 4.6832982e-05 -4.7094134e-05 -4.7084308e-05]
 [ 4.7071393e-05  4.6254139e-05 -4.7231577e-05]
 [ 4.7071466e-05  4.6997433e-05  4.6191013e-05]] 
Episode: 444: [[ 4.6829209e-05 -4.7091075e-05 -4.7081216e-05]
 [ 4.7068268e-05  4.6248562e-05 -4.7228947e-05]
 [ 4.7068341e-05  4.6994097e-05  4.6185236e-05]] 
Episode: 445: [[ 4.6825622e-05 -4.7088011e-05 -4.7078120e-05]
 [ 4.7065147e-05  4.6243247e-05 -4.7226269e-05]
 [ 4.7065219e-05  4.6990790e-05  4.6179728e-05]] 
Episode: 446: [[ 4.6821937e-05 -4.7085010e-05 -4.7075086e-05]
 [ 4.7062080e-05  4.6237798e-05 -4.7223686e-05]
 [ 4.7062156e-05  4.6987519e-05  4.6174086e-05]] 
Episode: 447: [[ 4.6818179e-05 -4.7081798e-05 -4.7071841e-05]
 [ 4.7058806e-05  4.6232231e-05 -4.7220878e-05]
 [ 4.7058882e-05  4.6984052e-05  4.6168319e-05]] 
Episode: 448: [[ 4.6814410e-05 -4.7078705e-05 -4.7068716e-05]
 [ 4.7055644e-05  4.6226658e-05 -4.7218207e-05]
 [ 4.7055724e-05  4.6980691e-05  4.6162546e-05]] 
Episode: 449: [[ 4.6810121e-05 -4.7075293e-05 -4.7065270e-05]
 [ 4.7052152e-05  4.6220328e-05 -4.7215293e-05]
 [ 4.7052232e-05  4.6976958e-05  4.6155990e-05]] 
Episode: 450: [[ 4.6805573e-05 -4.7071779e-05 -4.7061720e-05]
 [ 4.7048550e-05  4.6213623e-05 -4.7212325e-05]
 [ 4.7048630e-05  4.6973095e-05  4.6149049e-05]] 
Episode: 451: [[ 4.6801197e-05 -4.7068301e-05 -4.7058205e-05]
 [ 4.7044989e-05  4.6207162e-05 -4.7209360e-05]
 [ 4.7045072e-05  4.6969293e-05  4.6142359e-05]] 
Episode: 452: [[ 4.6796980e-05 -4.7065056e-05 -4.7054928e-05]
 [ 4.7041663e-05  4.6200945e-05 -4.7206624e-05]
 [ 4.7041747e-05  4.6965724e-05  4.6135923e-05]] 
Episode: 453: [[ 4.6792982e-05 -4.7061760e-05 -4.7051595e-05]
 [ 4.7038298e-05  4.6195029e-05 -4.7203775e-05]
 [ 4.7038382e-05  4.6962145e-05  4.6129797e-05]] 
Episode: 454: [[ 4.6788769e-05 -4.7058456e-05 -4.7048259e-05]
 [ 4.7034919e-05  4.6188812e-05 -4.7200967e-05]
 [ 4.7035002e-05  4.6958521e-05  4.6123361e-05]] 
Episode: 455: [[ 4.6784873e-05 -4.7055448e-05 -4.7045218e-05]
 [ 4.7031837e-05  4.6183064e-05 -4.7198424e-05]
 [ 4.7031921e-05  4.6955211e-05  4.6117413e-05]] 
Episode: 456: [[ 4.6781210e-05 -4.7052672e-05 -4.7042413e-05]
 [ 4.7028992e-05  4.6177662e-05 -4.7196092e-05]
 [ 4.7029076e-05  4.6952144e-05  4.6111822e-05]] 
Episode: 457: [[ 4.6777786e-05 -4.7050107e-05 -4.7039823e-05]
 [ 4.7026362e-05  4.6172612e-05 -4.7193949e-05]
 [ 4.7026446e-05  4.6949302e-05  4.6106597e-05]] 
Episode: 458: [[ 4.6774217e-05 -4.7047524e-05 -4.7037214e-05]
 [ 4.7023710e-05  4.6167363e-05 -4.7191821e-05]
 [ 4.7023794e-05  4.6946425e-05  4.6101162e-05]] 
Episode: 459: [[ 4.6770539e-05 -4.7044909e-05 -4.7034573e-05]
 [ 4.7021022e-05  4.6161957e-05 -4.7189682e-05]
 [ 4.7021105e-05  4.6943500e-05  4.6095571e-05]] 
Episode: 460: [[ 4.6767018e-05 -4.7042482e-05 -4.7032125e-05]
 [ 4.7018526e-05  4.6156787e-05 -4.7187725e-05]
 [ 4.7018610e-05  4.6940768e-05  4.6090219e-05]] 
Episode: 461: [[ 4.6763704e-05 -4.7040285e-05 -4.7029906e-05]
 [ 4.7016259e-05  4.6151927e-05 -4.7185978e-05]
 [ 4.7016343e-05  4.6938272e-05  4.6085195e-05]] 
Episode: 462: [[ 4.6760604e-05 -4.7038273e-05 -4.7027876e-05]
 [ 4.7014182e-05  4.6147390e-05 -4.7184396e-05]
 [ 4.7014266e-05  4.6935977e-05  4.6080502e-05]] 
Episode: 463: [[ 4.6757745e-05 -4.7036436e-05 -4.7026024e-05]
 [ 4.7012287e-05  4.6143203e-05 -4.7182955e-05]
 [ 4.7012370e-05  4.6933874e-05  4.6076177e-05]] 
Episode: 464: [[ 4.6755027e-05 -4.7034722e-05 -4.7024296e-05]
 [ 4.7010515e-05  4.6139226e-05 -4.7181624e-05]
 [ 4.7010599e-05  4.6931902e-05  4.6072066e-05]] 
Episode: 465: [[ 4.6752251e-05 -4.7033031e-05 -4.7022586e-05]
 [ 4.7008762e-05  4.6135166e-05 -4.7180329e-05]
 [ 4.7008845e-05  4.6929938e-05  4.6067871e-05]] 
Episode: 466: [[ 4.6749668e-05 -4.7031266e-05 -4.7020807e-05]
 [ 4.7006950e-05  4.6131376e-05 -4.7178903e-05]
 [ 4.7007034e-05  4.6927944e-05  4.6063949e-05]] 
Episode: 467: [[ 4.6746616e-05 -4.7029167e-05 -4.7018686e-05]
 [ 4.7004789e-05  4.6126894e-05 -4.7177204e-05]
 [ 4.7004873e-05  4.6925576e-05  4.6059311e-05]] 
Episode: 468: [[ 4.6743666e-05 -4.7026919e-05 -4.7016416e-05]
 [ 4.7002490e-05  4.6122535e-05 -4.7175312e-05]
 [ 4.7002573e-05  4.6923091e-05  4.6054796e-05]] 
Episode: 469: [[ 4.6740552e-05 -4.7024590e-05 -4.7014062e-05]
 [ 4.7000103e-05  4.6117948e-05 -4.7173366e-05]
 [ 4.7000191e-05  4.6920512e-05  4.6050045e-05]] 
Episode: 470: [[ 4.6737714e-05 -4.7022477e-05 -4.7011927e-05]
 [ 4.6997939e-05  4.6113764e-05 -4.7171601e-05]
 [ 4.6998026e-05  4.6918169e-05  4.6045716e-05]] 
Episode: 471: [[ 4.6734578e-05 -4.7020265e-05 -4.7009693e-05]
 [ 4.6995669e-05  4.6109151e-05 -4.7169797e-05]
 [ 4.6995756e-05  4.6915688e-05  4.6040943e-05]] 
Episode: 472: [[ 4.6730678e-05 -4.7017384e-05 -4.7006783e-05]
 [ 4.6992707e-05  4.6103418e-05 -4.7167403e-05]
 [ 4.6992798e-05  4.6912490e-05  4.6035013e-05]] 
Episode: 473: [[ 4.6726986e-05 -4.7014484e-05 -4.7003854e-05]
 [ 4.6989742e-05  4.6097979e-05 -4.7164936e-05]
 [ 4.6989833e-05  4.6909314e-05  4.6029381e-05]] 
Episode: 474: [[ 4.6722904e-05 -4.7011210e-05 -4.7000547e-05]
 [ 4.6986395e-05  4.6091955e-05 -4.7162132e-05]
 [ 4.6986486e-05  4.6905738e-05  4.6023142e-05]] 
Episode: 475: [[ 4.6718957e-05 -4.7007903e-05 -4.6997207e-05]
 [ 4.6983023e-05  4.6086112e-05 -4.7159258e-05]
 [ 4.6983114e-05  4.6902158e-05  4.6017089e-05]] 
Episode: 476: [[ 4.6715333e-05 -4.7004716e-05 -4.6993984e-05]
 [ 4.6979778e-05  4.6080735e-05 -4.7156442e-05]
 [ 4.6979869e-05  4.6898735e-05  4.6011515e-05]] 
Episode: 477: [[ 4.6711706e-05 -4.7001344e-05 -4.6990572e-05]
 [ 4.6976351e-05  4.6075340e-05 -4.7153411e-05]
 [ 4.6976442e-05  4.6895144e-05  4.6005924e-05]] 
Episode: 478: [[ 4.6708377e-05 -4.6998081e-05 -4.6987272e-05]
 [ 4.6973048e-05  4.6070378e-05 -4.7150435e-05]
 [ 4.6973139e-05  4.6891702e-05  4.6000776e-05]] 
Episode: 479: [[ 4.6704878e-05 -4.6994464e-05 -4.6983612e-05]
 [ 4.6969388e-05  4.6065150e-05 -4.7147088e-05]
 [ 4.6969479e-05  4.6887915e-05  4.5995352e-05]] 
Episode: 480: [[ 4.6701309e-05 -4.6990950e-05 -4.6980058e-05]
 [ 4.6965826e-05  4.6059831e-05 -4.7143880e-05]
 [ 4.6965917e-05  4.6884212e-05  4.5989840e-05]] 
Episode: 481: [[ 4.6697911e-05 -4.6987720e-05 -4.6976791e-05]
 [ 4.6962545e-05  4.6054778e-05 -4.7140955e-05]
 [ 4.6962636e-05  4.6880785e-05  4.5984601e-05]] 
Episode: 482: [[ 4.6694229e-05 -4.6984369e-05 -4.6973404e-05]
 [ 4.6959140e-05  4.6049317e-05 -4.7137964e-05]
 [ 4.6959231e-05  4.6877209e-05  4.5978941e-05]] 
Episode: 483: [[ 4.6690438e-05 -4.6981157e-05 -4.6970159e-05]
 [ 4.6955865e-05  4.6043711e-05 -4.7135160e-05]
 [ 4.6955956e-05  4.6873734e-05  4.5973135e-05]] 
Episode: 484: [[ 4.6686990e-05 -4.6978246e-05 -4.6967216e-05]
 [ 4.6952897e-05  4.6038607e-05 -4.7132617e-05]
 [ 4.6952988e-05  4.6870584e-05  4.5967849e-05]] 
Episode: 485: [[ 4.6683683e-05 -4.6975325e-05 -4.6964262e-05]
 [ 4.6949925e-05  4.6033703e-05 -4.7130030e-05]
 [ 4.6950016e-05  4.6867448e-05  4.5962766e-05]] 
Episode: 486: [[ 4.6679856e-05 -4.6972113e-05 -4.6961013e-05]
 [ 4.6946647e-05  4.6028043e-05 -4.7127232e-05]
 [ 4.6946738e-05  4.6863970e-05  4.5956906e-05]] 
Episode: 487: [[ 4.6676087e-05 -4.6968769e-05 -4.6957633e-05]
 [ 4.6943245e-05  4.6022455e-05 -4.7124271e-05]
 [ 4.6943336e-05  4.6860387e-05  4.5951114e-05]] 
Episode: 488: [[ 4.6672332e-05 -4.6965619e-05 -4.6954447e-05]
 [ 4.6940029e-05  4.6016903e-05 -4.7121528e-05]
 [ 4.6940124e-05  4.6856974e-05  4.5945366e-05]] 
Episode: 489: [[ 4.6668927e-05 -4.6962585e-05 -4.6951380e-05]
 [ 4.6936948e-05  4.6011857e-05 -4.7118836e-05]
 [ 4.6937042e-05  4.6853722e-05  4.5940138e-05]] 
Episode: 490: [[ 4.6665686e-05 -4.6959773e-05 -4.6948539e-05]
 [ 4.6934088e-05  4.6007055e-05 -4.7116358e-05]
 [ 4.6934183e-05  4.6850695e-05  4.5935165e-05]] 
Episode: 491: [[ 4.6662641e-05 -4.6957197e-05 -4.6945934e-05]
 [ 4.6931465e-05  4.6002551e-05 -4.7114107e-05]
 [ 4.6931560e-05  4.6847908e-05  4.5930501e-05]] 
Episode: 492: [[ 4.6659214e-05 -4.6954257e-05 -4.6942961e-05]
 [ 4.6928471e-05  4.5997480e-05 -4.7111531e-05]
 [ 4.6928566e-05  4.6844740e-05  4.5925248e-05]] 
Episode: 493: [[ 4.6656060e-05 -4.6951551e-05 -4.6940226e-05]
 [ 4.6925714e-05  4.5992812e-05 -4.7109155e-05]
 [ 4.6925808e-05  4.6841818e-05  4.5920413e-05]] 
Episode: 494: [[ 4.6653244e-05 -4.6949124e-05 -4.6937774e-05]
 [ 4.6923240e-05  4.5988643e-05 -4.7107023e-05]
 [ 4.6923338e-05  4.6839203e-05  4.5916095e-05]] 
Episode: 495: [[ 4.6650577e-05 -4.6946891e-05 -4.6935518e-05]
 [ 4.6920963e-05  4.5984700e-05 -4.7105081e-05]
 [ 4.6921061e-05  4.6836783e-05  4.5912013e-05]] 
Episode: 496: [[ 4.6648118e-05 -4.6944864e-05 -4.6933470e-05]
 [ 4.6918896e-05  4.5981065e-05 -4.7103327e-05]
 [ 4.6918994e-05  4.6834582e-05  4.5908248e-05]] 
Episode: 497: [[ 4.6645604e-05 -4.6942681e-05 -4.6931265e-05]
 [ 4.6916673e-05  4.5977347e-05 -4.7101410e-05]
 [ 4.6916772e-05  4.6832236e-05  4.5904395e-05]] 
Episode: 498: [[ 4.6643250e-05 -4.6940484e-05 -4.6929043e-05]
 [ 4.6914440e-05  4.5973848e-05 -4.7099435e-05]
 [ 4.6914538e-05  4.6829900e-05  4.5900768e-05]] 
Episode: 499: [[ 4.6640576e-05 -4.6938199e-05 -4.6926732e-05]
 [ 4.6912111e-05  4.5969889e-05 -4.7097434e-05]
 [ 4.6912210e-05  4.6827434e-05  4.5896672e-05]] 
Episode: 500: [[ 4.6638157e-05 -4.6936140e-05 -4.6924652e-05]
 [ 4.6910012e-05  4.5966313e-05 -4.7095633e-05]
 [ 4.6910111e-05  4.6825211e-05  4.5892968e-05]] 
Episode: 501: [[ 4.6635196e-05 -4.6933816e-05 -4.6922301e-05]
 [ 4.6907633e-05  4.5961948e-05 -4.7093657e-05]
 [ 4.6907731e-05  4.6822661e-05  4.5888446e-05]] 
Episode: 502: [[ 4.6632213e-05 -4.6931320e-05 -4.6919780e-05]
 [ 4.6905086e-05  4.5957535e-05 -4.7091489e-05]
 [ 4.6905185e-05  4.6819958e-05  4.5883877e-05]] 
Episode: 503: [[ 4.6628898e-05 -4.6928624e-05 -4.6917055e-05]
 [ 4.6902329e-05  4.5952642e-05 -4.7089172e-05]
 [ 4.6902431e-05  4.6817026e-05  4.5878809e-05]] 
Episode: 504: [[ 4.6625330e-05 -4.6925627e-05 -4.6914029e-05]
 [ 4.6899269e-05  4.5947359e-05 -4.7086571e-05]
 [ 4.6899375e-05  4.6813784e-05  4.5873338e-05]] 
Episode: 505: [[ 4.6622059e-05 -4.6922887e-05 -4.6911260e-05]
 [ 4.6896472e-05  4.5942517e-05 -4.7084195e-05]
 [ 4.6896577e-05  4.6810819e-05  4.5868321e-05]] 
Episode: 506: [[ 4.6618476e-05 -4.6919788e-05 -4.6908128e-05]
 [ 4.6893310e-05  4.5937202e-05 -4.7081481e-05]
 [ 4.6893419e-05  4.6807487e-05  4.5862813e-05]] 
Episode: 507: [[ 4.6614536e-05 -4.6916310e-05 -4.6904614e-05]
 [ 4.6889763e-05  4.5931363e-05 -4.7078414e-05]
 [ 4.6889872e-05  4.6803762e-05  4.5856763e-05]] 
Episode: 508: [[ 4.6610839e-05 -4.6913137e-05 -4.6901408e-05]
 [ 4.6886526e-05  4.5925888e-05 -4.7075642e-05]
 [ 4.6886635e-05  4.6800345e-05  4.5851091e-05]] 
Episode: 509: [[ 4.6607147e-05 -4.6909845e-05 -4.6898083e-05]
 [ 4.6883171e-05  4.5920406e-05 -4.7072732e-05]
 [ 4.6883284e-05  4.6796824e-05  4.5845409e-05]] 
Episode: 510: [[ 4.6603738e-05 -4.6906647e-05 -4.6894853e-05]
 [ 4.6879923e-05  4.5915331e-05 -4.7069861e-05]
 [ 4.6880039e-05  4.6793433e-05  4.5840148e-05]] 
Episode: 511: [[ 4.6600388e-05 -4.6903628e-05 -4.6891801e-05]
 [ 4.6876852e-05  4.5910350e-05 -4.7067180e-05]
 [ 4.6876969e-05  4.6790206e-05  4.5834986e-05]] 
Episode: 512: [[ 4.6596735e-05 -4.6900412e-05 -4.6888548e-05]
 [ 4.6873574e-05  4.5904930e-05 -4.7064346e-05]
 [ 4.6873691e-05  4.6786758e-05  4.5829369e-05]] 
Episode: 513: [[ 4.6592831e-05 -4.6897068e-05 -4.6885169e-05]
 [ 4.6870162e-05  4.5899149e-05 -4.7061429e-05]
 [ 4.6870278e-05  4.6783156e-05  4.5823381e-05]] 
Episode: 514: [[ 4.6589186e-05 -4.6894009e-05 -4.6882076e-05]
 [ 4.6867037e-05  4.5893754e-05 -4.7058777e-05]
 [ 4.6867157e-05  4.6779849e-05  4.5817793e-05]] 
Episode: 515: [[ 4.6585486e-05 -4.6890615e-05 -4.6878646e-05]
 [ 4.6863584e-05  4.5888261e-05 -4.7055750e-05]
 [ 4.6863704e-05  4.6776237e-05  4.5812096e-05]] 
Episode: 516: [[ 4.6581881e-05 -4.6887424e-05 -4.6875422e-05]
 [ 4.6860336e-05  4.5882916e-05 -4.7052934e-05]
 [ 4.6860456e-05  4.6772817e-05  4.5806559e-05]] 
Episode: 517: [[ 4.6578203e-05 -4.6884314e-05 -4.6872279e-05]
 [ 4.6857160e-05  4.5877474e-05 -4.7050224e-05]
 [ 4.6857280e-05  4.6769455e-05  4.5800924e-05]] 
Episode: 518: [[ 4.6574434e-05 -4.6880967e-05 -4.6868896e-05]
 [ 4.6853751e-05  4.5871882e-05 -4.7047266e-05]
 [ 4.6853875e-05  4.6765872e-05  4.5795128e-05]] 
Episode: 519: [[ 4.6570403e-05 -4.6877296e-05 -4.6865185e-05]
 [ 4.6850015e-05  4.5865894e-05 -4.7043995e-05]
 [ 4.6850138e-05  4.6761957e-05  4.5788925e-05]] 
Episode: 520: [[ 4.6566151e-05 -4.6873516e-05 -4.6861365e-05]
 [ 4.6846162e-05  4.5859590e-05 -4.7040652e-05]
 [ 4.6846286e-05  4.6757912e-05  4.5782392e-05]] 
Episode: 521: [[ 4.6561498e-05 -4.6869623e-05 -4.6857436e-05]
 [ 4.6842186e-05  4.5852710e-05 -4.7037276e-05]
 [ 4.6842310e-05  4.6753699e-05  4.5775269e-05]] 
Episode: 522: [[ 4.6555957e-05 -4.6865203e-05 -4.6852972e-05]
 [ 4.6837660e-05  4.5844532e-05 -4.7033507e-05]
 [ 4.6837784e-05  4.6748875e-05  4.5766799e-05]] 
Episode: 523: [[ 4.6550693e-05 -4.6861100e-05 -4.6848829e-05]
 [ 4.6833455e-05  4.5836769e-05 -4.7030037e-05]
 [ 4.6833578e-05  4.6744375e-05  4.5758763e-05]] 
Episode: 524: [[ 4.6545905e-05 -4.6857378e-05 -4.6845071e-05]
 [ 4.6829642e-05  4.5829707e-05 -4.7026893e-05]
 [ 4.6829766e-05  4.6740293e-05  4.5751454e-05]] 
Episode: 525: [[ 4.6541092e-05 -4.6853405e-05 -4.6841058e-05]
 [ 4.6825578e-05  4.5822595e-05 -4.7023466e-05]
 [ 4.6825702e-05  4.6735982e-05  4.5744087e-05]] 
Episode: 526: [[ 4.6536559e-05 -4.6849749e-05 -4.6837366e-05]
 [ 4.6821839e-05  4.5815901e-05 -4.7020338e-05]
 [ 4.6821962e-05  4.6731999e-05  4.5737157e-05]] 
Episode: 527: [[ 4.6531728e-05 -4.6845878e-05 -4.6833458e-05]
 [ 4.6817877e-05  4.5808771e-05 -4.7017034e-05]
 [ 4.6818001e-05  4.6727779e-05  4.5729776e-05]] 
Episode: 528: [[ 4.6526569e-05 -4.6841924e-05 -4.6829464e-05]
 [ 4.6813821e-05  4.5801171e-05 -4.7013709e-05]
 [ 4.6813944e-05  4.6723428e-05  4.5721910e-05]] 
Episode: 529: [[ 4.6520912e-05 -4.6837438e-05 -4.6824935e-05]
 [ 4.6809222e-05  4.5792829e-05 -4.7009889e-05]
 [ 4.6809349e-05  4.6718524e-05  4.5713277e-05]] 
Episode: 530: [[ 4.6514637e-05 -4.6832691e-05 -4.6820143e-05]
 [ 4.6804347e-05  4.5783589e-05 -4.7005917e-05]
 [ 4.6804478e-05  4.6713285e-05  4.5703717e-05]] 
Episode: 531: [[ 4.6508234e-05 -4.6827758e-05 -4.6815163e-05]
 [ 4.6799280e-05  4.5774166e-05 -4.7001759e-05]
 [ 4.6799414e-05  4.6707864e-05  4.5693967e-05]] 
Episode: 532: [[ 4.6502002e-05 -4.6822843e-05 -4.6810201e-05]
 [ 4.6794234e-05  4.5764988e-05 -4.6997582e-05]
 [ 4.6794372e-05  4.6702487e-05  4.5684465e-05]] 
