77.143356 40.432335 45.222557 33.056122 50.366871 0.000000 
73.306778 55.114716 45.384430 38.696453 29.066391 0.019782 
74.642555 43.403969 39.480976 36.745464 35.542858 0.019782 
67.685600 49.263435 43.938648 41.583435 30.177629 0.000000 
81.483200 37.032677 33.817142 35.930470 32.900124 0.000000 
80.921692 35.922611 31.805401 31.793230 31.792694 0.000000 
71.780212 44.722916 37.052887 36.815578 34.928753 0.019782 
83.702637 46.311951 45.029282 42.115345 45.001148 0.000000 
81.333618 47.026417 48.271179 43.101665 35.071140 0.000000 
73.689842 44.004448 41.660172 37.687881 31.122313 0.000000 
