679523.625000 217013.500000 124707.398438 109355.757812 14040863.000000 
675191.437500 161480.140625 89482.554688 43595.867188 11017455.000000 
723964.500000 269916.531250 110011.398438 125979.804688 16909938.000000 
686053.375000 241219.656250 79208.093750 103726.906250 17795960.000000 
667763.875000 197343.968750 84050.906250 62653.351562 15116979.000000 
666442.937500 229231.609375 96349.976562 44654.457031 14865389.000000 
605955.250000 189137.265625 104066.687500 44891.882812 15795472.000000 
654059.000000 186868.296875 107004.359375 18175.611328 11951496.000000 
534272.562500 166737.296875 57764.750000 44530.316406 18762202.000000 
652149.187500 278579.718750 131585.812500 304316.875000 15529591.000000 
607691.062500 180395.187500 72351.148438 39210.593750 16701899.000000 
548118.375000 178606.015625 105880.250000 72615.203125 18513150.000000 
558596.875000 187470.421875 185814.640625 42252.703125 20276736.000000 
571446.312500 181599.812500 102360.390625 66021.445312 10501048.000000 
573557.562500 209127.359375 104566.281250 58237.402344 15746880.000000 
614958.750000 209748.796875 93245.820312 31159.576172 7372431.500000 
651888.375000 156013.312500 64031.718750 70532.453125 10362256.000000 
584208.187500 205056.546875 94386.492188 52329.933594 12034354.000000 
557408.687500 155098.890625 76035.656250 30641.623047 11929988.000000 
611951.750000 177644.015625 96179.523438 33303.257812 16146343.000000 
585498.250000 247756.125000 92157.007812 79461.945312 13424037.000000 
691846.625000 222901.328125 149085.562500 81190.320312 9178212.000000 
642115.437500 287801.531250 126397.937500 64260.796875 14766512.000000 
583318.437500 198344.156250 108602.429688 64485.011719 17484044.000000 
707190.750000 219816.750000 107058.828125 164995.875000 9940316.000000 
563207.562500 146668.703125 114115.179688 26810.404297 19360950.000000 
684278.625000 206396.156250 147203.750000 588564.000000 16452604.000000 
557374.000000 154621.218750 73981.390625 42916.144531 14892808.000000 
564960.625000 191890.437500 87454.937500 180085.468750 15421580.000000 
598607.562500 162283.437500 100886.437500 66706.632812 12934884.000000 
608669.750000 147461.375000 61416.035156 43636.390625 22340006.000000 
557343.437500 161931.421875 89801.273438 42110.628906 12079429.000000 
556711.875000 166462.781250 74165.718750 59405.812500 11011473.000000 
650535.187500 248843.750000 108559.632812 49889.820312 17715620.000000 
678601.687500 183078.562500 1531706.250000 553426.000000 17891632.000000 
588617.750000 185426.109375 287092.875000 70647.343750 17253968.000000 
558459.562500 217027.093750 84369.687500 69887.609375 14516868.000000 
756907.562500 195551.781250 74570.078125 66873.460938 11159160.000000 
633358.125000 206378.968750 61680.976562 37896.406250 14207179.000000 
621495.750000 169594.468750 111165.812500 44286.953125 16524435.000000 
727194.625000 210650.328125 113068.351562 63333.078125 10360381.000000 
645044.250000 215616.656250 87581.695312 105253.750000 11647309.000000 
565427.437500 190009.390625 90610.460938 62045.734375 16139761.000000 
664369.562500 196356.062500 77853.210938 68353.718750 13219092.000000 
600106.125000 183605.296875 125326.890625 92036.375000 13887778.000000 
612368.625000 182266.218750 67277.132812 35500.710938 15298526.000000 
601406.500000 211250.421875 86644.695312 48602.808594 13458052.000000 
665855.875000 215058.906250 83110.828125 46432.929688 12071894.000000 
578569.250000 206004.921875 98088.953125 55798.160156 11022744.000000 
717569.062500 421443.687500 321295.156250 636870.312500 20451024.000000 
