2.634429 
1.899794 
1.934462 
1.791690 
1.312976 
3.690741 
1.879600 
1.595580 
3.431393 
1.853223 
4.338949 
2.798166 
1.988941 
1.097124 
1.915647 
2.476202 
3.620464 
1.004607 
1.958902 
1.928001 
1.673304 
1.846434 
1.647243 
1.636215 
2.032464 
1.373343 
1.797457 
1.686611 
1.594666 
2.036659 
1.293277 
4.566603 
2.252315 
1.417154 
1.578640 
2.578167 
1.569725 
2.394717 
1.540503 
3.360203 
2.625199 
1.894634 
2.175490 
3.594749 
2.298370 
1.994365 
1.277714 
1.439350 
1.905841 
1.861984 
1.445361 
1.495822 
1.231039 
1.393100 
1.099222 
1.959416 
1.886157 
1.575770 
1.220685 
1.493273 
2.229318 
2.278025 
4.793317 
3.633320 
0.949372 
2.934731 
0.919740 
1.425811 
2.621555 
3.926651 
1.037049 
2.679833 
1.368720 
1.100889 
1.425696 
1.476306 
1.431858 
1.475958 
1.389050 
1.500591 
1.531222 
1.474738 
1.316168 
1.285032 
1.086729 
1.332830 
4.594866 
1.348621 
1.233941 
1.603897 
1.668870 
2.049789 
1.555823 
1.043586 
1.050828 
0.680688 
1.546196 
2.115371 
1.503671 
1.318623 
1.776049 
1.612789 
1.081278 
0.952102 
1.544396 
1.176407 
1.733219 
1.370290 
0.961092 
0.979155 
0.808106 
1.196869 
1.490538 
1.028982 
1.378974 
1.601130 
1.461569 
0.862441 
1.080443 
1.482595 
1.235134 
1.225269 
1.782645 
1.375524 
1.448801 
3.866494 
0.989500 
0.890908 
2.146594 
1.102404 
1.387673 
2.055793 
0.994597 
1.468147 
1.171754 
1.378340 
1.487663 
1.895216 
1.965861 
1.413769 
0.952684 
1.150949 
1.518439 
1.020344 
1.235789 
1.098478 
1.158071 
1.866916 
1.077441 
1.174119 
0.899234 
2.388444 
1.384982 
1.204078 
1.232032 
1.424931 
1.739701 
0.955049 
2.083259 
1.326782 
1.435708 
1.459655 
1.079532 
0.724486 
0.905311 
1.356704 
1.047893 
1.811993 
0.908305 
1.890208 
1.129894 
0.895583 
0.687717 
1.426334 
1.920179 
1.692025 
0.899040 
1.250831 
1.675251 
2.292190 
1.363148 
1.667381 
4.050270 
0.942841 
0.555879 
1.679574 
2.028321 
1.854580 
1.909456 
0.790020 
1.344734 
0.974152 
1.230898 
2.014071 
1.226689 
1.053305 
1.977548 
1.042822 
0.685745 
1.023075 
1.889680 
2.859654 
1.530296 
3.472683 
1.355094 
0.719745 
3.629168 
0.999586 
1.381754 
1.003166 
1.581403 
1.441534 
0.931149 
1.678540 
1.817469 
0.723529 
1.199867 
1.545576 
0.998616 
0.777493 
0.988926 
0.892709 
1.054732 
1.485331 
1.502677 
2.876565 
1.403560 
1.204133 
2.270220 
0.964238 
1.085558 
0.704693 
0.960826 
1.026954 
1.445290 
1.211139 
0.729817 
1.570703 
1.045524 
0.854361 
0.934765 
2.136776 
1.406462 
0.722714 
0.569480 
1.088544 
0.682134 
1.490734 
0.258327 
0.786269 
1.018643 
2.270343 
1.262738 
1.192267 
1.264858 
0.693551 
1.006709 
0.850206 
1.695250 
0.909289 
1.574258 
1.142651 
1.195050 
0.860136 
1.484547 
1.882044 
0.836251 
2.212052 
1.193642 
0.961773 
0.946896 
1.501102 
1.149754 
0.620237 
0.740488 
0.688213 
0.932716 
0.635259 
0.652575 
1.286269 
1.115103 
1.447184 
0.722069 
1.298537 
0.794944 
1.110662 
1.773004 
0.831903 
0.730440 
2.130169 
1.059302 
0.505896 
0.608063 
0.997822 
1.019530 
0.827808 
1.363742 
0.900207 
0.872762 
1.593082 
1.592076 
1.103460 
0.743097 
1.186224 
0.621977 
0.799370 
1.476680 
2.549806 
2.098330 
0.946833 
0.382374 
0.967215 
2.256046 
1.396099 
1.221878 
0.633109 
1.610736 
0.868375 
0.825200 
1.369924 
1.558053 
1.025409 
2.024684 
3.116956 
0.672727 
1.069829 
0.988481 
0.627722 
1.787885 
0.903615 
1.273116 
1.646437 
1.817296 
1.226664 
1.156826 
0.744096 
1.922858 
0.575174 
1.053462 
0.855471 
1.056676 
0.865118 
0.961307 
1.086253 
1.911384 
0.868070 
1.226584 
0.743287 
1.214273 
0.967372 
4.080375 
0.948307 
0.672978 
1.821131 
0.941050 
2.528780 
1.006355 
0.922522 
0.695677 
0.828936 
0.539994 
0.932127 
0.843421 
0.558873 
2.956920 
1.601391 
0.604377 
1.637090 
1.323119 
1.252259 
1.018854 
0.568345 
0.444780 
3.478945 
1.080660 
0.949657 
0.950943 
0.682126 
1.758470 
1.219507 
1.108224 
1.524340 
1.221992 
1.143228 
1.432580 
1.470544 
1.096712 
0.555021 
2.276080 
1.080299 
1.466757 
0.595529 
1.875646 
0.738019 
0.862226 
0.418271 
0.889969 
1.339835 
1.096926 
1.384190 
0.522464 
1.014340 
0.960206 
0.781055 
2.673996 
2.475863 
2.339524 
0.913138 
1.370541 
1.995457 
0.723879 
2.980155 
1.165093 
0.294522 
0.923034 
0.855324 
0.772309 
1.512851 
0.956957 
0.852002 
1.069539 
0.696949 
2.533355 
0.848759 
1.677533 
0.641353 
0.559906 
0.955120 
0.538461 
1.842353 
0.518111 
0.980341 
0.927096 
0.576171 
1.259762 
1.164169 
1.351046 
1.133772 
1.034072 
1.754959 
0.908304 
0.496440 
0.979503 
0.816770 
1.161036 
2.079564 
1.505599 
0.703712 
0.759177 
0.771540 
2.767807 
1.050575 
0.794041 
2.212788 
1.135718 
0.557328 
0.930010 
1.668056 
1.036074 
1.167376 
1.410647 
1.792023 
1.384270 
1.807005 
1.481550 
0.711292 
1.119572 
2.539172 
0.575633 
1.182628 
0.608107 
0.864166 
0.855037 
1.173092 
0.369112 
1.126079 
0.891264 
1.969494 
0.686223 
1.041234 
0.825050 
0.499975 
2.603970 
0.723953 
0.405974 
1.337100 
0.983929 
0.861831 
0.573205 
0.895093 
0.849852 
0.852593 
0.819799 
1.437746 
0.752835 
2.143235 
0.776175 
1.618054 
0.634204 
1.243030 
1.388001 
1.778209 
0.583038 
1.643524 
1.172659 
2.097475 
0.966293 
0.521727 
0.718555 
0.794462 
0.924736 
1.020109 
0.956617 
1.301383 
0.957562 
1.209817 
1.627772 
1.309051 
1.679974 
0.976829 
0.886243 
0.633934 
1.124406 
1.010216 
0.737535 
0.885789 
0.798954 
0.972646 
0.693609 
0.985897 
0.592252 
1.076201 
0.595562 
0.693329 
0.977812 
1.729111 
0.606096 
0.797367 
0.713556 
0.850304 
0.586994 
0.836869 
0.636697 
0.988443 
0.859700 
1.825035 
0.685112 
0.626469 
0.804229 
0.480516 
1.561727 
2.393827 
1.379613 
0.623753 
0.856561 
1.131312 
3.041720 
0.689548 
0.905334 
1.977354 
1.039751 
0.542953 
1.750910 
1.626058 
0.901006 
0.706576 
1.965081 
0.894268 
0.967990 
2.294972 
1.417227 
0.593290 
0.436073 
0.677394 
1.150785 
0.777895 
0.625233 
0.999919 
0.588979 
0.943213 
1.285058 
1.079719 
0.865842 
0.512994 
0.777025 
0.620829 
0.932774 
0.816860 
0.579800 
0.871753 
0.881911 
1.178204 
1.331661 
1.215920 
0.738423 
0.623193 
0.520746 
0.952638 
0.966211 
0.942088 
1.240668 
1.739726 
0.580280 
0.653540 
0.949664 
0.455040 
0.799830 
0.707534 
0.739107 
0.952263 
0.640023 
0.841731 
0.853823 
1.595463 
2.105655 
0.831859 
0.867921 
1.613178 
1.416422 
0.715336 
1.983557 
0.769179 
1.065905 
0.519834 
1.442359 
0.682419 
0.603308 
0.705887 
1.105014 
1.926040 
0.841981 
1.212624 
0.933671 
0.973640 
0.357259 
1.573977 
0.786774 
0.740196 
0.672616 
0.765531 
0.674870 
1.541936 
1.616213 
0.685869 
0.950344 
1.162402 
1.088633 
1.372190 
0.614854 
0.841673 
0.502689 
0.630466 
0.970040 
0.641611 
1.461887 
0.838957 
0.516116 
0.997789 
0.652540 
1.361716 
0.392329 
0.801240 
0.798754 
0.628403 
2.122125 
0.249622 
0.658970 
1.067606 
1.086079 
0.332722 
0.797267 
0.831384 
0.879677 
0.883737 
0.640797 
0.885629 
0.686637 
1.505006 
2.172822 
0.483074 
1.314266 
0.832244 
0.601741 
1.329821 
0.791156 
0.561386 
0.477990 
0.598387 
1.718063 
0.732823 
0.783831 
0.696944 
0.883086 
2.010616 
1.056919 
1.513860 
3.687707 
1.215246 
1.108876 
0.506983 
0.840142 
0.738262 
0.522372 
0.863367 
0.763972 
1.039628 
0.912909 
0.819012 
0.759391 
1.197161 
0.757961 
0.932924 
2.097916 
0.504775 
0.683828 
0.760606 
0.630013 
0.509823 
0.581081 
0.632940 
1.063141 
0.907083 
1.614325 
0.635699 
0.733906 
0.933756 
0.813242 
2.375661 
0.865909 
0.650408 
1.032482 
0.765385 
0.514012 
0.541368 
0.840383 
0.659376 
2.148062 
0.874607 
0.583753 
0.756231 
1.425241 
1.297652 
0.388142 
1.698138 
1.497873 
0.780644 
1.622355 
1.072284 
0.633243 
0.990066 
0.615451 
2.190156 
3.120346 
1.013146 
2.077712 
0.776802 
0.760368 
0.987026 
0.443333 
1.802126 
1.003684 
0.451662 
0.603787 
0.959659 
0.916172 
1.126739 
1.020035 
0.919759 
0.934471 
0.568548 
1.885180 
0.526956 
0.984391 
0.893165 
0.907694 
0.767026 
1.414774 
0.681808 
0.914229 
0.547960 
0.993508 
3.141076 
1.489083 
1.044953 
0.845837 
0.685113 
2.132535 
0.858562 
0.692231 
0.763705 
0.690536 
1.810837 
1.052412 
0.794220 
1.235475 
0.935037 
0.577213 
0.679478 
0.769493 
0.623935 
0.474877 
0.569529 
2.262438 
1.331995 
1.618369 
1.081666 
0.949173 
0.725807 
0.596931 
0.745461 
0.478383 
1.030234 
1.063122 
0.589822 
2.189201 
0.787260 
0.912815 
0.849393 
0.773891 
1.026751 
0.695355 
0.844695 
0.721401 
0.424772 
0.800339 
1.925020 
1.338896 
1.219555 
0.726861 
1.410609 
0.511566 
0.667206 
0.902258 
1.007025 
0.881005 
0.955037 
0.692950 
1.518804 
1.248286 
2.056012 
1.304043 
0.659118 
0.915254 
0.965035 
0.986416 
0.403351 
1.736853 
0.786335 
2.147129 
1.012552 
1.169849 
0.917076 
0.691280 
1.103648 
0.750914 
0.780118 
0.665881 
0.741469 
0.658124 
0.962246 
0.675175 
0.455377 
0.689311 
0.723116 
0.577625 
0.781067 
0.605527 
0.689047 
0.612277 
0.821613 
0.816753 
0.525481 
0.473094 
0.751646 
0.316788 
0.744285 
0.620157 
0.652542 
0.660532 
0.835115 
0.731209 
0.472023 
0.851311 
0.626140 
0.827603 
1.485859 
0.496317 
0.905993 
1.157369 
0.993193 
0.471757 
1.059214 
1.113311 
0.245163 
0.716611 
0.841184 
0.538156 
0.735583 
1.400561 
0.662477 
0.988375 
0.781509 
0.838898 
0.845972 
0.293750 
0.997197 
1.373997 
1.609616 
0.809948 
0.843097 
1.107370 
0.543421 
0.491154 
1.199221 
0.831302 
1.399235 
0.381244 
0.959529 
0.847053 
0.975402 
2.971948 
1.049026 
0.717225 
0.745103 
0.564060 
1.109500 
0.581287 
2.110444 
0.669349 
0.535738 
0.707710 
0.680587 
1.081715 
0.826391 
0.393410 
0.987604 
0.363640 
1.416838 
0.647226 
0.619569 
0.465784 
0.388012 
0.407806 
0.342100 
2.168448 
1.785452 
0.306681 
0.815227 
0.855907 
0.581926 
0.791996 
0.736324 
1.089932 
0.517210 
1.261869 
0.901791 
1.044509 
0.952748 
1.156372 
0.800105 
1.235271 
0.777703 
0.687158 
0.851932 
1.178136 
1.911894 
0.772712 
0.613793 
0.396859 
0.928928 
0.701883 
0.658869 
0.646257 
0.709701 
0.478780 
0.969917 
0.441820 
0.579108 
0.694692 
0.831422 
0.842351 
1.169095 
0.765135 
0.561742 
0.796970 
0.340311 
1.794816 
0.901199 
0.724550 
0.282383 
0.911994 
1.010257 
0.783534 
0.581711 
0.831521 
0.618404 
2.004988 
1.066055 
1.026017 
0.824433 
1.288494 
0.689225 
0.752270 
0.758600 
1.514270 
0.414586 
0.690598 
0.731156 
0.911865 
0.397880 
0.784910 
0.653231 
0.907646 
1.149029 
1.908736 
0.203968 
0.815885 
0.418752 
0.859641 
0.618371 
1.127348 
0.534716 
0.352410 
0.434704 
0.496645 
1.223899 
1.711681 
0.947839 
1.520856 
0.540901 
0.491203 
0.892508 
0.623060 
1.022024 
0.876397 
2.272275 
2.191486 
2.130043 
0.505835 
0.444000 
0.549475 
0.742315 
0.476411 
2.574012 
1.127503 
0.628099 
1.385267 
0.804108 
1.527899 
0.734437 
0.548501 
0.305721 
1.011041 
1.888581 
0.734224 
0.497802 
0.712121 
0.558066 
1.416017 
1.231825 
0.996619 
1.771637 
1.308633 
0.708867 
0.571037 
0.362411 
0.353853 
2.224723 
0.689571 
0.871215 
0.728646 
2.192394 
0.406035 
1.593912 
0.538495 
0.531838 
0.734819 
0.620771 
0.488980 
0.947842 
1.007342 
0.665902 
0.610870 
1.619074 
0.836147 
0.606727 
0.640891 
0.822356 
1.163933 
1.537105 
0.910585 
0.741805 
0.749692 
0.416854 
1.006534 
0.981170 
0.625368 
2.465046 
0.597586 
2.154430 
0.594542 
1.254262 
1.008571 
0.509458 
0.764504 
0.406484 
1.330085 
0.514866 
1.228077 
1.113678 
0.405541 
1.433728 
2.046282 
0.515976 
0.712337 
2.588094 
0.571975 
0.574812 
1.234908 
1.346767 
0.963907 
0.392289 
0.561167 
0.791645 
0.444602 
0.800689 
1.376698 
0.460266 
1.250270 
0.515577 
0.937400 
1.808315 
0.544951 
0.723359 
0.712953 
1.227707 
1.904228 
0.730664 
0.401085 
0.213167 
1.202484 
1.288908 
0.656062 
1.085309 
0.614439 
0.539028 
0.626295 
0.408348 
0.616342 
0.976156 
0.808602 
0.507346 
2.036843 
0.981856 
0.867907 
0.406550 
0.267875 
0.630170 
0.999608 
0.682106 
0.484376 
0.602545 
1.401489 
0.965171 
0.568029 
0.914213 
0.830495 
1.895301 
1.479763 
0.451873 
0.630929 
0.672390 
0.984505 
0.814682 
0.680907 
2.338505 
0.546848 
0.709297 
1.867603 
0.836246 
1.188619 
1.914567 
0.906160 
0.650932 
0.746288 
0.383987 
1.007908 
0.888823 
0.796143 
0.596325 
0.675197 
1.021523 
0.833125 
0.775089 
0.786929 
0.708013 
1.223712 
0.675857 
0.429014 
1.306464 
