0.000000 0.000000 0.000000 0.000000 0.000000 0.000000 
0.000000 0.000000 0.000000 0.000000 99.353508 0.019782 
0.000000 0.000000 0.000000 0.000000 90.000000 0.000000 
0.000000 0.000000 0.000000 0.000000 90.000000 0.000000 
0.000000 0.000000 0.000000 0.000000 90.000000 0.027976 
0.000000 0.000000 0.000000 0.000000 0.000000 0.000000 
0.000000 0.000000 0.000000 0.000000 90.000000 0.027976 
0.000000 0.000000 0.000000 0.000000 90.000000 0.027976 
0.000000 0.000000 0.000000 0.000000 90.000000 0.000000 
0.000000 0.000000 0.000000 0.000000 90.000000 0.000000 
0.000000 0.000000 0.000000 0.000000 90.000000 0.019782 
0.000000 0.000000 0.000000 0.000000 90.000000 0.000000 
0.000000 0.000000 0.000000 0.000000 90.000000 0.000000 
0.000000 0.000000 0.000000 0.000000 90.000000 0.027976 
0.000000 0.000000 0.000000 0.000000 90.000000 0.027976 
0.000000 0.000000 0.000000 0.000000 90.000000 0.000000 
0.000000 0.000000 0.000000 0.000000 90.000000 0.000000 
0.000000 0.000000 0.000000 0.000000 0.000000 0.000000 
0.000000 0.000000 0.000000 0.000000 90.000000 0.000000 
0.000000 0.000000 0.000000 0.000000 90.000000 0.000000 
0.000000 0.000000 0.000000 0.000000 90.000000 0.027976 
0.000000 0.000000 0.000000 0.000000 90.000000 0.000000 
0.000000 0.000000 0.000000 0.000000 0.000000 0.000000 
0.000000 0.000000 0.000000 0.000000 90.000000 0.000000 
0.000000 0.000000 0.000000 0.000000 90.000000 0.000000 
0.000000 0.000000 0.000000 0.000000 90.000000 0.000000 
0.000000 0.000000 0.000000 0.000000 90.000000 0.034264 
0.000000 0.000000 0.000000 0.000000 90.000000 0.000000 
0.000000 0.000000 0.000000 0.000000 90.000000 0.019782 
0.000000 0.000000 0.000000 0.000000 90.000000 0.034264 
0.000000 0.000000 0.000000 0.000000 90.000000 0.000000 
0.000000 0.000000 0.000000 0.000000 0.000000 0.000000 
0.000000 0.000000 0.000000 0.000000 90.000000 0.000000 
0.000000 0.000000 0.000000 0.000000 90.000000 0.000000 
0.000000 0.000000 0.000000 0.000000 90.000000 0.000000 
0.000000 0.000000 0.000000 0.000000 90.000000 0.000000 
0.000000 0.000000 0.000000 0.000000 90.000000 0.027976 
0.000000 0.000000 0.000000 0.000000 0.000000 0.000000 
0.000000 0.000000 0.000000 0.000000 90.000000 0.000000 
0.000000 0.000000 0.000000 0.000000 90.000000 0.019782 
0.000000 0.000000 0.000000 0.000000 90.000000 0.000000 
0.000000 0.000000 0.000000 0.000000 90.000000 0.027976 
0.000000 0.000000 0.000000 0.000000 90.000000 0.000000 
0.000000 0.000000 0.000000 0.000000 90.000000 0.019782 
0.000000 0.000000 0.000000 0.000000 90.000000 0.027976 
0.000000 0.000000 0.000000 0.000000 90.000000 0.000000 
0.000000 0.000000 0.000000 0.000000 0.000000 0.000000 
0.000000 0.000000 0.000000 0.000000 90.000000 0.000000 
0.000000 0.000000 0.000000 0.000000 90.000000 0.000000 
0.000000 0.000000 0.000000 0.000000 90.000000 0.027976 
