6590.402832 2188.709229 1030.187012 1060.705688 334.897247 
21081.970703 16546.035156 13916.654297 10999.880859 231404.312500 
88519.359375 61705.535156 44655.023438 28039.531250 5300059.500000 
48001.375000 33735.851562 25780.335938 18174.447266 3182534.000000 
40778.296875 34315.296875 27955.292969 21871.794922 3686958.750000 
26282.537109 18159.289062 13946.873047 10761.021484 575916.562500 
18591.306641 13761.649414 10369.171875 7318.924316 1189381.125000 
23358.212891 17200.980469 12376.833984 8141.537598 2018781.750000 
13828.008789 11354.626953 9990.890625 7971.250488 52630.617188 
9951.517578 8403.577148 6944.963867 5570.553223 1306715.000000 
10203.282227 7461.253418 6564.415527 4841.739746 39187.320312 
10060.332031 8569.142578 7959.804199 6729.396484 141811.078125 
5766.756348 5171.513672 4827.194336 4491.672852 635221.187500 
14732.777344 10550.740234 9050.030273 6772.021973 1587074.625000 
6983.473145 6459.653809 6127.770020 4805.850586 596093.062500 
8316.378906 8205.250000 6662.620605 5312.797363 407751.937500 
14566.597656 11592.439453 11702.742188 9422.983398 21529.365234 
3822.859131 4005.812012 4901.267090 4669.012207 504043.843750 
4845.497070 4698.555664 4962.990234 4606.839355 382427.343750 
4580.071289 4456.401855 4350.891602 3406.133789 328384.750000 
11735.614258 9214.983398 8061.512695 5957.662598 1529929.875000 
4764.584473 13155.450195 10917.313477 10835.586914 1016698.625000 
11196.260742 10143.302734 7694.593750 7532.607422 1366507.625000 
6386.590332 8407.004883 8479.584961 7931.344727 678793.062500 
6250.869141 9171.631836 9310.422852 7117.183594 730364.562500 
6863.398926 12424.541992 11983.773438 8085.793945 581321.437500 
10859.854492 12867.036133 8404.896484 6941.425293 1037669.000000 
12769.653320 25359.119141 11323.171875 9111.131836 923874.125000 
18495.398438 12213.799805 6300.767090 6549.291992 1007552.062500 
6700.290527 6008.944336 4943.300293 14871.293945 404921.406250 
36268.375000 15659.563477 12810.833008 4873.868164 898489.250000 
10813.714844 10043.797852 8853.682617 5367.022461 72422.351562 
11173.300781 10125.688477 9478.289062 9837.774414 687212.687500 
87477.484375 76073.765625 27900.427734 7842.075684 1029013.125000 
42389.273438 7094.679199 9395.127930 25713.425781 1121980.000000 
9186.171875 8424.284180 8850.083984 12685.196289 532705.875000 
66544.976562 15855.125000 48806.304688 5733.726562 794163.687500 
7056.547363 6949.402344 6794.598145 5362.450195 195968.875000 
51759.187500 10510.734375 7477.327637 5361.088379 727617.875000 
7746.865723 6471.933105 6202.148926 6629.053223 58156.468750 
5734.289062 5667.250488 4774.700195 3774.738037 137963.250000 
20227.460938 17851.925781 34740.414062 11253.508789 384764.656250 
4810.570312 5591.558594 5003.402344 4336.106934 108071.804688 
6112.243652 5278.926270 4290.803711 2504.391602 21388.285156 
3535.079102 4120.372070 3955.879395 2415.111816 79082.164062 
5958.910156 7696.621582 5071.280273 7149.536621 91030.835938 
14077.096680 13909.753906 8568.983398 9439.975586 986623.312500 
20287.736328 10479.819336 9256.346680 7268.183105 945485.500000 
6045.652344 6641.235352 9212.416016 7658.028320 100737.179688 
5324.419434 5826.845703 5518.398926 4584.479492 103743.679688 
33586.570312 12869.175781 10435.160156 4136.620605 468057.750000 
31148.814453 8217.263672 4078.630371 3355.617432 563930.500000 
18707.673828 6623.878906 8894.512695 13997.186523 341622.343750 
13806.160156 13633.491211 9845.062500 8356.396484 362854.531250 
10910.624023 9692.024414 3101.998047 4717.054688 424478.906250 
12581.867188 11315.708984 11709.783203 11379.855469 338265.218750 
9257.694336 8138.877930 6714.072754 6380.960449 138139.875000 
89263.031250 4816.250000 6443.675293 3818.571777 647332.125000 
30912.921875 7546.855957 5374.519043 2117.156250 408293.531250 
61378.617188 121834.617188 26243.609375 56060.960938 388980.250000 
25687.710938 22183.224609 12670.730469 51916.398438 618516.937500 
11308.662109 12537.653320 14041.362305 15279.498047 381245.875000 
8917.860352 6835.874023 5251.787109 5296.774902 49192.445312 
11187.326172 13101.007812 12060.767578 9034.800781 235684.968750 
34098.917969 12002.767578 3313.331543 4242.238770 552389.250000 
8094.414551 10467.908203 6190.872559 8320.813477 183447.078125 
25151.402344 8022.896973 9073.478516 5704.335938 419221.625000 
20868.353516 15755.880859 4606.433594 4533.583984 737669.437500 
6630.542969 7223.562988 7292.954590 7237.716309 192596.156250 
11198.161133 7109.754395 7011.165527 5499.384766 41774.472656 
16190.845703 9013.048828 2715.552002 2647.218750 374889.062500 
5892.670898 5213.262695 5120.633301 4129.902832 152630.640625 
21338.501953 8120.502441 3290.085693 3655.780518 346937.468750 
10664.982422 4147.816406 3612.980957 2141.344238 436349.593750 
16480.646484 7833.287109 5916.994629 4177.025879 740666.375000 
7852.285156 4379.309570 3132.640137 2887.502441 711618.312500 
13626.215820 4177.854004 3494.789062 2725.752441 486034.000000 
22568.359375 10776.629883 6922.055176 3535.367676 468939.812500 
14907.388672 13371.863281 2864.542725 3917.732178 256525.984375 
22088.111328 11415.599609 4257.101562 3520.992920 286694.750000 
36121.035156 10977.090820 11400.538086 3838.876953 374693.937500 
14552.472656 30684.533203 9583.049805 7848.949707 105955.914062 
28461.474609 23298.289062 32341.244141 8316.957031 463106.906250 
19644.343750 448853.468750 4231.944824 164424.187500 108129.921875 
29238.958984 30126.044922 19465.828125 9334.545898 247484.812500 
18607.042969 30853.291016 2276.369629 5286.504395 204775.218750 
7982.462402 7582.134766 7317.621582 4949.911133 17553.552734 
24098.673828 30599.328125 3391.604004 12066.851562 179710.718750 
37842.128906 21886.027344 6691.325195 4366.915527 357662.250000 
10954.943359 31350.675781 9765.617188 8565.930664 292385.937500 
8389.659180 25692.304688 13855.184570 8264.929688 281889.500000 
5400.450195 5589.435547 4908.060059 4515.321777 157543.578125 
43298.539062 13145.280273 12209.339844 6052.594727 1104884.500000 
42614.777344 20606.183594 9683.300781 10937.768555 958428.000000 
31799.287109 14076.301758 8721.503906 6496.559082 1020754.562500 
45922.027344 23856.498047 12564.584961 13544.566406 1019709.937500 
35416.167969 19355.625000 13728.408203 8207.783203 1197296.000000 
8220.213867 7253.575195 7086.173340 7037.050781 312309.000000 
7995.657715 8600.035156 11211.790039 6890.860352 528212.875000 
114823.007812 15834.461914 13613.230469 4223.245605 471843.218750 
7234.812500 4912.229004 5915.667480 3219.143066 350813.937500 
6647.684570 11880.725586 11988.205078 5153.859863 519262.125000 
105314.132812 113843.468750 11790.502930 18808.111328 1141284.500000 
126091.351562 13883.109375 7118.887207 5087.990723 558011.937500 
119594.242188 19300.330078 95435.101562 22540.205078 821792.812500 
207878.781250 27072.544922 5329.027832 11437.342773 351742.812500 
31047.992188 46598.898438 61140.878906 15401.006836 525257.000000 
109530.398438 87660.578125 20351.611328 9624.845703 508509.218750 
133279.968750 29378.998047 58964.031250 8508.892578 516391.968750 
119757.312500 198097.500000 8928.254883 62912.468750 369789.593750 
154122.453125 53746.691406 18849.849609 36713.195312 390719.468750 
164338.171875 89613.531250 11420.791016 4304.579102 497679.687500 
247274.015625 26710.474609 11135.618164 9003.539062 737034.500000 
456719.562500 23849.234375 13962.173828 6871.609375 281711.875000 
279922.812500 10131.857422 9831.315430 3008.947998 627427.125000 
46903.425781 71327.054688 55459.667969 153451.437500 631397.875000 
88180.070312 24527.529297 14877.768555 3541.932129 466669.343750 
173813.593750 17625.248047 10772.275391 4120.564941 493145.875000 
40957.042969 102648.195312 39555.253906 33647.949219 528445.125000 
145372.921875 118867.148438 20122.978516 24381.205078 546212.125000 
239211.984375 44583.230469 11389.443359 3609.423828 323951.687500 
37521.906250 29340.037109 13447.589844 23579.908203 515913.750000 
4790.345215 5085.360352 3595.308594 2873.115967 107279.898438 
32524.115234 48774.460938 3522.845215 7487.962402 207233.671875 
22264.414062 58207.246094 29015.361328 21081.041016 251441.000000 
5429.172852 4810.064453 4134.582520 3492.791748 22206.529297 
16105.070312 60577.757812 12805.697266 15279.475586 215751.343750 
19625.382812 162508.640625 9470.101562 5203.193359 148034.250000 
4473.559570 3498.465576 3132.702148 2677.933838 60949.609375 
27861.597656 39676.722656 4915.589844 11601.360352 178151.843750 
9876.814453 10407.742188 7659.807129 8005.533691 183390.406250 
4314.054688 3851.009521 3653.209717 3437.624268 100155.734375 
64708.796875 21680.126953 5341.953613 1394.088989 279720.593750 
80723.492188 21453.765625 7752.710449 5881.476074 544741.000000 
68220.109375 8055.399414 5158.971680 3750.968018 477038.781250 
31568.910156 15144.712891 4275.130859 3692.132568 578305.125000 
52194.386719 21300.523438 6110.883789 5367.670898 769521.500000 
7471.326660 7548.217285 5578.376465 4742.066406 318560.906250 
8415.599609 9350.163086 7167.821289 8889.392578 248822.593750 
18918.130859 18893.269531 29321.734375 11055.324219 870760.875000 
12847.751953 4393.317383 5335.642090 2926.013184 671463.125000 
14876.164062 3779.558105 2672.541504 2087.753174 546645.875000 
35088.265625 8897.099609 6276.594238 3744.122070 895614.062500 
11460.943359 4898.559082 4286.116211 4703.372559 772356.437500 
8643.034180 4240.464844 3530.732178 1974.114380 576401.500000 
36795.406250 8067.044434 6795.769043 4732.730957 767458.000000 
8197.349609 5231.834473 5819.493652 4181.812012 649884.937500 
9191.253906 8034.603027 7961.063477 7085.598145 396679.687500 
5689.094727 2918.671631 2697.220703 2007.656616 538225.187500 
6293.708984 2812.965820 2291.058105 1602.857422 437467.437500 
10292.966797 2679.643555 2276.577881 1719.136230 335438.500000 
9066.083008 9328.560547 9310.973633 7079.101562 271155.593750 
13089.408203 17960.339844 11163.743164 6879.288086 670297.312500 
7724.237793 2952.869629 2409.297119 1822.745117 402631.781250 
7681.586426 2194.121094 1811.879517 2021.211792 253080.531250 
37708.292969 7146.503418 7419.832520 3900.840332 412458.250000 
8039.070801 10154.465820 6866.891113 7836.057129 301293.781250 
16081.644531 3834.733887 2467.385742 2736.540283 280322.281250 
5837.083984 5643.591309 5840.693848 4106.033691 147160.734375 
57408.566406 17318.513672 10238.306641 3918.047363 390880.312500 
44599.066406 16567.158203 3292.587891 1771.780029 206765.640625 
47160.058594 15837.557617 6591.957520 3543.651855 386001.156250 
17900.521484 4472.252441 4966.305176 1902.875366 206267.843750 
15327.188477 4533.053711 5447.768066 1316.285400 168243.015625 
34619.878906 13713.267578 4759.344238 7182.020508 250902.171875 
39774.617188 39106.593750 7236.589355 10447.025391 359071.593750 
29844.265625 9220.363281 2818.185547 2017.143188 427022.531250 
7922.084961 7590.233887 5123.043457 6233.530762 189003.734375 
18587.142578 10341.016602 3894.644287 4193.073242 380527.687500 
8685.156250 13599.762695 5408.852051 5992.366699 294086.968750 
39607.199219 6763.583984 4276.905762 2961.586914 425708.312500 
37294.726562 4985.920898 5915.522949 1577.536621 258879.234375 
30085.017578 10368.183594 3869.272949 2285.735596 487367.000000 
34227.468750 8286.357422 4613.712891 2631.934570 513408.281250 
6827.577637 7242.304688 6049.082520 6353.531738 228437.140625 
10156.117188 10367.005859 6708.601074 5590.624512 354593.718750 
18946.500000 6039.089355 4109.745117 1927.706177 433647.406250 
13979.588867 25988.966797 12501.243164 9657.499023 504671.218750 
62477.402344 34792.312500 4791.299805 3869.672119 569006.562500 
7519.166504 6825.965332 7245.637207 6439.463867 98839.453125 
33631.886719 12118.594727 8101.703125 2552.975830 449777.437500 
32310.654297 20994.248047 18351.509766 4095.232422 458845.812500 
8012.336914 6435.335449 6206.050293 5511.087891 65384.121094 
17389.972656 5501.871094 3221.923828 1425.533203 285683.125000 
23685.367188 3567.654053 3063.845703 3382.232422 483573.125000 
8435.233398 21403.824219 10100.168945 5571.666016 249955.562500 
6946.344727 6455.926270 4678.036133 6762.121094 173161.031250 
6913.210938 10665.081055 4986.023438 6032.142578 180909.281250 
6299.480957 5841.141602 6398.153320 6150.945312 145259.312500 
10208.307617 5130.686035 4047.514893 2609.996826 627830.687500 
19532.761719 13494.092773 10592.607422 5997.821289 348205.437500 
19311.164062 21433.306641 11026.049805 8979.665039 418275.375000 
20680.722656 10352.061523 5710.244629 4140.708008 634338.437500 
79346.250000 43384.144531 12381.132812 5569.103516 631956.000000 
13286.736328 8154.899414 3281.236084 3347.204102 686297.187500 
40177.613281 9484.956055 14519.033203 3599.810547 698604.187500 
29927.146484 34034.472656 13286.640625 10116.037109 566719.562500 
23396.814453 7694.786621 4574.984863 2629.988770 493402.312500 
14291.183594 7508.738281 4385.318848 2705.518555 492439.437500 
21286.763672 4592.170410 3153.944824 2201.162354 478145.906250 
6970.618164 6789.057617 8433.022461 7509.832031 181453.843750 
8701.751953 7989.753418 6491.060059 7619.641602 122177.492188 
28100.279297 8000.895020 4332.311523 3168.401123 390635.687500 
8331.718750 9465.354492 6931.060547 6610.759766 71175.343750 
35111.007812 15096.101562 4098.793457 8391.888672 421875.000000 
12381.825195 70248.906250 8881.234375 56546.082031 113568.031250 
6082.952637 6215.633301 4268.282227 3782.157471 35854.625000 
15061.159180 12215.990234 3350.099854 1878.411499 199471.921875 
22103.136719 8183.527832 3696.117676 2494.398193 236607.968750 
15913.821289 4681.865234 2524.806885 1906.350830 270771.593750 
45372.414062 8153.044922 6835.668457 2944.947266 553687.500000 
13899.939453 4881.742676 2971.632324 2858.413574 364328.218750 
12683.327148 17226.910156 1593.623901 2864.423584 203614.890625 
25332.771484 27238.693359 12343.689453 11136.495117 488473.875000 
7772.007324 9110.158203 9765.174805 6559.946777 389587.875000 
11222.208984 5451.916992 5501.955078 2488.841797 601095.437500 
48314.113281 12271.918945 11512.693359 6812.621094 1031098.687500 
9047.597656 12286.988281 12382.796875 15234.175781 740873.437500 
10944.514648 5857.592773 4724.524414 4278.922852 792164.625000 
10230.458984 6957.905762 5095.244629 4093.980225 736763.812500 
10148.632812 5141.821777 5528.893555 5023.860352 792263.625000 
10587.463867 6590.783203 5225.111816 4995.728027 986494.375000 
15819.214844 5795.873047 4765.608398 6515.122559 929040.875000 
16838.607422 6607.357422 8876.733398 4664.550781 945529.625000 
30682.271484 16974.710938 31859.205078 6953.747070 730461.375000 
14179.894531 13216.104492 10301.537109 9556.645508 116838.687500 
44642.421875 33751.343750 7583.370605 7405.461914 914514.312500 
35720.191406 15909.305664 7330.325195 6404.250977 908487.625000 
11038.877930 10092.462891 7751.412598 8403.179688 166467.859375 
17304.884766 6998.248047 3698.893799 2420.688477 504581.031250 
11611.619141 4083.182861 4295.141602 3157.243408 515261.968750 
42295.265625 5644.454590 2753.274414 2099.666504 320094.187500 
25613.693359 9872.935547 4587.120605 2876.261230 698861.500000 
32596.667969 16562.566406 2875.414795 1830.867310 519803.062500 
35031.910156 20711.560547 7796.484863 24819.464844 557616.875000 
41802.433594 7468.045410 3993.808105 4007.358887 438986.968750 
26244.691406 6454.175293 4169.518555 1900.190552 334994.656250 
9426.116211 9457.273438 8417.767578 5936.698242 269985.968750 
23982.154297 10576.036133 4817.750488 1611.944214 275992.406250 
23575.513672 10154.277344 3329.422119 2443.148926 267123.750000 
26879.701172 12245.123047 4844.271484 2282.649902 336504.437500 
9961.582031 8742.374023 10309.963867 6799.601074 248899.921875 
58240.398438 36395.402344 18854.244141 3362.076660 465618.156250 
22287.009766 4435.538574 2810.580566 2333.680908 541677.062500 
17613.650391 6117.531738 2828.196777 1448.408081 309298.437500 
16757.107422 3648.023438 2959.392090 1662.308960 259199.906250 
30818.527344 6400.041504 4923.446289 3537.891602 604959.500000 
17095.191406 6047.465332 3508.502441 2430.291992 595834.625000 
26755.171875 6400.958496 4001.502686 2801.283203 438230.031250 
15238.477539 4946.324219 4560.281250 2350.976562 624989.625000 
22711.791016 5715.153320 2813.859619 1929.989014 593766.375000 
9400.990234 8490.714844 8710.490234 5447.048340 118343.539062 
105740.835938 14279.400391 9619.728516 5112.231445 655587.000000 
24698.662109 4809.206543 4317.512207 2986.075195 328471.343750 
35931.226562 8500.338867 6670.722656 2813.387695 434649.437500 
20335.601562 5780.923828 3046.828613 1376.308594 266473.656250 
20909.621094 5621.620117 3352.224121 1625.185669 386581.718750 
24690.308594 11687.864258 5109.990723 2844.075195 321016.437500 
15172.999023 14529.556641 14865.016602 10011.519531 374896.843750 
16373.302734 6603.378906 5585.031738 1790.513550 413018.031250 
9397.157227 7960.215332 6984.895996 5741.292480 207465.906250 
48792.042969 13059.935547 10873.846680 3462.475098 406639.750000 
33047.691406 21905.214844 26399.373047 3920.635986 436508.062500 
28802.076172 12362.372070 10824.554688 3034.203613 524389.125000 
54218.925781 28370.070312 30944.281250 15854.931641 514193.500000 
17585.007812 14494.804688 12898.958984 10873.185547 472704.937500 
59389.191406 16366.579102 6544.670898 1967.685059 455459.812500 
10097.294922 8851.231445 6392.929199 5451.580078 206989.375000 
25020.355469 5969.995605 5344.346191 1990.065430 359021.343750 
46003.886719 11629.316406 7319.978027 6534.483398 260810.484375 
37715.835938 13806.762695 6793.851074 4297.101074 206365.375000 
22896.156250 33792.140625 18461.369141 31517.019531 335035.343750 
24227.605469 24676.839844 1848.138550 2805.419434 285473.875000 
33977.679688 12002.802734 1823.318359 1654.758423 135831.843750 
19928.890625 11145.911133 3087.560303 5180.979004 209220.109375 
39288.847656 6149.082031 5301.850098 2380.273926 416118.218750 
46222.238281 7610.687988 1670.272949 3357.433838 355494.187500 
34645.757812 9204.540039 7371.747070 3384.414307 794453.125000 
104466.296875 8053.201660 6370.493164 2912.390137 978106.625000 
41382.636719 7052.740723 4596.386230 2854.242432 661267.187500 
78694.375000 27488.517578 33897.195312 8935.757812 872063.687500 
72330.773438 28922.199219 34828.757812 26740.068359 809576.875000 
90718.304688 7015.780273 5517.721191 4616.766602 759918.500000 
79523.429688 20933.664062 10979.503906 6028.945801 952755.562500 
32973.175781 9286.843750 4104.617676 3575.650391 729503.437500 
26660.064453 8161.398926 7904.250977 3861.875000 606993.562500 
9669.087891 11568.143555 7720.803711 7954.142090 224295.515625 
64847.328125 16845.185547 7644.815918 2613.860107 463757.343750 
53151.523438 19357.175781 13649.317383 5020.657227 728531.875000 
8609.553711 7277.600586 6394.783691 7481.923828 192688.546875 
138352.640625 32647.685547 8235.706055 4885.641113 471147.093750 
89948.117188 26966.564453 3568.845947 3167.291504 601787.187500 
47832.492188 20807.322266 3245.022949 6243.004883 134610.906250 
77474.679688 17736.439453 6025.295898 3182.614502 435373.062500 
39957.609375 33539.152344 3750.844727 4159.597656 327985.656250 
94675.070312 23535.462891 5306.398438 5730.775879 355448.343750 
58136.417969 75096.171875 23941.187500 8336.749023 396429.093750 
41346.242188 18389.173828 7138.045410 8466.209961 413909.406250 
87985.921875 13433.689453 8354.917969 3513.283447 442728.343750 
10206.660156 11791.786133 7443.294434 12204.081055 267446.031250 
35732.132812 41189.957031 32068.746094 20403.482422 488152.125000 
69022.859375 62365.367188 55574.414062 14489.698242 658038.062500 
69450.679688 45165.976562 10326.765625 4364.926270 787506.187500 
101171.500000 21699.152344 14855.308594 4723.046875 740040.750000 
131988.171875 45249.664062 11089.202148 6358.895508 576425.187500 
101574.367188 10160.396484 11463.110352 1582.690552 410810.343750 
34160.929688 31504.667969 17991.894531 22398.578125 531396.625000 
10093.862305 8276.644531 6743.950684 5441.155762 105551.976562 
11010.735352 11803.189453 8536.571289 7830.748535 205303.078125 
9811.205078 4829.344238 3182.402588 2377.848145 39184.148438 
15972.468750 8085.884766 2637.759033 4038.971436 28696.724609 
8166.356934 6115.629883 2480.361816 754.741211 32009.232422 
8677.106445 7882.178223 5475.663574 4115.024902 49441.148438 
13468.088867 5724.163574 3334.130615 2567.894775 34947.000000 
77068.171875 18725.121094 27507.242188 13699.686523 299332.281250 
17482.294922 74701.671875 32874.453125 2115.810547 195882.953125 
9946.291016 9879.313477 7305.107910 8178.676270 157213.187500 
23358.078125 21751.412109 27554.121094 4498.563965 271202.437500 
86546.625000 75474.468750 33096.683594 1526.299438 272470.750000 
33420.531250 27633.507812 30922.253906 19870.974609 366355.718750 
5395.733887 5402.940918 4755.561523 5112.923340 176015.093750 
86833.960938 62028.382812 44602.191406 21664.080078 302036.125000 
7416.021484 6634.503418 4914.101562 4759.833496 76822.898438 
7374.465820 7001.791016 9891.243164 7527.709473 101525.062500 
29540.056641 8574.055664 5595.230957 4223.285156 864513.937500 
17958.453125 12466.460938 11977.286133 8725.992188 384823.875000 
11241.719727 6495.128906 4777.881836 3636.252197 745735.875000 
18456.066406 9170.616211 9058.961914 8542.656250 1259304.250000 
4310.425781 4061.355713 3204.278809 2618.465820 48795.898438 
10709.418945 10126.546875 9354.453125 7946.313477 1596497.625000 
6932.207520 7343.746582 8798.667969 6963.019531 243112.734375 
3570.823730 2380.607910 2073.238525 1724.133179 52162.613281 
3386.252686 2808.184570 2363.293701 2123.140137 47956.253906 
8636.751953 7283.861816 7779.208496 9256.065430 482301.156250 
7472.648438 6253.935059 7329.619629 6245.160645 387392.500000 
7311.696777 5976.021973 4741.945312 4098.247559 1007313.750000 
3411.007080 2590.075195 2131.012207 1539.264648 21853.818359 
7127.152344 5351.959473 4739.579590 4368.227539 1055274.375000 
5370.055664 7653.740234 4349.838867 3452.167236 153400.625000 
9741.323242 4546.173340 3251.826904 2280.382080 691674.937500 
9565.145508 11088.124023 6055.470215 5889.961914 196606.390625 
12551.124023 4584.457031 3774.843506 4041.547852 657579.937500 
7131.961914 6332.975586 6155.855469 5165.998047 222002.703125 
13613.431641 13840.742188 9779.265625 8346.062500 245105.015625 
3521.874512 3190.115234 2169.666260 2009.404175 31214.703125 
5816.508301 6281.691895 2598.551514 3054.412354 93657.515625 
83732.875000 26901.085938 8238.969727 9330.619141 478309.187500 
89279.882812 27779.966797 12467.495117 7975.967773 565889.812500 
5345.667969 5325.762207 2437.257080 3716.063232 200454.781250 
108413.460938 50432.933594 50257.347656 7619.497559 555271.375000 
4094.997070 2999.026367 1839.717651 1065.571533 11174.999023 
9051.158203 6061.540527 6369.389648 5191.710938 168723.828125 
108335.421875 92879.835938 61363.816406 14840.123047 459391.718750 
4079.634033 4020.229248 3045.607422 2412.360840 53114.425781 
5499.473145 4645.796387 3459.593506 3632.406250 244601.062500 
4632.656738 3393.200684 3288.486816 2663.087891 32637.144531 
46125.375000 52345.761719 32406.207031 54051.738281 607510.625000 
54939.835938 105411.429688 40289.699219 41753.468750 543452.187500 
377557.593750 173292.296875 36260.039062 35689.925781 509208.906250 
526632.375000 175820.640625 84607.429688 25692.216797 656919.125000 
381823.375000 159929.203125 87686.835938 19102.144531 671632.687500 
9137.017578 14640.759766 13609.850586 12745.757812 459688.812500 
17354.576172 27136.292969 34788.085938 22841.320312 482751.687500 
75609.171875 115076.875000 71069.718750 25395.794922 476093.437500 
4524.589355 3139.552734 2160.391846 2032.896851 14031.363281 
4518.956055 3987.249268 3632.377197 4018.377686 106125.187500 
26933.791016 67359.085938 50919.214844 46857.406250 509586.593750 
4682.621094 4462.471680 4380.716309 3740.663574 129487.742188 
4229.330566 3103.207764 2959.936768 2893.828857 194200.734375 
4981.048828 4242.817871 3827.875977 3069.766846 250849.328125 
7744.369141 8056.252441 7900.022949 7717.145020 483209.468750 
6672.481445 5935.887207 6181.284668 7494.683105 338253.781250 
7047.067871 9003.183594 6067.282227 6011.946777 339091.406250 
4332.479492 3247.924316 1932.026733 1870.885864 10150.262695 
10477.594727 9023.764648 7375.942871 8596.267578 360619.156250 
12037.596680 20613.218750 10319.642578 10987.132812 370033.937500 
4104.698730 3566.418457 3233.261475 3250.170410 48279.039062 
15356.158203 35603.886719 10375.552734 11855.327148 339618.906250 
4849.643555 3950.849854 3334.720703 3599.439209 64459.332031 
4880.717285 3128.712402 2726.787109 2508.607178 102201.054688 
3519.753662 2868.303467 2380.204834 1989.123413 103864.929688 
3725.573486 3740.813965 3268.877930 2854.010742 55692.601562 
4870.136230 3854.071045 2712.093750 2726.667480 193601.531250 
40043.167969 126984.890625 20618.800781 29280.501953 349062.156250 
3969.713379 3796.600586 3474.543945 3213.911621 97915.914062 
3794.990723 2879.429443 2608.773682 2449.635498 117631.039062 
36038.441406 97687.742188 26550.150391 15343.627930 359716.968750 
12767.207031 15717.941406 8686.981445 9928.573242 308672.625000 
5173.201660 5342.570312 5021.354980 4138.308105 45676.226562 
6314.562012 4181.471680 3193.903320 4883.346191 220426.500000 
5890.508789 4114.106934 3809.402832 3197.546143 27609.263672 
98896.273438 49907.128906 37565.460938 19601.640625 661654.250000 
4252.758789 4031.596924 3442.301514 4298.598633 100996.523438 
19472.470703 37671.535156 45627.105469 21979.320312 571532.500000 
12494.783203 13042.148438 10414.343750 14793.007812 429913.781250 
62303.773438 40101.046875 21483.429688 9964.383789 563667.625000 
31500.974609 69755.359375 51915.992188 18625.123047 459258.687500 
4958.752441 4139.483887 3770.489502 3604.030762 217700.781250 
40608.191406 36276.578125 13684.416016 9051.070312 607635.937500 
57205.296875 52807.187500 15342.853516 11118.958008 627901.250000 
10993.324219 10926.041016 6900.776855 5793.836914 493547.406250 
6813.044434 5457.974609 4580.253906 3521.628662 433198.250000 
4804.585449 3364.173828 2968.168945 3248.854004 414930.593750 
13053.355469 13385.908203 11024.604492 6199.774414 694932.187500 
8638.747070 7185.017090 5089.373535 3935.842529 50689.894531 
6199.313477 6102.404785 4810.964355 5949.789551 46431.984375 
8252.488281 6431.262207 5916.180176 5485.711426 72188.984375 
32943.871094 20428.126953 7669.212891 6676.690918 782580.312500 
4775.507812 3191.859375 3143.017090 3214.403076 346977.375000 
6929.037109 5834.098633 5467.329102 4850.086426 92220.703125 
8267.186523 5515.854492 3165.710693 2105.229980 392953.812500 
8205.746094 5954.779785 6033.783203 4847.645020 43580.921875 
6518.872070 4627.580566 4703.130859 3703.580322 426653.906250 
5917.148438 4339.904785 3059.492432 3677.616699 485656.875000 
10448.698242 11473.548828 4848.799805 4242.282227 523839.875000 
28734.548828 10138.080078 6390.488281 3984.656250 794683.000000 
7563.842285 13265.093750 5931.633301 3651.268555 427356.750000 
7131.061035 4261.630859 4239.384766 3707.235352 430294.843750 
28681.093750 8362.825195 7391.935059 5492.048828 933960.750000 
6322.189941 3754.431396 2827.475586 2059.353271 414698.656250 
5372.870117 4020.479736 3342.729004 2967.772217 386729.437500 
7546.934082 6735.271973 3662.327881 3141.547363 460091.031250 
6722.011719 6344.827637 7184.479004 7571.855957 102214.500000 
4483.036621 3435.279785 2833.774902 2189.976074 287324.593750 
6373.429688 5870.818848 5241.665039 4193.372559 245398.500000 
8467.723633 14855.520508 7295.172363 5450.257324 425500.218750 
15575.400391 10545.440430 9448.295898 7804.410645 575179.500000 
3938.738770 2510.059082 2218.982422 1816.704956 245318.171875 
9288.248047 13370.395508 6767.965820 4479.090820 511487.125000 
6030.212402 5216.735840 5958.943359 5115.270508 211537.218750 
8285.277344 11969.647461 4550.138184 3207.421875 474766.093750 
6696.220215 4681.328613 2388.926270 2511.405518 289853.562500 
5910.015625 3772.724609 2999.190430 2499.385010 333867.000000 
5279.483887 5542.423828 4061.152100 3055.069092 445272.156250 
4478.651855 3096.448975 3116.325195 2278.098145 238479.531250 
5972.260742 5295.883301 5112.762695 5003.690918 123870.164062 
3413.032227 2603.437500 2555.815674 2243.810547 256205.890625 
6285.883301 4584.183105 3514.005127 3097.397461 344406.718750 
6180.604492 3736.399414 2528.450439 1855.996948 255769.046875 
5461.226074 4591.072754 4754.110352 3600.796631 161347.875000 
7039.748047 14253.609375 8615.524414 8190.905762 394988.843750 
7566.549805 20617.531250 4519.934082 4515.825195 253294.750000 
6020.670410 5116.253906 2167.710449 1591.757446 192253.109375 
9967.425781 9391.755859 5880.099609 4397.558105 410789.843750 
8840.625977 8011.652832 5672.229004 3475.251465 470697.406250 
6765.258301 6005.214355 5767.438965 4348.821289 128423.429688 
5417.626953 4201.123047 3879.297607 3939.519287 405378.281250 
6588.680176 3913.483643 2197.383545 1652.682251 266555.968750 
6309.653320 3737.474609 2838.741943 2031.952026 385782.468750 
6372.111816 3379.925049 2718.050781 2217.126221 325780.718750 
9345.115234 6617.649902 6333.277832 6099.810059 52660.562500 
7608.984375 10751.161133 4513.458984 2517.957275 428834.968750 
8006.378906 14744.603516 2752.329346 4406.651367 315121.250000 
7675.624512 5929.708496 5087.445801 5218.931641 58373.363281 
5487.728027 2990.350586 2506.172852 1963.723755 267042.625000 
6397.895508 4848.819824 2865.611084 2319.392822 379719.093750 
6156.943848 4066.729248 3638.049561 2196.161133 358018.312500 
7412.342773 6612.287109 7085.830566 7804.187988 209843.765625 
7119.743164 3946.994141 2728.912109 1874.977783 380658.343750 
5633.643555 4418.235840 3432.133789 4109.796875 300159.000000 
4119.272461 7079.748535 2660.958984 2712.224365 338560.406250 
7342.893066 5752.314941 7548.669434 5127.029785 176974.578125 
4832.220703 3751.216797 3259.372314 2875.985596 253087.968750 
5626.902344 5202.038574 4781.719727 4133.238770 177364.328125 
4852.756348 3866.505127 3313.209473 2932.913818 297696.531250 
8336.904297 10394.002930 5418.480469 3957.498291 446638.000000 
5585.219727 3450.708740 2454.413086 2544.413086 279151.968750 
8736.432617 8259.708008 7705.998047 6275.721680 94914.929688 
8375.182617 22268.994141 2262.646484 4289.564453 223740.640625 
5192.750000 4140.456055 3342.164307 3090.343506 299750.906250 
7190.771484 6354.987793 3457.497314 4085.458008 389966.718750 
8551.785156 15256.829102 3920.019287 3293.758789 454319.031250 
7102.813477 6639.025879 3129.322754 3355.607422 424293.687500 
6792.595703 5086.301758 2340.908691 2404.888428 384088.312500 
7781.453613 5031.116699 3512.689697 2703.070068 429359.531250 
8309.351562 4275.599609 2596.742188 3242.746826 445468.343750 
16354.585938 10815.680664 6613.278809 5110.294922 514919.156250 
8238.941406 7350.818848 5769.180664 6507.401367 231091.109375 
9974.403320 7288.176758 3717.727539 4692.772461 466084.718750 
6204.895020 4210.410156 3528.441650 2707.698486 499389.437500 
12960.915039 6736.594238 4964.416016 3946.983643 594882.000000 
10842.580078 9047.046875 3751.255859 4198.558105 386544.750000 
8833.045898 8267.814453 7678.818359 6766.464355 147758.328125 
12458.454102 33229.484375 5834.679199 7458.069336 321021.906250 
11308.166992 11878.500000 6304.964844 4765.757812 463266.593750 
6078.226562 5274.478027 4269.809570 4426.686523 210201.296875 
6765.988770 4678.500488 3486.143311 2339.796387 398909.812500 
10514.622070 5035.198242 4153.764648 2735.229980 426923.375000 
12234.786133 6612.318359 3944.734863 2965.135742 390785.312500 
13771.671875 7960.292969 5202.812500 8969.783203 417366.718750 
22117.830078 62498.167969 11531.273438 13293.765625 541428.812500 
26071.013672 115373.000000 7782.239746 13733.815430 389116.156250 
5729.688965 4565.340820 3291.708008 3336.025635 313700.562500 
9848.518555 6580.217285 4724.718262 4253.029785 474253.156250 
14075.945312 58145.363281 5167.151855 11663.918945 322914.500000 
6483.011719 6126.645996 5046.583008 5237.253906 135222.156250 
11988.219727 70255.148438 5678.032715 16019.381836 284935.125000 
5182.702637 3811.558350 3930.289062 2479.943848 305681.500000 
7799.230957 36227.500000 6180.746094 13421.160156 322714.156250 
5979.495117 3800.420166 4002.782471 2637.085693 360811.531250 
6398.239746 4454.208008 3644.815918 2817.074463 324291.812500 
6243.162598 5877.540039 4794.669434 5932.090332 277653.812500 
13995.990234 20318.980469 9385.027344 9556.758789 349193.781250 
17770.546875 107873.257812 6999.379395 19832.728516 215492.734375 
6360.195312 44870.050781 3819.086182 10863.031250 288417.312500 
6496.182617 6916.619141 6184.563965 5998.724121 136364.296875 
8791.988281 5859.574707 2394.888184 3559.777588 234232.609375 
9652.557617 29043.933594 2952.654541 7341.014160 298827.906250 
8135.106445 28164.757812 2655.025879 4597.904785 258874.390625 
5641.108887 20992.992188 2448.715332 5063.327148 210137.640625 
5661.292480 3888.815918 3216.378906 2438.510986 284250.125000 
5567.512695 4420.641602 4426.442871 3155.143799 268309.125000 
4336.429199 3572.315186 2066.988281 1464.173706 163657.687500 
4489.531738 3543.135986 3023.967529 3374.096680 295585.093750 
6405.291504 62223.906250 1686.694092 23215.992188 190697.328125 
4058.998047 2605.028076 2199.498779 1811.258301 193770.296875 
6614.521973 5806.786133 4791.876465 5007.612793 150169.750000 
5552.033691 3975.416504 3672.049561 4179.157227 310213.656250 
5805.243164 5353.049316 5379.296875 4542.112305 248459.140625 
5519.738770 6946.965332 2315.068359 2147.428955 198952.375000 
4712.109375 10264.450195 1571.568481 2200.733398 240854.734375 
6891.842285 18702.503906 1409.514893 2424.558594 265869.718750 
7068.916992 4598.740234 2935.368164 2605.847656 209313.093750 
5004.528320 3075.763672 2080.421875 1786.071899 194083.406250 
5601.769531 4133.388672 1944.052612 1374.478760 176995.796875 
6284.900879 3805.474365 3084.253906 2489.864990 274698.375000 
7552.935059 98972.242188 2472.149902 13223.982422 106033.906250 
4718.246094 2951.045410 1956.559814 1634.851807 174873.250000 
6396.890137 14044.464844 2137.901855 4205.482910 236604.937500 
4584.402344 4461.806152 1760.026001 1550.384644 174717.781250 
5057.942871 11620.516602 1816.949463 2686.553223 177134.000000 
4188.358398 3036.290771 2411.163574 1706.863525 148037.265625 
7156.596680 48311.148438 2073.078125 10388.960938 148400.828125 
5664.969238 4819.688965 2480.423340 1750.662598 313650.656250 
5048.404297 2998.899414 2340.309570 2014.068970 210701.203125 
7128.363281 6391.888672 7095.653809 7117.791504 136451.546875 
7882.792969 29161.513672 2288.545898 3246.592041 211317.484375 
5506.563477 4213.892090 2443.551514 1743.466675 222917.921875 
7535.767578 8083.312012 2189.837646 2005.894043 321530.031250 
8127.234375 4514.331543 3793.669678 3035.336914 677992.000000 
8024.215820 4665.842773 2120.631592 2042.950439 273398.062500 
6572.328613 4806.566406 2864.154541 1882.817139 314778.468750 
6920.257812 3402.738037 2805.800781 2434.508545 455347.687500 
6231.936035 3508.470703 2372.814941 2176.604980 402976.687500 
6893.532227 4244.691895 3596.968018 2341.750732 432532.281250 
8887.896484 8009.957520 6558.674316 5319.963379 197604.906250 
7617.561035 5146.990723 3834.184814 3222.611084 694021.312500 
8637.601562 5007.260742 4543.398926 4257.675781 559910.875000 
10451.396484 4866.954102 2850.863037 1936.052734 418795.250000 
5305.314941 3048.176514 1960.025757 1442.868652 315946.625000 
5950.114746 4176.600586 4179.583008 3171.165039 345783.406250 
10088.853516 8456.883789 7823.727051 7127.882812 116193.312500 
4720.295410 4135.125977 3590.117188 2958.111328 260467.312500 
8765.214844 6069.753418 2512.298828 2393.186768 447861.000000 
6446.651855 3675.953613 2864.518555 2354.298828 281582.187500 
5806.044434 5345.175781 4928.989746 4353.019531 222968.328125 
10178.484375 9724.454102 8667.875000 8731.083984 144611.812500 
7615.376953 4632.104980 3066.742676 2361.091797 341551.625000 
7652.461426 11381.273438 5198.582520 7946.616699 382392.468750 
8992.500977 6993.858887 6558.940918 6410.613770 103933.671875 
18688.628906 26324.859375 3172.706299 2475.348633 305953.281250 
6288.537598 3381.506104 2890.517578 2561.792969 246525.437500 
6551.586426 5986.633301 6111.915527 6475.729492 287226.531250 
5328.473145 4603.247559 4696.125488 4379.019043 325233.093750 
6657.847656 4136.392090 2406.447266 1798.628784 396597.375000 
13354.172852 13076.016602 4163.726074 3134.917969 233093.906250 
7363.795410 5998.973633 6396.805664 5306.255371 158475.093750 
5084.143066 3196.823975 2015.439819 1599.011108 287865.062500 
5105.570801 3970.730957 3582.494141 2222.414307 302337.937500 
6198.959961 4889.692871 4082.542725 3402.963623 120410.210938 
5224.258301 3495.368164 3526.237793 2852.469238 258994.265625 
6192.867188 6869.515137 1937.144531 1990.282959 223225.109375 
7681.852539 5278.970703 1905.779175 1556.752563 260665.000000 
5918.017090 3241.536133 2297.238037 1730.796997 239174.484375 
6272.602051 5304.502441 5118.288086 6305.764648 147417.265625 
7292.620605 6283.767578 4027.774170 3322.990967 315336.468750 
9116.078125 15112.456055 2928.810303 1962.965454 280960.031250 
5039.023926 12573.813477 2069.660156 2479.954102 162701.812500 
9178.181641 9803.704102 2449.704346 2082.135742 249038.578125 
5966.126953 4000.660400 2526.716553 2348.716553 201152.468750 
4590.250488 2763.611572 2235.273193 1701.658203 144768.500000 
4764.043457 2377.024170 2264.996826 1766.146973 150549.656250 
6531.866211 12171.982422 2779.398193 2173.448730 211723.187500 
5728.445312 10710.396484 2158.567383 1712.583252 304494.812500 
8962.016602 104693.148438 2487.895508 15718.176758 179394.015625 
4890.751465 7496.017578 1582.071411 2855.760986 145385.625000 
4907.898926 41773.988281 2905.080566 10345.062500 180861.421875 
5412.300293 15920.421875 3870.427734 3554.255371 329097.187500 
6816.281738 14544.924805 2725.167480 5640.877441 277725.531250 
5042.370605 3916.571289 1946.654419 1529.514526 172453.468750 
5656.330566 3786.278809 2131.289307 1768.394287 149357.390625 
7851.744141 4229.976562 3086.998535 2556.798340 298304.437500 
4735.635742 3689.665771 3486.647949 2893.281738 166449.031250 
5466.803711 3283.769531 2597.145508 2220.312744 185565.734375 
4982.927246 4675.613281 1984.048218 2306.145752 281181.375000 
6621.278320 11081.100586 2453.542725 2411.020752 282856.937500 
5596.822266 3785.978271 2253.386230 1401.317627 252054.031250 
6389.841797 4737.489258 3961.375244 3247.733398 490662.375000 
7170.658691 3880.006104 3352.852783 2574.840820 381230.343750 
6577.292480 4142.571289 3205.428711 2593.643555 479447.968750 
7467.478516 4311.187988 2783.001953 2180.760742 308450.000000 
6852.187012 6184.750000 5401.833984 5296.122070 296265.000000 
8073.218262 7205.716309 2646.607178 1990.558594 358885.312500 
5957.386230 14020.938477 2408.042969 3225.468262 279011.750000 
5764.836426 3837.231689 3012.739990 2766.533203 284147.093750 
9052.329102 5584.315918 2512.328125 2397.212891 415652.031250 
8693.052734 14295.417969 2671.004883 2657.416504 306176.468750 
7574.437012 4162.345703 2883.294434 2679.987305 329134.843750 
17024.488281 17775.884766 3271.985840 2634.874512 431104.781250 
7418.840332 16253.720703 2375.638428 2165.429443 337840.500000 
7153.044922 13720.754883 3130.668213 2773.084717 444402.562500 
6197.465820 4747.028320 4524.540039 3496.530273 356763.343750 
7095.829590 4232.649414 2380.769531 3160.000977 318454.593750 
6752.802734 5965.418457 5292.711426 5611.570312 318881.406250 
7397.056641 6235.725098 5957.362305 5090.751465 218072.125000 
5012.210449 70437.414062 1848.444580 8042.395508 247719.062500 
5891.395020 4263.412109 3891.268311 2920.295410 352528.031250 
6569.098145 6242.620117 5148.476562 5671.703613 320485.000000 
5277.646973 4673.219238 3980.210449 3616.440186 226458.265625 
4775.125000 5952.114258 2291.132080 2056.645508 270276.750000 
6291.675781 7189.468262 5770.652832 4914.706055 128893.843750 
4954.972168 2690.831543 2032.869751 1827.972534 255075.218750 
5544.776855 4157.883301 2422.811035 1795.361572 276911.625000 
3374.768555 2203.524170 1457.182617 1026.109985 236452.125000 
5882.935059 4601.737305 3864.622559 4109.072754 258251.812500 
5051.791992 3121.008789 2183.344238 1965.618164 378737.468750 
3696.171387 2459.950684 1537.452759 1173.545410 284547.437500 
4762.126465 3331.395996 2174.234863 1507.662964 378746.875000 
4824.654297 3474.443359 2912.994873 2746.944824 336508.125000 
10610.229492 11231.015625 10944.421875 7392.782715 143598.812500 
5163.152344 3488.277100 2583.087158 1964.643433 420472.218750 
5117.531738 4106.331543 4408.616699 3495.588379 315315.625000 
5027.309082 3830.335205 2975.483398 2482.752441 269859.000000 
5383.306152 3423.858643 3254.837402 2109.276855 239501.953125 
5539.400391 3069.399902 2220.498535 1752.587036 305334.500000 
4791.732910 3813.875732 3849.634277 3119.833496 157331.937500 
5754.634277 4005.113770 3628.890869 3552.810059 424913.718750 
5121.347656 3236.687256 2825.828125 2488.175537 355323.406250 
7574.289551 5313.693848 3106.297119 2556.782715 446781.843750 
6985.164062 4969.790527 3930.382812 4112.624023 564711.000000 
6901.565430 4147.827148 3069.748047 1982.728882 355484.062500 
6716.061035 5590.823730 5175.742676 4653.235840 401741.250000 
7029.755371 6491.567871 6036.239258 5968.897949 265501.437500 
9673.738281 6638.410156 3576.057617 2312.635010 359171.156250 
5254.674805 4119.921387 4989.385254 4475.524414 372905.218750 
6251.245605 4964.048340 3878.312744 3362.544434 518440.437500 
8230.922852 6244.400879 5056.076660 4057.588623 389020.968750 
5889.715820 4599.304199 3196.473633 3263.309570 274237.593750 
8590.502930 130943.820312 3093.576660 21402.646484 182783.937500 
11250.428711 148097.109375 2516.735596 23590.224609 117902.343750 
14471.642578 151920.984375 6492.085449 26824.537109 177797.984375 
11592.798828 151592.046875 2992.327637 30078.353516 135131.468750 
14654.417969 12339.508789 5352.793457 4695.380859 326969.468750 
9462.439453 9003.194336 3042.222900 2385.360596 223124.046875 
6195.266602 5404.416016 4493.576172 3757.283447 254963.359375 
15144.690430 73023.218750 4785.848145 18174.804688 331573.812500 
9903.066406 176111.156250 6604.125488 19040.568359 363268.500000 
7955.943848 5697.387695 4964.911621 4764.033691 301338.343750 
9849.643555 6008.436523 3098.138672 2838.427002 327755.281250 
13398.509766 55439.796875 5739.286621 5026.435059 284858.250000 
13819.670898 23708.550781 5064.928711 4048.281006 428659.437500 
12360.997070 5910.750977 4528.249023 4191.135742 408911.531250 
9973.924805 5440.922852 3889.173584 4765.468262 285501.593750 
7817.633301 4270.174805 2827.782959 2163.602295 334448.468750 
11396.132812 9473.234375 9544.214844 5044.187988 117764.695312 
7523.926270 10307.711914 3970.624756 3332.598145 396030.531250 
10934.583008 6234.629883 3329.786133 4045.828369 243001.281250 
10604.864258 85421.750000 3104.338379 8197.047852 227682.578125 
21836.529297 160602.781250 9062.256836 8832.139648 241121.515625 
12716.462891 189200.203125 4008.559570 21697.101562 281880.500000 
6831.092285 19813.380859 3273.267334 4740.523926 279852.156250 
6727.014648 30015.361328 1684.309570 4441.173340 156879.765625 
6805.420410 4475.977539 3178.386230 3573.795654 204141.515625 
10086.601562 298820.187500 6243.624512 43419.675781 151012.812500 
7560.181152 40373.628906 1217.000366 9928.338867 100483.773438 
7553.709473 4039.682617 2545.045898 1956.143066 346970.625000 
7846.989746 7222.424316 4336.689453 3265.670654 287472.687500 
6239.256836 3455.139893 2424.476318 1920.427734 207945.125000 
7932.758301 6547.981934 5593.414062 5547.319824 155284.671875 
5800.055664 11890.527344 3183.465820 8824.651367 287423.718750 
4767.456055 4293.437012 3565.048584 4157.774902 224238.500000 
6573.721680 5830.355469 1757.028442 1367.151978 262616.218750 
4471.824707 2756.577637 1949.544678 1548.905151 142893.500000 
7485.424805 5580.205566 4197.857910 3270.389160 368941.968750 
7715.563477 4538.619629 3138.664062 2792.313477 311834.718750 
8264.995117 56029.617188 2463.380371 5575.716797 250172.937500 
8358.873047 5286.573242 2718.147217 1890.568726 237461.312500 
11632.438477 37780.917969 3301.327881 6805.651855 352328.625000 
7285.539062 6542.796875 5507.752441 6318.044922 282338.375000 
5742.552734 4606.417969 3242.707764 2654.678467 333752.812500 
9200.996094 5840.011230 2941.914551 3279.558105 420630.718750 
8665.939453 4978.527832 2753.330078 2356.340088 273645.343750 
10384.072266 6182.243164 4376.203125 2813.578369 477327.906250 
10396.468750 8631.216797 7268.751465 5800.936523 163847.781250 
8140.839355 4270.132812 2575.208984 1850.565552 363738.718750 
6955.622559 6443.959473 6582.965332 5163.625000 373134.718750 
9303.553711 7624.284180 8881.458008 6111.646973 73488.343750 
7170.319824 5782.976562 5086.225586 4320.082520 326659.062500 
14212.821289 7336.130371 5010.574219 3373.235596 376151.843750 
10402.354492 4528.240723 2806.023926 2105.922607 375842.500000 
24797.863281 36871.414062 9965.578125 12394.828125 505547.718750 
13915.342773 8382.293945 4691.934570 5407.326172 359767.562500 
37118.976562 33132.765625 8585.764648 5269.043945 343782.687500 
12954.204102 6970.063965 5633.406738 4143.656250 661407.312500 
11125.474609 6418.623047 4173.987793 2419.730713 531634.375000 
11631.890625 6489.385742 3544.405273 2764.915283 382031.500000 
20933.439453 18007.841797 8205.516602 10608.342773 503246.656250 
19079.654297 144550.906250 5447.447266 64743.363281 381263.281250 
8952.159180 9213.886719 3423.387695 2262.392334 283930.000000 
7231.252930 4084.823975 3489.859375 3095.437744 302255.718750 
8092.057617 32032.603516 2388.281982 6709.958496 172879.890625 
6745.110840 10220.427734 3095.451172 5747.567383 265291.843750 
7359.263184 6305.192383 5483.113770 4079.221924 116363.351562 
5617.207031 4003.142578 2193.924072 1797.059204 183255.187500 
5921.436035 4146.994629 3500.212402 2425.314453 160292.437500 
7143.587402 4513.752930 2597.351074 2016.685059 133682.562500 
8455.304688 149242.281250 4341.757324 5182.822266 83263.070312 
8404.964844 297534.625000 3503.861816 11933.648438 82921.750000 
7959.770020 188512.484375 3351.539062 7037.353027 134675.687500 
7069.476074 27869.972656 3073.605225 34347.609375 135163.875000 
7458.065430 4731.476562 3182.276611 2170.941895 199071.218750 
4755.784668 5691.614258 2131.468750 1759.949463 182167.968750 
6783.174805 6684.640625 5975.664551 4876.578613 161526.625000 
10593.224609 39101.007812 3599.379395 9424.373047 298835.937500 
13231.363281 12027.252930 4406.562500 3887.242188 360964.656250 
5514.884277 4367.718262 4030.621338 3072.791504 390593.187500 
9323.068359 6849.005859 3062.200195 3987.482910 383765.187500 
10974.950195 7968.513672 7532.840820 6612.183105 167906.109375 
33008.062500 21429.460938 8190.981934 6086.273438 540934.062500 
13559.732422 9919.471680 6780.609863 9409.841797 786833.625000 
8562.864258 5737.125000 5854.417969 5352.867188 799591.937500 
16188.048828 7949.404297 6054.966797 4432.213867 740137.062500 
22909.964844 17156.494141 10347.646484 8228.201172 675795.500000 
26843.814453 20622.328125 9285.832031 5440.301758 629907.875000 
13707.211914 14955.015625 5209.945801 4713.571777 611007.750000 
11405.708984 7448.588867 5888.794434 5264.998535 640545.062500 
9322.392578 7388.554688 7139.523926 8696.704102 190902.171875 
10688.561523 4536.537109 2374.871582 2139.529785 327829.843750 
9924.933594 8395.444336 3122.918213 3134.820557 458669.718750 
9130.323242 4446.380371 3443.864014 2807.894287 530840.125000 
7498.822266 5671.133789 5502.536621 5602.408203 290547.593750 
6220.323242 5382.305176 5138.624023 4658.022949 252674.656250 
7445.840332 3988.951904 2537.497314 2095.113525 257191.578125 
8167.090332 7988.441406 6540.987793 6245.739258 338841.593750 
6233.968262 4970.020996 4166.566895 3516.534180 221478.031250 
6508.238281 4825.882812 2064.107422 1435.431763 281597.156250 
6240.162109 5473.307129 4073.339111 3763.315430 203879.562500 
5539.530762 4185.798340 3003.074951 2517.687012 240779.828125 
7352.991699 5638.456055 2507.776855 1817.790283 307591.687500 
5332.252930 4182.116699 3419.124268 2895.985596 219035.593750 
6838.004883 8257.452148 2220.487793 2933.487793 337319.343750 
6735.764160 6578.036621 6724.705566 8299.958984 117751.062500 
10509.861328 8405.450195 6457.826660 5937.730469 77303.156250 
4996.857422 3195.637207 2527.618652 1916.156250 102097.664062 
10333.904297 8592.836914 7154.000000 6133.865723 75411.484375 
4913.206543 83049.132812 2220.836914 10853.291016 126491.539062 
13363.075195 24192.998047 4244.362793 5566.901367 231105.953125 
6259.821289 5184.570312 4874.416016 4073.016113 169497.046875 
11316.783203 73836.234375 4760.855957 4108.623047 335545.468750 
6514.653320 4719.257812 3576.857422 2992.013672 167674.000000 
6532.117676 4344.955078 2991.901367 2514.939941 188554.109375 
7386.882812 24658.007812 3200.414307 6043.060059 272595.593750 
15125.498047 7514.238770 3870.096680 2245.819336 347157.875000 
15117.778320 16801.896484 5269.261230 6430.477051 462918.031250 
8611.608398 7842.204102 6073.798340 5293.759277 484953.093750 
9513.406250 6556.312988 5055.803223 4263.545410 464130.843750 
16398.453125 7931.430176 4615.354492 3061.970215 423206.062500 
13202.427734 7870.334473 4676.398926 3592.592529 586790.812500 
11819.952148 6217.881836 4160.890625 3083.200439 448848.406250 
30258.882812 54231.964844 8238.037109 7908.602051 550969.312500 
11012.461914 9242.090820 7480.179199 6188.634766 326221.000000 
23470.220703 12422.282227 5289.912109 5877.623047 616251.000000 
18451.550781 7566.330566 5121.775391 2690.389893 484153.343750 
17446.669922 8536.356445 4188.663574 3652.301270 614639.562500 
8615.227539 6358.662109 6257.522949 4317.361816 562805.125000 
17013.953125 26223.091797 5390.283203 3141.821289 331245.500000 
11864.782227 8708.968750 11318.934570 9459.570312 236440.390625 
13576.445312 14633.761719 4107.396484 4102.285645 471121.187500 
12835.723633 21179.925781 3456.569336 3180.953613 363927.218750 
19630.910156 27626.410156 6346.924316 3824.910400 436802.312500 
18340.691406 43129.289062 5057.746582 4318.219238 341062.500000 
12944.497070 11753.721680 9349.414062 8437.128906 186721.890625 
9305.068359 9609.025391 9207.490234 7242.811035 509808.468750 
16784.558594 20143.308594 4850.049316 4829.380371 430657.093750 
9228.266602 7241.954102 6210.024902 5306.928711 593904.312500 
10737.952148 37503.625000 3113.348633 4090.658447 248686.421875 
14340.091797 10440.938477 9585.174805 8033.436523 101431.906250 
8250.805664 6596.257324 3924.559570 3300.918945 438238.593750 
4795.508789 4750.623535 1833.816040 1255.359741 160143.140625 
5152.759277 7288.003418 1834.262939 1940.946533 205995.093750 
7437.273926 14103.956055 1711.871704 4700.645996 139444.375000 
6853.206543 5796.392090 6059.530762 4809.922852 133031.703125 
5184.316406 4033.630859 2507.102783 1887.427856 171312.921875 
4194.176270 13064.848633 1279.838989 1875.428101 178906.093750 
4608.399414 3728.171387 2900.966553 2255.943848 151989.765625 
4170.839844 2861.762695 2185.794678 1450.783936 150013.968750 
5973.289062 24706.009766 1321.648315 1838.288208 99409.367188 
6241.026367 20574.898438 1250.474243 2235.163574 143611.046875 
4339.872559 3115.792725 1607.425537 1714.351807 236441.171875 
4276.849609 2714.079834 1428.309326 1087.512085 217430.984375 
6103.453613 9178.787109 1445.546265 1427.908325 113192.062500 
5756.928711 4277.928711 1567.743286 1365.892090 176595.625000 
10287.291016 8583.924805 7660.966309 8832.074219 83269.164062 
6161.303711 5452.742676 5177.144531 4764.482422 297927.937500 
6092.031738 4478.556641 3992.790771 3303.326416 345995.187500 
7693.634277 4720.934082 4758.046387 3192.122803 380308.062500 
4216.643066 16000.672852 1278.431519 1681.497070 196017.937500 
4911.340332 3165.770020 2708.687012 2041.769165 533328.000000 
7663.915527 4206.211914 3256.862549 2417.532227 386869.343750 
7642.988281 4881.273438 3156.855469 2573.211914 502914.968750 
6854.015137 3983.550537 3418.264648 3309.281250 588730.187500 
7488.625000 7904.159668 7280.016602 5570.011230 373631.875000 
5495.474609 3384.143311 2408.427490 1751.586548 326928.437500 
7099.567871 5917.250488 3378.778564 2187.011475 470637.781250 
10795.013672 8808.083008 8664.989258 10255.476562 136458.187500 
8002.680664 7962.399414 2251.423340 1555.557739 346854.781250 
8088.004395 4830.327637 3778.225830 2582.961914 459541.562500 
9498.092773 7400.769531 2619.883789 1647.042114 291294.156250 
5610.983887 3472.486084 2894.518799 2148.637695 347269.281250 
7681.604004 3994.720459 2592.088379 2267.802246 290229.125000 
7698.462402 6259.803223 2346.545166 1829.309448 323628.906250 
9981.952148 6709.543457 3472.089355 2122.474854 420871.500000 
6573.260254 3630.705078 1842.765869 1806.316528 235442.796875 
8759.187500 18183.648438 1971.000122 2884.016113 229863.859375 
6122.553711 4251.228516 2951.742432 2163.453125 389925.093750 
7120.160156 6447.836914 4849.155762 4352.962402 293930.937500 
6856.467285 4620.552734 4403.158691 3951.924072 353787.375000 
5999.209961 3431.186279 3370.873047 2871.007568 410144.937500 
6223.764648 5040.044434 3517.563965 3941.437012 277159.250000 
5525.672852 4109.548340 3183.521729 2952.702881 262587.687500 
12373.118164 52243.035156 8620.750000 9588.966797 307449.593750 
9060.335938 23160.529297 2509.650635 1611.281982 176678.859375 
6488.577148 7602.926758 1957.502808 1740.538452 216814.250000 
8339.303711 4700.591309 3176.822998 2839.483154 337007.093750 
7417.850586 4874.573242 3679.103271 2828.418701 382399.125000 
10596.372070 15149.591797 2249.993652 1998.238770 199082.312500 
6710.471191 3848.785645 2377.296631 2266.361328 282257.937500 
7560.423828 5810.244629 4485.368164 3280.970703 335127.281250 
6373.700195 5710.466309 5117.349609 4060.644043 303833.500000 
8440.547852 8857.059570 8492.554688 7087.404297 159204.406250 
9078.475586 5114.355957 3698.833740 3096.206543 302062.093750 
9033.946289 9574.291016 2517.984131 2389.645264 273270.812500 
11053.192383 13067.480469 4202.521484 2636.641846 398908.968750 
6141.230957 3585.304443 3196.451172 2549.226318 299249.062500 
27358.142578 95830.492188 6083.954590 4444.916992 289485.781250 
27761.781250 15157.315430 3259.376465 2722.489990 343351.093750 
7309.508789 6623.187012 5678.937500 5288.981934 365179.718750 
10556.507812 5772.518066 3753.506348 2970.812500 371910.812500 
12113.877930 11028.566406 12454.423828 7392.954590 377173.125000 
6346.224121 5170.699707 4346.026367 4234.130859 273037.375000 
7884.952637 4529.295410 3336.871338 2487.672852 277668.281250 
10705.224609 19187.863281 3218.483643 2663.900146 273666.468750 
7493.697754 6295.969238 2417.351562 2701.418213 189618.703125 
6411.196289 4171.902344 3235.932617 2391.909424 211085.421875 
18758.800781 51786.648438 5513.631348 4971.279297 222452.875000 
9043.861328 26148.773438 3070.243652 4170.488770 209889.734375 
8569.052734 9581.107422 3865.301758 2396.574951 364774.500000 
7032.525391 4622.913574 2449.699707 1892.784302 191689.515625 
8977.984375 3925.500244 2626.161621 2533.939453 212860.812500 
6250.192383 4581.533691 2512.963135 2486.339600 121616.835938 
6266.234863 5967.295898 2911.874268 3131.976318 583688.375000 
5711.552246 14090.516602 2488.676025 1899.374146 195680.328125 
8815.943359 12846.983398 2536.844238 1715.073364 315102.906250 
5392.562012 6920.433105 2126.332764 1659.885376 156448.343750 
6527.921875 24080.318359 2063.480713 3570.747803 130132.085938 
5865.266602 4267.635254 2156.517822 1455.884888 133355.468750 
7416.162109 11504.346680 1799.177246 1797.986938 187264.421875 
5639.490723 24619.757812 2048.901611 4764.757324 101514.171875 
6422.365723 10978.389648 2978.256348 2052.704590 284321.375000 
8382.642578 6223.503418 1825.949951 1572.332520 238963.343750 
7085.382324 4001.530029 2914.685791 2730.181641 220505.828125 
8390.354492 15072.528320 2678.423828 4010.298340 376219.218750 
5672.008301 5809.331543 2207.004883 2320.402100 223632.781250 
4443.494141 8004.318848 1394.304077 1580.034912 227189.578125 
10494.815430 36682.535156 2394.267090 6705.348633 228208.500000 
9147.740234 5937.393066 4363.814453 3042.800293 396854.468750 
5616.395020 23494.898438 1505.057251 2978.186768 143098.843750 
5112.600098 5101.964844 2494.198242 2039.748047 228308.953125 
6809.577637 4581.168945 2380.245605 2592.111328 194857.125000 
6368.704102 3766.929932 2511.040527 1837.871094 297089.343750 
6715.972168 8782.196289 1967.663452 1836.897583 223424.187500 
8183.159180 3805.553223 2635.312012 1864.648193 411941.375000 
8116.203125 5852.115723 2540.717285 2206.812500 330764.906250 
4955.630859 3232.865723 1982.002930 1630.327637 204181.218750 
8311.435547 5131.520020 2781.966797 2282.229492 236636.468750 
4469.723145 4303.371582 4746.477539 3613.071777 184068.000000 
6013.164062 40615.003906 2727.298340 2491.913330 206979.312500 
8407.668945 23852.972656 2744.064453 2235.199463 187235.250000 
5588.998535 4498.062500 3770.163086 3825.111328 289687.562500 
5212.171875 3317.144531 2529.755615 1902.252441 258871.093750 
5864.870605 34607.218750 1940.435669 1779.992432 231186.093750 
10285.024414 13822.407227 1992.093018 2622.306152 303730.281250 
6426.724609 3714.548828 2569.009277 2259.747314 314527.625000 
12986.679688 16395.693359 3424.847168 3173.626465 356863.093750 
7920.916992 4783.326660 2767.548584 2173.257080 416433.031250 
7451.632324 4865.114746 4384.848145 4223.273438 511611.718750 
6360.164551 6168.608398 5877.538574 5126.978027 316039.218750 
7191.828613 4482.042480 2766.672852 2553.009277 455415.312500 
6870.659668 5455.175781 6170.376465 7533.175781 433520.156250 
13921.012695 14870.830078 2571.526367 2316.619385 360832.500000 
11107.083984 43747.691406 2669.111572 2141.068359 262438.718750 
6163.748535 4159.106445 2541.738037 1761.049683 245274.500000 
8323.220703 4061.176758 2651.237549 1738.897095 281655.531250 
8427.111328 5166.184570 3687.982178 3481.751709 415408.562500 
7613.254883 3988.383789 3052.685547 2530.358887 266328.687500 
5765.577148 6420.185547 2090.002930 1592.333740 270249.000000 
5060.910156 4383.715332 4159.188965 3935.159668 240364.062500 
4068.645996 4507.597168 3848.750732 3196.820557 176434.203125 
6030.464844 10342.515625 2600.942139 2166.398926 207862.781250 
8194.726562 24663.726562 1651.407104 1963.583130 92566.593750 
6353.302246 5129.299316 4117.299316 3908.203857 396732.687500 
5651.385254 20879.464844 1664.765991 2837.001221 228992.921875 
9839.106445 81489.390625 1559.757568 13036.924805 154847.203125 
6412.548828 5198.609863 5686.704102 5297.451172 267570.156250 
7660.711426 4683.938965 3134.526123 2511.553955 357596.187500 
7704.273926 7224.538086 5589.117188 5952.250000 452240.156250 
9002.002930 4222.596191 2130.386475 1602.507690 325497.687500 
8666.916016 5766.864258 4234.182129 2885.358643 453928.687500 
7808.290527 54759.054688 3181.636230 8067.243164 270656.562500 
9714.635742 8451.913086 2413.909180 2038.465454 388301.187500 
11785.066406 9719.475586 9057.523438 8808.738281 118946.007812 
9313.250977 5124.314941 4311.491699 3435.943359 573427.000000 
10444.296875 5361.374023 4016.411865 3554.936035 460857.750000 
9749.329102 5880.826172 2484.295898 1698.931885 287075.687500 
8508.254883 5624.770020 2847.809082 2517.411377 464490.500000 
7221.696777 5536.367188 5295.687988 5224.367188 427985.406250 
5433.784668 7592.492676 1641.031250 1407.222290 266053.718750 
10327.544922 10262.356445 7840.405762 6451.321777 206006.812500 
7845.304199 19228.847656 3450.169189 2599.327637 322861.875000 
7889.285156 4939.254395 2750.245850 2202.206055 298523.781250 
8297.954102 5718.008789 2902.050293 2389.578125 405449.312500 
8876.814453 7836.535645 3068.629639 2254.623779 311718.781250 
5820.414551 4684.803711 2171.496338 1482.276123 206000.859375 
8359.562500 6055.684082 4486.746094 4162.861328 433335.250000 
9072.594727 11029.551758 2152.722656 3330.629883 324276.156250 
9261.935547 11167.190430 2828.704346 2314.962402 310587.781250 
10367.823242 11990.031250 2005.009155 3102.279785 228740.046875 
5757.611816 3915.357178 3798.704590 3116.640381 363454.062500 
15011.607422 11182.102539 3969.485840 5615.170410 274426.343750 
7204.734375 29835.166016 2186.960449 4477.752930 210161.578125 
8111.356934 65900.492188 2056.257812 5745.420898 159155.750000 
8060.992188 237611.140625 2126.889648 31634.777344 172752.531250 
7673.239746 34536.582031 1819.390625 5149.354492 154193.796875 
4555.112793 18908.175781 2069.882080 5376.923340 214333.812500 
12528.516602 9961.138672 8581.308594 6740.424805 187407.734375 
11569.126953 9479.636719 9334.909180 9275.905273 196408.890625 
10666.862305 7431.458984 3217.345947 2164.112305 283106.875000 
9298.365234 6726.281250 3769.324463 3477.879395 580263.500000 
5767.947754 3482.175049 2306.652588 1734.152954 378135.062500 
11979.569336 6687.366699 4902.382324 4415.373047 691430.750000 
13336.629883 6372.749023 3634.326172 3015.879883 694750.000000 
14483.668945 7105.978516 4661.592285 3701.785156 661805.062500 
9579.301758 8964.219727 7295.365234 6242.429688 585663.125000 
9633.708984 5937.332031 5388.870605 5048.284180 699697.250000 
11585.356445 7562.931641 6133.629395 4704.686035 707480.812500 
10202.715820 7602.192383 3967.248291 3321.318115 549507.687500 
9390.479492 5022.621094 3412.953613 2740.414062 530805.437500 
13270.494141 6280.990723 3773.637939 3238.343750 641932.687500 
7365.446777 5055.540527 4182.419922 4588.043945 625579.687500 
8564.005859 4179.625488 3059.560547 2113.509766 370037.625000 
7700.379883 5122.285645 4452.231445 3597.874512 456508.218750 
9758.264648 4984.568848 3432.910156 2782.471191 628655.000000 
10434.735352 5204.371094 2833.903076 2237.555420 328705.281250 
8204.251953 7677.152344 3642.496094 3546.933105 434061.093750 
5842.310059 4163.048340 3307.405273 2693.142822 322933.718750 
9574.085938 7913.082031 8169.234863 6145.908203 258093.828125 
8880.637695 4884.303711 3265.050049 2792.833740 468454.687500 
9927.927734 5659.849609 3049.682129 2606.553955 305406.937500 
5724.381836 3440.723389 1954.726074 1428.990723 301120.062500 
6758.530273 3774.416992 2794.012207 2551.650391 309999.718750 
5373.741699 4639.028320 4516.139160 4009.215088 349374.656250 
7527.129883 3724.499756 2003.802368 1527.119263 160299.796875 
7203.496094 94492.039062 1480.737671 13073.437500 98272.015625 
4976.295410 20365.792969 1529.265137 4662.464355 162915.734375 
5162.262207 38839.304688 1419.531738 5767.586426 191502.468750 
5467.978027 76880.070312 965.597595 14195.537109 112208.953125 
4615.941406 31579.419922 1494.592896 4562.706055 154185.687500 
5856.736816 25363.439453 1801.193970 3787.986816 135022.578125 
5270.673340 3826.536865 3392.994873 2830.041504 261744.656250 
5959.573242 17147.949219 2436.306152 2872.586426 199840.656250 
6086.549805 4455.035156 1664.638428 1087.604370 131287.640625 
5049.273926 3991.852295 2951.593750 2215.688965 163382.390625 
8375.320312 5930.063477 4067.518555 3637.966309 303933.750000 
9240.210938 5329.450195 2359.777100 1696.266846 165078.718750 
7560.360352 3723.999512 2567.493652 2052.314941 220120.562500 
7834.548340 54482.218750 4862.647949 8421.038086 147422.515625 
6913.704590 6364.143555 6393.315918 4928.669434 187017.921875 
10006.483398 24447.705078 2282.007812 5055.822754 219046.656250 
8838.187500 9342.338867 3504.578613 3206.629639 297064.781250 
9869.697266 11811.919922 3498.525879 3540.691650 428832.250000 
10552.198242 6203.561035 5175.543945 3941.842773 643575.312500 
7350.942871 5406.141113 4452.460449 5010.301758 607450.125000 
12553.262695 6304.438965 4626.791504 3293.395264 621365.562500 
13498.939453 18148.902344 3818.162109 4200.051758 243050.718750 
13514.288086 7998.169922 4938.587402 4255.741699 517936.750000 
13839.810547 26447.238281 4411.802734 3187.968750 509982.000000 
9186.339844 7771.627930 7895.839355 5837.679688 251039.078125 
11227.316406 5844.163574 4997.705078 6965.236328 478549.218750 
9229.012695 5004.616699 3483.658447 2984.115723 418304.593750 
12946.942383 7874.049316 4225.198242 3151.998535 381777.875000 
5799.066895 4684.402344 4038.586914 3490.839600 354826.437500 
5998.915527 6419.972656 2506.652588 3051.693359 273306.156250 
7263.590332 17544.593750 2024.418091 2645.775879 242446.609375 
6930.908203 154736.718750 1906.663940 18675.093750 200932.578125 
8087.735840 5575.191406 4474.463867 3655.665283 353981.218750 
5861.665527 24224.326172 2260.434082 2575.049805 260279.296875 
9548.797852 7020.550781 2718.706055 2439.647949 164327.953125 
11708.907227 72987.960938 4049.699463 7703.451660 171642.531250 
7097.365723 4674.230957 4048.997070 3005.302246 351992.781250 
7991.188477 59383.566406 3548.052734 4165.372559 264467.187500 
9394.519531 6576.050293 6736.485352 3166.978760 305620.500000 
6758.750977 7652.337402 2703.145020 2403.132812 192938.281250 
6655.981445 7679.011230 1924.002441 2164.933105 138521.156250 
6971.247070 4663.513672 3684.509033 2982.428467 277582.406250 
5998.556152 5007.010254 4363.165527 4216.330078 164975.609375 
11087.177734 35016.515625 4571.704590 5956.048340 285089.843750 
8076.197754 5399.688965 3852.290283 2707.329102 193167.843750 
8255.597656 10583.552734 2898.353760 2507.278320 243072.718750 
7104.231934 89215.117188 2316.355957 14185.265625 211775.343750 
6922.737305 4453.634766 2796.898438 3372.224121 180243.984375 
5820.173340 4422.265137 3949.474609 4066.412598 231348.078125 
7744.480957 18907.824219 1936.907471 2166.507568 198853.500000 
12229.202148 6328.151855 4966.268555 2821.228516 408970.250000 
8409.923828 5795.371094 3139.283936 2350.539795 423235.531250 
13704.593750 59242.867188 2591.583008 9306.457031 165625.531250 
5862.574707 5174.831543 5079.846191 5867.628906 278548.531250 
8092.683594 7678.370605 7169.267090 5566.453125 278837.250000 
12170.643555 5738.815918 3589.313232 2482.937012 406863.250000 
7230.394043 6748.332031 6442.729980 7126.097168 492887.031250 
14496.044922 18204.167969 3648.860107 4058.996582 361265.718750 
14991.352539 120311.382812 2989.272461 9344.019531 162627.281250 
10232.393555 176863.593750 4027.187012 26650.591797 210234.671875 
9891.030273 8956.517578 4952.099609 3159.228271 391749.625000 
8070.208008 4486.949219 3143.685303 2322.975342 284673.625000 
8723.577148 33933.238281 3027.391357 3937.932129 276861.968750 
10938.934570 7209.947266 6277.306152 8080.970703 81384.156250 
7540.681641 6340.411621 5983.100098 5967.622559 177290.343750 
9354.450195 8639.374023 7144.888672 7899.678223 104902.585938 
7197.951660 7970.332520 2244.143311 2704.569336 285884.468750 
9588.893555 26700.695312 3407.803711 4344.022949 308070.531250 
8149.166992 21713.337891 2574.496582 4725.865723 292462.062500 
6719.392578 9639.661133 2267.306152 3015.270264 286606.250000 
6911.278809 4917.974609 2747.495361 2729.954102 379658.906250 
11474.000000 8998.787109 10037.178711 10765.912109 96479.945312 
8580.650391 4501.641113 3180.010498 2773.229980 435288.906250 
10083.704102 6410.054199 5085.528320 5691.404785 605328.375000 
7415.129395 6099.897949 5985.757324 4164.233887 534089.500000 
9481.944336 6103.335449 5352.007812 4254.808105 571600.250000 
6398.513184 4753.024902 4124.524902 3563.408691 347655.687500 
18624.869141 79348.367188 6194.089355 7379.287598 368840.406250 
22685.220703 16002.307617 4888.755859 4883.818848 611229.000000 
17902.939453 8462.633789 3842.532471 2220.464600 319533.843750 
32924.031250 54271.281250 8084.656738 6340.677734 390476.781250 
10076.153320 8463.829102 8254.515625 6343.493164 420777.906250 
20843.519531 10481.793945 5000.429199 3618.437012 489023.281250 
12800.793945 8133.314453 3500.780273 2981.949219 477544.343750 
16796.255859 8844.123047 4113.384766 3965.465576 482925.156250 
18868.687500 30481.240234 6646.971680 5711.629883 546593.625000 
8096.812988 6923.751465 7146.800293 5629.765137 289313.718750 
9854.125000 6026.532715 5553.663086 3656.073486 578495.875000 
11911.599609 5701.237305 3878.691895 3541.260498 557302.000000 
7618.940918 6792.296387 6506.023926 6692.069336 405739.281250 
10831.035156 6321.666992 6182.754395 5546.659668 709131.437500 
16587.986328 9112.149414 4984.954590 6199.284180 622357.937500 
10575.416992 5288.444824 4541.417969 4905.671387 511222.718750 
21978.166016 66233.976562 6746.310059 5899.460449 446680.031250 
14619.190430 12731.568359 5298.741699 4373.986816 551031.625000 
9172.925781 8192.071289 8031.200684 5246.139160 191657.828125 
9711.034180 5978.784668 3631.132324 2972.328125 402130.781250 
8771.153320 5345.690430 3362.800049 3208.178467 394478.218750 
11989.274414 7042.376465 4237.198242 4401.488281 491924.062500 
9788.364258 7320.278320 6627.127930 5886.291016 144056.703125 
19873.345703 10883.465820 3905.993896 3320.129395 423276.687500 
6655.631348 6636.854980 6228.155273 4510.366699 376940.625000 
13472.439453 19792.873047 3531.865479 3868.171387 333936.281250 
11642.548828 43354.468750 2677.732910 3067.767090 150305.671875 
13646.365234 32305.876953 4216.157715 5624.757324 355886.812500 
7671.130859 27169.779297 2885.989746 5122.322754 424166.625000 
15487.988281 12690.846680 4718.331055 2927.023193 301607.500000 
5100.225586 5586.029785 2351.976562 2165.658203 244071.515625 
7714.341309 3757.836670 2300.138184 1543.290771 248575.375000 
10220.649414 34921.234375 2797.761230 2718.087158 287020.156250 
8680.786133 20190.958984 3069.255371 3075.304688 406983.562500 
6474.721191 5421.823730 4975.182617 4038.907959 431643.218750 
7718.847656 5710.065918 3813.388916 3119.258545 526591.500000 
7023.202637 4289.941406 2877.885010 3057.939697 435212.093750 
9505.474609 5454.817383 4427.753418 4313.649902 550617.812500 
11781.119141 6138.727051 3240.894287 2516.677734 378114.062500 
6488.385254 4901.195312 4388.814941 4395.291016 457149.718750 
6458.760742 5775.000488 5296.048828 4996.893066 356539.531250 
12350.975586 10788.931641 3158.548096 3057.616455 417569.406250 
7106.665527 6146.048340 2917.243896 2417.237549 476592.031250 
6352.147949 3813.960938 3101.521729 2228.157959 512962.218750 
10568.112305 8993.322266 2433.207031 2403.855469 382321.812500 
12991.695312 13053.011719 4634.753906 3710.786865 372416.906250 
6525.713867 5173.630859 4481.286621 4313.413574 401071.343750 
7764.946777 7168.544922 2570.301025 1898.469482 332894.343750 
11725.175781 9370.982422 8043.090820 7993.441895 217086.375000 
6421.565918 4007.391113 2735.056396 2162.421631 396149.843750 
9434.477539 7168.843262 6894.190918 6390.934570 257907.812500 
8810.102539 16094.845703 2284.383789 1943.227539 315718.406250 
6040.049805 3612.025391 2787.394043 2477.038086 314728.531250 
7478.661621 4116.570801 3581.440186 3123.686523 443162.281250 
11099.173828 18736.294922 4136.063477 4503.274902 375676.000000 
10706.257812 6445.045898 4650.205078 2886.535400 360337.281250 
9810.293945 42130.519531 2655.341064 3928.852783 263644.781250 
8903.373047 6958.859375 7647.838379 6682.003418 453940.468750 
6302.997559 4395.430176 2890.194092 2008.818726 361174.218750 
9958.048828 6307.629395 5036.800781 5599.462891 444693.843750 
11132.208984 6783.970215 5612.567383 4926.064453 602388.562500 
18639.060547 17529.886719 5832.109375 4529.341797 467352.406250 
10888.171875 6664.000977 5989.418457 5764.854004 535521.500000 
13962.806641 12080.370117 11792.599609 10136.434570 355870.875000 
13864.313477 6563.234863 4310.469727 2322.184326 486418.031250 
91441.976562 119953.507812 18827.695312 11848.023438 528044.562500 
12958.837891 9455.088867 7375.963867 7694.825195 145154.703125 
21762.466797 11192.078125 8263.409180 5392.304688 715693.875000 
86849.773438 64964.074219 15891.682617 13185.093750 664923.562500 
11620.710938 7535.845703 8328.678711 8575.525391 656184.812500 
9003.974609 6204.527344 6428.711426 5373.587402 419593.906250 
9530.391602 6293.900391 6063.307129 3895.229492 500682.093750 
11077.700195 5030.346191 2842.746094 2026.288696 306666.031250 
9240.762695 9310.037109 2759.202393 2807.600586 308316.531250 
8380.862305 29483.136719 2256.982422 5230.987793 281854.843750 
11184.808594 58168.304688 3694.768066 4416.687012 226611.906250 
10729.627930 5591.453613 4378.073730 3088.498779 360822.906250 
6518.843750 5160.690430 4106.921387 3522.874268 330281.718750 
8826.186523 55196.566406 2683.731934 8564.246094 127879.250000 
9074.066406 8663.976562 2213.912109 2124.314209 97444.382812 
5263.882812 46508.500000 1142.689087 6410.836914 176721.218750 
11415.303711 10173.280273 3714.026611 3788.206543 290980.312500 
12019.517578 10492.637695 8820.229492 8250.008789 206833.843750 
8369.167969 69211.460938 3323.078369 12688.388672 201332.937500 
7045.434570 9228.345703 2012.713989 2242.730469 197122.046875 
12366.309570 6029.759766 4019.250732 4076.596680 259850.593750 
7781.147949 6182.816895 5837.725098 5825.651855 314801.000000 
10315.070312 9493.096680 8540.083984 8401.369141 413673.281250 
13541.697266 40581.644531 5440.892578 9448.366211 309903.343750 
12082.035156 20016.978516 3233.157715 8863.616211 331086.156250 
11997.290039 195551.531250 4303.240723 19550.462891 145001.500000 
7213.058105 5052.863281 4472.451172 2947.806885 272443.781250 
8551.169922 6069.468262 4939.237305 3732.952148 326163.968750 
9067.232422 14793.453125 2097.875488 2845.112793 169375.906250 
11122.584961 8067.729492 4045.593506 3115.681885 301554.281250 
6403.223145 10412.773438 2413.373291 1787.787964 135766.203125 
7941.077637 10291.903320 3516.062744 2345.310791 198208.265625 
7961.763184 58812.214844 5598.338379 7057.198242 241865.484375 
8593.617188 14102.109375 2065.171387 2594.134521 159323.109375 
19494.607422 21356.220703 4261.625488 2458.000000 172247.968750 
5199.059082 3157.424316 2095.220947 1623.610596 186866.390625 
14395.257812 24866.632812 4387.415039 3434.160156 415946.812500 
17854.886719 24499.347656 4104.776367 3335.940674 326690.531250 
6641.187988 6506.699707 5614.016602 5231.327637 152219.687500 
5006.488770 3985.178467 2407.646729 2158.872803 316912.031250 
7543.721191 4407.708984 3794.031006 4167.156738 396194.937500 
18163.220703 32442.531250 1982.540283 3431.485596 271258.437500 
15614.187500 24568.328125 2846.566406 1895.919678 327027.187500 
10502.310547 23328.232422 2748.974854 2481.184082 285126.156250 
6328.258789 5027.469238 4014.920898 3571.504883 177726.390625 
6618.365723 21231.873047 1970.806641 3686.822754 215330.218750 
8290.358398 23901.076172 3293.495117 2535.047119 264564.312500 
7697.482422 10287.938477 2869.551514 1862.246216 333530.781250 
7509.633789 4769.459473 3381.548584 4045.607178 242461.062500 
6878.733887 8066.153809 2954.770264 2884.109131 189526.390625 
7837.975586 10846.151367 2782.834229 1753.189087 332124.343750 
9342.395508 6307.749512 1915.576172 1361.685547 286469.500000 
6457.817871 3537.223145 3015.891602 2370.646973 339648.281250 
5116.789551 4997.035645 3877.025146 3585.698975 105825.406250 
4098.413574 4145.952148 3431.680176 2843.087402 163298.437500 
7640.084473 13370.031250 2781.589355 1899.883301 346367.093750 
7817.818359 6325.907715 2315.404053 2372.651367 302176.000000 
7356.657227 10563.617188 3410.833252 2307.713379 380339.156250 
6810.039551 3636.136475 2605.289307 2840.001465 164823.281250 
5289.477051 3373.462891 2513.551025 1692.847046 123990.335938 
6536.611328 4063.074707 2411.677979 2017.209961 301557.906250 
8435.637695 7195.234863 7010.992188 5598.785645 74623.570312 
5337.428711 3929.902588 2990.330566 3376.425537 169275.875000 
4385.440430 2920.879150 2696.993896 1877.117798 189891.046875 
8445.882812 6982.695312 7975.473145 7468.042969 146175.046875 
7230.361328 4013.044922 3583.407715 2920.684570 428283.156250 
6225.146484 4189.636719 4388.929199 3273.343750 318369.718750 
6653.257812 6093.621582 5367.460449 3720.626709 139131.921875 
5524.391113 4160.982422 3631.241211 3005.369873 617443.375000 
6642.759766 3742.378174 3502.258545 2528.105469 324926.093750 
4262.801270 3172.576660 2315.642578 2092.533691 471284.687500 
5230.632812 3632.787598 3131.315674 2133.526611 484472.843750 
5693.639160 3655.888428 3385.560059 2784.192383 192239.250000 
6189.124512 3211.094482 2740.611328 2180.454346 305542.343750 
5182.649902 4125.101074 2013.456177 1729.117065 221230.875000 
4526.877441 3514.515869 2276.553467 1310.459106 348811.281250 
4719.312012 4675.188477 2524.548096 3311.849121 194969.875000 
5832.101074 4402.004395 2925.851562 3379.101074 182611.781250 
6947.757812 7563.234375 1427.437012 1006.428467 176758.781250 
7539.125977 51346.105469 1472.653809 6799.596191 89142.171875 
6597.588379 4036.421387 2618.937256 2144.571777 129533.914062 
7376.951660 43877.066406 1548.517822 2574.953125 88011.304688 
5079.760254 2995.775391 2595.250244 2233.834229 98314.976562 
6114.982910 22752.824219 2719.122070 2089.620361 173208.015625 
6244.182617 69907.789062 2014.281250 6448.253418 206882.812500 
4971.206543 3989.685303 2650.863281 2686.142578 182480.562500 
