193499.468750 164980.359375 119979.296875 80818.851562 2859651.500000 
205842.171875 137926.750000 117736.984375 89111.578125 2502919.500000 
195118.390625 157434.796875 121931.375000 68507.515625 3533105.250000 
200894.328125 165340.609375 121944.226562 70445.140625 2917599.750000 
183053.453125 166262.500000 157357.250000 111788.312500 1939846.375000 
223711.218750 177857.437500 138097.921875 122554.437500 2968686.000000 
205130.375000 175968.015625 137547.296875 100726.617188 3213609.000000 
206141.109375 162362.140625 137509.937500 70621.929688 3548553.250000 
225846.781250 157248.109375 124953.617188 66978.093750 3483465.500000 
224620.171875 171625.718750 160345.468750 211542.171875 4671110.500000 
204862.515625 172920.234375 165424.812500 177396.593750 3262447.000000 
242204.531250 180893.375000 135695.875000 79691.992188 2829670.500000 
221123.578125 168902.984375 120726.812500 74093.179688 2752423.250000 
184841.734375 142816.437500 108002.171875 63053.910156 3100723.250000 
216261.890625 195913.890625 145082.484375 108766.984375 3299004.750000 
191797.812500 183184.703125 144131.390625 83093.164062 3869139.500000 
209441.781250 172614.000000 137483.437500 100905.007812 2815351.000000 
238769.718750 204957.437500 130469.679688 93688.117188 3669123.500000 
226258.093750 166623.593750 127168.742188 82648.687500 3165503.000000 
212332.609375 152796.359375 101942.546875 126476.257812 3776648.500000 
208206.468750 168469.343750 131030.679688 98606.828125 2984013.000000 
209535.421875 161160.671875 122569.820312 81427.601562 2403440.750000 
188626.312500 142958.875000 148354.875000 107545.367188 2242583.500000 
214374.312500 151346.671875 109229.726562 58148.710938 3171303.500000 
197472.500000 160170.671875 114234.507812 67784.460938 2883623.250000 
242929.640625 201479.937500 394748.437500 298470.093750 3430720.750000 
190611.781250 154412.296875 146049.750000 91629.054688 2835588.000000 
221651.312500 207236.921875 154545.421875 91107.734375 2340090.500000 
207296.578125 169504.031250 146914.312500 70438.843750 2296140.250000 
217192.953125 158675.437500 162332.828125 87611.898438 3798784.250000 
180288.046875 186474.656250 196120.750000 125828.835938 3352138.250000 
205303.328125 166765.250000 144004.828125 86674.359375 4192056.250000 
216266.125000 176117.687500 113438.585938 136204.859375 3777982.750000 
220063.093750 150346.765625 120102.687500 60940.003906 3404947.500000 
209025.828125 173055.343750 155326.843750 96907.546875 3334657.500000 
191266.250000 145733.437500 118156.070312 82746.734375 3432593.500000 
208117.859375 152003.531250 127394.726562 70592.054688 2065506.875000 
237768.046875 176409.093750 164176.343750 77545.765625 2736243.000000 
211703.984375 169627.562500 155204.937500 81783.453125 3028188.750000 
213746.875000 174072.890625 151770.812500 62928.000000 2678823.500000 
198550.578125 187871.718750 129602.437500 131898.484375 2777954.250000 
201509.781250 150902.593750 126548.226562 67733.656250 3222070.250000 
187590.812500 144667.218750 131226.781250 69616.757812 3047622.250000 
195215.062500 169332.125000 113557.601562 80880.617188 2554258.750000 
186889.140625 156057.375000 149000.375000 73336.718750 3427167.250000 
203347.687500 134948.890625 126544.273438 70631.078125 3112902.750000 
215051.015625 155413.046875 119763.437500 85854.187500 3212585.500000 
203279.187500 193063.484375 124899.773438 85920.046875 3296633.000000 
197183.421875 152296.343750 113022.343750 69789.265625 2678060.250000 
172973.218750 142072.718750 114479.367188 86987.101562 1855164.750000 
