0.504642 
0.643302 
0.547528 
0.842237 
0.496031 
0.620733 
0.650509 
0.489718 
0.385733 
0.336446 
0.871337 
0.692287 
0.385451 
0.583124 
0.695442 
0.626514 
0.159749 
0.726803 
0.604029 
0.465008 
0.462602 
0.576218 
0.942856 
0.625631 
0.543709 
0.853540 
0.360257 
0.529880 
0.682902 
0.509841 
0.350275 
0.374709 
0.509352 
0.843206 
0.347133 
0.708447 
0.663353 
0.536649 
0.673012 
0.306098 
0.491997 
0.607135 
0.437842 
0.736756 
0.471075 
0.422973 
0.892485 
0.270336 
0.264984 
0.444627 
0.594057 
0.423960 
0.712400 
0.456975 
1.019381 
0.533064 
0.407032 
0.578004 
0.363196 
0.871468 
0.851231 
0.400079 
0.860218 
0.567751 
0.722452 
0.410987 
0.573282 
0.553242 
0.681000 
0.340441 
0.213936 
0.835943 
1.447654 
0.517760 
0.789924 
0.558216 
0.363905 
0.461156 
0.598314 
0.560584 
0.467984 
0.618316 
0.297015 
0.439587 
0.448017 
0.651434 
0.635463 
0.606105 
0.797845 
0.645769 
0.595217 
0.730144 
0.589243 
1.304059 
0.690147 
0.274931 
0.396533 
1.111999 
0.474280 
0.328040 
