0.308047 
0.332453 
0.620617 
0.673045 
0.546887 
0.752620 
0.393382 
0.486385 
0.880175 
0.257580 
0.421000 
0.821646 
0.366367 
0.452554 
0.424651 
0.773182 
0.447935 
0.729797 
0.693436 
0.504262 
0.314288 
0.529987 
0.487335 
0.752383 
0.533175 
0.318897 
0.451846 
0.499723 
0.555079 
0.461615 
0.249892 
0.445175 
0.548717 
0.444975 
0.544149 
0.511951 
0.811739 
0.335674 
0.625126 
0.265165 
0.749630 
0.610533 
0.630076 
0.478192 
0.609663 
0.250668 
0.708066 
0.236173 
0.492573 
0.405160 
