88.762428 28.663492 32.961582 31.683365 28.906286 0.000000 
84.373901 36.157742 33.900349 34.340946 25.470816 0.027976 
82.885666 33.705845 36.852390 34.447716 34.801067 0.000000 
84.368988 38.649555 30.862871 30.777426 22.343477 0.000000 
88.035835 29.822788 32.682964 36.751358 36.201614 0.000000 
82.466988 30.042517 31.028242 34.795406 25.481821 0.019782 
86.650589 34.183475 35.191776 33.302208 26.835575 0.000000 
82.195160 27.295166 32.256886 32.434540 25.790318 0.000000 
88.460014 39.195457 36.394676 33.821159 31.454370 0.000000 
87.024185 30.167517 33.133083 30.884708 36.572788 0.019782 
86.416061 34.865459 31.832693 32.493793 28.750683 0.019782 
85.956200 30.378353 30.571278 32.512917 33.884899 0.027976 
86.413124 34.951061 28.387367 32.011410 30.187510 0.000000 
74.440414 37.697807 36.935001 37.177948 26.303879 0.000000 
88.523293 35.738220 30.902431 33.885269 34.400444 0.019782 
86.780624 43.464729 35.108837 31.461817 31.501905 0.000000 
80.348160 34.261597 31.981256 26.514906 22.437138 0.000000 
76.867043 56.211094 53.791012 46.254971 28.483429 0.000000 
84.337410 25.638628 27.882614 31.162666 33.779747 0.000000 
83.670151 35.546799 30.552599 27.435617 24.681185 0.000000 
91.637985 47.550495 41.195854 34.077717 34.154331 0.000000 
87.025833 40.920830 43.839462 33.683525 29.426882 0.000000 
82.599060 34.436268 31.663933 32.418121 40.858425 0.000000 
86.082619 32.957027 30.844601 27.237694 29.846331 0.019782 
87.435966 37.322075 35.096107 35.089737 28.907393 0.000000 
83.060928 34.301193 36.344273 29.632299 26.565998 0.000000 
85.866409 34.099083 30.647047 27.622604 33.471886 0.019782 
84.257248 31.998632 26.496218 31.205549 33.232014 0.000000 
80.415733 37.637421 35.677414 30.508085 23.680696 0.019782 
83.131050 32.198418 30.493198 29.036413 29.740618 0.000000 
85.021576 32.603909 33.466465 38.167427 33.593307 0.000000 
84.704086 37.742397 30.743811 35.825790 30.499269 0.000000 
81.646019 40.614544 42.158745 41.246960 31.213552 0.000000 
79.924774 37.118172 31.885937 30.630285 29.017300 0.000000 
85.355179 39.802750 34.656338 36.588837 30.251711 0.000000 
86.860802 42.477840 37.775299 38.693321 29.178190 0.000000 
81.707474 34.533604 31.660496 40.424381 32.269142 0.000000 
86.791183 30.293009 25.884602 35.399269 35.240204 0.027976 
84.130287 33.843399 35.194946 34.756439 27.199236 0.000000 
85.838753 26.513336 27.910198 32.182835 29.120436 0.019782 
84.100204 38.444084 33.585785 32.260468 26.853268 0.000000 
85.904770 35.274300 30.288563 31.157778 27.987057 0.000000 
83.177414 26.351889 28.416304 31.850338 35.905239 0.027976 
87.747742 34.143196 29.325024 24.768143 28.716537 0.000000 
86.638542 36.163597 28.602596 32.428566 31.382412 0.019782 
84.368546 36.082405 30.735970 32.193794 31.166670 0.027976 
85.512878 32.225704 32.505924 34.159107 31.255726 0.000000 
84.492844 39.319641 35.709316 38.072166 33.638607 0.000000 
83.659065 40.062176 30.784399 32.116051 28.779421 0.000000 
88.335510 29.146347 31.244764 25.088705 31.484365 0.000000 
