1354.627930 756.685425 626.634033 599.698730 227742.218750 
1696.105103 772.091248 596.197998 411.341858 230116.984375 
1579.002441 830.049133 607.959473 523.206543 215541.375000 
1698.380371 888.079041 679.020264 464.184967 181798.687500 
1377.227417 734.631165 537.088440 488.422241 183310.218750 
1628.874878 1160.404175 840.289612 671.334412 258946.062500 
1577.150635 654.220154 493.636658 388.337830 184137.312500 
1645.544189 817.796509 699.149963 491.363617 265091.312500 
1347.747314 754.506958 613.081726 614.528748 226255.250000 
1785.133057 1395.028076 1990.772095 1489.888916 314214.031250 
1822.569824 886.835815 617.215210 515.936157 246314.640625 
1622.294189 1374.670288 1221.972168 890.608215 305596.937500 
1633.400391 1690.541504 1000.781677 615.908813 186306.281250 
1338.862427 811.240723 609.104187 433.916077 188888.671875 
1782.459229 1023.953003 804.370972 584.538940 284027.906250 
1334.555420 1051.958008 866.786377 685.614136 228532.921875 
1678.305664 920.240723 613.021179 527.552429 202316.187500 
1468.872925 771.281311 723.582703 567.805542 293162.312500 
1627.719116 1370.304810 1299.873047 853.129700 296083.031250 
2202.040283 2502.753418 2711.669922 2337.641113 422687.031250 
