93.960083 82.778175 88.026321 81.911301 93.752098 0.000000 
92.061157 83.387978 81.151489 93.598846 93.094727 0.000000 
92.095345 86.267723 80.294586 90.640106 90.387772 0.000000 
84.739891 89.825920 86.011055 95.451096 88.570976 0.034264 
90.354820 85.342331 94.021072 84.671089 91.204529 0.000000 
89.210365 88.398201 88.802597 92.296013 92.455544 0.019782 
90.241623 87.653015 88.011269 89.310402 87.362526 0.019782 
91.531631 96.659531 96.809494 91.698906 91.973175 0.000000 
87.206802 83.181633 90.659630 92.801643 91.380524 0.019782 
82.833649 92.362526 87.320625 89.029472 88.964310 0.000000 
91.380707 88.227051 85.880798 82.255997 91.717621 0.000000 
91.165627 74.627228 98.050514 92.721756 90.427628 0.000000 
91.523071 85.954147 93.877975 86.381332 96.254990 0.000000 
84.096931 68.416771 76.898590 74.883530 89.643745 0.000000 
94.076172 92.107773 82.747246 89.637878 96.388390 0.000000 
87.987976 87.730301 90.833679 92.500977 102.194618 0.019782 
84.246300 83.371742 88.582176 89.923813 92.276039 0.034264 
90.966293 103.822998 99.682770 98.055962 92.477783 0.000000 
85.961388 91.049561 86.413177 86.831223 90.239624 0.027976 
91.053665 90.578636 96.123016 94.459076 94.623848 0.000000 
