0.652433 
0.567776 
0.598654 
1.053547 
0.476444 
0.849354 
0.821102 
0.467902 
0.477205 
0.322009 
0.681237 
1.106403 
0.455236 
0.474092 
0.604309 
0.663999 
0.223221 
0.798936 
0.616270 
0.738202 
0.494796 
0.567486 
0.991843 
0.853517 
0.689089 
0.683838 
0.721717 
0.447134 
0.530948 
0.465572 
0.602026 
0.555731 
0.625033 
0.672790 
0.375738 
1.052764 
0.629325 
0.661450 
0.991236 
0.403867 
0.485686 
0.716604 
0.810122 
1.019263 
0.529119 
0.503310 
1.020355 
0.324591 
0.411059 
0.442092 
