83.975365 39.873123 31.490952 33.339252 20.383450 0.000000 
86.399117 51.516983 46.387730 37.853825 22.518736 0.034264 
84.702911 38.678619 27.551727 18.348005 14.947687 0.000000 
88.216537 40.873981 26.357361 16.795889 15.261491 0.000000 
85.261818 62.794281 45.248611 33.519676 16.714018 0.000000 
89.572296 47.503963 33.196205 25.228512 19.488773 0.019782 
86.954376 45.059639 35.174549 26.427080 14.138866 0.000000 
79.144218 37.845783 31.150969 25.593241 22.207481 0.000000 
86.642632 46.188465 36.462170 36.298000 19.184193 0.027976 
82.038841 45.313374 38.003716 30.467016 24.487501 0.000000 
90.199875 47.563370 33.895290 26.461344 21.813572 0.027976 
87.542503 39.071732 27.948740 25.046467 22.791258 0.019782 
83.830421 44.104317 27.744980 22.849802 15.733589 0.000000 
86.339386 51.325844 48.640694 35.664593 20.095478 0.000000 
92.330551 40.536251 29.775911 26.635571 28.731691 0.000000 
89.099121 51.696056 38.249008 41.189686 66.912613 0.000000 
92.652855 30.351536 27.347334 31.012754 39.341812 0.019782 
87.407867 33.003624 23.621662 18.755177 20.865261 0.019782 
85.420250 37.582596 27.199301 22.910120 22.427122 0.044235 
83.951614 47.906109 41.867710 32.105946 14.276175 0.000000 
82.408752 49.164993 34.708660 29.327736 22.699238 0.000000 
85.132980 45.941189 34.868237 26.773975 17.257839 0.027976 
84.653831 40.503147 26.904373 21.140354 26.297018 0.027976 
89.070930 33.707703 23.686460 19.751022 18.100920 0.019782 
84.898125 47.926182 34.558983 31.655399 21.562868 0.000000 
88.867050 35.472237 26.378242 25.583382 16.135508 0.000000 
83.589905 36.349358 33.419777 24.531248 20.042454 0.000000 
86.956818 55.241756 40.561699 34.851799 13.446708 0.019782 
91.924156 42.028599 38.404350 34.567120 19.095198 0.000000 
85.017960 44.481312 39.615879 32.186470 23.443684 0.000000 
86.350555 38.023079 31.176989 22.906103 29.702848 0.000000 
84.588081 46.643520 43.439770 41.588718 25.662668 0.034264 
83.737946 39.549206 32.686985 36.217541 23.798491 0.000000 
86.947128 42.452633 30.793974 24.325396 19.433277 0.039565 
89.044197 60.242683 45.600246 35.619762 20.273476 0.000000 
88.291008 45.097267 32.547916 24.751862 15.747627 0.027976 
84.455307 48.073772 36.595966 31.496519 17.621262 0.027976 
88.356285 50.908295 34.277573 19.252924 19.714045 0.027976 
91.645325 50.669029 40.557495 33.589542 15.603308 0.000000 
90.750885 44.936398 28.803143 22.041342 14.053219 0.034264 
89.151291 40.669250 38.911327 33.806755 11.595440 0.000000 
91.470802 49.900536 39.542297 36.819069 20.430147 0.000000 
83.793289 46.421383 40.075974 27.004436 20.878136 0.000000 
87.963562 43.574368 28.951982 26.780525 19.858692 0.000000 
87.352211 43.871090 31.336231 26.884731 28.817520 0.000000 
89.133286 45.044796 33.221844 26.440704 41.282269 0.000000 
86.236504 48.090694 42.306248 25.628382 17.753216 0.034264 
87.694717 37.390610 36.679779 34.189697 45.140255 0.027976 
88.410072 43.876926 35.234177 31.036306 50.051861 0.000000 
91.361237 79.606178 66.761925 45.515163 23.217106 0.000000 
