92.907722 91.955803 86.413689 97.984337 95.858978 0.000000 
91.268867 86.219208 78.131310 98.011543 93.823654 0.019782 
91.635506 89.218666 83.830093 95.861816 92.398689 0.039565 
92.602585 80.567177 90.591576 95.900185 108.909332 0.000000 
93.270401 103.026726 86.785866 96.418350 98.775871 0.019782 
88.584373 79.708481 85.619102 90.255821 89.314758 0.000000 
94.698433 80.866783 76.214348 94.578529 90.934578 0.000000 
98.118935 80.478775 94.779152 97.073090 95.179565 0.027976 
88.257370 80.741203 88.941132 89.567474 89.380127 0.019782 
87.876129 71.174484 80.174980 83.471855 85.083908 0.000000 
89.730583 90.757973 96.883476 93.020203 94.053955 0.019782 
97.269531 90.679153 73.373550 91.818428 88.843086 0.000000 
96.930367 78.734413 85.484413 86.077652 86.999687 0.000000 
95.222893 78.281189 97.551407 91.204208 98.901718 0.019782 
93.579636 88.543083 91.805138 92.248886 93.617783 0.027976 
83.195534 83.864235 81.383041 82.593056 90.761734 0.019782 
98.807625 80.779861 81.250549 96.143936 92.081741 0.000000 
94.036751 95.470116 75.125435 98.316833 89.964874 0.000000 
103.145050 86.211159 93.629875 103.198097 98.023750 0.000000 
92.348434 85.807076 83.279587 91.600700 99.281006 0.000000 
