0.200000 
0.000000 
0.000000 
0.000000 
0.000000 
0.000000 
0.200000 
0.200000 
0.200000 
0.400000 
0.200000 
0.200000 
0.200000 
0.200000 
0.200000 
0.200000 
0.200000 
0.200000 
0.200000 
0.200000 
0.200000 
0.200000 
0.200000 
0.180000 
0.200000 
0.200000 
0.200000 
0.200000 
0.200000 
0.200000 
0.400000 
0.400000 
0.200000 
0.200000 
0.200000 
0.200000 
0.200000 
0.200000 
0.200000 
0.200000 
0.200000 
0.200000 
0.200000 
0.200000 
0.200000 
0.400000 
0.200000 
0.400000 
0.400000 
0.200000 
0.200000 
0.200000 
0.200000 
0.200000 
0.200000 
0.200000 
0.200000 
0.200000 
0.200000 
0.200000 
0.200000 
0.200000 
0.200000 
0.200000 
0.200000 
0.200000 
0.200000 
0.200000 
0.180000 
0.200000 
0.200000 
0.200000 
0.200000 
0.200000 
0.240000 
0.200000 
0.200000 
0.200000 
0.200000 
0.200000 
0.400000 
0.200000 
0.400000 
0.200000 
0.200000 
0.200000 
0.400000 
0.200000 
0.200000 
0.200000 
0.200000 
0.200000 
0.200000 
0.200000 
0.200000 
0.400000 
0.200000 
0.200000 
0.200000 
0.400000 
0.200000 
0.200000 
0.200000 
0.200000 
0.200000 
0.200000 
0.200000 
0.200000 
0.200000 
0.200000 
0.200000 
0.400000 
0.200000 
0.200000 
0.400000 
0.200000 
0.400000 
0.400000 
0.200000 
0.200000 
0.200000 
0.200000 
0.200000 
0.200000 
0.200000 
0.200000 
0.200000 
0.200000 
0.200000 
0.400000 
0.400000 
0.200000 
0.200000 
0.200000 
0.400000 
0.200000 
0.200000 
0.200000 
0.200000 
0.400000 
0.200000 
0.200000 
0.200000 
0.200000 
0.200000 
0.200000 
0.200000 
0.400000 
0.200000 
0.200000 
