0.463912 
0.278866 
0.602390 
0.883832 
0.549644 
1.028898 
1.050886 
0.386995 
0.456187 
0.268684 
0.820116 
0.943633 
0.320916 
0.498525 
0.438357 
0.929769 
0.293861 
0.745775 
1.127291 
0.690423 
0.413651 
0.434964 
0.893627 
0.845303 
0.403011 
0.375284 
0.418614 
0.263735 
0.430022 
0.466684 
0.708726 
0.514958 
0.550413 
0.933977 
0.311042 
0.426297 
0.571985 
0.355240 
0.833527 
0.463589 
0.497292 
0.301716 
0.344725 
0.629464 
0.649282 
0.529898 
0.666670 
0.644001 
0.611647 
0.508874 
