83.905556 60.392353 80.587021 74.674210 80.448219 0.000000 
89.947433 82.491158 84.795769 86.166878 90.244499 0.027976 
87.118233 77.077988 79.222260 88.179741 84.928253 0.000000 
89.084167 81.542862 86.249466 92.399231 88.798050 0.000000 
90.776398 82.840446 75.525246 85.320755 86.500366 0.019782 
92.483948 88.493111 86.470673 94.769791 87.396317 0.000000 
90.658318 91.274414 88.949242 98.461479 83.185188 0.000000 
88.372993 86.278595 96.939682 96.923882 89.136047 0.000000 
84.960022 74.790924 78.736008 83.684357 85.089066 0.000000 
81.067352 75.684464 82.262680 83.132713 86.572784 0.000000 
