154.239960 13.553968 3.081374 1.368675 1.428591 
168.632263 58.953194 38.751492 35.639462 893.581970 
200.609909 124.000359 70.292000 63.192696 3542.017822 
1489.023193 1088.523926 625.598267 408.162933 15401.599609 
5896.138184 5051.333984 5368.256348 3566.746826 26654.154297 
3640.512695 2996.255127 2436.855469 1805.136353 21373.841797 
1434.487061 1132.300537 962.602905 701.771606 26970.283203 
868.185913 515.696167 372.428864 263.376282 21192.763672 
530.878052 385.347046 240.267349 120.786865 20639.310547 
399.994812 264.462555 230.135941 124.060089 26763.439453 
368.827271 257.483582 178.076630 166.789001 19118.619141 
377.435822 217.725510 117.246162 75.681686 18947.521484 
492.520813 285.004303 215.862610 158.929047 24890.888672 
478.827271 358.505249 234.665695 149.780411 25872.802734 
680.406372 520.043945 408.748871 407.207153 40387.738281 
735.534302 516.753540 370.260742 295.559387 23212.291016 
1011.903503 747.599609 585.064514 572.070068 40981.675781 
1678.788940 1369.792725 831.121948 750.626953 42050.210938 
2076.492676 1477.495972 1097.651855 975.645874 33453.812500 
2211.892822 1859.561646 1231.350464 926.383484 45646.070312 
1567.813965 1219.114868 1139.922485 827.067749 38674.035156 
1790.930054 1250.855225 1107.938477 963.954041 45789.156250 
1816.954956 1430.279663 1600.151733 1180.996338 40874.183594 
1866.631348 1427.030884 1306.302490 1276.296753 45405.644531 
1578.695923 1190.897339 1032.832886 981.536377 37717.937500 
1366.853760 1062.143677 776.041931 844.331238 33634.800781 
1338.953979 1133.203857 950.749756 1205.247559 37580.261719 
1029.679688 725.676086 534.660278 435.909943 35794.628906 
1029.832520 777.193848 707.232727 1084.475342 53079.250000 
1149.159668 815.163757 717.522583 528.953918 55944.535156 
819.542969 714.410706 634.964478 508.635803 43422.429688 
1176.843506 853.788269 780.738464 1463.747192 59170.457031 
1712.884155 1247.260376 1042.914429 1012.737061 53719.351562 
1257.911865 969.937256 715.986572 703.212585 61295.382812 
882.136169 624.750183 519.613342 427.185120 43446.988281 
982.220337 907.692932 548.759094 426.806122 49361.296875 
762.062988 578.114502 584.662354 390.393097 41478.417969 
936.462158 960.001343 626.865662 676.131409 45784.218750 
943.355347 708.211426 672.827942 435.094421 46529.339844 
1116.175781 776.988525 627.897583 591.157959 44082.683594 
1254.315552 1221.797241 863.435669 601.457825 40713.093750 
1351.079590 1176.450439 1100.269287 918.549377 51049.472656 
1470.643066 1206.829346 1372.305664 1063.604004 62398.523438 
1749.647583 1246.446777 1157.165039 1025.540161 58951.277344 
1368.479004 1414.733154 1787.145386 1006.214966 61201.925781 
1625.908447 1359.185913 904.823120 724.292297 53450.566406 
1693.491577 1445.331665 1357.567871 1100.198120 77798.039062 
1272.069580 996.342163 931.933960 757.890137 54924.007812 
1015.416504 683.523621 587.365234 439.088043 58290.164062 
963.051270 809.749084 692.469788 681.914490 49624.679688 
947.841614 755.257385 859.699768 768.854614 48541.953125 
831.093018 808.195496 694.748779 588.203003 65944.726562 
700.579956 632.238159 518.759399 583.258789 44381.687500 
642.807251 583.191406 507.977966 379.391388 55491.300781 
763.423828 829.886169 817.107300 745.045776 52130.046875 
674.449768 537.964539 484.636169 410.651337 57999.523438 
767.262024 1722.528320 2022.204224 2274.047363 100012.093750 
968.178711 967.967651 1008.389771 624.967590 48452.296875 
1107.813965 998.218567 2496.196289 4624.031250 56026.773438 
981.553589 1092.343262 2417.701904 2138.690674 58436.074219 
984.161682 871.367676 708.810059 557.499939 66810.593750 
1351.952148 1457.841431 1037.501953 771.599609 34241.359375 
1494.062378 1496.657959 1069.455200 906.328125 50545.269531 
1480.849487 1470.176514 1678.753906 1800.748169 54987.160156 
2172.138428 1907.272949 1401.056641 1024.742554 62101.027344 
2178.898438 1789.097900 1766.380615 1204.891235 72275.109375 
2767.575684 2421.065674 1736.946411 1946.463867 65834.039062 
2030.067505 1797.448608 1419.021606 1378.996460 53746.011719 
1276.984009 1244.982788 1262.922485 1398.353760 44855.261719 
953.671875 708.900146 554.927612 395.893768 60906.210938 
860.833008 677.224487 552.573730 477.525787 61390.324219 
840.016846 709.838867 622.877014 438.609924 62070.351562 
639.320679 606.232910 559.404297 428.073608 52926.253906 
643.609680 617.837952 746.689880 544.908691 64709.917969 
489.294189 669.489990 579.409668 579.449524 27306.109375 
786.744873 889.925293 1160.830933 1754.302612 48768.078125 
854.777710 1116.506958 1786.557129 4434.380859 83406.828125 
6462.289551 5656.965332 5254.012207 4081.672119 72128.835938 
24652.972656 26262.207031 21693.146484 18859.199219 223603.468750 
28572.259766 23019.347656 23064.945312 15570.801758 119821.632812 
11811.963867 10891.619141 12127.242188 14093.710938 141435.312500 
5626.401855 5049.310547 4650.304199 3257.704590 62582.386719 
1946.318115 1626.757935 1745.315186 1640.240723 67689.070312 
910.754456 850.945312 716.781616 599.079041 62142.695312 
498.183655 440.793274 512.622803 271.062866 43356.324219 
360.096100 551.750610 792.875488 641.672852 39944.347656 
453.004059 1739.588501 12937.101562 26245.462891 74367.546875 
215.517441 150.027802 146.574310 96.910942 28636.085938 
204.777374 246.834488 199.698700 98.204056 29011.306641 
198.258865 219.303070 272.304321 108.717018 31944.023438 
178.669037 121.982460 78.351814 43.167912 32043.544922 
192.645294 134.660736 110.870529 90.899872 19850.404297 
241.596420 559.627563 486.407898 359.459869 30852.271484 
196.278442 135.946640 79.648239 80.708237 25538.556641 
229.071518 176.276138 145.981155 89.021156 39255.500000 
234.350174 165.687347 179.265594 80.400200 34133.515625 
376.224854 456.124329 387.635284 272.985413 37706.363281 
390.317200 365.369141 316.988007 250.850082 28226.830078 
656.340576 533.956177 440.202637 368.660400 37824.339844 
1700.841919 1395.012695 1372.425171 1055.029175 75777.601562 
3456.299561 4113.178223 7015.065918 8589.043945 134471.312500 
2978.801758 2784.201416 3024.812500 2316.891846 67022.140625 
2759.071289 2257.903809 2313.656738 1803.596313 59697.925781 
2073.800537 1764.021118 1414.877197 1152.545776 70468.976562 
1855.141235 1739.975464 1726.423950 1914.976196 72272.742188 
1744.983765 1579.155884 1203.819214 847.258972 49123.902344 
1776.770508 1515.038208 1315.465576 965.029846 64290.976562 
1632.228882 1220.650513 1218.469727 1098.060303 71866.960938 
1229.390625 1149.923584 997.853760 885.748230 57374.167969 
1266.627686 1187.469727 954.788147 879.708435 58555.167969 
1207.369263 1026.611328 1051.594360 753.071594 59514.750000 
1522.996338 1401.072632 939.944702 743.743103 55700.976562 
1816.441162 1390.652222 1178.001953 937.469604 57201.230469 
2129.168457 1756.051636 1581.222412 1110.439209 53035.406250 
1820.406128 1482.230957 1554.548340 1283.441650 54652.187500 
2412.110596 1900.359497 1779.675781 1661.254028 65173.300781 
1856.956177 1668.675293 1802.317993 1510.894287 69515.179688 
2086.222656 2051.005859 1349.372803 1388.894897 60964.152344 
2179.271973 2475.293945 2931.045654 3566.608887 74434.382812 
2562.663818 1934.008179 1605.544067 1892.508545 69100.617188 
1551.125854 1285.975220 1143.143555 983.252014 56780.128906 
1129.329590 1034.606689 861.159302 714.759216 76312.085938 
766.753845 752.770264 866.322266 802.928589 54618.000000 
712.600525 782.916687 529.466492 490.507477 68802.945312 
562.181763 457.300201 429.419861 313.065155 42694.453125 
416.278046 401.305847 346.756866 366.144287 55017.375000 
447.119690 495.783447 750.763550 519.547180 39938.066406 
462.567139 404.745117 286.018158 387.377563 43226.609375 
391.702942 252.856812 231.919357 176.797302 40409.507812 
355.634369 221.239914 188.250992 147.653946 38228.363281 
270.376862 195.420181 162.509338 103.337341 43280.066406 
395.521118 548.895752 547.839233 797.484985 56981.558594 
293.358734 154.545029 114.373695 100.381813 40645.109375 
316.619049 229.599960 194.223633 150.340408 31247.867188 
338.656281 252.684967 238.078552 215.189850 47311.136719 
406.185760 337.284851 258.883057 229.642273 56330.492188 
484.500824 524.612122 417.671204 375.783051 46982.640625 
545.054688 598.550720 777.511108 610.711670 38896.843750 
472.204224 505.105591 596.354919 482.466095 52951.687500 
659.735962 626.004456 445.453217 610.227356 70045.531250 
894.256042 643.577148 564.686646 479.663696 66477.250000 
1131.822021 1013.430481 1291.361084 1114.401001 59477.406250 
1427.337524 1245.918945 1106.086182 1079.021851 73920.695312 
1183.640137 1077.444336 1029.243774 691.608826 60967.132812 
1745.201782 1258.418945 1351.522461 667.445190 65088.445312 
1210.171387 1127.505371 1129.831177 1096.693726 58255.867188 
1425.514771 1087.101685 998.898315 981.511780 59751.789062 
1140.865356 927.214966 809.992798 530.306641 71422.820312 
923.685364 792.267090 760.160950 763.126282 44400.019531 
729.903076 573.759155 493.555206 848.036682 45787.191406 
571.987732 418.024139 445.955902 423.336151 38718.160156 
574.519287 466.420868 400.516754 499.298645 76461.617188 
532.681885 647.345581 614.945251 261.080444 83443.984375 
443.808411 426.199890 381.354401 339.270050 37640.871094 
436.591492 356.493835 295.826233 317.092072 35669.980469 
547.170410 698.745483 605.508850 519.797668 68748.078125 
511.185120 363.912842 332.340454 315.634796 49380.859375 
843.091125 751.132874 696.079041 612.190918 69267.898438 
1090.019653 824.900269 731.914917 717.832642 53864.230469 
1097.784790 765.906311 698.340332 693.033997 48715.703125 
1091.252441 812.268066 704.128662 514.821167 56633.949219 
1126.292114 679.106750 604.675171 532.152222 47427.136719 
1138.600830 1016.736328 1283.750000 1182.095947 77413.960938 
1150.837036 918.527466 881.754395 751.446716 57546.941406 
1602.083496 1168.715820 1153.948853 738.171875 65802.085938 
1379.842285 1294.714600 1223.849365 971.658936 70334.960938 
1356.442261 1285.522705 1052.647339 699.787476 74554.359375 
1220.367188 857.332397 1008.657410 696.514343 51269.378906 
719.920349 535.208740 480.697815 437.568512 43631.195312 
1014.932251 751.416809 690.050415 445.068359 67483.789062 
829.551270 782.664551 765.352905 537.744263 61588.773438 
549.002380 431.718140 593.210876 266.000458 46311.832031 
571.243286 635.468933 442.654663 705.311768 45356.667969 
713.822083 767.690796 763.637451 845.150269 55484.847656 
1011.291870 711.089905 503.025696 529.164429 47072.710938 
1019.489990 640.070190 526.239502 561.702942 48679.960938 
1325.742798 1101.508911 815.494690 747.672607 50161.039062 
1481.161865 1089.626221 840.749878 551.196899 56651.656250 
1386.603760 1185.997314 1034.557861 664.269287 76418.179688 
1658.843628 1342.172607 1020.359924 836.323059 42536.171875 
2270.513916 1982.014771 1767.350464 3270.622314 67908.687500 
1922.918335 2046.949463 2144.950195 1524.969727 78794.484375 
1469.871948 1445.659058 1439.069824 1033.372925 60717.933594 
989.149597 822.330627 630.541138 665.509155 58011.710938 
781.305725 688.752930 623.281921 580.186523 43875.941406 
743.892639 459.867798 521.756592 436.151520 48599.425781 
615.852783 370.730896 290.035736 190.544540 35097.773438 
531.254517 539.889465 365.530731 349.302277 52370.468750 
399.675201 222.615341 219.447449 224.397507 35642.769531 
534.207214 412.096161 457.253235 288.768005 36060.187500 
416.886047 344.293335 362.816071 367.684326 36888.695312 
322.924377 230.725693 160.063751 172.214127 44577.285156 
294.012909 286.866577 260.355774 139.429749 46298.640625 
197.650177 305.792603 511.071625 346.518921 29713.255859 
345.382263 271.360901 263.977325 187.224564 30051.341797 
211.082062 172.368073 122.104126 122.899429 29702.015625 
308.242798 275.130524 285.156372 213.316757 40965.601562 
411.978088 300.622620 265.430389 95.624001 38973.613281 
589.854248 811.948669 863.988220 538.347412 36894.136719 
376.508301 189.510818 134.276718 104.733765 48218.707031 
450.490448 369.300232 241.019073 181.346344 42107.238281 
393.633179 332.915558 227.036545 216.478531 34884.031250 
508.832489 400.478821 448.782288 232.065109 42553.195312 
601.847900 381.622192 315.514374 236.043304 34395.980469 
487.869781 388.821289 304.154358 212.452393 38219.714844 
983.174377 834.509216 884.363098 750.892212 59147.984375 
1381.181763 1188.010864 1181.179077 938.093689 46112.429688 
1429.784302 1081.454956 657.484192 361.420074 43452.972656 
1476.861450 1164.897339 1003.915039 827.893677 67261.125000 
1875.648193 1591.230957 977.308167 695.993896 56662.226562 
2412.577637 2458.328369 2361.852783 2686.907959 117621.218750 
2939.040771 2384.948730 2241.265869 1544.543335 72434.656250 
2975.099854 2445.509277 2195.323486 1430.455688 68627.382812 
3104.982178 2636.887451 2556.250488 2458.098389 46782.812500 
2254.302246 1665.915161 1094.375854 1225.358398 57253.171875 
1332.048706 1101.567627 733.856323 470.421448 56874.136719 
930.783508 729.096313 870.539490 536.186096 55694.003906 
662.419922 620.183167 866.052979 554.781372 59915.707031 
687.527893 423.770538 476.289703 281.526306 63799.710938 
528.646240 493.254242 489.714142 343.794922 30188.187500 
471.200348 701.919250 1075.441406 1421.018555 49015.437500 
451.563385 669.775452 848.914673 570.798035 36108.597656 
597.612915 516.967407 700.411560 566.707764 54699.429688 
496.772308 333.303558 232.359573 209.880203 47752.433594 
636.121887 1167.484497 1635.915894 1573.974243 71962.007812 
657.920837 547.631836 628.427124 411.424347 40671.386719 
1110.177368 1234.146729 1019.258057 748.998047 64804.496094 
1406.676880 997.398438 716.095032 567.276917 48653.093750 
1706.798340 1448.780640 876.414185 714.513977 65825.414062 
2403.538574 1749.643066 1416.170532 986.064575 58864.460938 
2703.831299 2673.463623 2304.776855 2164.675049 71477.070312 
2325.384766 1923.598267 1775.774414 2590.689697 59906.796875 
2341.742676 1802.612793 1398.338989 1149.425049 65334.546875 
1886.833008 1475.255371 1279.388184 921.343079 50333.980469 
1118.576416 1073.717407 1498.732178 786.795288 39032.218750 
938.124512 851.907166 832.601746 858.952637 60689.664062 
903.201599 602.220642 409.616211 240.351410 37468.000000 
833.866089 531.102600 474.880280 294.740204 44355.062500 
637.043030 526.057068 449.824097 377.025879 36694.269531 
653.736206 811.729309 617.000854 461.422241 30227.050781 
529.474487 401.910095 252.409164 334.070770 31478.044922 
789.228882 1007.946838 1056.514282 681.450012 63755.140625 
982.222534 1372.744263 982.659058 432.582123 41769.757812 
538.107300 706.815491 541.307739 548.963501 31409.373047 
710.920776 706.198853 812.768799 677.548706 28382.275391 
1163.385132 649.218689 470.329132 342.247955 59316.976562 
1305.384155 1067.629150 700.245239 406.029572 43793.632812 
1204.405396 955.563477 724.387573 469.252014 47008.191406 
803.227173 632.692871 542.504211 536.491333 44836.519531 
546.752197 426.776794 295.600922 144.298004 40209.941406 
680.669922 555.957642 619.864746 618.590454 41710.914062 
869.133362 1064.745850 760.061157 449.240479 57120.957031 
542.856873 503.446533 505.044098 561.819031 37540.394531 
606.393616 567.035950 453.429108 354.523285 46630.781250 
499.065369 491.844208 419.920837 378.689850 33361.542969 
931.415466 895.311157 1078.598877 1439.557495 61574.906250 
610.231934 590.601868 478.567352 627.561035 33605.597656 
711.746704 364.969238 222.301331 229.416595 37811.167969 
682.110596 499.285950 433.394562 360.220184 42368.777344 
377.215607 346.049713 257.602905 303.721008 32422.164062 
662.072144 669.290283 620.903381 475.869293 50124.531250 
863.093018 650.956482 427.193939 329.312897 44737.753906 
918.029358 975.356140 894.608215 780.140198 44837.117188 
1802.616943 1291.475342 752.814026 745.726868 42038.390625 
1942.645020 1735.966919 2056.486084 1343.321045 52506.574219 
1565.867554 1376.596680 936.088867 672.800415 44331.058594 
1926.073242 1812.199707 1616.733032 1348.851074 85748.289062 
1768.140503 1950.892334 1209.496582 1570.917358 64012.035156 
2185.744873 1803.022949 1702.632690 1225.302002 68338.875000 
2202.067627 1788.006714 2508.668457 2303.425537 70835.578125 
2154.183838 1542.300171 1511.291992 1006.695068 48309.050781 
2028.596924 1305.255981 1239.658569 931.922424 54244.582031 
1571.703735 1516.680054 1203.046143 1068.606812 60862.257812 
1272.414307 924.812195 843.784424 1088.804077 38063.894531 
815.376709 916.448669 1095.426880 662.960266 54945.644531 
962.792297 1034.785278 794.476562 357.456604 55867.382812 
650.070068 696.906189 1178.979370 1221.267700 38687.250000 
814.431946 544.750427 433.459198 450.569061 54299.312500 
477.406342 496.999664 454.140625 332.770508 45288.640625 
639.854187 495.483826 396.256287 325.065460 43775.390625 
704.480469 500.664612 345.778473 190.527237 46995.250000 
573.577576 715.112061 662.652039 273.062439 51228.882812 
713.140503 549.179016 642.938843 432.719238 54237.156250 
781.883667 857.696777 579.154175 686.768494 52087.378906 
763.890076 398.984253 323.048950 197.173340 43136.601562 
779.397034 785.391846 889.493225 597.211914 42995.722656 
586.963013 456.463470 360.543884 299.387787 37553.195312 
1190.996826 945.166748 890.223206 574.888977 64621.914062 
1151.329102 1338.695190 1085.186523 897.354370 62106.074219 
876.453735 750.407898 492.636383 590.334412 34786.710938 
821.538574 909.592896 1228.768311 1109.637817 40481.820312 
1731.493408 1091.436279 1122.484863 678.683472 52166.976562 
1163.333862 775.835449 748.884888 1200.830688 53315.492188 
1265.314941 930.561035 602.097534 517.577759 62980.917969 
1501.674194 1285.282837 1240.406250 811.506287 47095.921875 
1707.790039 1013.688538 814.363220 384.939880 50352.343750 
1289.440430 1308.690186 1327.341675 989.586426 33762.722656 
1096.187012 726.692017 665.193115 479.503143 48636.140625 
1123.784546 1242.341675 604.133423 703.372437 45701.804688 
1858.806641 1038.261719 967.167786 637.493713 53857.238281 
1593.346802 1090.133301 1002.636169 799.479919 58450.699219 
1993.772827 1888.933350 2492.662109 1971.709351 51876.003906 
2768.641602 2973.157227 3541.523438 3227.822266 79254.859375 
3784.656982 2968.764160 2624.087158 1543.188599 55491.480469 
4318.996094 3828.121094 3157.986084 3704.462402 72998.976562 
6356.868652 4258.535156 6440.077148 3555.773438 87663.468750 
6509.304199 4474.331055 3609.384277 3142.569824 89909.039062 
6112.587402 5590.348145 4288.097656 4399.375488 76827.429688 
2986.484619 3186.666016 2528.105957 1580.784058 47786.402344 
2060.951172 1346.700195 1263.923462 849.060547 54839.410156 
1354.205444 1849.808105 2439.129395 1962.176636 70671.617188 
1179.618408 1053.796143 790.653870 551.638855 30742.011719 
593.768677 370.343201 675.525879 353.293396 43877.734375 
355.990997 508.848938 251.265381 323.282654 28470.914062 
429.685425 333.696411 264.486115 134.024490 44017.367188 
336.393585 293.970673 244.950699 173.398636 31991.375000 
322.928894 200.484024 258.689209 163.277649 35614.214844 
378.042450 312.747253 241.173370 206.324280 37843.800781 
540.135010 520.081726 379.893402 301.800629 54449.660156 
489.527191 371.361145 311.072754 321.314545 36606.222656 
603.122864 354.462738 261.185791 152.014435 30716.552734 
578.979736 414.562775 412.109802 444.656250 40332.621094 
578.203125 450.214539 390.917847 435.219208 44569.492188 
825.648071 588.959534 611.075562 607.867065 58225.441406 
620.315857 534.664001 492.923462 383.897247 47915.476562 
1068.432007 596.256592 604.614624 288.606110 41355.562500 
1832.283447 1173.923706 970.072937 633.206421 64532.226562 
1981.554321 1203.052490 1093.564331 1037.964478 78971.531250 
2063.523193 1408.434082 1371.692139 889.332275 64461.773438 
2314.080078 1594.734253 2201.160400 3299.400879 74456.218750 
3768.421875 2122.921875 2682.831787 1674.618896 60321.156250 
2629.436768 2828.105469 3810.317383 3376.847656 69245.351562 
2494.288574 2620.680420 3034.481445 2313.931641 87911.273438 
3445.618408 2033.048950 2201.160400 1347.365234 64772.175781 
4105.854492 2566.373291 2461.962891 3030.695312 85207.656250 
2243.984863 1879.859741 2683.227295 2061.315918 78729.101562 
2892.264404 1618.616821 1490.500610 862.467346 94292.007812 
2712.694092 4168.671875 2768.160645 3902.277100 124646.492188 
2088.766846 1671.030396 1352.175781 1262.352051 58888.914062 
2328.932373 1174.614868 1046.315552 957.163696 56121.789062 
1795.019897 1339.365234 2515.765625 1399.919678 87246.031250 
1034.462158 1684.854370 1477.890381 2688.056885 64718.488281 
1485.805054 1254.764893 1130.199707 1287.507568 36383.984375 
1173.950073 1069.592651 855.545654 685.400085 72067.570312 
981.048218 862.101685 867.579712 673.542114 43499.542969 
1141.070557 818.246338 609.376160 519.047485 38023.511719 
2513.392334 3911.339600 5974.754883 3613.278320 85697.109375 
1542.258789 602.427612 506.569519 488.911255 43829.777344 
1696.239502 1891.316528 1613.069214 1783.236206 52627.492188 
2979.320068 1827.821533 3146.544189 2651.634033 105403.085938 
1335.563965 939.516479 801.997131 654.832947 65870.742188 
305.799286 177.769028 198.186752 155.114761 26525.447266 
287.598358 213.032272 414.731354 151.216934 30452.656250 
249.421448 382.994354 382.059235 233.015427 26705.212891 
168.155548 112.210083 102.190056 80.897499 17578.140625 
198.864090 373.285248 327.155914 165.972580 16469.646484 
174.971619 457.306732 493.540894 257.651093 25101.146484 
203.225143 111.852669 67.453407 71.209724 16376.588867 
188.248505 252.176941 121.600357 50.680561 11344.146484 
155.932281 76.021538 81.995934 59.841213 11765.458008 
233.053864 165.012436 109.674370 130.194778 16282.460938 
243.761902 312.403778 494.447601 219.882843 16504.027344 
144.096954 116.402428 106.482063 51.147228 12517.519531 
253.748779 219.598846 254.206833 274.734711 14294.609375 
284.102844 529.375488 465.070892 309.474335 22758.486328 
210.190186 145.312805 119.435326 100.837051 24514.970703 
287.316223 275.837952 146.147125 110.400276 26834.730469 
425.875977 563.698181 974.454468 510.420227 28318.044922 
638.242310 776.584412 1839.036987 1461.527588 30745.457031 
744.091553 631.830627 487.904480 434.250183 44018.953125 
1996.711792 894.393616 540.596008 749.579346 54706.625000 
1788.472534 1588.219971 1108.562256 794.368042 59069.468750 
4931.059570 4142.903809 4152.505859 3411.183594 71781.476562 
9852.324219 5915.726074 5902.322754 5790.262207 124486.414062 
10601.745117 10879.076172 11394.124023 10370.280273 137030.781250 
10066.872070 8395.990234 6689.801270 7195.616699 129003.117188 
7469.414551 5867.840332 5666.314453 5413.152344 116465.828125 
3655.155518 2491.701904 2213.381592 1922.626709 71155.125000 
2741.292725 1210.202393 1490.942505 872.408691 72335.617188 
1228.363159 1096.250366 1094.616699 1017.281189 51268.960938 
1099.753540 715.310791 752.801147 497.419373 33323.562500 
931.162720 594.570679 744.636902 369.819794 36745.835938 
540.695190 590.835693 897.806335 907.875488 26788.492188 
496.327972 416.403900 512.666382 676.933411 33975.625000 
613.773560 335.186920 343.033569 282.636047 48894.132812 
636.244263 467.088989 432.753357 406.460907 43014.890625 
559.974243 266.155273 616.251038 230.801971 58772.953125 
484.652222 256.253113 204.535507 166.025116 47442.964844 
491.088928 475.099274 563.848511 284.616364 39314.699219 
519.306763 713.101318 1635.795532 1478.445679 44146.628906 
1010.719238 1675.389526 1782.563232 1975.260376 66987.546875 
819.471313 1302.906128 1150.800537 1265.803467 53482.898438 
2377.113037 1222.281860 862.206421 437.177673 54970.484375 
2718.811035 2233.354492 2704.208252 3598.791992 64562.277344 
3538.189453 2825.330322 3175.481934 2075.478516 52243.542969 
6967.815430 6013.967285 6267.125000 5800.982910 102609.578125 
4762.422363 3850.902588 4155.031250 3406.753906 59020.125000 
2142.313965 2053.814941 1975.874146 1750.869141 65061.937500 
1974.597168 1654.291382 1920.926270 1230.815308 72851.789062 
752.011841 881.304199 1171.489746 1374.231201 32915.507812 
1134.265137 855.601318 866.500366 1728.589478 57823.171875 
892.802246 409.514221 462.097137 471.090546 51013.175781 
574.319519 651.744385 621.671936 552.777588 36802.601562 
561.562317 734.000610 326.259003 241.072617 33754.851562 
473.190369 577.520020 579.820312 859.153687 35837.675781 
375.928375 259.497467 321.701294 213.922424 42123.554688 
447.749634 368.237244 437.664917 587.501404 41977.468750 
265.936340 279.885742 538.500366 237.462799 29075.427734 
494.886047 616.715149 697.036743 656.896667 43615.710938 
686.869385 474.746460 298.876862 272.034851 40435.160156 
445.376892 870.625366 775.193604 490.875397 38095.707031 
366.221100 496.665161 308.684326 214.247162 32035.798828 
540.035339 451.531860 331.438202 197.430786 40463.898438 
558.973511 320.058838 477.271820 335.983093 47397.546875 
402.361725 228.178299 268.110077 157.757660 50305.917969 
605.464111 561.383789 449.599762 482.067749 42900.109375 
638.989929 478.640717 554.598145 380.071564 55670.910156 
582.666016 529.997803 481.870697 619.089722 36376.843750 
801.512329 563.670837 493.645630 317.031494 41785.238281 
861.915649 966.544128 735.133728 587.676636 48801.937500 
1378.830200 1225.655151 1377.109131 1421.109131 52084.722656 
1626.842651 3054.065430 4063.553711 3258.629150 91843.312500 
1904.363647 1933.193237 1829.630859 1475.556030 143989.171875 
1644.584229 1002.356323 1045.425415 748.468079 40137.464844 
1028.172241 624.837524 567.208374 777.709595 58395.332031 
862.770813 471.189819 410.372772 222.058411 46312.343750 
853.849365 687.657288 715.169983 834.553406 48396.843750 
677.934570 625.396667 571.636475 440.102997 42673.589844 
704.822327 809.485474 713.007812 528.218811 44893.234375 
676.535217 506.530975 473.847961 332.587738 47882.691406 
547.334961 334.675079 400.279755 227.147949 31522.876953 
587.173584 676.557007 1012.656738 399.821716 41926.492188 
635.196472 658.499146 489.336700 232.491013 46167.476562 
813.911987 763.064880 486.864258 385.718719 38435.167969 
1024.885986 776.002380 616.877319 616.957458 62599.769531 
1198.893799 1097.300293 824.912842 735.605652 51863.035156 
2259.375732 2311.889160 1830.429199 1256.541382 61993.546875 
2588.612549 1870.623901 1302.980225 1120.072144 46377.210938 
2826.206543 2257.702393 1856.776733 1620.841919 56942.355469 
4858.742676 3484.588867 2741.125977 1939.320801 73816.703125 
3187.057373 2636.284424 1767.533936 1335.702271 42925.640625 
2810.681885 3151.329102 3234.804688 3403.607178 70485.000000 
2369.147949 1767.987183 1500.770264 1730.046753 56803.777344 
2477.010498 2219.916504 1727.577759 1758.096802 37450.796875 
1867.361206 1597.505249 1631.100952 1491.009399 52044.621094 
1289.795776 1162.142944 1077.686523 731.853455 39700.128906 
1080.113403 1567.797607 1234.494873 706.301819 42308.632812 
911.016541 1664.998901 2745.775391 952.677979 34693.195312 
1185.061401 879.463745 745.999756 771.411621 47937.082031 
2053.399658 3790.935303 3325.881592 2997.791504 60341.558594 
1836.518311 3112.395752 4320.305176 3557.177490 84423.976562 
1223.254761 1502.919800 2138.625244 1028.449219 43705.355469 
1605.710693 1144.832764 1189.213989 898.000671 55962.171875 
2638.941406 1550.769409 1160.537720 931.503357 39873.414062 
3490.461426 3077.910889 2742.012207 2423.828369 74919.148438 
5058.662598 4395.701660 3706.166992 3329.071289 61057.800781 
6820.104492 5270.435059 4567.364746 4040.682129 56455.351562 
8900.603516 5428.308594 4934.297363 4225.470215 76754.460938 
6321.261719 5212.377930 4396.576660 4188.552246 77526.781250 
5488.191406 5051.710449 5285.810059 3653.721680 95276.421875 
4003.766846 2505.812012 2277.384277 1985.177246 61908.214844 
2413.569336 2356.503418 1715.395020 1817.018433 65448.250000 
1142.217407 1080.959717 1022.231628 800.100037 40152.777344 
666.666504 441.863678 273.422882 184.386353 23230.060547 
580.843506 805.219971 827.442322 937.742981 46934.355469 
531.288208 575.838318 569.444336 399.567535 24689.810547 
432.085846 797.312317 890.715088 849.264709 43136.742188 
375.083374 491.782715 411.800934 270.827728 23785.955078 
609.426208 539.108643 573.300964 449.424835 26159.410156 
250.651886 418.632629 436.335327 354.219879 26903.568359 
410.889862 361.386047 314.608795 117.692650 26830.470703 
419.729889 814.855774 953.196838 812.311401 32882.832031 
388.820831 381.121185 406.732513 273.420715 31500.455078 
498.574707 768.016968 343.853516 251.001328 17073.285156 
540.873962 774.136963 980.447327 244.649292 25401.212891 
477.612000 789.735779 669.267578 347.196564 26518.712891 
349.130341 477.994629 683.011047 566.082764 31473.925781 
403.402283 290.083679 173.035095 117.659111 28167.078125 
654.264099 676.501770 464.271454 268.070343 34394.328125 
652.150696 512.804749 318.225739 242.373749 34926.000000 
808.451477 803.406128 545.870361 499.479889 35997.226562 
865.115173 785.226685 835.213074 547.623291 44335.597656 
1126.416626 1131.903687 1387.331421 1471.103638 41079.765625 
1856.867065 1533.440430 2213.595215 1957.519287 70276.476562 
3034.985352 2205.881836 1922.926392 1919.837646 55380.347656 
4992.475098 2905.180176 2847.181885 2104.150146 53296.488281 
4470.115723 3190.325684 2796.266357 1615.698364 70793.882812 
4163.777344 3413.343262 3098.249268 2412.403320 54377.464844 
2512.874268 1986.498169 1690.749512 1124.481567 68925.523438 
2240.490234 1667.497803 1116.625488 980.993408 69924.304688 
2706.210938 2176.853760 1724.776978 1710.336670 59131.136719 
1958.139526 1981.515503 1795.344849 1404.067261 52888.750000 
2022.528809 1806.425781 1838.160278 1706.500122 65327.890625 
2367.583984 1556.668213 1780.461426 987.028015 54826.242188 
1821.099854 1695.140869 1582.780029 1126.535156 60075.136719 
2440.328613 1885.601074 1804.944824 1428.042358 64769.292969 
1317.525146 1736.343262 2059.133057 1802.456299 57472.601562 
2535.312988 2559.289062 2818.777344 1837.316772 66257.289062 
3906.307617 3234.224121 3448.987061 1914.166992 65000.652344 
4097.706055 3270.681885 2439.342285 2463.637695 75974.015625 
