3819.956055 1550.786865 1576.946777 1216.760620 166421.875000 
3993.385742 2101.252441 1684.215576 1745.551758 210006.984375 
16413.107422 1584.995361 1364.492188 1126.513672 246701.468750 
14753.810547 1728.103882 1331.985229 1134.976929 277190.687500 
11992.028320 1933.478027 1915.228271 1338.963501 202217.671875 
2406.286133 2210.918213 1320.096558 1351.947144 39555.910156 
4327.719727 2745.152832 2011.640381 2486.358887 113492.539062 
13425.562500 1673.831909 914.251465 734.282898 118356.492188 
4509.692383 6146.835449 5988.626465 4652.224121 53846.906250 
7879.655762 1436.138306 1679.929810 1536.217773 112342.968750 
3807.805664 4958.981445 4457.699707 5831.750488 46858.179688 
2184.016846 2426.094971 2000.920288 1850.004639 30387.070312 
7986.282715 1637.031616 1214.515503 1354.213257 40612.671875 
11292.659180 2263.210205 1119.828125 523.070984 104605.062500 
6224.016113 2238.667236 1804.750000 1558.716187 53572.730469 
1972.268799 1647.207520 1493.684937 1428.841675 38814.406250 
5458.435547 8534.932617 5514.138672 4467.536133 28954.566406 
4561.635254 2246.367188 1904.090942 1930.660767 106342.250000 
2951.647461 1706.761719 1599.787598 1123.607300 78790.968750 
2829.548584 2132.610840 1726.205566 1419.046021 98662.304688 
18833.830078 2613.948486 1819.205200 1314.939575 361611.156250 
4000.764648 1720.605225 1274.192871 1268.068604 124113.648438 
6115.140625 1857.427734 1789.393799 1425.433472 303029.687500 
3983.721191 1700.763794 1480.064575 1151.019775 149971.125000 
3133.683594 1448.423706 1303.282593 1092.529907 128831.203125 
4279.907715 1483.025513 1330.083252 1166.419800 98976.023438 
4116.444336 2472.326172 1685.590698 1466.346436 115505.804688 
3971.141602 2135.757080 1786.022583 1372.484009 174755.171875 
5287.116699 1738.415405 1653.769531 1374.535278 169308.609375 
3761.432373 2829.718994 1984.317017 2153.163818 136851.718750 
10393.736328 2866.295898 2082.142334 1230.333008 160412.859375 
5506.527344 6521.047852 6785.733398 4825.044434 36750.609375 
2307.963623 1806.387207 1407.900757 1394.505859 41923.367188 
6797.340332 1988.899170 1393.667114 1453.427734 135079.781250 
13557.261719 2566.761719 1734.835083 1521.089844 211775.703125 
3073.843750 3099.553467 2914.500488 2748.600830 95324.132812 
5475.742676 1981.579102 1990.089966 1631.186890 155405.437500 
3448.702148 4402.345703 3876.222900 3182.117432 99503.570312 
7324.056641 2190.153809 1769.203491 2069.463379 145663.281250 
4662.712402 6930.636230 7378.322754 4860.336914 123872.398438 
2409.455811 2626.310791 2393.744873 1565.203491 75882.023438 
3978.415283 1593.843262 1209.191406 1059.960205 102604.421875 
3909.761230 4626.557129 3937.050293 3051.641602 118501.148438 
4964.271973 4482.915039 4633.267090 3248.207764 45818.933594 
3291.119385 3695.384766 2955.901855 2407.770264 146411.421875 
3569.321777 2367.170166 2130.372559 2063.552979 144728.484375 
7897.260254 1487.214966 1163.332153 976.730103 320660.906250 
5572.942871 1781.883057 1383.691895 1141.003296 267797.843750 
4428.214355 5151.192871 4050.349609 4487.939941 265291.531250 
3483.346436 3228.988281 2447.413086 2268.661621 137044.562500 
5064.257324 1998.937256 1622.215576 1417.283081 267325.531250 
5030.634277 3190.820801 3423.489990 3351.009033 570415.812500 
13297.062500 3771.795410 5022.068359 5342.527832 912358.687500 
2807.405762 2572.621094 2460.466797 2345.587158 148099.687500 
12183.249023 1715.848877 1370.284424 926.727661 413186.093750 
3035.621338 2682.539551 2311.187012 2517.866211 136596.578125 
4255.611328 5313.825195 3896.309082 3608.345215 111664.804688 
5257.468262 1831.505615 1453.064575 1026.968262 170331.734375 
7453.588379 1979.688843 1150.733521 890.467834 271885.937500 
18265.740234 3058.991211 3101.201660 4298.561523 720517.187500 
3886.262695 3457.625244 2311.116455 1905.532837 191083.875000 
3869.973389 3534.580566 3278.667725 2919.241699 146526.250000 
7051.826172 9907.177734 8587.666016 12391.872070 65060.644531 
5033.400879 5553.724609 5321.886719 7246.934570 118523.671875 
21335.609375 2660.046143 1747.289673 1909.252686 574656.187500 
3693.059814 3938.900146 2965.559570 3255.620361 68101.328125 
39921.945312 4478.920410 1686.879272 1300.230469 353633.406250 
4242.485840 1418.695923 1178.547974 842.386475 117627.921875 
2451.442871 2691.034180 2101.770020 1879.724487 21783.037109 
5225.715332 5010.882812 6520.780762 4847.037109 30096.707031 
21845.517578 2146.356934 1728.357300 1630.739136 193199.609375 
3928.661377 6289.226074 5776.389648 5324.783691 63206.085938 
36374.871094 2030.797363 1318.850586 1115.303223 183313.953125 
34386.433594 1389.400391 1062.460693 678.494629 85759.179688 
9420.371094 1290.823486 983.671570 744.991821 42560.257812 
7443.824707 1770.504028 1348.619263 1845.257324 86981.468750 
6454.291992 1550.733398 1705.790771 1075.805908 76711.062500 
7245.185059 1536.163940 1193.347900 1276.946045 57370.410156 
9400.508789 1863.356934 1576.148804 1291.994507 89918.937500 
5158.717285 1228.460449 1098.059082 920.364929 64402.515625 
7185.759766 1109.936157 821.759277 704.625610 27541.259766 
6337.523926 1260.711548 856.660583 838.856567 58587.738281 
3709.660889 1363.630493 1165.116821 956.160095 43273.425781 
7113.083008 1018.927551 992.671814 519.776062 75447.117188 
3723.331055 2217.549316 1831.679932 1740.517700 62502.562500 
5433.528320 1265.065308 1082.354614 869.197815 69690.632812 
5049.407227 5587.124512 4700.945312 3576.028564 29644.158203 
11044.327148 1620.611328 1360.073975 931.880981 127075.281250 
5017.656738 1726.354614 1350.976074 1552.287720 278908.031250 
3732.167969 4146.989746 3600.266846 2673.367676 137333.796875 
3006.205811 2435.352783 2578.404785 2843.821289 81344.789062 
3971.367188 5619.652344 5189.791504 4632.703125 99166.523438 
3339.950439 2578.414062 2275.125488 1603.052612 203846.953125 
2768.865967 1863.042725 1572.905273 1480.566528 439196.468750 
2961.628906 1946.589844 1678.361938 1557.594360 477415.812500 
2387.417725 2255.479980 1974.662231 1608.169312 633269.625000 
2823.296143 2430.480469 2090.253906 2207.151855 193995.437500 
5098.655273 5061.443359 4973.503418 3728.519043 170300.515625 
2614.734131 2797.042969 2878.358643 2398.554932 150409.281250 
2814.007324 1893.697876 1691.204102 1507.326538 534182.000000 
3693.420898 3298.491943 3161.487305 2392.048584 160354.609375 
4206.020996 4504.230469 3542.340332 3381.581543 255155.609375 
3161.230713 2238.054688 1928.908569 3196.737305 389511.968750 
2030.430908 1419.380615 1311.317383 1062.082275 308889.125000 
2677.726562 1905.985718 1634.031006 2031.999512 257851.593750 
2431.099609 1695.377441 1486.179443 1090.440796 440026.312500 
3599.166016 3300.258057 3321.927246 3137.755859 338023.156250 
2785.537354 1774.503418 1662.509644 1298.859375 256026.203125 
3273.485596 2224.521729 1985.750122 2109.593750 315960.281250 
2861.930908 1666.094238 1576.281128 1277.457886 472741.093750 
3167.903320 2091.459717 2072.604980 1974.024292 639363.750000 
2765.124756 1884.536743 1435.217041 1374.498779 194944.968750 
3125.153564 2596.730713 2174.041016 1736.562622 506341.531250 
3135.230225 1940.795044 1707.398804 1357.792480 551339.625000 
4169.169434 1922.019165 1452.000610 1172.177124 409304.437500 
2463.807617 1947.966064 2355.128662 2223.614746 127589.187500 
2771.992432 1909.280029 1631.969360 1231.895508 246133.078125 
5268.684082 2252.637695 2167.007812 2014.191528 496001.593750 
3619.813477 3244.497070 2518.907715 1996.551636 204038.750000 
5325.294922 1778.384033 1546.972046 1297.012085 218672.687500 
6818.727051 3734.960938 3305.913086 3198.352539 558580.625000 
3807.320801 1644.239380 1560.665649 1130.000854 164953.437500 
3207.959473 2372.825928 1766.266479 2399.019531 65359.578125 
6327.951660 2908.270020 1684.090698 1435.485840 138475.046875 
3705.025391 2613.445312 1978.336304 2333.079590 140658.171875 
4425.512695 5838.662598 4693.964355 4019.580566 28510.675781 
6074.778320 1750.563965 1354.635254 1859.152710 147092.890625 
6359.155762 1848.440063 1504.369141 1253.102539 270865.625000 
3126.216797 3635.186035 3796.076172 2156.443848 63938.488281 
8378.456055 1540.245972 1136.997559 847.658325 174833.484375 
6210.270020 3311.154297 3535.820312 2117.678223 95399.882812 
4001.991455 5712.615723 4625.112305 7468.103516 52436.437500 
18890.228516 2434.771484 1734.736572 1496.333008 230010.375000 
5300.123535 1755.118530 1325.556396 1011.172241 151318.250000 
6596.533691 1845.417969 1860.186157 1362.329224 190168.250000 
16429.941406 1889.717896 1622.621826 1274.962402 272455.843750 
3096.962646 1854.092773 1595.550293 1245.445801 83987.695312 
3962.072998 3786.979736 4397.594727 5616.514160 67959.164062 
4281.475098 6313.626953 5009.424805 5704.873047 109023.906250 
4213.982910 2526.543701 3446.038086 2272.739990 113447.695312 
8545.723633 1601.390625 1306.123047 1169.567749 367052.406250 
13071.871094 3085.279785 2877.437012 3187.535156 604286.625000 
3989.205811 2096.299316 1882.120728 1552.553467 169915.640625 
7159.061523 2121.949219 1797.685059 1371.453003 539396.125000 
7653.557129 2138.573730 1960.187622 2436.861572 432509.187500 
3055.586426 1561.361938 1499.320923 1060.600342 176625.296875 
11728.072266 3154.872803 2977.421875 3697.545898 767964.125000 
3780.349365 3505.886719 3396.714844 3758.751221 142018.578125 
5851.254395 2336.168457 1369.305786 1387.874268 268209.937500 
4127.737793 1365.084106 1082.853638 846.324341 285819.843750 
9840.645508 1791.921387 1548.745728 1333.488159 519493.593750 
3840.439941 5553.799805 4099.632812 4382.708496 118264.164062 
2772.708740 2196.287354 1973.887939 1754.417603 117917.453125 
4686.292969 1881.213867 1368.095459 1041.622070 286097.281250 
3817.598389 2141.642090 2661.013428 1720.847656 252425.718750 
3003.364258 2166.938721 1854.482422 1859.836060 138448.234375 
3454.156006 3204.353516 3108.364502 3093.332275 93105.289062 
13470.640625 1594.729370 1083.095459 975.930542 389419.718750 
4798.634766 4958.083496 4296.222656 4070.289062 65961.734375 
2960.561768 2047.924683 1593.786255 1153.666626 88081.968750 
3232.720947 2268.590576 1984.508301 2057.647217 182701.281250 
3078.200195 1730.749023 1291.621826 1169.688599 99856.406250 
10784.677734 2894.796143 1855.480957 1561.520142 290266.031250 
26706.419922 2021.624878 1353.056519 1503.164429 242268.250000 
20083.878906 1488.633179 1190.810425 908.878479 180483.984375 
4490.039551 1459.316406 1288.710693 924.012817 51662.050781 
21639.744141 1602.668945 1442.440674 1340.801880 171397.875000 
3400.374268 3446.761963 2918.580078 3230.874023 58941.246094 
12009.914062 2183.360840 1677.551270 1645.878418 145749.421875 
2944.680176 3777.174316 2589.550049 2122.750244 37652.597656 
5369.154297 1281.075439 1087.960449 763.156738 57917.070312 
12620.024414 2019.316162 1933.423096 1392.217285 151576.156250 
6841.220215 1998.214600 1396.399048 1484.386475 218332.578125 
7086.041016 2707.365723 2744.923096 2543.097900 211981.703125 
4208.848633 5494.762207 4887.297852 3323.430664 50966.570312 
3213.759521 3837.114014 3286.302734 2426.908936 36021.914062 
7117.828613 1313.506714 1004.645081 895.623840 73819.968750 
2716.099365 2434.914795 1833.908447 1572.836304 32831.496094 
3092.664062 2202.418213 1648.608276 1519.332397 40439.480469 
4029.200439 5188.195312 6717.970703 4116.838867 29902.498047 
4474.704590 1968.502197 1485.578369 920.420349 48991.246094 
3702.662354 2872.971191 2137.088379 2279.797607 64206.769531 
4182.444336 6404.698242 7024.258789 4391.313965 27435.027344 
104537.601562 4076.462891 1410.749390 922.564941 305865.625000 
9745.980469 1665.727783 1475.150269 1763.299316 187437.812500 
3469.476562 4154.285156 3455.828369 3434.811523 60372.687500 
2568.802734 2435.369141 1878.570557 1959.006592 25795.494141 
3026.735840 4036.424805 3486.222656 2633.698975 58844.152344 
4115.110352 5735.841309 5509.893066 4112.488281 64576.273438 
4923.596191 1639.163452 1250.266235 1155.781128 140211.140625 
2967.482666 3320.690186 2382.121338 2400.500977 92144.000000 
2624.965820 1988.605591 1611.676147 1247.979126 65226.851562 
3062.625488 2500.227051 1791.952393 2104.527588 128160.718750 
3191.425049 2502.440430 2307.033936 1683.646484 81679.312500 
4160.894531 2928.820312 2593.877441 2767.147461 483985.843750 
2783.253662 1955.221558 1853.923218 1936.855835 98507.437500 
3714.838379 4133.020020 4120.784668 6738.603516 139212.703125 
4062.298096 1514.095215 1250.628296 1078.156250 390260.031250 
4018.888916 2106.146484 1391.174927 1255.689087 250157.640625 
4246.479492 2062.904053 1480.424438 1267.935181 438305.187500 
5976.525391 7954.987305 7088.303223 6881.118652 134389.656250 
5805.157227 7474.740234 9643.089844 7285.807617 64022.375000 
3885.317383 2763.317627 1939.498535 2090.357666 185984.281250 
6060.768555 7529.007324 11403.142578 12446.002930 89977.679688 
4945.979492 5169.555176 3250.896240 4827.800781 197755.093750 
15038.367188 1624.437378 1203.792236 1184.931396 413638.343750 
5396.611328 5909.640137 6554.830078 6263.530762 64189.226562 
7927.192383 2338.880127 1481.410400 1347.395508 322847.781250 
4651.853516 1682.277466 1188.541504 1243.404419 178302.015625 
5651.690430 2608.050293 2520.718506 2657.445801 432377.937500 
7372.356445 4403.055176 4744.142090 4984.050781 326104.781250 
5279.017090 1897.365356 1372.005493 997.481812 116627.437500 
13101.860352 1695.162842 1436.438721 1230.379272 430458.687500 
3395.882324 3359.498047 2738.764160 2960.974365 98156.289062 
3559.775879 4234.882324 3857.662109 4433.524414 89029.625000 
11452.557617 2511.057617 1828.367554 2132.748535 362181.531250 
3802.393555 3614.755127 2386.298828 2362.803955 98451.414062 
3323.099609 3955.929443 3716.454102 3956.649658 81235.382812 
8505.312500 1588.228271 1368.266113 1396.554199 247334.781250 
13855.071289 2405.731689 1394.385254 1852.593750 202584.031250 
11199.851562 1690.161987 1532.306274 1198.875000 387777.562500 
21227.292969 1882.348389 1706.491577 986.066101 232719.593750 
6985.618164 1207.307495 912.816711 1019.164551 216011.734375 
4690.888184 1342.281860 1063.965332 730.971069 100254.250000 
4513.461914 3653.348389 2811.968018 2328.208740 74695.570312 
5535.779297 6353.086914 6713.158691 3061.220947 34143.128906 
5345.357910 2773.237793 2413.999512 1987.299072 63333.703125 
3418.824951 2028.995483 1770.880005 1383.527344 52024.843750 
4980.949707 6840.518555 7017.028809 5084.530273 47267.867188 
8010.307129 1655.414917 1311.938232 956.597900 245520.187500 
4433.701172 1381.793335 1191.989136 830.089478 117159.984375 
6165.005371 1505.757568 1175.004517 857.197266 240462.703125 
4664.400391 1202.736084 963.658325 1047.206177 87388.601562 
6072.609375 1871.844971 1696.100708 2686.960449 303425.812500 
3280.640869 3426.162598 2223.411621 3224.816406 55796.398438 
3538.049561 1557.240234 1302.533813 1204.036865 215295.015625 
6038.507324 1736.495239 1489.298462 1344.952881 274401.843750 
4285.802734 5500.645508 4726.310547 4777.449219 81318.632812 
2949.444824 1332.001587 1042.177612 929.530884 148230.656250 
4890.022461 1165.336426 810.231995 766.428894 161805.328125 
4381.492188 1523.718750 1176.958130 1266.568848 62134.058594 
5092.971680 6279.080078 4256.921387 3657.996826 46838.632812 
4307.990723 2282.388916 1780.520752 1655.192627 44099.250000 
4134.002930 1471.352051 1203.312622 950.765381 153034.125000 
8600.919922 1090.723755 1010.311218 1299.675049 140492.687500 
5656.658691 1404.162476 1189.045044 1037.871094 91597.703125 
3363.581299 1713.076782 1953.610718 1265.716431 47431.894531 
6044.860840 1652.917358 1388.117310 1079.453247 95233.382812 
19028.791016 1836.784424 1452.986572 1224.733521 292301.656250 
3495.040283 1424.496582 1049.766479 991.335144 71040.320312 
6083.336914 1353.805054 1039.519531 810.191833 40161.710938 
6948.651855 10125.583984 6470.770508 6847.855469 45721.839844 
3406.085938 2095.372070 1812.640137 1378.571289 25768.783203 
9696.848633 3669.406494 1498.666626 2313.041504 43959.007812 
6273.965332 1506.796021 1238.340576 1076.996582 28698.419922 
3849.973633 1398.155884 1015.845032 746.566345 40264.609375 
5022.760742 1422.384644 982.295898 919.484802 34954.683594 
3655.586426 1315.914795 1214.742310 867.005432 59266.644531 
3837.491699 3186.355713 2350.808350 1746.083740 30970.601562 
7168.187012 1725.320679 1183.412354 921.140808 64545.652344 
3284.404297 3681.053711 3339.673584 4007.897461 26658.599609 
3626.275391 2316.506104 1513.065918 1429.426880 88760.460938 
5668.955078 1497.849487 1304.953369 899.562988 72385.203125 
4579.165527 1412.185425 1058.618286 763.925293 150929.968750 
5608.604492 2654.844238 2106.761719 1699.646729 54203.601562 
3633.447266 6076.458984 3610.587646 3788.529297 66842.335938 
2912.826416 1479.953369 1202.796387 1045.241577 383635.687500 
3593.140137 6070.398926 4339.098633 3682.569824 84096.742188 
6288.314941 2653.938232 1973.598145 1681.289673 303554.593750 
3520.955322 1896.919800 1532.412354 1360.514038 526542.000000 
5160.360352 1851.178345 1633.226196 1141.214111 502497.437500 
3876.788086 3506.559814 3069.668213 2372.053467 117742.929688 
3456.912842 1674.620483 1398.346069 1314.621826 323723.687500 
3795.818115 2323.058105 1564.652954 1211.970947 514207.156250 
5207.484375 3481.536133 3199.184814 3915.901855 664096.062500 
11366.253906 2997.957764 3102.058350 3391.653809 663541.187500 
4123.045410 2309.886475 2133.868652 1441.178467 469160.781250 
5582.322754 2058.953857 1475.481934 1412.017700 326000.937500 
3932.980225 1725.841064 1526.783569 1045.277344 494263.406250 
7813.055176 2011.529175 1644.322266 1578.825684 254055.750000 
4072.964600 2847.838867 3159.466553 2927.299805 95760.843750 
4835.310059 7783.876465 3406.078857 4158.019043 89051.718750 
5657.977539 2017.717163 1695.651367 1373.610840 439105.125000 
4254.093262 3850.315918 3160.363770 3434.947998 140000.953125 
4843.100098 1292.269287 1007.258057 789.947632 205243.125000 
4504.632812 2691.621582 2792.751709 3201.844482 193668.546875 
4273.181641 5463.719238 6930.784668 5651.397949 62228.195312 
6682.472656 1555.406128 1311.023682 1176.409668 325704.968750 
3553.728271 2245.409912 1451.135864 1495.514160 98859.523438 
6817.615723 6701.401855 5386.224121 5726.471680 21633.316406 
5692.570801 1744.275024 1314.500610 1308.066284 386649.562500 
10977.855469 1869.714844 1238.837524 1207.434448 377652.187500 
11743.153320 1496.767212 1317.092651 1063.041992 395862.937500 
5807.259277 1462.012451 1183.647461 985.372681 314649.906250 
5813.288574 1948.245972 1440.862183 934.511597 405469.687500 
4601.030273 1233.376221 1158.293701 930.499023 372134.187500 
6037.104492 4302.664062 4533.807129 1844.257324 83624.890625 
8246.199219 1434.556396 1217.415283 965.635193 199699.171875 
5926.137207 1918.680908 1661.899292 1634.637695 410748.062500 
3973.478027 7400.621094 4145.354004 6490.057129 44426.117188 
