151.382858 10.396058 3.636688 2.908618 1.747800 
172.771378 13.132853 3.887827 1.659957 1.704090 
166.705460 12.126284 3.790005 2.435575 1.408170 
170.872437 12.365341 4.161240 2.137506 1.708494 
163.831833 9.445329 3.893647 3.272415 1.393522 
158.616684 12.430400 4.806164 2.392561 1.858491 
185.253220 14.952380 3.047002 2.805312 1.413815 
220.141144 16.265982 3.746305 2.594456 1.318751 
190.208923 13.275242 4.435439 2.582689 1.172494 
217.975296 14.106836 4.511892 2.392075 1.918730 
169.621231 11.391044 3.319207 2.048562 1.498216 
182.715347 13.425159 4.131196 2.136752 1.719655 
204.884598 16.083776 4.191405 2.746497 1.963871 
171.266022 13.630832 5.106519 3.345841 1.731658 
201.184967 13.905980 4.614626 2.970289 2.212624 
183.831955 18.763834 4.249923 2.710720 1.795392 
198.028412 12.991543 3.315091 3.065323 2.390480 
238.381577 15.764543 3.918914 2.452238 1.512843 
190.989044 19.743244 2.962436 2.831419 1.372342 
211.615845 16.910458 4.003175 2.122070 1.829083 
202.944962 13.376302 3.655788 2.345707 2.383580 
222.821991 18.460712 3.764474 2.459164 2.384203 
214.508575 16.109364 4.758857 2.555382 1.585388 
226.017380 20.394499 3.519808 2.703764 1.693457 
203.467651 19.700603 4.390807 2.576180 2.212090 
204.173294 18.933275 4.953445 4.204223 1.519481 
206.256668 21.984715 4.268264 2.410986 2.020063 
189.994904 21.152958 5.477777 1.873264 1.801537 
226.577026 22.060850 6.782145 2.338374 1.703777 
246.196701 23.309414 4.159431 2.954439 2.183728 
176.107193 22.944355 4.671146 3.117075 1.525265 
286.290405 32.814434 4.954506 4.152539 1.549645 
275.449158 38.368263 6.498685 3.102567 2.737164 
254.905014 27.556677 5.443309 2.957093 1.567720 
191.331955 21.032419 3.803683 1.883536 1.493075 
255.662643 26.856659 5.140601 2.293101 2.110371 
200.796005 25.302006 4.052235 3.244804 1.620541 
279.169189 42.515892 4.466155 2.359105 1.590338 
209.915543 24.913557 4.738085 1.773384 2.245881 
230.792877 27.372561 5.340469 2.467880 1.954628 
220.614822 21.089985 5.178123 2.719939 1.621941 
255.286606 26.132456 4.074465 2.608601 2.182981 
244.734436 43.085705 4.824855 2.854962 1.788367 
226.574417 27.551716 4.170791 3.558884 1.689040 
204.206955 26.751848 6.066280 1.793274 2.355264 
242.459167 27.131084 4.842111 2.556770 2.198423 
325.713379 44.552395 5.610240 3.544847 1.533725 
307.104889 43.784046 7.415694 2.758401 1.763083 
302.832062 44.472588 5.711401 2.264184 2.201667 
240.082733 31.146639 5.945471 3.400823 1.981920 
270.020996 34.854473 6.579131 3.385712 2.390986 
304.930969 47.487526 5.392024 1.973332 2.251560 
256.954254 35.812469 5.429395 3.982985 1.889585 
295.633636 52.768486 5.680760 3.348576 2.499097 
327.252594 47.560627 5.756907 2.612525 2.361563 
328.076111 43.851059 6.474331 2.473163 1.833870 
270.779968 38.464729 4.865733 2.857307 1.740818 
293.914490 49.889683 8.343054 2.069638 0.980137 
296.279083 38.809509 4.467113 3.218425 2.738534 
326.494415 48.764076 7.017192 2.668278 2.265176 
352.550690 58.178421 9.669157 2.744235 2.863136 
229.856705 36.759491 6.803189 3.118280 1.562338 
396.378326 78.136528 6.992148 2.994869 2.087397 
306.549133 58.663006 9.785685 3.208121 2.405591 
338.414368 78.844254 8.843643 2.864802 2.304381 
350.397034 81.692360 9.221754 2.974943 2.123340 
365.280121 66.039322 9.472824 4.667123 2.845729 
379.343994 85.093597 14.271932 4.184265 1.927663 
282.968597 51.080669 7.676260 2.882672 1.959482 
392.042450 91.514633 11.338080 4.669497 2.303783 
378.839081 93.048203 11.959259 2.613840 1.386857 
401.220093 195.622787 21.368158 4.530869 1.677363 
297.187134 54.262421 7.540803 2.678711 2.522692 
330.194916 79.252045 9.836293 4.021618 2.827931 
238.165726 32.841682 5.896772 3.747431 2.315327 
300.487183 67.114273 11.662954 3.333552 2.530411 
364.667572 109.914680 12.775311 3.258465 2.583601 
367.312317 115.059410 18.650917 5.386547 1.984968 
414.230438 122.772293 11.372295 3.647734 3.045605 
307.552734 76.302917 12.570937 4.162400 2.167156 
319.805145 102.568916 12.681641 4.924591 2.799356 
311.569427 78.583336 13.145920 3.298346 2.130423 
287.290680 177.759720 29.476810 4.020476 1.414433 
305.618591 236.143295 38.687153 4.735634 1.989992 
303.910583 137.663101 24.788984 3.724851 1.849108 
333.914764 102.540329 18.670303 3.978223 1.524229 
279.372040 193.985550 33.350052 6.865016 2.602008 
306.685944 125.908463 13.198284 2.689682 2.544488 
286.755768 156.531982 15.850168 2.641157 1.650472 
263.760254 171.364410 25.046671 4.708422 2.449734 
145.062149 428.452911 107.961960 14.334325 4.159904 
225.931000 245.991089 32.621666 5.677242 1.853943 
260.568726 207.721100 28.684406 5.858352 2.283396 
244.769119 178.779999 31.968124 4.622371 1.959322 
134.095200 370.014099 146.218903 22.348024 5.034040 
140.632446 324.471344 132.246429 14.650515 2.234075 
148.524796 317.838379 116.974388 10.210089 3.851911 
195.975677 167.960358 29.404284 3.671917 2.421197 
210.146515 166.331482 35.252735 4.357114 2.732594 
145.473816 349.337158 90.023590 6.716856 3.137769 
127.282372 249.502151 148.397766 13.930219 4.537875 
132.544769 208.357391 74.824905 10.733323 2.720383 
142.282730 259.506927 49.393841 7.019930 3.001271 
125.517555 277.653473 123.221634 12.953788 4.049280 
136.943359 278.115967 94.217865 11.161088 2.559873 
132.110901 245.785919 88.892822 13.211405 1.956203 
138.318512 312.744690 110.211632 14.170696 3.814860 
128.413910 305.474243 147.681320 17.372099 3.275314 
124.433762 220.536270 136.003311 25.307896 2.700133 
140.627045 251.674438 72.033920 11.272962 2.890530 
124.017326 213.120911 144.074631 22.476288 4.218179 
117.925941 237.406143 186.292603 33.316032 5.863969 
135.626892 101.476723 295.905914 59.355156 10.477030 
137.983765 25.714935 222.396744 170.309601 17.939980 
120.411072 159.851730 238.534225 30.957779 7.217529 
126.389671 214.285263 158.342545 29.456827 6.121812 
107.481209 167.578171 107.933159 14.943412 4.349952 
144.728287 183.016556 115.044655 17.339211 4.500715 
111.969215 157.068207 233.795792 46.442394 8.576599 
139.640213 47.238178 286.272980 109.041328 20.718807 
128.967743 48.796204 222.239075 103.917099 21.979359 
141.128922 33.771362 299.476624 158.150391 40.152409 
115.171638 216.015198 102.415962 14.490070 3.791064 
142.794067 27.550735 253.496811 149.381744 28.208639 
132.390747 34.258297 174.869934 122.759995 29.636261 
136.255219 75.652565 258.369232 62.532867 14.253007 
120.207809 146.742737 175.486496 42.806366 7.762039 
158.774475 31.704193 226.851837 144.207718 25.415329 
165.847412 29.104240 71.074844 235.072678 206.742828 
177.630859 28.553493 203.751678 165.724197 42.410156 
152.047150 28.338238 38.355545 238.052826 167.931091 
149.610306 28.811359 14.109129 331.754761 346.836914 
160.331696 29.731091 44.724415 250.880203 172.039520 
162.287735 29.506874 28.533495 212.849960 160.508987 
168.051498 33.207661 10.946095 105.812416 403.419220 
152.879517 31.264059 78.903954 253.770111 188.511581 
157.054260 29.491875 107.790184 180.975388 83.321365 
146.429794 29.056725 15.177384 191.524963 291.068634 
156.322937 32.820889 63.257824 237.400024 219.340073 
199.180542 54.627800 16.328270 37.548401 532.891174 
181.657349 41.635990 13.412505 30.914257 728.855530 
174.621582 41.929501 16.880638 225.177216 394.454254 
165.201782 36.939598 13.539941 199.551804 305.938995 
155.408493 42.070827 14.151939 153.956757 333.148560 
195.934097 47.835598 18.401243 14.257360 661.084106 
172.277847 47.529400 21.734264 84.096214 566.496460 
177.535294 46.189289 16.186468 18.877262 770.588379 
185.790009 68.207329 34.899715 30.641323 1174.384033 
147.087097 43.627186 15.100150 16.901419 796.178894 
176.128571 57.671295 25.725658 18.507681 1032.538940 
194.600601 50.558586 19.733622 14.357058 1597.149048 
187.973434 66.624687 29.237053 22.504345 1934.363892 
191.949646 62.166485 31.316643 23.960955 2093.006348 
158.250183 48.472927 16.773174 16.915102 923.272095 
187.386108 68.225792 29.545481 23.436361 1364.419434 
212.069824 74.496078 34.779411 26.079943 1808.063354 
199.645859 67.302261 35.743874 30.971317 2383.702393 
196.849945 73.217194 33.611759 27.525106 2059.337646 
196.765915 74.085709 24.200090 15.668321 2105.833496 
190.514557 82.288910 36.946705 28.509186 1677.744385 
185.334000 64.557480 28.967833 19.206074 1391.883911 
224.644547 94.403427 55.060471 44.019978 1675.939209 
197.288315 71.470497 31.484232 24.272642 3521.150879 
191.662292 88.628036 31.600672 18.894325 1161.410645 
187.774902 62.012207 17.201065 8.664954 2054.607178 
232.029663 100.128845 53.839760 46.674030 2392.692871 
179.533585 68.638206 26.115522 15.672771 2311.566895 
189.843506 101.305428 40.553902 33.495060 1420.872437 
183.211975 100.980843 45.656776 36.820477 889.596069 
229.878540 117.758644 75.597130 61.005657 1751.844482 
201.531891 109.774948 48.478790 30.248510 2399.011230 
177.567215 89.278740 42.529751 31.543983 1548.291748 
200.899857 101.772926 60.064030 50.277920 1686.345337 
198.943375 98.333061 53.306408 32.675171 1577.210938 
207.349335 99.653656 44.077934 31.498392 2618.707520 
220.598022 109.840706 54.696548 36.658344 2653.421875 
208.029465 114.096512 55.679256 30.686924 2172.347900 
251.160843 154.884277 98.961983 83.105705 2055.236084 
220.275085 139.586823 74.555107 53.706329 2005.952148 
199.322174 99.401360 60.869034 36.879292 1702.437256 
208.174332 115.569740 41.738678 27.758919 3783.663330 
206.575043 118.701118 49.576363 34.906040 2490.794434 
222.657288 127.017853 67.229881 41.049450 2565.229736 
206.603119 113.686615 53.810928 34.530064 3120.888916 
196.126541 116.799042 40.416218 23.703655 3135.897949 
233.484924 141.611313 71.252846 48.734688 4143.089844 
190.468887 103.756226 32.508682 19.431166 3794.942383 
229.646011 146.721344 92.692001 72.637558 3750.444336 
218.978195 133.119049 74.015282 52.080582 2931.581055 
234.795502 150.500610 84.034935 72.924599 5612.871094 
241.737564 145.360535 81.069809 51.229687 1725.207886 
217.021805 120.076828 51.862206 32.943008 3794.085205 
231.463898 148.077805 88.293724 49.690044 3749.129150 
197.712448 104.182808 50.199394 38.271236 3473.760986 
236.429947 171.057556 81.823723 49.256248 2645.984863 
251.140289 193.133423 115.705765 87.488075 2319.708984 
212.917007 127.050682 58.887135 32.719902 3229.146729 
221.607803 146.551544 75.599770 50.797268 4817.050781 
258.990234 172.853165 91.038841 56.693199 3088.109619 
218.948212 129.979675 49.059372 24.331686 5963.950195 
235.868835 141.225662 73.775261 39.800526 3706.663330 
224.518494 126.682907 71.693710 52.948921 3482.183594 
316.335999 215.724106 135.809967 96.339981 3471.798096 
236.627289 130.377945 70.281158 47.639099 3702.266846 
261.714508 171.168381 81.173027 55.903763 3834.868408 
227.909164 132.871292 64.234924 35.212231 4976.269531 
220.781754 145.815094 87.334145 56.933178 3027.032227 
245.465073 159.602051 79.883392 47.753441 3197.790283 
231.676773 138.357910 49.670311 28.602217 4404.734375 
271.446991 172.877579 90.948486 60.142170 5021.543945 
281.031616 192.775757 106.907516 65.522301 8048.500000 
300.333130 179.193893 82.608582 43.756142 3020.692871 
309.823853 242.179688 166.061920 104.326416 2891.528076 
232.673019 169.609406 72.423889 37.151325 3108.293945 
236.767807 104.935326 40.725426 30.976460 5622.464355 
256.886932 142.028244 57.704922 29.950787 6687.706055 
303.002838 187.903259 95.007019 62.187931 5838.311523 
259.776581 173.735458 104.492348 66.900208 8904.716797 
253.490677 176.180038 102.182053 70.222023 4742.402832 
267.880005 169.235138 86.299774 52.892052 4207.604492 
297.753082 217.804367 114.872856 74.802681 4040.390137 
251.588806 140.542709 60.933067 30.032288 5317.971680 
272.645752 173.728088 81.371094 41.814632 5129.739746 
347.112610 204.096863 111.687721 59.365406 4250.451660 
385.908203 294.491394 204.795059 168.994553 7695.324707 
341.696320 273.283417 178.168259 103.037727 3311.761719 
327.417267 202.925842 107.748459 49.676109 4791.164551 
376.159454 283.456818 142.418106 109.718323 5202.890625 
316.046692 222.353226 119.874466 78.413902 5564.519043 
304.440552 172.995163 63.325836 27.399021 5669.493164 
299.158936 208.281036 108.770805 73.732666 3967.365479 
304.827789 211.284439 87.942360 37.535305 6003.724121 
291.907043 156.094376 101.043739 60.967472 5205.384766 
301.777893 170.311691 71.185852 44.210644 6938.978027 
397.964264 301.859741 163.949051 81.177368 3745.719727 
271.736816 165.263412 63.386456 39.004391 6308.207520 
295.614685 178.939758 81.093704 46.674644 4310.323242 
337.463715 188.118988 88.559868 47.055737 4753.360352 
325.314880 200.468948 119.284500 68.701645 5239.166504 
303.988251 184.149170 88.052834 61.154930 4511.560547 
447.549561 306.824646 154.298233 110.921806 6144.719238 
336.610107 190.197159 92.013107 64.127518 6529.888184 
344.008423 236.368256 118.170166 75.993301 4291.094727 
328.466064 169.796249 79.256950 32.160965 6702.659668 
410.242035 319.910004 156.820892 77.879311 4319.346191 
1115.397583 895.695312 506.962646 196.350281 10518.686523 
313.843475 192.583939 95.282364 58.040165 3943.597412 
328.214386 181.935608 84.586639 44.592983 6096.939453 
427.981171 289.137238 140.245361 60.524612 5957.046875 
525.603882 367.501984 229.129349 153.197983 9058.087891 
324.199371 213.474686 95.645805 63.718288 3811.122314 
422.891235 257.655975 135.481125 67.756912 7332.501465 
370.297089 251.063400 129.858795 93.256760 4445.164551 
1289.661499 849.483276 455.526123 238.559479 11719.415039 
373.017456 245.545761 120.195091 70.070625 4853.471680 
393.660339 230.389297 100.107796 56.931774 6416.985352 
36789750333440.000000 10417428480.000000 420472576.000000 899029120.000000 501333.218750 
402.351624 252.472137 138.390839 75.656479 8875.833984 
1772.434570 1074.696167 293.604309 100.106117 11138.187500 
561.724365 532.711060 377.345276 228.888336 7626.255859 
611.374390 378.455383 169.346802 89.629974 7693.553711 
556.037781 342.763611 149.428757 114.471733 8938.586914 
390.518890 219.743866 124.630013 71.795776 6194.099121 
447.937958 252.461502 134.465912 54.389133 5592.492188 
409.764526 235.148651 97.896370 48.074333 6180.835938 
553.360718 368.419891 181.078644 105.438103 6066.559570 
61175540.000000 50090.367188 617424.062500 6669.629883 4736.840332 
472.289551 308.537964 134.990982 93.542290 6974.053223 
675.815735 439.222748 243.722107 143.893158 6000.339844 
1050.831421 764.744324 322.402496 161.484055 7726.661133 
484.719818 291.174866 159.288422 65.770332 6596.412109 
701.990295 478.401154 196.820740 98.377380 7549.299316 
628.888123 338.055237 187.185547 69.081894 8496.389648 
700.708313 438.182770 205.517761 110.772789 5584.622559 
448.361603 264.264801 104.077118 61.634644 4711.074707 
1366.126709 477.643829 203.834320 86.959282 6555.384766 
626.924683 463.796722 293.156219 172.356537 7602.615234 
681.338867 407.009583 208.102554 95.630562 6948.895020 
2777.773438 1308.297241 530.105469 281.728271 9107.782227 
2777.841797 1120.237915 348.802399 185.128937 11661.267578 
537.491638 309.988403 140.107529 63.594715 7257.454590 
614.610840 491.151825 328.158325 228.341721 12697.159180 
3370.848145 554.541016 208.698380 104.245544 11797.585938 
635.677246 412.788696 236.235519 167.285416 7622.748047 
634.625122 398.143799 221.492767 120.784767 7598.558105 
442.738068 258.791565 127.005066 40.422298 7253.428223 
1135.823242 381.805298 291.257080 156.847900 6486.063965 
633.734131 394.585480 154.479965 65.152084 5952.613770 
13118.027344 992.497681 746.963318 754.915283 5607.826172 
728.189819 587.229858 371.487823 300.212158 8013.232910 
826.956360 520.179565 220.098877 136.732422 6717.291504 
1006367296.000000 245240.484375 4447057.000000 3248723.250000 164.159912 
561.373047 300.440765 146.741684 62.819035 8865.287109 
527.778870 313.839355 141.889130 68.252449 8433.836914 
575.218323 349.247040 187.093430 116.090897 8570.652344 
520.534424 297.450958 119.860146 60.499557 10463.851562 
1194.197754 654.654175 260.687836 135.695099 7821.349121 
594.787292 380.382935 181.173889 80.919769 6661.670410 
9468.600586 1456.875977 363.121521 115.914757 12367.556641 
625.616699 399.806702 168.479996 88.881401 6516.640137 
16523425.000000 3467.623291 5766.345215 5491.086914 54017.558594 
688.960083 480.793091 254.514984 154.504593 9133.766602 
631.720886 408.687714 254.117493 121.130684 7648.194336 
163077.593750 412.631897 101.007202 83.592072 196.011398 
1130.263550 695.124573 296.036499 164.873459 8852.494141 
67102022117097472.000000 20756934843957248.000000 36373244806168576.000000 225432491085791232.000000 48600235114496.000000 
2415.253906 1828.347290 697.319580 261.151825 12172.403320 
545.212280 314.464569 192.645065 108.815170 12579.001953 
690.777710 595.100220 348.397217 226.074112 7439.370605 
681.693176 501.646606 259.618103 77.610680 8578.353516 
431.621124 259.721619 154.200943 78.366180 7886.641113 
60797336.000000 216706.640625 31967.412109 11243.934570 293714.843750 
924.628784 439.770874 152.172195 74.743553 5408.871094 
451.336029 321.897491 152.776093 63.064579 5164.242188 
533.444824 386.014862 208.923126 118.109032 9161.709961 
143933997355691409408.000000 35272757213102982027018240.000000 129006315934005398394529382400.000000 40275912532783475996981570043904.000000 43773902325983881470148608.000000 
380.688782 210.233597 96.898682 73.766083 5767.737793 
349.949677 208.711914 102.441040 58.585209 5876.673340 
363.436646 255.668198 146.400589 77.717941 7807.420898 
720.288879 687.515686 383.762207 201.649582 7686.676270 
458.008148 364.752167 239.990356 175.393234 8899.047852 
568.471375 484.924927 263.914612 183.134003 6050.242188 
460.068909 378.774933 201.882233 123.348572 5863.231445 
451.579773 299.424286 172.924728 72.569916 8015.361328 
402.503052 311.101959 169.611694 111.188133 7095.080566 
376.812439 269.400848 129.244507 83.915817 5593.302246 
319.337738 171.060150 85.815880 40.377480 6165.344238 
986.703369 725.880920 336.895294 170.893448 8198.936523 
368.315125 261.200165 144.821625 65.209900 6317.199707 
349.976562 240.952866 103.644234 55.455261 5088.788574 
453.907593 292.048615 140.889603 69.268517 4512.830566 
509.594910 370.292023 184.546661 99.678505 5803.456543 
390.760010 209.832840 163.011276 95.198807 4308.718750 
307.789948 185.943665 97.161751 71.573135 5442.892578 
338.904907 226.619156 132.581924 88.755684 6485.403809 
391.250458 269.866577 135.276230 90.604156 5495.810547 
324.817749 179.594040 93.115997 45.544247 7761.307129 
384.246307 239.317184 129.783279 76.339561 7808.145020 
283.983521 198.008347 97.445763 57.483330 4135.475586 
375.685883 231.339172 146.507065 85.084038 6423.864746 
525.984985 410.880737 241.400131 144.274750 7533.345215 
443.281006 381.892670 248.077316 147.635406 8262.595703 
430.088165 388.967896 245.264267 144.391006 5304.261230 
929.398438 808.218933 475.246368 241.387787 12346.571289 
1080.495483 1359.421021 625.203979 241.543030 5918.801270 
373.354950 229.288223 92.525719 49.142311 6241.108398 
459.638458 331.771973 158.919556 57.578022 4487.003418 
292.080353 173.692444 72.344307 42.515976 7198.084961 
332.532623 217.708374 113.712242 64.061646 4233.357422 
347.942078 255.799759 126.925720 51.987537 7774.220215 
536.469971 533.532593 360.695282 265.277649 9668.523438 
461.566071 358.182953 183.377884 91.021805 4552.698242 
339.716797 262.276703 119.572502 60.058399 6820.501465 
301.456726 212.183212 113.300888 63.617531 5517.669922 
249.469223 159.843826 69.443275 41.094402 4290.036133 
311.851624 226.211868 128.546783 86.649689 4887.541016 
388.636871 309.274323 178.599594 138.478973 4935.326172 
290.918182 153.866730 70.634804 38.013294 6287.384766 
356.041962 298.511749 176.158142 113.262032 5217.302246 
334.181030 188.402908 91.529396 44.675404 5235.244141 
339.286011 194.219772 84.464142 40.492397 5498.561035 
372.027313 256.510864 133.963470 58.035400 7662.035156 
283.257111 188.447342 123.131920 90.990295 3183.992432 
303.898743 232.187866 133.625183 81.380196 4542.950684 
498.436920 478.939880 277.880188 142.788895 4186.792480 
316.766174 212.846512 125.038109 94.931290 4795.728516 
338.005768 242.663239 146.219925 96.231712 5420.347656 
277.866760 145.945114 71.082047 37.017784 5538.766602 
385.726654 292.690186 151.401047 90.693665 6434.574219 
410.330994 324.659088 183.217682 122.414459 7313.652832 
298.541077 165.757919 84.189323 53.701107 7989.412598 
395.508820 280.856934 169.242233 116.321594 7051.790039 
282.402252 166.352539 94.442574 61.745163 5627.129883 
291.201874 204.305237 94.187859 53.560863 10844.122070 
473.265717 450.454010 266.105621 179.373428 6645.788574 
350.829529 221.282623 126.498138 93.689796 5785.192871 
353.086914 221.442352 133.153000 75.464584 6846.095215 
506.741333 466.492462 338.509460 236.646210 8849.642578 
639.053345 529.879700 309.166321 181.690384 7069.416992 
331.033783 214.628357 81.798141 46.861603 4479.259277 
717.657349 454.790222 192.876419 77.191055 7942.506836 
319.329834 224.139206 109.492195 55.194668 4389.900391 
632.297058 41361.625000 4491.560059 598.442261 9.871164 
498.279114 437.969025 325.627319 245.250473 6214.261719 
535.381470 485.275299 240.979340 166.424240 7996.956543 
498.758209 368.140900 177.347076 72.623985 6562.428711 
291.249603 181.437805 76.792236 42.685577 5673.386230 
491.901398 403.583344 214.863251 138.490356 5156.397461 
360.906158 218.505569 102.536133 52.060581 5987.223633 
324.159607 229.002792 156.777939 97.566414 3807.089600 
405.171173 265.673553 125.654846 65.408157 6211.211914 
384.934692 302.276703 193.062561 107.504204 6093.096191 
290.825470 172.615219 88.177658 49.409286 6345.396484 
485.611908 433.638000 230.517746 120.662025 7632.740234 
318.415192 186.889862 109.301620 71.929413 7305.154785 
318.854065 226.357620 90.216225 47.096928 4922.179688 
407.803894 310.402252 151.826157 85.232330 5415.493164 
292.718445 221.254044 121.783516 88.886871 5600.291016 
309.569489 214.450027 102.580521 50.538696 6909.490234 
476.585785 489.043854 264.416504 154.875931 5691.798340 
285.046051 167.599762 68.899506 41.515862 6615.011230 
376.080658 268.939789 135.311905 63.524651 5913.191406 
369.998322 266.583069 135.529648 75.299469 4932.591797 
455.379730 380.024048 238.125549 155.676697 7427.482910 
759.724548 634.773621 333.863098 182.814545 7734.451660 
706.329590 559.983582 216.000870 86.093651 5570.312012 
362.502014 293.877655 186.799286 152.278046 6222.112793 
436.692474 387.194092 229.677811 115.209526 5331.787109 
365.773224 279.469482 175.429016 129.560120 7612.083008 
392.022736 304.403809 165.596619 98.390335 7846.157227 
1174.761597 906.845459 343.967896 106.017914 7459.743164 
588.867737 750.598511 509.640656 441.091339 9238.604492 
471.297729 432.583069 263.286163 167.473801 6534.860840 
329.384277 237.531876 104.518105 67.095589 5438.365723 
341.039551 224.754013 124.689873 61.333641 9086.111328 
348.132233 227.306168 114.707230 57.124008 8383.867188 
312.260254 194.032349 102.508560 49.345802 4473.770996 
414.267395 353.401825 166.909912 115.411949 4086.243164 
479.800232 332.027954 181.306305 98.333099 6405.698242 
274.925934 206.790024 95.301018 68.112640 3741.577881 
306.613342 194.078873 90.540878 59.865036 4476.165527 
406.020416 317.669525 213.876144 142.786911 6747.655273 
318.432373 204.059479 98.214882 42.012459 6922.608887 
492.265686 382.741028 161.461761 70.129990 4339.481445 
295.191864 182.228958 98.053505 55.142887 6995.851074 
320.476776 222.290344 113.963226 74.417587 7971.108887 
316.617554 194.871384 108.263741 57.014793 4635.045410 
393.165070 263.050629 151.755386 87.145966 4785.925293 
378.899963 264.370422 139.115936 88.451134 6424.534180 
1233.542725 724.356262 301.025238 145.273895 8980.678711 
5376165.500000 3357.085449 85.195923 25.252539 18.210213 
368.759796 270.879761 157.423859 98.441330 7764.340332 
352.995544 273.997559 183.694550 120.597961 6045.641602 
357.918060 199.608749 95.655952 42.729343 6427.072266 
388.331512 237.903946 118.519173 75.946121 8328.187500 
420.497559 359.319641 213.720367 130.903183 6278.410156 
441.358887 399.634949 257.310150 146.370392 7199.133789 
276.496918 153.950607 62.244354 29.817598 5066.020020 
319.287384 196.915878 107.402939 61.236912 5082.055176 
485.604523 376.482697 222.665421 225.771713 9987.473633 
451.068085 259.679138 110.159554 53.456715 6522.641113 
366.978363 277.311157 176.517365 104.855659 5236.810059 
344.618591 216.370667 103.304039 40.354038 4024.933594 
324.190308 179.409485 94.908173 38.522774 7463.190918 
340.326447 153.759155 87.816307 44.790833 6425.593262 
293.196564 154.753845 82.938202 51.767391 5901.854004 
527.700195 414.027649 208.165924 117.022789 5996.087891 
360.563080 305.585999 189.625015 123.165550 5613.598145 
355.795746 248.325241 119.696922 61.451141 5450.486328 
335.640778 212.403625 110.470428 67.987289 5147.682617 
493.933441 405.023682 261.421478 124.239334 9170.198242 
387.466248 281.488037 166.237778 94.027420 5555.722656 
332.961426 251.480789 126.568832 84.549454 5166.590332 
283.395630 182.802643 81.279221 46.923477 4270.327148 
334.991974 209.015549 116.631744 76.235207 4451.190918 
1258445.250000 72746.773438 12491.928711 6081.068848 92116.195312 
442.980194 397.293030 216.869339 134.441925 4844.864746 
305.163025 232.643112 136.698059 77.632576 4765.290527 
309.548767 182.511993 79.602936 33.908283 7064.163086 
446.731293 405.599152 258.156006 148.035187 6324.387207 
357.460724 284.063629 184.592545 117.987923 5942.856934 
373.049133 234.595779 107.470985 50.881737 7813.947754 
279.173004 179.856873 92.029503 41.373238 4197.088867 
434.154572 348.127533 191.785233 119.759514 4194.152344 
46426.289062 2430.154785 1130.700195 643.399109 36247.203125 
307.895447 188.621826 86.103722 58.701477 6254.628906 
352.843475 212.318817 106.615074 64.216034 7970.920898 
376.004852 286.539917 182.232315 106.400337 4277.856934 
938.239258 467.000031 169.699661 69.554222 5099.407227 
405.317993 297.737091 174.599640 90.594643 3789.964355 
378.113129 316.922760 181.224213 125.898872 3986.843994 
409.809784 386.798676 222.052536 128.096542 5372.335938 
352.531494 254.445175 116.576111 63.491840 5759.722656 
739.440857 814.288330 507.954926 390.243347 6945.416504 
286.399811 159.558456 79.063629 46.434296 5627.641602 
342.577026 208.990891 108.375801 77.462044 5722.213867 
381.458466 245.282288 118.374115 71.591705 3447.710693 
330.997284 193.517380 79.078438 46.555191 5576.707031 
343.134827 252.834763 155.244690 111.749649 4797.062988 
311.615540 203.823395 99.270859 58.495876 4665.821289 
519.066895 487.619232 267.149475 121.841049 6479.208496 
310.625702 212.773895 110.270813 65.466469 5524.116699 
640.129456 610.491089 366.840546 197.963821 8436.730469 
321.579865 187.647690 88.808266 47.508331 4663.498047 
289.681061 170.239059 78.147438 43.808685 5467.483887 
305.008514 208.225327 104.467278 63.477047 4280.652832 
357.842560 242.365463 164.566879 104.274910 4855.363281 
422.553375 350.696503 214.413162 110.271629 6299.248535 
474.221954 366.974396 177.628876 85.506897 4541.448242 
358.017273 291.310455 116.325356 55.652027 7652.202148 
317.380890 208.496124 105.944832 75.909111 4775.658691 
347.140411 210.360748 122.824097 62.101051 4309.216309 
307.336029 204.980545 85.575203 59.536655 5049.176270 
329.156311 181.830475 85.015228 53.032253 4012.637451 
251.476181 161.051407 94.473755 65.221237 4842.819824 
357.251587 237.974213 118.901779 81.173676 6904.156738 
387.292267 274.307312 171.086777 97.509804 6880.148926 
366.981354 247.608582 120.137032 49.720940 8659.597656 
15620.997070 517.068237 150.856644 38.023346 12208.889648 
347.109283 219.041168 109.909058 64.281990 4520.282715 
