Episode: 1: [[0. 0. 0.]
 [0. 0. 0.]
 [0. 0. 0.]] 
Episode: 2: [[-9.9999497e-06 -9.9939389e-06 -9.9920380e-06]
 [-9.9992512e-06 -9.9355675e-06 -9.8700712e-06]
 [-9.9998615e-06 -9.9817908e-06 -9.9726540e-06]] 
Episode: 3: [[-1.1022367e-05 -1.0168927e-05 -1.0029403e-05]
 [-1.0617204e-05 -1.4589184e-05 -1.0974334e-05]
 [-1.0517374e-05 -1.1159971e-05 -9.2903956e-06]] 
Episode: 4: [[-9.4011875e-06 -7.8929716e-06 -7.5374614e-06]
 [-8.7487970e-06 -1.6970023e-05 -9.9249828e-06]
 [-8.4638386e-06 -1.0150547e-05 -6.3474909e-06]] 
Episode: 5: [[-4.7460085e-06 -2.9342173e-06 -2.3336513e-06]
 [-4.5470615e-06 -1.7864264e-05 -7.1141631e-06]
 [-4.0218565e-06 -7.4467889e-06 -1.5518001e-06]] 
Episode: 6: [[-6.2102113e-06 -3.8992148e-06 -3.2396492e-06]
 [-5.9526310e-06 -2.1984239e-05 -8.9090718e-06]
 [-5.3731264e-06 -9.3488834e-06 -2.1085125e-06]] 
Episode: 7: [[-8.5018301e-06 -5.8929559e-06 -5.1413622e-06]
 [-8.5522588e-06 -2.6474921e-05 -1.2029647e-05]
 [-7.8925495e-06 -1.2618499e-05 -4.2930137e-06]] 
Episode: 8: [[-7.12975498e-06 -4.28097110e-06 -3.44927275e-06]
 [-7.47549575e-06 -2.87268267e-05 -1.15660932e-05]
 [-6.73515160e-06 -1.22596075e-05 -2.98088821e-06]] 
Episode: 9: [[-3.37017354e-06 -6.18669333e-07  4.47565270e-07]
 [-4.22483572e-06 -2.98064260e-05 -9.85310453e-06]
 [-3.23602330e-06 -1.06198795e-05  1.44876253e-07]] 
Episode: 10: [[-1.9334782e-06  5.6068194e-07  1.9046876e-06]
 [-3.3888973e-06 -3.2074626e-05 -1.0507166e-05]
 [-2.1139861e-06 -1.1355770e-05  6.8615890e-07]] 
Episode: 11: [[-1.9117992e-06  2.5737668e-07  1.9556635e-06]
 [-4.0025548e-06 -3.5919144e-05 -1.2779436e-05]
 [-2.3679756e-06 -1.3717691e-05 -1.9077079e-07]] 
Episode: 12: [[-2.3441676e-06 -2.1072130e-07  1.7407517e-06]
 [-4.8388642e-06 -4.0415656e-05 -1.4862858e-05]
 [-2.9457028e-06 -1.5902515e-05 -9.2000408e-07]] 
Episode: 13: [[-5.7383654e-06 -3.6714841e-06 -1.4923060e-06]
 [-8.5355032e-06 -4.6681467e-05 -1.9477100e-05]
 [-6.4141022e-06 -2.0607786e-05 -4.5330567e-06]] 
Episode: 14: [[-9.4833495e-06 -7.4361842e-06 -5.0631579e-06]
 [-1.2462841e-05 -5.2701565e-05 -2.4147097e-05]
 [-1.0145095e-05 -2.5356803e-05 -8.3149698e-06]] 
Episode: 15: [[-1.4746229e-05 -1.2826713e-05 -1.0293297e-05]
 [-1.7959426e-05 -5.9835264e-05 -3.0205394e-05]
 [-1.5478379e-05 -3.1490985e-05 -1.3793888e-05]] 
Episode: 16: [[-1.8263861e-05 -1.6495009e-05 -1.3856469e-05]
 [-2.1781663e-05 -6.5066961e-05 -3.4440982e-05]
 [-1.9191157e-05 -3.5798439e-05 -1.7728609e-05]] 
Episode: 17: [[-2.3675966e-05 -2.2013535e-05 -1.9300513e-05]
 [-2.7323080e-05 -7.1478309e-05 -4.0204974e-05]
 [-2.4650126e-05 -4.1614334e-05 -2.3306164e-05]] 
Episode: 18: [[-2.8990782e-05 -2.7215430e-05 -2.4564342e-05]
 [-3.2543539e-05 -7.6656012e-05 -4.5028060e-05]
 [-2.9927462e-05 -4.6479156e-05 -2.8418915e-05]] 
Episode: 19: [[-3.4328306e-05 -3.2272164e-05 -2.9761757e-05]
 [-3.7651709e-05 -8.0789207e-05 -4.9404691e-05]
 [-3.5172863e-05 -5.0900981e-05 -3.3309851e-05]] 
Episode: 20: [[-3.9297167e-05 -3.6900296e-05 -3.4615146e-05]
 [-4.2333129e-05 -8.3296341e-05 -5.2994161e-05]
 [-4.0077506e-05 -5.4528980e-05 -3.7801248e-05]] 
Episode: 21: [[-4.4348260e-05 -4.1715928e-05 -3.9571332e-05]
 [-4.7198682e-05 -8.6566986e-05 -5.7119316e-05]
 [-4.5079149e-05 -5.8698755e-05 -4.2513744e-05]] 
Episode: 22: [[-4.8745063e-05 -4.5964589e-05 -4.3950837e-05]
 [-5.1470353e-05 -8.9000510e-05 -6.0707036e-05]
 [-4.9475351e-05 -6.2322717e-05 -4.6758079e-05]] 
Episode: 23: [[-5.3343752e-05 -5.0396524e-05 -4.8522288e-05]
 [-5.5852266e-05 -9.1934278e-05 -6.4325402e-05]
 [-5.3989454e-05 -6.5961845e-05 -5.1041865e-05]] 
Episode: 24: [[-5.7989128e-05 -5.4866454e-05 -5.3144737e-05]
 [-6.0211445e-05 -9.4433453e-05 -6.7833025e-05]
 [-5.8493304e-05 -6.9476038e-05 -5.5257551e-05]] 
Episode: 25: [[-6.2133142e-05 -5.8834252e-05 -5.7273217e-05]
 [-6.4084852e-05 -9.6184624e-05 -7.0850212e-05]
 [-6.2519524e-05 -7.2500043e-05 -5.9002065e-05]] 
Episode: 26: [[-6.5044114e-05 -6.1410137e-05 -6.0108730e-05]
 [-6.6528461e-05 -9.6421340e-05 -7.2083632e-05]
 [-6.5216766e-05 -7.3714647e-05 -6.1156432e-05]] 
Episode: 27: [[-6.8163150e-05 -6.4255451e-05 -6.3192812e-05]
 [-6.9247879e-05 -9.6965814e-05 -7.3669318e-05]
 [-6.8168483e-05 -7.5286713e-05 -6.3622669e-05]] 
Episode: 28: [[-6.9277252e-05 -6.5036613e-05 -6.4230539e-05]
 [-6.9913127e-05 -9.5705247e-05 -7.3243995e-05]
 [-6.9083035e-05 -7.4832868e-05 -6.4005741e-05]] 
Episode: 29: [[-6.7065521e-05 -6.2514795e-05 -6.1888350e-05]
 [-6.7153611e-05 -9.2654816e-05 -6.9771762e-05]
 [-6.6487853e-05 -7.1290291e-05 -6.0827566e-05]] 
Episode: 30: [[-6.4376145e-05 -5.9602866e-05 -5.9155791e-05]
 [-6.3985361e-05 -8.8836474e-05 -6.5900436e-05]
 [-6.3482410e-05 -6.7342145e-05 -5.7372905e-05]] 
Episode: 31: [[-6.1614635e-05 -5.6604069e-05 -5.6374185e-05]
 [-6.0780392e-05 -8.4106272e-05 -6.1865285e-05]
 [-6.0479932e-05 -6.3238440e-05 -5.3984273e-05]] 
Episode: 32: [[-5.8874750e-05 -5.3752799e-05 -5.3646992e-05]
 [-5.7665831e-05 -8.0207094e-05 -5.8272322e-05]
 [-5.7473728e-05 -5.9567934e-05 -5.0711315e-05]] 
Episode: 33: [[-5.6478177e-05 -5.1154373e-05 -5.1244770e-05]
 [-5.4871009e-05 -7.5569711e-05 -5.4732558e-05]
 [-5.4860931e-05 -5.5964207e-05 -4.7790527e-05]] 
Episode: 34: [[-5.5921220e-05 -5.0334053e-05 -5.0601022e-05]
 [-5.3808431e-05 -7.3061958e-05 -5.2920299e-05]
 [-5.3959506e-05 -5.4092106e-05 -4.6432375e-05]] 
Episode: 35: [[-5.7195371e-05 -5.1541905e-05 -5.1910101e-05]
 [-5.4786251e-05 -7.3030569e-05 -5.3400236e-05]
 [-5.5023032e-05 -5.4532975e-05 -4.7283665e-05]] 
Episode: 36: [[-5.9113467e-05 -5.3324871e-05 -5.3857271e-05]
 [-5.6221266e-05 -7.3268871e-05 -5.4007764e-05]
 [-5.6605157e-05 -5.5076413e-05 -4.8540107e-05]] 
Episode: 37: [[-5.9638358e-05 -5.3775530e-05 -5.4458462e-05]
 [-5.6277491e-05 -7.2359144e-05 -5.3325515e-05]
 [-5.6791585e-05 -5.4312273e-05 -4.8493934e-05]] 
Episode: 38: [[-5.9718455e-05 -5.3879994e-05 -5.4737888e-05]
 [-5.5960871e-05 -7.0245194e-05 -5.2177555e-05]
 [-5.6628203e-05 -5.3073789e-05 -4.8263755e-05]] 
Episode: 39: [[-5.9266498e-05 -5.3612421e-05 -5.4555097e-05]
 [-5.5200184e-05 -6.8199683e-05 -5.0938339e-05]
 [-5.5926463e-05 -5.1729567e-05 -4.7670437e-05]] 
Episode: 40: [[-5.6424808e-05 -5.0933369e-05 -5.1958577e-05]
 [-5.1998071e-05 -6.3953783e-05 -4.7329664e-05]
 [-5.2779073e-05 -4.7995734e-05 -4.4603748e-05]] 
Episode: 41: [[-5.4490363e-05 -4.8752510e-05 -5.0026509e-05]
 [-4.9300852e-05 -5.9568993e-05 -4.3563243e-05]
 [-5.0304832e-05 -4.4104123e-05 -4.1656051e-05]] 
Episode: 42: [[-5.3640859e-05 -4.7646481e-05 -4.9191112e-05]
 [-4.7682592e-05 -5.5823268e-05 -4.0739516e-05]
 [-4.8932947e-05 -4.1161595e-05 -3.9834082e-05]] 
Episode: 43: [[-5.2868778e-05 -4.6748573e-05 -4.8510730e-05]
 [-4.6349487e-05 -5.3047643e-05 -3.8439841e-05]
 [-4.7794521e-05 -3.8762781e-05 -3.8470025e-05]] 
Episode: 44: [[-5.0083778e-05 -4.4110442e-05 -4.5957222e-05]
 [-4.3296281e-05 -4.9802653e-05 -3.5018151e-05]
 [-4.4804292e-05 -3.5237132e-05 -3.5605815e-05]] 
Episode: 45: [[-4.4369928e-05 -3.8562739e-05 -4.0456311e-05]
 [-3.7368405e-05 -4.4269284e-05 -2.8936118e-05]
 [-3.8905047e-05 -2.9043202e-05 -2.9861858e-05]] 
Episode: 46: [[-3.6854868e-05 -3.1115338e-05 -3.3070901e-05]
 [-2.9618295e-05 -3.6923142e-05 -2.1022557e-05]
 [-3.1200674e-05 -2.1026211e-05 -2.2212333e-05]] 
Episode: 47: [[-3.1395608e-05 -2.5534990e-05 -2.7722092e-05]
 [-2.3665445e-05 -2.8838014e-05 -1.4155082e-05]
 [-2.5458703e-05 -1.4049118e-05 -1.6312026e-05]] 
Episode: 48: [[-2.5525198e-05 -1.9562984e-05 -2.2032684e-05]
 [-1.7268063e-05 -1.9784400e-05 -6.6469006e-06]
 [-1.9319890e-05 -6.4196843e-06 -1.0011128e-05]] 
Episode: 49: [[-1.84084529e-05 -1.23464115e-05 -1.50746528e-05]
 [-9.67947744e-06 -1.00576290e-05  1.90802143e-06]
 [-1.19674187e-05  2.25052781e-06 -2.51669667e-06]] 
Episode: 50: [[-1.47988185e-05 -8.82261065e-06 -1.16812344e-05]
 [-5.59935552e-06 -4.77885533e-06  6.62052662e-06]
 [-7.99272220e-06  7.09757614e-06  1.55368139e-06]] 
Episode: 51: [[-1.0275604e-05 -4.3844902e-06 -7.3512401e-06]
 [-6.3926211e-07  8.2036752e-07  1.2087696e-05]
 [-3.1168781e-06  1.2696113e-05  6.5223958e-06]] 
Episode: 52: [[-6.7973879e-06 -9.3830363e-07 -4.0473610e-06]
 [ 3.2379940e-06  5.7914749e-06  1.6604983e-05]
 [ 6.3880049e-07  1.7321285e-05  1.0373546e-05]] 
Episode: 53: [[-3.13568535e-06  2.54557358e-06 -6.17151784e-07]
 [ 7.10717768e-06  9.46682212e-06  2.07227258e-05]
 [ 4.47380489e-06  2.15356686e-05  1.41454375e-05]] 
Episode: 54: [[8.4920782e-07 6.3330353e-06 3.1147174e-06]
 [1.1281264e-05 1.3601173e-05 2.5146122e-05]
 [8.6118380e-06 2.6057882e-05 1.8198265e-05]] 
Episode: 55: [[4.4013200e-06 9.6970571e-06 6.4188275e-06]
 [1.5083272e-05 1.7727791e-05 2.9246459e-05]
 [1.2375336e-05 3.0266245e-05 2.1909511e-05]] 
Episode: 56: [[9.2544969e-06 1.4256540e-05 1.0970570e-05]
 [2.0038404e-05 2.2916596e-05 3.4239558e-05]
 [1.7341998e-05 3.5364184e-05 2.6631209e-05]] 
Episode: 57: [[1.2498303e-05 1.7106635e-05 1.3876603e-05]
 [2.3395387e-05 2.5890760e-05 3.7461126e-05]
 [2.0777909e-05 3.8705006e-05 2.9770103e-05]] 
Episode: 58: [[1.40178709e-05 1.81685609e-05 1.50781825e-05]
 [2.49571240e-05 2.66124589e-05 3.85851999e-05]
 [2.25033036e-05 3.99350647e-05 3.11341901e-05]] 
Episode: 59: [[1.6515894e-05 2.0196760e-05 1.7233788e-05]
 [2.7467489e-05 2.8873033e-05 4.0679737e-05]
 [2.5163623e-05 4.2137632e-05 3.3347271e-05]] 
Episode: 60: [[1.9038454e-05 2.2157232e-05 1.9403798e-05]
 [2.9840799e-05 3.0220663e-05 4.2267216e-05]
 [2.7767463e-05 4.3815558e-05 3.5376277e-05]] 
Episode: 61: [[2.2841232e-05 2.5489560e-05 2.2893006e-05]
 [3.3531749e-05 3.3249737e-05 4.5335790e-05]
 [3.1634245e-05 4.6970927e-05 3.8735372e-05]] 
Episode: 62: [[2.3305925e-05 2.5659640e-05 2.3115121e-05]
 [3.4042561e-05 3.5492187e-05 4.5737524e-05]
 [3.2214077e-05 4.7443242e-05 3.8921698e-05]] 
Episode: 63: [[2.6907952e-05 2.8952900e-05 2.6427182e-05]
 [3.7721260e-05 4.0920484e-05 4.9401726e-05]
 [3.5928628e-05 5.1202504e-05 4.2231204e-05]] 
Episode: 64: [[3.0672909e-05 3.2433847e-05 2.9930772e-05]
 [4.1542389e-05 4.6574973e-05 5.3170177e-05]
 [3.9788029e-05 5.5057171e-05 4.5667690e-05]] 
Episode: 65: [[3.5659923e-05 3.7243983e-05 3.4695811e-05]
 [4.6668942e-05 5.3833148e-05 5.8480175e-05]
 [4.4885754e-05 6.0453829e-05 5.0450060e-05]] 
Episode: 66: [[4.0454615e-05 4.1824886e-05 3.9278933e-05]
 [5.1579173e-05 6.0137965e-05 6.3389329e-05]
 [4.9814673e-05 6.5451306e-05 5.5093849e-05]] 
Episode: 67: [[4.6243047e-05 4.7302936e-05 4.4820965e-05]
 [5.7386074e-05 6.6436995e-05 6.8923386e-05]
 [5.5700595e-05 7.1077819e-05 6.0596412e-05]] 
Episode: 68: [[5.2151339e-05 5.3112544e-05 5.0593611e-05]
 [6.3521686e-05 7.3242300e-05 7.5180702e-05]
 [6.1815692e-05 7.7428740e-05 6.6637345e-05]] 
Episode: 69: [[5.6300138e-05 5.7521749e-05 5.4792217e-05]
 [6.8281559e-05 8.0649959e-05 8.0797727e-05]
 [6.6383531e-05 8.3139756e-05 7.1548428e-05]] 
Episode: 70: [[5.8581187e-05 5.9926595e-05 5.7117144e-05]
 [7.1075818e-05 8.5397456e-05 8.3978601e-05]
 [6.9116977e-05 8.6412714e-05 7.4538708e-05]] 
Episode: 71: [[6.1204330e-05 6.2560284e-05 5.9708676e-05]
 [7.4143019e-05 8.9242370e-05 8.7287946e-05]
 [7.2163137e-05 8.9824644e-05 7.7702454e-05]] 
Episode: 72: [[6.3338419e-05 6.4625259e-05 6.1803592e-05]
 [7.6631317e-05 9.0674832e-05 8.9735622e-05]
 [7.4701769e-05 9.2369562e-05 8.0335296e-05]] 
Episode: 73: [[6.4452215e-05 6.5757442e-05 6.2846433e-05]
 [7.8107187e-05 9.4313582e-05 9.1658199e-05]
 [7.6104712e-05 9.4370000e-05 8.1792728e-05]] 
Episode: 74: [[6.6327957e-05 6.7694040e-05 6.4681502e-05]
 [8.0352256e-05 9.8416880e-05 9.4360308e-05]
 [7.8263991e-05 9.7146134e-05 8.4058709e-05]] 
Episode: 75: [[6.7460656e-05 6.8933397e-05 6.5798711e-05]
 [8.1890525e-05 1.0204042e-04 9.6458149e-05]
 [7.9695645e-05 9.9313162e-05 8.5648710e-05]] 
Episode: 76: [[6.9707676e-05 7.1571783e-05 6.8228663e-05]
 [8.4780171e-05 1.0704086e-04 1.0018363e-04]
 [8.2392726e-05 1.0310402e-04 8.8834902e-05]] 
Episode: 77: [[7.3292424e-05 7.5638774e-05 7.2032424e-05]
 [8.9041758e-05 1.1373635e-04 1.0542945e-04]
 [8.6405475e-05 1.0840993e-04 9.3385781e-05]] 
Episode: 78: [[7.16056893e-05 7.41820550e-05 7.04527774e-05]
 [8.77656421e-05 1.14831462e-04 1.04714054e-04]
 [8.50199795e-05 1.07724576e-04 9.22735271e-05]] 
Episode: 79: [[7.1610819e-05 7.4499323e-05 7.0620968e-05]
 [8.8270608e-05 1.1714539e-04 1.0584459e-04]
 [8.5389838e-05 1.0889443e-04 9.3047252e-05]] 
Episode: 80: [[7.36125730e-05 7.67289894e-05 7.27529332e-05]
 [9.06556088e-05 1.20612538e-04 1.08604996e-04]
 [8.76894774e-05 1.11694499e-04 9.56462391e-05]] 
Episode: 81: [[7.4217394e-05 7.7597251e-05 7.3487230e-05]
 [9.1687623e-05 1.2323982e-04 1.1019160e-04]
 [8.8599649e-05 1.1331800e-04 9.6886775e-05]] 
Episode: 82: [[7.6183635e-05 7.9578560e-05 7.5479700e-05]
 [9.3871495e-05 1.2548268e-04 1.1234567e-04]
 [9.0807109e-05 1.1552176e-04 9.9149736e-05]] 
Episode: 83: [[7.91028724e-05 8.24353701e-05 7.83586729e-05]
 [9.68726526e-05 1.29117907e-04 1.15232484e-04]
 [9.38402591e-05 1.18449163e-04 1.02110156e-04]] 
Episode: 84: [[8.07645702e-05 8.40999783e-05 8.00894486e-05]
 [9.87782987e-05 1.30344371e-04 1.16904957e-04]
 [9.58280507e-05 1.20177814e-04 1.04227562e-04]] 
Episode: 85: [[8.1069913e-05 8.4578496e-05 8.0547434e-05]
 [9.9477620e-05 1.3092767e-04 1.1773887e-04]
 [9.6521842e-05 1.2106000e-04 1.0526699e-04]] 
Episode: 86: [[8.3938525e-05 8.7595377e-05 8.3495368e-05]
 [1.0269881e-04 1.3508405e-04 1.2122679e-04]
 [9.9688616e-05 1.2460294e-04 1.0860691e-04]] 
Episode: 87: [[8.70027288e-05 9.06917485e-05 8.65422844e-05]
 [1.05960855e-04 1.39758660e-04 1.24665428e-04]
 [1.02912913e-04 1.28088650e-04 1.11809502e-04]] 
Episode: 88: [[9.0444511e-05 9.4303934e-05 9.0031106e-05]
 [1.0972981e-04 1.4388424e-04 1.2887972e-04]
 [1.0657226e-04 1.3234954e-04 1.1571949e-04]] 
Episode: 89: [[9.55163341e-05 9.93748617e-05 9.51011316e-05]
 [1.14929244e-04 1.47591971e-04 1.33989903e-04]
 [1.11782916e-04 1.37505020e-04 1.20975827e-04]] 
Episode: 90: [[0.00010118 0.00010488 0.00010076]
 [0.00012054 0.0001496  0.00013887]
 [0.00011756 0.00014243 0.00012674]] 
Episode: 91: [[0.00010669 0.00011012 0.00010619]
 [0.00012589 0.00015097 0.0001433 ]
 [0.00012311 0.00014689 0.00013213]] 
Episode: 92: [[0.00011702 0.00012026 0.00011645]
 [0.00013602 0.00015829 0.00015278]
 [0.00013336 0.00015639 0.00014216]] 
Episode: 93: [[0.00012505 0.00012843 0.00012455]
 [0.00014419 0.00016554 0.00016109]
 [0.00014146 0.00016473 0.00015049]] 
Episode: 94: [[0.00013325 0.0001369  0.00013287]
 [0.00015265 0.00017391 0.00016999]
 [0.00014978 0.00017365 0.00015918]] 
Episode: 95: [[0.00014042 0.00014419 0.00014008]
 [0.00015992 0.00018081 0.00017747]
 [0.00015697 0.00018114 0.00016654]] 
Episode: 96: [[0.00015139 0.00015461 0.00015081]
 [0.00017024 0.00018293 0.00018469]
 [0.00016763 0.00018831 0.00017605]] 
Episode: 97: [[0.00016443 0.00016745 0.00016361]
 [0.00018304 0.00019233 0.00019599]
 [0.00018039 0.00019959 0.00018804]] 
Episode: 98: [[0.00017724 0.00018043 0.0001764 ]
 [0.00019597 0.00020212 0.000208  ]
 [0.00019315 0.00021159 0.00020059]] 
Episode: 99: [[0.00018952 0.0001929  0.00018868]
 [0.00020842 0.00021161 0.0002196 ]
 [0.00020542 0.00022318 0.0002127 ]] 
Episode: 100: [[0.0001994  0.00020278 0.00019842]
 [0.00021829 0.00022007 0.00022877]
 [0.00021517 0.00023234 0.00022195]] 
Episode: 101: [[0.00021015 0.00021351 0.00020903]
 [0.00022902 0.00022892 0.00023872]
 [0.00022578 0.00024229 0.0002321 ]] 
Episode: 102: [[0.00021998 0.00022307 0.00021861]
 [0.00023834 0.00023749 0.00024669]
 [0.00023513 0.0002502  0.00024031]] 
Episode: 103: [[0.00022828 0.00023117 0.00022671]
 [0.00024626 0.00024548 0.00025359]
 [0.00024303 0.00025705 0.00024721]] 
Episode: 104: [[0.00023728 0.00024043 0.00023575]
 [0.00025533 0.00025463 0.00026235]
 [0.00025188 0.00026578 0.00025577]] 
Episode: 105: [[0.00024604 0.0002488  0.00024424]
 [0.00026347 0.00026104 0.0002689 ]
 [0.00026014 0.00027227 0.00026288]] 
Episode: 106: [[0.00024719 0.0002498  0.00024506]
 [0.00026445 0.00026628 0.00027056]
 [0.00026093 0.00027393 0.00026307]] 
Episode: 107: [[0.00024983 0.00025239 0.00024744]
 [0.00026695 0.00027157 0.00027368]
 [0.00026319 0.00027703 0.00026494]] 
Episode: 108: [[0.000247   0.0002498  0.00024462]
 [0.00026434 0.00027295 0.00027236]
 [0.00026035 0.00027571 0.0002624 ]] 
Episode: 109: [[0.00024245 0.00024582 0.00024024]
 [0.00026038 0.00027558 0.00027066]
 [0.00025597 0.00027403 0.00025881]] 
Episode: 110: [[0.00023762 0.00024088 0.00023523]
 [0.00025542 0.00027565 0.00026655]
 [0.00025092 0.00026992 0.00025356]] 
Episode: 111: [[0.00023256 0.00023562 0.00022999]
 [0.00025018 0.00027418 0.00026183]
 [0.00024569 0.00026521 0.00024812]] 
Episode: 112: [[0.00022554 0.00022862 0.00022289]
 [0.00024322 0.00027234 0.00025612]
 [0.00023862 0.00025952 0.00024119]] 
Episode: 113: [[0.00021386 0.00021734 0.00021135]
 [0.00023194 0.00027035 0.00024789]
 [0.00022705 0.0002513  0.00023061]] 
Episode: 114: [[0.00019908 0.00020281 0.00019666]
 [0.00021742 0.00026609 0.00023561]
 [0.00021237 0.00023901 0.00021654]] 
Episode: 115: [[0.00020566 0.00020972 0.00020335]
 [0.00022411 0.00027539 0.00024328]
 [0.00021882 0.00024663 0.00022328]] 
Episode: 116: [[0.00021253 0.00021695 0.00021038]
 [0.00023112 0.00028457 0.00025125]
 [0.00022561 0.00025456 0.00023043]] 
Episode: 117: [[0.00021968 0.00022442 0.00021764]
 [0.00023837 0.00029402 0.0002594 ]
 [0.00023265 0.00026267 0.00023778]] 
Episode: 118: [[0.00022588 0.00023091 0.00022396]
 [0.00024467 0.00030236 0.00026653]
 [0.00023875 0.00026975 0.00024417]] 
Episode: 119: [[0.00023111 0.00023639 0.00022928]
 [0.00024993 0.00030932 0.00027246]
 [0.00024384 0.00027563 0.00024945]] 
Episode: 120: [[0.00023747 0.00024301 0.00023578]
 [0.00025637 0.00031646 0.00027945]
 [0.00025015 0.00028258 0.00025606]] 
Episode: 121: [[0.00024613 0.00025187 0.00024466]
 [0.00026506 0.0003239  0.00028776]
 [0.00025887 0.00029083 0.0002649 ]] 
Episode: 122: [[0.00025342 0.00025924 0.00025209]
 [0.00027212 0.00032965 0.00029419]
 [0.00026598 0.00029717 0.00027181]] 
Episode: 123: [[0.00026092 0.00026682 0.00025955]
 [0.00027906 0.00033691 0.00030121]
 [0.00027279 0.000304   0.00027828]] 
Episode: 124: [[0.00026709 0.00027306 0.00026568]
 [0.00028469 0.00034309 0.00030693]
 [0.00027831 0.00030955 0.00028345]] 
Episode: 125: [[0.00027292 0.00027931 0.00027174]
 [0.00029025 0.00034894 0.00031294]
 [0.00028367 0.00031537 0.00028904]] 
Episode: 126: [[0.00028263 0.00028909 0.00028148]
 [0.00029922 0.00035587 0.00032122]
 [0.0002926  0.00032336 0.00029749]] 
Episode: 127: [[0.0002908  0.00029733 0.00028966]
 [0.00030668 0.00036144 0.00032809]
 [0.00030003 0.00032996 0.00030446]] 
Episode: 128: [[0.00029819 0.00030482 0.00029711]
 [0.00031347 0.00036609 0.0003343 ]
 [0.00030679 0.00033593 0.00031089]] 
Episode: 129: [[0.00030489 0.00031146 0.00030376]
 [0.00031936 0.00036945 0.0003393 ]
 [0.00031271 0.00034066 0.00031613]] 
Episode: 130: [[0.00031625 0.00032341 0.00031552]
 [0.00033034 0.00037928 0.00035045]
 [0.00032342 0.00035152 0.0003272 ]] 
Episode: 131: [[0.00033099 0.00033842 0.00033048]
 [0.00034466 0.00039149 0.0003641 ]
 [0.00033765 0.00036492 0.00034131]] 
Episode: 132: [[0.00034249 0.00035215 0.00034374]
 [0.00035716 0.00040258 0.00037755]
 [0.00034965 0.00037799 0.00035552]] 
Episode: 133: [[0.00034769 0.00036373 0.00035219]
 [0.00036477 0.00041693 0.00039389]
 [0.00035412 0.00039398 0.00036673]] 
Episode: 134: [[0.00035501 0.00037786 0.0003632 ]
 [0.00037541 0.00043343 0.00041236]
 [0.00036132 0.00041221 0.00038118]] 
Episode: 135: [[0.00036515 0.00039444 0.00037705]
 [0.00038891 0.00045156 0.00043237]
 [0.00037153 0.00043203 0.00039806]] 
Episode: 136: [[0.00037963 0.00041174 0.00039334]
 [0.00040543 0.00047081 0.00045281]
 [0.00038592 0.00045272 0.00041699]] 
Episode: 137: [[0.00039022 0.00042539 0.0004059 ]
 [0.00041749 0.00048613 0.0004689 ]
 [0.00039595 0.00046871 0.00043127]] 
Episode: 138: [[0.00039893 0.00043708 0.0004164 ]
 [0.00042733 0.00050062 0.00048318]
 [0.00040371 0.00048284 0.0004428 ]] 
Episode: 139: [[0.00040397 0.00044687 0.00042433]
 [0.00043477 0.00051506 0.00049778]
 [0.00040829 0.00049744 0.00045418]] 
Episode: 140: [[0.00041118 0.00045825 0.0004341 ]
 [0.0004444  0.00053033 0.00051357]
 [0.00041533 0.00051333 0.00046741]] 
Episode: 141: [[0.00042398 0.00047363 0.00044852]
 [0.00045817 0.00054269 0.00052994]
 [0.00042735 0.00052758 0.00048304]] 
Episode: 142: [[0.00044023 0.00049153 0.00046582]
 [0.000475   0.00055139 0.00054526]
 [0.00044308 0.00053953 0.00050036]] 
Episode: 143: [[0.0004584  0.00051084 0.00048475]
 [0.00049394 0.00056057 0.00056249]
 [0.00046118 0.00055405 0.00051977]] 
Episode: 144: [[0.00047387 0.0005271  0.00050073]
 [0.00050859 0.00056488 0.00057295]
 [0.00047542 0.00056119 0.00053226]] 
Episode: 145: [[0.00049018 0.00054416 0.00051763]
 [0.00052457 0.00056807 0.00058455]
 [0.00049108 0.00056969 0.0005469 ]] 
Episode: 146: [[0.00050674 0.00056175 0.00053499]
 [0.00054051 0.00056997 0.00059551]
 [0.00050669 0.00057683 0.00056117]] 
Episode: 147: [[0.00052469 0.00058068 0.00055374]
 [0.0005583  0.00057317 0.00060925]
 [0.00052413 0.00058735 0.00057807]] 
Episode: 148: [[0.00054072 0.00059847 0.00057095]
 [0.00057397 0.00057781 0.00062296]
 [0.00053899 0.00059764 0.00059316]] 
Episode: 149: [[0.00055856 0.000617   0.00058925]
 [0.0005918  0.00058789 0.00063976]
 [0.00055652 0.00061259 0.00061072]] 
Episode: 150: [[0.00057643 0.00063551 0.00060755]
 [0.00060975 0.00059724 0.00065649]
 [0.00057425 0.00062748 0.00062851]] 
Episode: 151: [[0.00059383 0.00065385 0.00062549]
 [0.00062682 0.00060741 0.0006733 ]
 [0.00059078 0.00064223 0.00064506]] 
Episode: 152: [[0.00061114 0.00067227 0.00064344]
 [0.00064381 0.00061944 0.00069079]
 [0.00060708 0.00065784 0.00066172]] 
Episode: 153: [[0.00062875 0.00069082 0.00066158]
 [0.00066032 0.00063107 0.0007077 ]
 [0.00062272 0.00067247 0.00067726]] 
Episode: 154: [[0.00064696 0.00070983 0.00068024]
 [0.00067724 0.00064357 0.00072514]
 [0.00063871 0.00068778 0.0006931 ]] 
Episode: 155: [[0.0006646  0.00072836 0.00069835]
 [0.00069335 0.00065536 0.00074169]
 [0.00065387 0.00070183 0.00070777]] 
Episode: 156: [[0.00068385 0.00074837 0.00071799]
 [0.00071141 0.00066942 0.00076033]
 [0.00067105 0.00071848 0.00072482]] 
Episode: 157: [[0.00070481 0.00076996 0.00073933]
 [0.00073165 0.00068647 0.00078102]
 [0.00069063 0.00073773 0.00074433]] 
Episode: 158: [[0.00072593 0.00079181 0.0007609 ]
 [0.00075164 0.00070393 0.0008016 ]
 [0.0007098  0.00075666 0.00076343]] 
Episode: 159: [[0.00074631 0.00081319 0.00078192]
 [0.00077046 0.00072071 0.00082168]
 [0.0007275  0.00077486 0.00078147]] 
Episode: 160: [[0.00076509 0.00083329 0.00080156]
 [0.00078734 0.00073591 0.00084035]
 [0.00074301 0.0007914  0.00079764]] 
Episode: 161: [[0.00078464 0.00085393 0.00082183]
 [0.00080406 0.00074992 0.00085811]
 [0.00075826 0.0008063  0.00081288]] 
Episode: 162: [[0.0008048  0.00087517 0.00084272]
 [0.00082197 0.0007657  0.00087728]
 [0.00077478 0.0008231  0.00082975]] 
Episode: 163: [[0.00082611 0.00089742 0.00086468]
 [0.00084104 0.00078266 0.00089771]
 [0.00079244 0.00084136 0.00084797]] 
Episode: 164: [[0.00084544 0.00091805 0.00088489]
 [0.00085881 0.00079936 0.00091768]
 [0.00080871 0.00085954 0.00086571]] 
Episode: 165: [[0.00086635 0.00093999 0.00090652]
 [0.00087871 0.00081756 0.0009392 ]
 [0.00082748 0.00087969 0.00088571]] 
Episode: 166: [[0.00088433 0.0009595  0.00092551]
 [0.00089564 0.00083439 0.00095864]
 [0.00084304 0.00089758 0.00090297]] 
Episode: 167: [[0.00090311 0.00097981 0.00094529]
 [0.00091328 0.00085355 0.00097942]
 [0.00085905 0.00091709 0.00092107]] 
Episode: 168: [[0.00092121 0.00099947 0.0009644 ]
 [0.00093014 0.00087214 0.00099947]
 [0.00087426 0.00093582 0.00093835]] 
Episode: 169: [[0.00094118 0.0010207  0.00098523]
 [0.00094905 0.00089146 0.00102079]
 [0.00089179 0.00095595 0.00095761]] 
Episode: 170: [[0.00096182 0.00104252 0.00100664]
 [0.00096879 0.00091098 0.00104253]
 [0.00091032 0.00097649 0.00097754]] 
Episode: 171: [[0.00098259 0.0010646  0.00102828]
 [0.00098782 0.00093028 0.00106375]
 [0.00092781 0.00099592 0.00099641]] 
Episode: 172: [[0.00100367 0.00108678 0.00105009]
 [0.00100709 0.00094972 0.00108512]
 [0.00094556 0.00101563 0.00101545]] 
Episode: 173: [[0.00102481 0.00110884 0.0010718 ]
 [0.00102631 0.00096873 0.00110606]
 [0.00096337 0.00103483 0.00103398]] 
Episode: 174: [[0.00104637 0.00113129 0.00109391]
 [0.00104628 0.00098834 0.00112759]
 [0.00098209 0.00105479 0.00105338]] 
Episode: 175: [[0.00106727 0.00115348 0.0011156 ]
 [0.00106547 0.00100852 0.00114925]
 [0.00099965 0.00107478 0.00107234]] 
Episode: 176: [[0.00108861 0.00117597 0.00113767]
 [0.00108487 0.0010285  0.00117092]
 [0.0010174  0.00109473 0.00109146]] 
Episode: 177: [[0.00111087 0.00119916 0.00116052]
 [0.0011054  0.00104961 0.00119351]
 [0.00103641 0.00111585 0.0011118 ]] 
Episode: 178: [[0.0011337  0.00122286 0.0011839 ]
 [0.00112689 0.00107207 0.00121701]
 [0.00105654 0.00113822 0.0011333 ]] 
Episode: 179: [[0.00115793 0.00124774 0.00120854]
 [0.00114996 0.00109579 0.0012417 ]
 [0.00107843 0.00116197 0.00115631]] 
Episode: 180: [[0.0011814  0.00127185 0.00123242]
 [0.00117154 0.00111757 0.00126431]
 [0.00109878 0.0011829  0.00117699]] 
Episode: 181: [[0.00120512 0.00129609 0.00125646]
 [0.00119337 0.00113939 0.00128678]
 [0.00111951 0.00120363 0.00119764]] 
Episode: 182: [[0.00122754 0.00131865 0.0012789 ]
 [0.0012132  0.0011595  0.00130687]
 [0.00113824 0.00122165 0.00121548]] 
Episode: 183: [[0.00124942 0.00134076 0.00130086]
 [0.00123248 0.00117895 0.00132647]
 [0.00115639 0.00123914 0.00123287]] 
Episode: 184: [[0.00127132 0.0013629  0.00132288]
 [0.00125234 0.00119859 0.00134648]
 [0.00117531 0.00125738 0.00125119]] 
Episode: 185: [[0.0012926  0.00138445 0.0013443 ]
 [0.00127176 0.00121836 0.00136633]
 [0.00119377 0.00127564 0.00126928]] 
Episode: 186: [[0.0013134  0.00140558 0.00136527]
 [0.00129107 0.0012382  0.00138654]
 [0.00121208 0.00129459 0.00128785]] 
Episode: 187: [[0.00133494 0.00142678 0.00138648]
 [0.00131047 0.00125765 0.00140615]
 [0.0012306  0.00131281 0.00130558]] 
Episode: 188: [[0.00135492 0.00144662 0.00140626]
 [0.00132844 0.00127651 0.00142473]
 [0.00124759 0.00133005 0.00132206]] 
Episode: 189: [[0.00137514 0.00146656 0.00142618]
 [0.00134661 0.00129522 0.00144335]
 [0.00126485 0.00134743 0.00133877]] 
Episode: 190: [[0.0013955  0.00148662 0.00144626]
 [0.00136489 0.00131363 0.00146192]
 [0.00128225 0.00136471 0.00135554]] 
Episode: 191: [[0.0014159  0.0015065  0.00146621]
 [0.00138317 0.00133159 0.00148033]
 [0.00129969 0.00138196 0.00137231]] 
Episode: 192: [[0.00143629 0.00152673 0.00148639]
 [0.00140144 0.00135033 0.00149933]
 [0.00131692 0.00139967 0.00138933]] 
Episode: 193: [[0.00145591 0.00154627 0.00150584]
 [0.00141889 0.00136819 0.00151766]
 [0.00133327 0.00141666 0.00140556]] 
Episode: 194: [[0.00147561 0.00156609 0.00152553]
 [0.00143688 0.00138634 0.00153677]
 [0.00135017 0.00143463 0.00142293]] 
Episode: 195: [[0.00149445 0.00158519 0.00154448]
 [0.00145413 0.00140392 0.00155516]
 [0.00136635 0.00145186 0.00143961]] 
Episode: 196: [[0.00151468 0.00160564 0.00156478]
 [0.00147325 0.00142379 0.00157547]
 [0.00138454 0.00147137 0.0014584 ]] 
Episode: 197: [[0.00153603 0.00162711 0.00158613]
 [0.00149318 0.00144473 0.00159663]
 [0.00140344 0.00149166 0.00147774]] 
Episode: 198: [[0.00155764 0.00164893 0.00160782]
 [0.00151373 0.00146615 0.00161854]
 [0.00142303 0.00151288 0.00149804]] 
Episode: 199: [[0.00157928 0.00167063 0.00162942]
 [0.00153444 0.00148733 0.00164027]
 [0.00144292 0.00153401 0.00151839]] 
Episode: 200: [[0.0016013  0.00169306 0.00165165]
 [0.00155585 0.00150956 0.00166318]
 [0.00146334 0.00155636 0.00153996]] 
Episode: 201: [[0.00162122 0.00171359 0.00167191]
 [0.0015753  0.0015301  0.00168432]
 [0.0014818  0.00157695 0.0015598 ]] 
Episode: 202: [[0.00164185 0.00173479 0.00169288]
 [0.00159594 0.00155143 0.00170652]
 [0.00150164 0.00159889 0.00158106]] 
Episode: 203: [[0.00166142 0.00175511 0.00171292]
 [0.00161517 0.00157104 0.00172742]
 [0.0015199  0.00161925 0.00160089]] 
Episode: 204: [[0.00168139 0.00177581 0.00173333]
 [0.00163443 0.00159125 0.00174849]
 [0.00153806 0.00163955 0.00162037]] 
Episode: 205: [[0.001701   0.00179603 0.00175327]
 [0.00165332 0.00161128 0.00176921]
 [0.00155586 0.00165958 0.00163945]] 
Episode: 206: [[0.00172109 0.00181681 0.00177375]
 [0.00167292 0.00163195 0.00179077]
 [0.00157436 0.00168061 0.00165952]] 
Episode: 207: [[0.00174056 0.00183692 0.00179357]
 [0.00169181 0.00165179 0.00181153]
 [0.00159217 0.00170079 0.00167876]] 
Episode: 208: [[0.00176046 0.00185751 0.00181388]
 [0.00171143 0.00167194 0.00183285]
 [0.00161082 0.00172164 0.0016989 ]] 
Episode: 209: [[0.00178076 0.00187868 0.0018347 ]
 [0.00173151 0.00169288 0.00185479]
 [0.00162986 0.00174306 0.00171959]] 
Episode: 210: [[0.00179979 0.00189873 0.00185436]
 [0.00175042 0.00171261 0.00187563]
 [0.00164774 0.00176332 0.00173924]] 
Episode: 211: [[0.00181795 0.00191779 0.00187304]
 [0.00176834 0.00173141 0.00189545]
 [0.00166461 0.00178251 0.00175777]] 
Episode: 212: [[0.00183578 0.00193635 0.00189126]
 [0.00178609 0.00174954 0.00191484]
 [0.00168145 0.00180142 0.00177616]] 
Episode: 213: [[0.00185438 0.00195589 0.00191043]
 [0.00180476 0.00176853 0.00193521]
 [0.00169919 0.0018212  0.00179558]] 
Episode: 214: [[0.00187349 0.00197612 0.00193023]
 [0.00182368 0.00178796 0.00195594]
 [0.00171703 0.00184107 0.00181509]] 
Episode: 215: [[0.00189353 0.00199741 0.00195102]
 [0.00184358 0.00180842 0.00197765]
 [0.00173583 0.00186177 0.00183539]] 
Episode: 216: [[0.00191211 0.00201717 0.00197031]
 [0.00186192 0.00182787 0.00199779]
 [0.00175309 0.00188094 0.00185395]] 
Episode: 217: [[0.00192964 0.00203572 0.00198846]
 [0.00187878 0.00184551 0.00201585]
 [0.00176897 0.00189783 0.00187048]] 
Episode: 218: [[0.00194667 0.0020537  0.00200608]
 [0.00189508 0.00186205 0.00203324]
 [0.00178433 0.00191403 0.0018865 ]] 
Episode: 219: [[0.00196229 0.00207036 0.00202236]
 [0.00191014 0.0018775  0.0020495 ]
 [0.00179847 0.00192917 0.00190144]] 
Episode: 220: [[0.00197765 0.00208658 0.00203823]
 [0.00192473 0.00189234 0.00206508]
 [0.00181218 0.00194356 0.00191566]] 
Episode: 221: [[0.00199272 0.00210244 0.00205375]
 [0.00193881 0.0019068  0.00208018]
 [0.0018253  0.00195736 0.00192924]] 
Episode: 222: [[0.00200804 0.0021183  0.00206936]
 [0.00195298 0.00192126 0.00209529]
 [0.00183851 0.00197132 0.00194292]] 
Episode: 223: [[0.00202232 0.00213316 0.00208397]
 [0.00196627 0.00193486 0.00210954]
 [0.00185092 0.00198453 0.00195589]] 
Episode: 224: [[0.00203711 0.00214862 0.00209914]
 [0.00198032 0.00194937 0.00212476]
 [0.00186406 0.00199891 0.00196989]] 
Episode: 225: [[0.00205205 0.0021643  0.00211451]
 [0.00199469 0.00196449 0.00214039]
 [0.00187751 0.00201374 0.00198429]] 
Episode: 226: [[0.00206797 0.00218065 0.00213066]
 [0.00201005 0.00197991 0.00215663]
 [0.00189209 0.00202922 0.00199954]] 
Episode: 227: [[0.0020856  0.00219841 0.0021483 ]
 [0.00202698 0.00199674 0.00217412]
 [0.00190833 0.00204597 0.00201601]] 
Episode: 228: [[0.00210229 0.00221542 0.00216511]
 [0.00204315 0.00201309 0.00219106]
 [0.00192379 0.00206222 0.00203199]] 
Episode: 229: [[0.00211978 0.00223317 0.00218264]
 [0.00206012 0.00203018 0.00220877]
 [0.00194003 0.00207918 0.00204869]] 
Episode: 230: [[0.00213733 0.00225111 0.00220032]
 [0.00207732 0.00204787 0.00222692]
 [0.0019565  0.00209664 0.00206582]] 
Episode: 231: [[0.00215447 0.00226871 0.00221762]
 [0.00209434 0.00206547 0.00224504]
 [0.00197278 0.00211423 0.00208294]] 
Episode: 232: [[0.00217094 0.00228581 0.00223437]
 [0.00211025 0.0020823  0.00226228]
 [0.00198774 0.00213057 0.00209879]] 
Episode: 233: [[0.00218653 0.00230213 0.00225033]
 [0.00212531 0.00209877 0.00227896]
 [0.00200175 0.00214647 0.002114  ]] 
Episode: 234: [[0.00220119 0.00231764 0.00226547]
 [0.00213964 0.00211425 0.00229495]
 [0.00201509 0.00216177 0.00212873]] 
Episode: 235: [[0.002215   0.00233238 0.00227983]
 [0.00215336 0.00212938 0.00231063]
 [0.00202779 0.00217701 0.00214328]] 
Episode: 236: [[0.00223086 0.00234905 0.00229616]
 [0.00216943 0.00214694 0.00232851]
 [0.00204298 0.00219469 0.00216022]] 
Episode: 237: [[0.00224615 0.0023651  0.0023119 ]
 [0.00218468 0.00216317 0.00234536]
 [0.00205735 0.00221116 0.00217615]] 
Episode: 238: [[0.00226064 0.00238032 0.0023268 ]
 [0.00219902 0.00217883 0.00236132]
 [0.00207079 0.00222674 0.00219105]] 
Episode: 239: [[0.00227495 0.00239541 0.00234156]
 [0.00221318 0.00219427 0.00237715]
 [0.00208403 0.00224213 0.0022058 ]] 
Episode: 240: [[0.00228897 0.00241014 0.00235597]
 [0.00222673 0.00220898 0.00239223]
 [0.00209663 0.00225658 0.00221971]] 
Episode: 241: [[0.00230197 0.00242409 0.00236952]
 [0.00223918 0.00222316 0.00240649]
 [0.002108   0.00227006 0.00223255]] 
Episode: 242: [[0.00231589 0.00243898 0.00238398]
 [0.00225242 0.00223822 0.00242147]
 [0.0021201  0.00228407 0.00224597]] 
Episode: 243: [[0.00232853 0.0024525  0.0023971 ]
 [0.00226416 0.00225158 0.00243471]
 [0.00213076 0.00229619 0.00225762]] 
Episode: 244: [[0.00234109 0.00246614 0.00241029]
 [0.00227574 0.00226514 0.00244799]
 [0.00214114 0.0023082  0.00226919]] 
Episode: 245: [[0.00235291 0.00247909 0.00242279]
 [0.00228691 0.00227844 0.00246092]
 [0.00215117 0.00232007 0.00228053]] 
Episode: 246: [[0.00236812 0.00249502 0.00243842]
 [0.00230138 0.00229475 0.00247679]
 [0.00216463 0.00233507 0.00229489]] 
Episode: 247: [[0.00238711 0.00251446 0.00245755]
 [0.00231977 0.00231448 0.00249612]
 [0.00218217 0.00235333 0.00231257]] 
Episode: 248: [[0.00240405 0.00253209 0.00247481]
 [0.00233586 0.00233149 0.0025131 ]
 [0.0021973  0.00236879 0.0023279 ]] 
Episode: 249: [[0.0024196  0.0025484  0.00249074]
 [0.00235067 0.00234746 0.00252898]
 [0.00221116 0.00238328 0.00234216]] 
Episode: 250: [[0.002436   0.00256564 0.0025076 ]
 [0.00236647 0.00236461 0.00254604]
 [0.00222598 0.00239909 0.00235757]] 
Episode: 251: [[0.00245118 0.00258174 0.00252332]
 [0.00238109 0.0023808  0.00256205]
 [0.00223959 0.00241384 0.00237188]] 
Episode: 252: [[0.00246666 0.00259847 0.00253958]
 [0.00239629 0.00239808 0.00257895]
 [0.00225372 0.00242952 0.0023871 ]] 
Episode: 253: [[0.00248043 0.00261341 0.00255408]
 [0.00240948 0.00241328 0.00259373]
 [0.00226583 0.00244291 0.00240006]] 
Episode: 254: [[0.00249349 0.00262765 0.00256787]
 [0.00242187 0.0024276  0.00260762]
 [0.00227718 0.00245535 0.00241219]] 
Episode: 255: [[0.00250808 0.00264315 0.00258299]
 [0.00243596 0.00244361 0.0026231 ]
 [0.00229028 0.00246953 0.00242593]] 
Episode: 256: [[0.00252283 0.00265884 0.00259827]
 [0.00245019 0.00245987 0.00263887]
 [0.00230345 0.00248399 0.00243987]] 
Episode: 257: [[0.0025369  0.0026739  0.00261292]
 [0.00246402 0.00247583 0.00265444]
 [0.00231628 0.00249853 0.00245383]] 
Episode: 258: [[0.00255196 0.00268895 0.00262797]
 [0.00247908 0.00249088 0.00266949]
 [0.00233134 0.00251359 0.00246889]] 
Episode: 259: [[0.00256554 0.00270254 0.00264156]
 [0.00249266 0.00250446 0.00268308]
 [0.00234492 0.00252717 0.00248247]] 
Episode: 260: [[0.00257779 0.00271479 0.00265381]
 [0.00250491 0.00251672 0.00269533]
 [0.00235717 0.00253942 0.00249472]] 
Episode: 261: [[0.00258884 0.00272584 0.00266486]
 [0.00251596 0.00252777 0.00270638]
 [0.00236822 0.00255047 0.00250577]] 
Episode: 262: [[0.00259881 0.0027358  0.00267482]
 [0.00252593 0.00253773 0.00271634]
 [0.00237819 0.00256043 0.00251574]] 
Episode: 263: [[0.0026078  0.00274479 0.00268381]
 [0.00253492 0.00254672 0.00272533]
 [0.00238717 0.00256942 0.00252473]] 
Episode: 264: [[0.0026159  0.0027529  0.00269192]
 [0.00254303 0.00255483 0.00273344]
 [0.00239528 0.00257753 0.00253284]] 
Episode: 265: [[0.00262322 0.00276021 0.00269923]
 [0.00255034 0.00256214 0.00274075]
 [0.0024026  0.00258484 0.00254015]] 
Episode: 266: [[0.00262981 0.00276681 0.00270583]
 [0.00255693 0.00256874 0.00274735]
 [0.00240919 0.00259144 0.00254675]] 
Episode: 267: [[0.00263576 0.00277276 0.00271178]
 [0.00256288 0.00257469 0.0027533 ]
 [0.00241514 0.00259739 0.0025527 ]] 
Episode: 268: [[0.00264204 0.00277903 0.00271807]
 [0.0025692  0.0025809  0.00275956]
 [0.0024215  0.00260372 0.00255915]] 
Episode: 269: [[0.0026477  0.00278469 0.00272375]
 [0.0025749  0.00258651 0.00276521]
 [0.00242723 0.00260943 0.00256496]] 
Episode: 270: [[0.00265281 0.0027898  0.00272887]
 [0.00258004 0.00259156 0.00277031]
 [0.0024324  0.00261458 0.00257021]] 
Episode: 271: [[0.00265742 0.0027944  0.00273349]
 [0.00258468 0.00259612 0.0027749 ]
 [0.00243706 0.00261923 0.00257495]] 
Episode: 272: [[0.00266157 0.00279855 0.00273766]
 [0.00258886 0.00260024 0.00277905]
 [0.00244127 0.00262341 0.00257921]] 
Episode: 273: [[0.00266532 0.00280229 0.00274142]
 [0.00259263 0.00260395 0.00278279]
 [0.00244506 0.00262719 0.00258306]] 
Episode: 274: [[0.0026687  0.00280567 0.00274481]
 [0.00259603 0.00260729 0.00278616]
 [0.00244849 0.0026306  0.00258654]] 
Episode: 275: [[0.00267175 0.00280872 0.00274786]
 [0.0025991  0.00261031 0.0027892 ]
 [0.00245157 0.00263367 0.00258967]] 
Episode: 276: [[0.0026745  0.00281146 0.00275062]
 [0.00260187 0.00261303 0.00279194]
 [0.00245435 0.00263645 0.00259249]] 
Episode: 277: [[0.00267698 0.00281394 0.00275311]
 [0.00260436 0.00261549 0.00279441]
 [0.00245686 0.00263895 0.00259504]] 
Episode: 278: [[0.00267921 0.00281618 0.00275535]
 [0.00260661 0.0026177  0.00279665]
 [0.00245913 0.0026412  0.00259734]] 
Episode: 279: [[0.00268123 0.00281819 0.00275737]
 [0.00260864 0.0026197  0.00279866]
 [0.00246117 0.00264323 0.00259941]] 
Episode: 280: [[0.00268305 0.00282001 0.00275919]
 [0.00261047 0.0026215  0.00280047]
 [0.00246301 0.00264507 0.00260128]] 
Episode: 281: [[0.00268469 0.00282165 0.00276084]
 [0.00261213 0.00262312 0.00280211]
 [0.00246467 0.00264672 0.00260296]] 
Episode: 282: [[0.00268617 0.00282313 0.00276232]
 [0.00261361 0.00262458 0.00280358]
 [0.00246617 0.00264821 0.00260448]] 
Episode: 283: [[0.0026875  0.00282446 0.00276366]
 [0.00261496 0.0026259  0.00280491]
 [0.00246752 0.00264956 0.00260585]] 
Episode: 284: [[0.0026887  0.00282566 0.00276487]
 [0.00261617 0.00262709 0.00280611]
 [0.00246874 0.00265077 0.00260709]] 
Episode: 285: [[0.00268979 0.00282675 0.00276595]
 [0.00261726 0.00262817 0.0028072 ]
 [0.00246984 0.00265186 0.0026082 ]] 
Episode: 286: [[0.00269077 0.00282772 0.00276694]
 [0.00261824 0.00262914 0.00280817]
 [0.00247083 0.00265285 0.00260921]] 
Episode: 287: [[0.00269165 0.0028286  0.00276782]
 [0.00261913 0.00263001 0.00280905]
 [0.00247172 0.00265374 0.00261012]] 
Episode: 288: [[0.00269244 0.0028294  0.00276862]
 [0.00261993 0.0026308  0.00280985]
 [0.00247252 0.00265454 0.00261093]] 
Episode: 289: [[0.00269316 0.00283012 0.00276934]
 [0.00262066 0.00263151 0.00281056]
 [0.00247325 0.00265527 0.00261167]] 
Episode: 290: [[0.00269379 0.00283074 0.00276996]
 [0.00262128 0.00263212 0.00281118]
 [0.00247388 0.00265589 0.0026123 ]] 
Episode: 291: [[0.00269435 0.0028313  0.00277053]
 [0.00262185 0.00263267 0.00281173]
 [0.00247445 0.00265645 0.00261288]] 
Episode: 292: [[0.00269486 0.00283181 0.00277104]
 [0.00262236 0.00263316 0.00281224]
 [0.00247497 0.00265695 0.00261339]] 
Episode: 293: [[0.0026959  0.00283292 0.00277212]
 [0.00262341 0.00263413 0.00281337]
 [0.00247597 0.00265801 0.00261451]] 
Episode: 294: [[0.00269683 0.00283392 0.0027731 ]
 [0.00262436 0.002635   0.00281438]
 [0.00247687 0.00265896 0.00261551]] 
Episode: 295: [[0.00269768 0.00283483 0.00277398]
 [0.00262521 0.00263578 0.0028153 ]
 [0.00247768 0.00265982 0.00261642]] 
Episode: 296: [[0.00269844 0.00283564 0.00277477]
 [0.00262599 0.00263649 0.00281613]
 [0.00247841 0.00266059 0.00261724]] 
Episode: 297: [[0.00269912 0.00283638 0.00277549]
 [0.00262668 0.00263712 0.00281688]
 [0.00247907 0.00266129 0.00261798]] 
Episode: 298: [[0.00269974 0.00283704 0.00277613]
 [0.00262731 0.0026377  0.00281755]
 [0.00247966 0.00266192 0.00261864]] 
Episode: 299: [[0.0027003  0.00283764 0.00277672]
 [0.00262787 0.00263822 0.00281816]
 [0.0024802  0.00266248 0.00261924]] 
Episode: 300: [[0.0027008  0.00283818 0.00277724]
 [0.00262838 0.00263868 0.00281871]
 [0.00248068 0.002663   0.00261978]] 
Episode: 301: [[0.00270125 0.00283867 0.00277772]
 [0.00262884 0.0026391  0.0028192 ]
 [0.00248112 0.00266346 0.00262027]] 
Episode: 302: [[0.00270175 0.0028392  0.00277824]
 [0.00262934 0.00263957 0.00281974]
 [0.00248159 0.00266397 0.0026208 ]] 
Episode: 303: [[0.0027022  0.00283968 0.00277871]
 [0.00262979 0.00264    0.00282023]
 [0.00248202 0.00266443 0.00262128]] 
Episode: 304: [[0.0027026  0.00284011 0.00277913]
 [0.0026302  0.00264038 0.00282066]
 [0.00248241 0.00266484 0.00262171]] 
Episode: 305: [[0.00270307 0.00284062 0.00277963]
 [0.00263068 0.00264084 0.00282119]
 [0.00248287 0.00266535 0.00262224]] 
Episode: 306: [[0.00270348 0.00284109 0.00278008]
 [0.00263111 0.00264126 0.00282166]
 [0.00248328 0.00266581 0.00262272]] 
Episode: 307: [[0.00268724 0.00282485 0.00276384]
 [0.00261487 0.00262502 0.00280542]
 [0.00246704 0.00264957 0.00260649]] 
Episode: 308: [[0.0026726  0.0028102  0.00274919]
 [0.00260022 0.00261037 0.00279078]
 [0.0024524  0.00263492 0.00259184]] 
Episode: 309: [[0.00265939 0.002797   0.00273599]
 [0.00258702 0.00259717 0.00277758]
 [0.00243919 0.00262172 0.00257864]] 
Episode: 310: [[0.00264749 0.00278509 0.00272408]
 [0.00257511 0.00258527 0.00276567]
 [0.00242729 0.00260981 0.00256673]] 
Episode: 311: [[0.00263675 0.00277436 0.00271335]
 [0.00256438 0.00257453 0.00275494]
 [0.00241655 0.00259908 0.002556  ]] 
Episode: 312: [[0.00262707 0.00276468 0.00270367]
 [0.0025547  0.00256485 0.00274526]
 [0.00240687 0.0025894  0.00254632]] 
Episode: 313: [[0.00261834 0.00275595 0.00269494]
 [0.00254597 0.00255612 0.00273653]
 [0.00239814 0.00258067 0.00253759]] 
Episode: 314: [[0.00261047 0.00274808 0.00268707]
 [0.0025381  0.00254825 0.00272866]
 [0.00239027 0.0025728  0.00252972]] 
Episode: 315: [[0.00260338 0.00274098 0.00267997]
 [0.002531   0.00254116 0.00272156]
 [0.00238318 0.0025657  0.00252262]] 
Episode: 316: [[0.00259698 0.00273458 0.00267357]
 [0.00252461 0.00253476 0.00271516]
 [0.00237678 0.00255931 0.00251622]] 
Episode: 317: [[0.00258052 0.00271812 0.00265711]
 [0.00250814 0.00251829 0.0026987 ]
 [0.00236031 0.00254284 0.00249976]] 
Episode: 318: [[0.00256567 0.00270328 0.00264226]
 [0.0024933  0.00250345 0.00268385]
 [0.00234547 0.002528   0.00248491]] 
Episode: 319: [[0.00255229 0.00268989 0.00262888]
 [0.00247991 0.00249006 0.00267047]
 [0.00233208 0.00251461 0.00247153]] 
Episode: 320: [[0.00254022 0.00267782 0.00261681]
 [0.00246784 0.00247799 0.0026584 ]
 [0.00232002 0.00250254 0.00245946]] 
Episode: 321: [[0.00252933 0.00266694 0.00260593]
 [0.00245696 0.00246711 0.00264752]
 [0.00230913 0.00249166 0.00244858]] 
Episode: 322: [[0.00251952 0.00265713 0.00259612]
 [0.00244715 0.0024573  0.00263771]
 [0.00229932 0.00248185 0.00243877]] 
Episode: 323: [[0.00251068 0.00264828 0.00258727]
 [0.0024383  0.00244845 0.00262886]
 [0.00229048 0.002473   0.00242992]] 
Episode: 324: [[0.0025027  0.00264031 0.00257929]
 [0.00243033 0.00244048 0.00262088]
 [0.0022825  0.00246503 0.00242194]] 
Episode: 325: [[0.00249551 0.00263311 0.0025721 ]
 [0.00242313 0.00243329 0.00261369]
 [0.00227531 0.00245783 0.00241475]] 
Episode: 326: [[0.00248902 0.00262663 0.00256562]
 [0.00241665 0.0024268  0.00260721]
 [0.00226882 0.00245135 0.00240827]] 
Episode: 327: [[0.00248318 0.00262078 0.00255977]
 [0.0024108  0.00242096 0.00260136]
 [0.00226298 0.0024455  0.00240242]] 
Episode: 328: [[0.00247791 0.00261551 0.0025545 ]
 [0.00240553 0.00241568 0.00259609]
 [0.00225771 0.00244023 0.00239715]] 
Episode: 329: [[0.00247315 0.00261076 0.00254975]
 [0.00240078 0.00241093 0.00259134]
 [0.00225295 0.00243548 0.0023924 ]] 
Episode: 330: [[0.00246887 0.00260647 0.00254546]
 [0.0023965  0.00240665 0.00258705]
 [0.00224867 0.0024312  0.00238811]] 
Episode: 331: [[0.00246501 0.00260261 0.0025416 ]
 [0.00239263 0.00240278 0.00258319]
 [0.00224481 0.00242733 0.00238425]] 
Episode: 332: [[0.00246152 0.00259913 0.00253812]
 [0.00238915 0.0023993  0.00257971]
 [0.00224132 0.00242385 0.00238077]] 
Episode: 333: [[0.00245838 0.00259599 0.00253498]
 [0.00238601 0.00239616 0.00257657]
 [0.00223818 0.00242071 0.00237763]] 
Episode: 334: [[0.00245555 0.00259316 0.00253215]
 [0.00238318 0.00239333 0.00257374]
 [0.00223535 0.00241788 0.0023748 ]] 
Episode: 335: [[0.002453   0.0025906  0.00252959]
 [0.00238063 0.00239078 0.00257118]
 [0.0022328  0.00241533 0.00237224]] 
Episode: 336: [[0.0024507  0.0025883  0.00252729]
 [0.00237832 0.00238847 0.00256888]
 [0.0022305  0.00241302 0.00236994]] 
Episode: 337: [[0.00244862 0.00258623 0.00252522]
 [0.00237625 0.0023864  0.00256681]
 [0.00222842 0.00241095 0.00236787]] 
Episode: 338: [[0.00244675 0.00258436 0.00252335]
 [0.00237438 0.00238453 0.00256494]
 [0.00222655 0.00240908 0.002366  ]] 
Episode: 339: [[0.00244507 0.00258267 0.00252166]
 [0.00237269 0.00238284 0.00256325]
 [0.00222486 0.00240739 0.00236431]] 
Episode: 340: [[0.00244354 0.00258115 0.00252014]
 [0.00237117 0.00238132 0.00256173]
 [0.00222334 0.00240587 0.00236279]] 
Episode: 341: [[0.00244217 0.00257978 0.00251877]
 [0.0023698  0.00237995 0.00256036]
 [0.00222197 0.0024045  0.00236142]] 
Episode: 342: [[0.00244094 0.00257854 0.00251753]
 [0.00236856 0.00237871 0.00255912]
 [0.00222074 0.00240326 0.00236018]] 
Episode: 343: [[0.00243982 0.00257743 0.00251642]
 [0.00236745 0.0023776  0.00255801]
 [0.00221962 0.00240215 0.00235907]] 
Episode: 344: [[0.00243882 0.00257642 0.00251541]
 [0.00236644 0.0023766  0.002557  ]
 [0.00221862 0.00240114 0.00235806]] 
Episode: 345: [[0.00243791 0.00257552 0.00251451]
 [0.00236554 0.00237569 0.0025561 ]
 [0.00221771 0.00240024 0.00235716]] 
Episode: 346: [[0.0024371  0.0025747  0.00251369]
 [0.00236472 0.00237487 0.00255528]
 [0.0022169  0.00239942 0.00235634]] 
Episode: 347: [[0.00243636 0.00257397 0.00251295]
 [0.00236399 0.00237414 0.00255454]
 [0.00221616 0.00239869 0.0023556 ]] 
Episode: 348: [[0.0024357  0.0025733  0.00251229]
 [0.00236332 0.00237347 0.00255388]
 [0.0022155  0.00239802 0.00235494]] 
Episode: 349: [[0.0024351  0.0025727  0.00251169]
 [0.00236272 0.00237288 0.00255328]
 [0.0022149  0.00239742 0.00235434]] 
Episode: 350: [[0.00243456 0.00257216 0.00251115]
 [0.00236218 0.00237234 0.00255274]
 [0.00221436 0.00239688 0.0023538 ]] 
Episode: 351: [[0.00243407 0.00257168 0.00251067]
 [0.0023617  0.00237185 0.00255226]
 [0.00221387 0.0023964  0.00235332]] 
Episode: 352: [[0.00243363 0.00257124 0.00251023]
 [0.00236126 0.00237141 0.00255182]
 [0.00221343 0.00239596 0.00235288]] 
Episode: 353: [[0.00243324 0.00257084 0.00250983]
 [0.00236087 0.00237102 0.00255142]
 [0.00221304 0.00239556 0.00235248]] 
Episode: 354: [[0.00243288 0.00257049 0.00250948]
 [0.00236051 0.00237066 0.00255107]
 [0.00221268 0.00239521 0.00235213]] 
Episode: 355: [[0.00243256 0.00257017 0.00250916]
 [0.00236019 0.00237034 0.00255074]
 [0.00221236 0.00239489 0.00235181]] 
Episode: 356: [[0.00243227 0.00256988 0.00250887]
 [0.0023599  0.00237005 0.00255046]
 [0.00221207 0.0023946  0.00235152]] 
Episode: 357: [[0.00243201 0.00256962 0.00250861]
 [0.00235964 0.00236979 0.00255019]
 [0.00221181 0.00239434 0.00235126]] 
Episode: 358: [[0.00243178 0.00256938 0.00250837]
 [0.0023594  0.00236955 0.00254996]
 [0.00221157 0.0023941  0.00235102]] 
Episode: 359: [[0.00243156 0.00256917 0.00250816]
 [0.00235919 0.00236934 0.00254975]
 [0.00221136 0.00239389 0.00235081]] 
Episode: 360: [[0.00243137 0.00256898 0.00250797]
 [0.002359   0.00236915 0.00254956]
 [0.00221117 0.0023937  0.00235062]] 
Episode: 361: [[0.0024312  0.0025688  0.00250779]
 [0.00235883 0.00236898 0.00254938]
 [0.002211   0.00239353 0.00235044]] 
Episode: 362: [[0.00243104 0.00256865 0.00250764]
 [0.00235867 0.00236882 0.00254923]
 [0.00221084 0.00239337 0.00235029]] 
Episode: 363: [[0.0024309  0.00256851 0.0025075 ]
 [0.00235853 0.00236868 0.00254909]
 [0.0022107  0.00239323 0.00235015]] 
Episode: 364: [[0.00243078 0.00256838 0.00250737]
 [0.0023584  0.00236855 0.00254896]
 [0.00221058 0.0023931  0.00235002]] 
Episode: 365: [[0.00243066 0.00256827 0.00250726]
 [0.00235829 0.00236844 0.00254885]
 [0.00221046 0.00239299 0.00234991]] 
Episode: 366: [[0.00243056 0.00256817 0.00250716]
 [0.00235819 0.00236834 0.00254874]
 [0.00221036 0.00239289 0.00234981]] 
Episode: 367: [[0.00243047 0.00256807 0.00250706]
 [0.00235809 0.00236825 0.00254865]
 [0.00221027 0.00239279 0.00234971]] 
Episode: 368: [[0.00243039 0.00256799 0.00250698]
 [0.00235801 0.00236816 0.00254857]
 [0.00221018 0.00239271 0.00234963]] 
Episode: 369: [[0.00243031 0.00256791 0.0025069 ]
 [0.00235794 0.00236809 0.00254849]
 [0.00221011 0.00239264 0.00234955]] 
Episode: 370: [[0.00243024 0.00256785 0.00250684]
 [0.00235787 0.00236802 0.00254843]
 [0.00221004 0.00239257 0.00234949]] 
Episode: 371: [[0.00243018 0.00256779 0.00250678]
 [0.00235781 0.00236796 0.00254836]
 [0.00220998 0.00239251 0.00234943]] 
Episode: 372: [[0.00243013 0.00256773 0.00250672]
 [0.00235775 0.0023679  0.00254831]
 [0.00220993 0.00239245 0.00234937]] 
Episode: 373: [[0.00243008 0.00256768 0.00250667]
 [0.0023577  0.00236785 0.00254826]
 [0.00220988 0.0023924  0.00234932]] 
Episode: 374: [[0.00243003 0.00256764 0.00250663]
 [0.00235766 0.00236781 0.00254822]
 [0.00220983 0.00239236 0.00234928]] 
Episode: 375: [[0.00242999 0.0025676  0.00250659]
 [0.00235762 0.00236777 0.00254817]
 [0.00220979 0.00239232 0.00234924]] 
Episode: 376: [[0.00242996 0.00256756 0.00250655]
 [0.00235758 0.00236773 0.00254814]
 [0.00220975 0.00239228 0.0023492 ]] 
Episode: 377: [[0.00242992 0.00256753 0.00250652]
 [0.00235755 0.0023677  0.00254811]
 [0.00220972 0.00239225 0.00234917]] 
Episode: 378: [[0.00242989 0.0025675  0.00250649]
 [0.00235752 0.00236767 0.00254808]
 [0.00220969 0.00239222 0.00234914]] 
Episode: 379: [[0.00242987 0.00256747 0.00250646]
 [0.00235749 0.00236764 0.00254805]
 [0.00220967 0.00239219 0.00234911]] 
Episode: 380: [[0.00242984 0.00256745 0.00250644]
 [0.00235747 0.00236762 0.00254803]
 [0.00220964 0.00239217 0.00234909]] 
Episode: 381: [[0.00242982 0.00256743 0.00250642]
 [0.00235745 0.0023676  0.002548  ]
 [0.00220962 0.00239215 0.00234906]] 
Episode: 382: [[0.0024298  0.00256741 0.0025064 ]
 [0.00235743 0.00236758 0.00254798]
 [0.0022096  0.00239213 0.00234905]] 
Episode: 383: [[0.00242978 0.00256739 0.00250638]
 [0.00235741 0.00236756 0.00254797]
 [0.00220958 0.00239211 0.00234903]] 
Episode: 384: [[0.00242977 0.00256737 0.00250636]
 [0.00235739 0.00236754 0.00254795]
 [0.00220957 0.00239209 0.00234901]] 
Episode: 385: [[0.00242975 0.00256736 0.00250635]
 [0.00235738 0.00236753 0.00254794]
 [0.00220955 0.00239208 0.002349  ]] 
Episode: 386: [[0.00242974 0.00256735 0.00250634]
 [0.00235737 0.00236752 0.00254792]
 [0.00220954 0.00239207 0.00234898]] 
Episode: 387: [[0.00242973 0.00256733 0.00250632]
 [0.00235735 0.00236751 0.00254791]
 [0.00220953 0.00239205 0.00234897]] 
Episode: 388: [[0.00242972 0.00256732 0.00250631]
 [0.00235734 0.0023675  0.0025479 ]
 [0.00220952 0.00239204 0.00234896]] 
Episode: 389: [[0.00242971 0.00256731 0.0025063 ]
 [0.00235733 0.00236749 0.00254789]
 [0.00220951 0.00239203 0.00234895]] 
Episode: 390: [[0.0024297  0.0025673  0.00250629]
 [0.00235733 0.00236748 0.00254788]
 [0.0022095  0.00239203 0.00234894]] 
Episode: 391: [[0.00242969 0.0025673  0.00250629]
 [0.00235732 0.00236747 0.00254788]
 [0.00220949 0.00239202 0.00234894]] 
Episode: 392: [[0.00242969 0.00256729 0.00250628]
 [0.00235731 0.00236746 0.00254787]
 [0.00220948 0.00239201 0.00234893]] 
Episode: 393: [[0.00242968 0.00256728 0.00250627]
 [0.00235731 0.00236746 0.00254786]
 [0.00220948 0.00239201 0.00234892]] 
Episode: 394: [[0.00242967 0.00256728 0.00250627]
 [0.0023573  0.00236745 0.00254786]
 [0.00220947 0.002392   0.00234892]] 
Episode: 395: [[0.00242967 0.00256727 0.00250626]
 [0.00235729 0.00236745 0.00254785]
 [0.00220947 0.00239199 0.00234891]] 
Episode: 396: [[0.00242966 0.00256727 0.00250626]
 [0.00235729 0.00236744 0.00254785]
 [0.00220946 0.00239199 0.00234891]] 
Episode: 397: [[0.00242966 0.00256726 0.00250625]
 [0.00235729 0.00236744 0.00254784]
 [0.00220946 0.00239199 0.0023489 ]] 
Episode: 398: [[0.00242966 0.00256726 0.00250625]
 [0.00235728 0.00236743 0.00254784]
 [0.00220946 0.00239198 0.0023489 ]] 
Episode: 399: [[0.00242965 0.00256726 0.00250625]
 [0.00235728 0.00236743 0.00254784]
 [0.00220945 0.00239198 0.0023489 ]] 
Episode: 400: [[0.00242965 0.00256725 0.00250624]
 [0.00235728 0.00236743 0.00254783]
 [0.00220945 0.00239198 0.00234889]] 
Episode: 401: [[0.00242965 0.00256725 0.00250624]
 [0.00235727 0.00236742 0.00254783]
 [0.00220945 0.00239197 0.00234889]] 
Episode: 402: [[0.00242964 0.00256725 0.00250624]
 [0.00235727 0.00236742 0.00254783]
 [0.00220944 0.00239197 0.00234889]] 
Episode: 403: [[0.00242964 0.00256725 0.00250624]
 [0.00235727 0.00236742 0.00254783]
 [0.00220944 0.00239197 0.00234889]] 
Episode: 404: [[0.00242964 0.00256724 0.00250623]
 [0.00235727 0.00236742 0.00254782]
 [0.00220944 0.00239197 0.00234888]] 
Episode: 405: [[0.00242964 0.00256724 0.00250623]
 [0.00235726 0.00236741 0.00254782]
 [0.00220944 0.00239196 0.00234888]] 
Episode: 406: [[0.00242964 0.00256724 0.00250623]
 [0.00235726 0.00236741 0.00254782]
 [0.00220944 0.00239196 0.00234888]] 
Episode: 407: [[0.00242964 0.00256724 0.00250623]
 [0.00235726 0.00236741 0.00254782]
 [0.00220943 0.00239196 0.00234888]] 
Episode: 408: [[0.00242963 0.00256724 0.00250623]
 [0.00235726 0.00236741 0.00254782]
 [0.00220943 0.00239196 0.00234888]] 
Episode: 409: [[0.00242963 0.00256724 0.00250623]
 [0.00235726 0.00236741 0.00254782]
 [0.00220943 0.00239196 0.00234888]] 
Episode: 410: [[0.00242963 0.00256724 0.00250623]
 [0.00235726 0.00236741 0.00254781]
 [0.00220943 0.00239196 0.00234888]] 
Episode: 411: [[0.00242963 0.00256724 0.00250623]
 [0.00235726 0.00236741 0.00254781]
 [0.00220943 0.00239196 0.00234887]] 
Episode: 412: [[0.00242963 0.00256723 0.00250622]
 [0.00235726 0.00236741 0.00254781]
 [0.00220943 0.00239196 0.00234887]] 
Episode: 413: [[0.00242963 0.00256723 0.00250622]
 [0.00235725 0.00236741 0.00254781]
 [0.00220943 0.00239195 0.00234887]] 
Episode: 414: [[0.00242963 0.00256723 0.00250622]
 [0.00235725 0.0023674  0.00254781]
 [0.00220943 0.00239195 0.00234887]] 
Episode: 415: [[0.00242963 0.00256723 0.00250622]
 [0.00235725 0.0023674  0.00254781]
 [0.00220943 0.00239195 0.00234887]] 
Episode: 416: [[0.00242963 0.00256723 0.00250622]
 [0.00235725 0.0023674  0.00254781]
 [0.00220943 0.00239195 0.00234887]] 
Episode: 417: [[0.00242963 0.00256723 0.00250622]
 [0.00235725 0.0023674  0.00254781]
 [0.00220943 0.00239195 0.00234887]] 
Episode: 418: [[0.00242963 0.00256723 0.00250622]
 [0.00235725 0.0023674  0.00254781]
 [0.00220943 0.00239195 0.00234887]] 
Episode: 419: [[0.00242963 0.00256723 0.00250622]
 [0.00235725 0.0023674  0.00254781]
 [0.00220942 0.00239195 0.00234887]] 
Episode: 420: [[0.00242963 0.00256723 0.00250622]
 [0.00235725 0.0023674  0.00254781]
 [0.00220942 0.00239195 0.00234887]] 
Episode: 421: [[0.00242963 0.00256723 0.00250622]
 [0.00235725 0.0023674  0.00254781]
 [0.00220942 0.00239195 0.00234887]] 
Episode: 422: [[0.00242962 0.00256723 0.00250622]
 [0.00235725 0.0023674  0.00254781]
 [0.00220942 0.00239195 0.00234887]] 
Episode: 423: [[0.00242962 0.00256723 0.00250622]
 [0.00235725 0.0023674  0.00254781]
 [0.00220942 0.00239195 0.00234887]] 
Episode: 424: [[0.00242962 0.00256723 0.00250622]
 [0.00235725 0.0023674  0.00254781]
 [0.00220942 0.00239195 0.00234887]] 
Episode: 425: [[0.00242962 0.00256723 0.00250622]
 [0.00235725 0.0023674  0.00254781]
 [0.00220942 0.00239195 0.00234887]] 
Episode: 426: [[0.00242962 0.00256723 0.00250622]
 [0.00235725 0.0023674  0.00254781]
 [0.00220942 0.00239195 0.00234887]] 
Episode: 427: [[0.00242962 0.00256723 0.00250622]
 [0.00235725 0.0023674  0.00254781]
 [0.00220942 0.00239195 0.00234887]] 
Episode: 428: [[0.00242962 0.00256723 0.00250622]
 [0.00235725 0.0023674  0.00254781]
 [0.00220942 0.00239195 0.00234887]] 
Episode: 429: [[0.00242962 0.00256723 0.00250622]
 [0.00235725 0.0023674  0.00254781]
 [0.00220942 0.00239195 0.00234887]] 
Episode: 430: [[0.00242962 0.00256723 0.00250622]
 [0.00235725 0.0023674  0.00254781]
 [0.00220942 0.00239195 0.00234887]] 
Episode: 431: [[0.00242962 0.00256723 0.00250622]
 [0.00235725 0.0023674  0.00254781]
 [0.00220942 0.00239195 0.00234887]] 
Episode: 432: [[0.00242962 0.00256723 0.00250622]
 [0.00235725 0.0023674  0.00254781]
 [0.00220942 0.00239195 0.00234887]] 
Episode: 433: [[0.00242962 0.00256723 0.00250622]
 [0.00235725 0.0023674  0.00254781]
 [0.00220942 0.00239195 0.00234887]] 
Episode: 434: [[0.00242962 0.00256723 0.00250622]
 [0.00235725 0.0023674  0.00254781]
 [0.00220942 0.00239195 0.00234887]] 
Episode: 435: [[0.00242962 0.00256723 0.00250622]
 [0.00235725 0.0023674  0.00254781]
 [0.00220942 0.00239195 0.00234887]] 
Episode: 436: [[0.00242962 0.00256723 0.00250622]
 [0.00235725 0.0023674  0.00254781]
 [0.00220942 0.00239195 0.00234887]] 
Episode: 437: [[0.00242962 0.00256723 0.00250622]
 [0.00235725 0.0023674  0.00254781]
 [0.00220942 0.00239195 0.00234887]] 
Episode: 438: [[0.00242962 0.00256723 0.00250622]
 [0.00235725 0.0023674  0.00254781]
 [0.00220942 0.00239195 0.00234887]] 
Episode: 439: [[0.00242962 0.00256723 0.00250622]
 [0.00235725 0.0023674  0.00254781]
 [0.00220942 0.00239195 0.00234887]] 
Episode: 440: [[0.00242962 0.00256723 0.00250622]
 [0.00235725 0.0023674  0.00254781]
 [0.00220942 0.00239195 0.00234887]] 
Episode: 441: [[0.00242962 0.00256723 0.00250622]
 [0.00235725 0.0023674  0.00254781]
 [0.00220942 0.00239195 0.00234887]] 
Episode: 442: [[0.00242962 0.00256723 0.00250622]
 [0.00235725 0.0023674  0.00254781]
 [0.00220942 0.00239195 0.00234887]] 
Episode: 443: [[0.00242962 0.00256723 0.00250622]
 [0.00235725 0.0023674  0.00254781]
 [0.00220942 0.00239195 0.00234887]] 
Episode: 444: [[0.00242962 0.00256723 0.00250622]
 [0.00235725 0.0023674  0.00254781]
 [0.00220942 0.00239195 0.00234887]] 
Episode: 445: [[0.00242962 0.00256723 0.00250622]
 [0.00235725 0.0023674  0.00254781]
 [0.00220942 0.00239195 0.00234887]] 
Episode: 446: [[0.00242962 0.00256723 0.00250622]
 [0.00235725 0.0023674  0.00254781]
 [0.00220942 0.00239195 0.00234887]] 
Episode: 447: [[0.00242962 0.00256723 0.00250622]
 [0.00235725 0.0023674  0.00254781]
 [0.00220942 0.00239195 0.00234887]] 
Episode: 448: [[0.00242962 0.00256723 0.00250622]
 [0.00235725 0.0023674  0.00254781]
 [0.00220942 0.00239195 0.00234887]] 
Episode: 449: [[0.00242962 0.00256723 0.00250622]
 [0.00235725 0.0023674  0.00254781]
 [0.00220942 0.00239195 0.00234887]] 
Episode: 450: [[0.00242962 0.00256723 0.00250622]
 [0.00235725 0.0023674  0.00254781]
 [0.00220942 0.00239195 0.00234887]] 
Episode: 451: [[0.00242962 0.00256723 0.00250622]
 [0.00235725 0.0023674  0.00254781]
 [0.00220942 0.00239195 0.00234887]] 
Episode: 452: [[0.00242962 0.00256723 0.00250622]
 [0.00235725 0.0023674  0.00254781]
 [0.00220942 0.00239195 0.00234887]] 
Episode: 453: [[0.00242962 0.00256723 0.00250622]
 [0.00235725 0.0023674  0.00254781]
 [0.00220942 0.00239195 0.00234887]] 
Episode: 454: [[0.00242962 0.00256723 0.00250622]
 [0.00235725 0.0023674  0.00254781]
 [0.00220942 0.00239195 0.00234887]] 
Episode: 455: [[0.00242962 0.00256723 0.00250622]
 [0.00235725 0.0023674  0.00254781]
 [0.00220942 0.00239195 0.00234887]] 
Episode: 456: [[0.00242962 0.00256723 0.00250622]
 [0.00235725 0.0023674  0.00254781]
 [0.00220942 0.00239195 0.00234887]] 
Episode: 457: [[0.00242962 0.00256723 0.00250622]
 [0.00235725 0.0023674  0.00254781]
 [0.00220942 0.00239195 0.00234887]] 
Episode: 458: [[0.00242962 0.00256723 0.00250622]
 [0.00235725 0.0023674  0.00254781]
 [0.00220942 0.00239195 0.00234887]] 
Episode: 459: [[0.00242962 0.00256723 0.00250622]
 [0.00235725 0.0023674  0.00254781]
 [0.00220942 0.00239195 0.00234887]] 
Episode: 460: [[0.00242962 0.00256723 0.00250622]
 [0.00235725 0.0023674  0.00254781]
 [0.00220942 0.00239195 0.00234887]] 
Episode: 461: [[0.00242962 0.00256723 0.00250622]
 [0.00235725 0.0023674  0.00254781]
 [0.00220942 0.00239195 0.00234887]] 
Episode: 462: [[0.00242962 0.00256723 0.00250622]
 [0.00235725 0.0023674  0.00254781]
 [0.00220942 0.00239195 0.00234887]] 
Episode: 463: [[0.00242962 0.00256723 0.00250622]
 [0.00235725 0.0023674  0.00254781]
 [0.00220942 0.00239195 0.00234887]] 
Episode: 464: [[0.00242962 0.00256723 0.00250622]
 [0.00235725 0.0023674  0.00254781]
 [0.00220942 0.00239195 0.00234887]] 
Episode: 465: [[0.00242962 0.00256723 0.00250622]
 [0.00235725 0.0023674  0.00254781]
 [0.00220942 0.00239195 0.00234887]] 
Episode: 466: [[0.00242962 0.00256723 0.00250622]
 [0.00235725 0.0023674  0.00254781]
 [0.00220942 0.00239195 0.00234887]] 
Episode: 467: [[0.00242962 0.00256723 0.00250622]
 [0.00235725 0.0023674  0.00254781]
 [0.00220942 0.00239195 0.00234887]] 
Episode: 468: [[0.00242962 0.00256723 0.00250622]
 [0.00235725 0.0023674  0.00254781]
 [0.00220942 0.00239195 0.00234887]] 
Episode: 469: [[0.00242962 0.00256723 0.00250622]
 [0.00235725 0.0023674  0.00254781]
 [0.00220942 0.00239195 0.00234887]] 
Episode: 470: [[0.00242962 0.00256723 0.00250622]
 [0.00235725 0.0023674  0.00254781]
 [0.00220942 0.00239195 0.00234887]] 
Episode: 471: [[0.00242962 0.00256723 0.00250622]
 [0.00235725 0.0023674  0.00254781]
 [0.00220942 0.00239195 0.00234887]] 
Episode: 472: [[0.00242962 0.00256723 0.00250622]
 [0.00235725 0.0023674  0.00254781]
 [0.00220942 0.00239195 0.00234887]] 
Episode: 473: [[0.00242962 0.00256723 0.00250622]
 [0.00235725 0.0023674  0.00254781]
 [0.00220942 0.00239195 0.00234887]] 
Episode: 474: [[0.00242962 0.00256723 0.00250622]
 [0.00235725 0.0023674  0.00254781]
 [0.00220942 0.00239195 0.00234887]] 
Episode: 475: [[0.00242962 0.00256723 0.00250622]
 [0.00235725 0.0023674  0.00254781]
 [0.00220942 0.00239195 0.00234887]] 
Episode: 476: [[0.00242962 0.00256723 0.00250622]
 [0.00235725 0.0023674  0.00254781]
 [0.00220942 0.00239195 0.00234887]] 
Episode: 477: [[0.00242962 0.00256723 0.00250622]
 [0.00235725 0.0023674  0.00254781]
 [0.00220942 0.00239195 0.00234887]] 
Episode: 478: [[0.00242962 0.00256723 0.00250622]
 [0.00235725 0.0023674  0.00254781]
 [0.00220942 0.00239195 0.00234887]] 
Episode: 479: [[0.00242962 0.00256723 0.00250622]
 [0.00235725 0.0023674  0.00254781]
 [0.00220942 0.00239195 0.00234887]] 
Episode: 480: [[0.00242962 0.00256723 0.00250622]
 [0.00235725 0.0023674  0.00254781]
 [0.00220942 0.00239195 0.00234887]] 
Episode: 481: [[0.00242962 0.00256723 0.00250622]
 [0.00235725 0.0023674  0.00254781]
 [0.00220942 0.00239195 0.00234887]] 
Episode: 482: [[0.00242962 0.00256723 0.00250622]
 [0.00235725 0.0023674  0.00254781]
 [0.00220942 0.00239195 0.00234887]] 
Episode: 483: [[0.00242962 0.00256723 0.00250622]
 [0.00235725 0.0023674  0.00254781]
 [0.00220942 0.00239195 0.00234887]] 
Episode: 484: [[0.00242962 0.00256723 0.00250622]
 [0.00235725 0.0023674  0.00254781]
 [0.00220942 0.00239195 0.00234887]] 
Episode: 485: [[0.00242962 0.00256723 0.00250622]
 [0.00235725 0.0023674  0.00254781]
 [0.00220942 0.00239195 0.00234887]] 
Episode: 486: [[0.00242962 0.00256723 0.00250622]
 [0.00235725 0.0023674  0.00254781]
 [0.00220942 0.00239195 0.00234887]] 
Episode: 487: [[0.00242962 0.00256723 0.00250622]
 [0.00235725 0.0023674  0.00254781]
 [0.00220942 0.00239195 0.00234887]] 
Episode: 488: [[0.00242962 0.00256723 0.00250622]
 [0.00235725 0.0023674  0.00254781]
 [0.00220942 0.00239195 0.00234887]] 
Episode: 489: [[0.00242962 0.00256723 0.00250622]
 [0.00235725 0.0023674  0.00254781]
 [0.00220942 0.00239195 0.00234887]] 
Episode: 490: [[0.00242962 0.00256723 0.00250622]
 [0.00235725 0.0023674  0.00254781]
 [0.00220942 0.00239195 0.00234887]] 
Episode: 491: [[0.00242962 0.00256723 0.00250622]
 [0.00235725 0.0023674  0.00254781]
 [0.00220942 0.00239195 0.00234887]] 
Episode: 492: [[0.00242962 0.00256723 0.00250622]
 [0.00235725 0.0023674  0.00254781]
 [0.00220942 0.00239195 0.00234887]] 
Episode: 493: [[0.00242962 0.00256723 0.00250622]
 [0.00235725 0.0023674  0.00254781]
 [0.00220942 0.00239195 0.00234887]] 
Episode: 494: [[0.00242962 0.00256723 0.00250622]
 [0.00235725 0.0023674  0.00254781]
 [0.00220942 0.00239195 0.00234887]] 
Episode: 495: [[0.00242962 0.00256723 0.00250622]
 [0.00235725 0.0023674  0.00254781]
 [0.00220942 0.00239195 0.00234887]] 
Episode: 496: [[0.00242962 0.00256723 0.00250622]
 [0.00235725 0.0023674  0.00254781]
 [0.00220942 0.00239195 0.00234887]] 
Episode: 497: [[0.00242962 0.00256723 0.00250622]
 [0.00235725 0.0023674  0.00254781]
 [0.00220942 0.00239195 0.00234887]] 
Episode: 498: [[0.00242962 0.00256723 0.00250622]
 [0.00235725 0.0023674  0.00254781]
 [0.00220942 0.00239195 0.00234887]] 
Episode: 499: [[0.00242962 0.00256723 0.00250622]
 [0.00235725 0.0023674  0.00254781]
 [0.00220942 0.00239195 0.00234887]] 
Episode: 500: [[0.00242962 0.00256723 0.00250622]
 [0.00235725 0.0023674  0.00254781]
 [0.00220942 0.00239195 0.00234887]] 
