125456.742188 54702208.000000 62786.140625 14639.760742 548424.125000 
136412.937500 49044216.000000 82781.250000 24321.019531 427764.312500 
137944.531250 51057192.000000 54890.699219 25241.857422 615018.000000 
119868.039062 49546160.000000 60164.203125 22250.837891 626452.812500 
130542.398438 63725960.000000 75834.687500 46990.824219 396523.781250 
132165.531250 48097184.000000 54306.335938 17738.255859 441735.625000 
134520.531250 54939900.000000 85589.390625 52236.296875 594192.437500 
123750.007812 53181312.000000 47748.757812 12189.740234 504242.656250 
135529.562500 50195324.000000 59561.492188 25923.781250 552003.375000 
138490.125000 49459620.000000 92876.414062 43004.562500 621584.687500 
123593.062500 55266724.000000 54610.070312 16501.628906 583330.500000 
127880.554688 50463696.000000 63119.890625 87410.203125 561214.687500 
137536.703125 47363616.000000 91839.867188 76764.562500 386846.562500 
129773.398438 48356968.000000 50688.835938 18400.697266 519489.625000 
131879.515625 52446528.000000 63897.867188 42394.261719 549945.875000 
119168.570312 65359692.000000 57160.203125 24270.968750 861409.687500 
125184.945312 52404784.000000 306416.562500 137453.281250 154439.906250 
130552.367188 47315124.000000 48193.687500 12543.286133 621024.437500 
124570.804688 49399592.000000 36964.914062 19220.648438 552046.250000 
136136.406250 44853620.000000 65189.335938 15246.545898 339517.812500 
