0.312527 
0.468732 
0.361592 
0.455057 
0.263529 
0.462266 
0.403439 
0.420068 
0.695470 
0.464219 
0.309729 
0.386271 
0.240585 
0.498791 
0.775303 
0.476403 
0.305169 
0.770366 
0.417507 
0.511869 
0.379887 
0.422814 
0.344656 
0.276186 
0.364733 
0.407434 
0.378892 
0.392797 
0.472868 
0.333783 
0.197657 
0.486431 
0.235141 
0.616057 
0.397902 
0.324911 
0.273426 
0.549796 
0.633712 
0.505744 
0.413650 
0.362980 
0.539437 
0.204826 
0.521857 
0.664754 
0.280287 
0.293356 
0.595820 
0.570023 
