87.314369 84.191086 69.918526 56.580036 24.312260 0.000000 
92.064323 82.182938 94.739883 81.298454 44.726234 0.000000 
91.373688 60.140400 65.724014 68.664391 52.668736 0.019782 
90.181114 71.308243 66.204842 62.058098 55.126331 0.000000 
87.188622 75.478401 72.197952 75.975174 68.275620 0.027976 
86.066628 93.131432 81.789375 72.878952 44.906567 0.027976 
86.967918 69.995255 66.474457 60.411652 41.643845 0.019782 
88.043579 81.718269 57.990627 66.384918 43.628944 0.000000 
86.573868 76.035301 62.389324 61.318253 34.308090 0.000000 
87.914955 79.270607 80.666115 72.396385 39.897648 0.000000 
90.896584 69.967964 90.510529 80.872597 67.134735 0.000000 
90.539886 66.145798 58.454819 49.523148 32.375607 0.000000 
90.750465 89.774345 80.824997 67.359207 39.461990 0.000000 
90.537918 81.532204 71.789307 62.552593 48.839268 0.000000 
88.289200 61.352364 72.083809 58.731102 37.671883 0.000000 
85.215912 67.464264 64.635880 50.012115 36.826347 0.000000 
91.931396 79.923111 83.975754 76.985886 61.893044 0.000000 
90.398880 85.328377 90.573158 70.926628 51.845295 0.000000 
86.685089 80.052002 64.964737 57.352119 42.016762 0.000000 
85.405594 85.010124 69.120674 58.483345 49.577606 0.019782 
91.111481 71.348419 71.063652 69.556290 45.896072 0.019782 
94.169174 72.856033 70.365173 64.974411 46.527954 0.019782 
87.364967 75.003166 74.925949 73.682045 71.270500 0.000000 
91.266563 79.312439 75.505058 64.921410 41.368534 0.000000 
91.197815 84.972336 86.682289 60.973755 39.443352 0.019782 
90.916832 86.549057 80.841599 73.595901 40.891285 0.000000 
90.147301 100.356575 83.342186 59.457779 32.207523 0.019782 
90.897896 78.821999 87.727409 66.302910 50.388752 0.019782 
89.003250 79.371536 84.362335 81.980293 53.302166 0.027976 
90.898338 72.879509 65.264915 70.084015 46.227749 0.000000 
86.712196 75.727242 69.004105 70.565361 59.339657 0.000000 
88.921722 86.981255 76.765640 53.693806 39.211060 0.000000 
90.221550 66.924347 78.167206 54.993984 34.830238 0.027976 
90.730804 77.258926 69.892029 65.330803 37.071369 0.000000 
88.759018 79.109459 84.159950 73.437469 53.565399 0.000000 
86.261726 90.984909 83.142632 68.899612 33.174675 0.000000 
91.516304 69.471748 66.482010 56.664951 41.765358 0.000000 
89.895050 70.322502 69.158310 59.472679 39.465099 0.027976 
84.856857 90.102707 78.244270 60.313683 33.654907 0.000000 
93.050056 72.542236 66.378326 57.302265 42.128326 0.027976 
85.883690 80.531311 87.761269 74.241302 59.490852 0.000000 
90.511017 72.531944 74.020035 52.998131 38.987988 0.000000 
90.387199 77.543884 72.288071 60.814030 43.500156 0.000000 
89.612877 91.200142 98.215477 96.339600 62.452927 0.000000 
87.074715 80.835335 81.899696 73.796150 44.267128 0.000000 
95.795372 85.153496 79.021828 77.550797 42.730881 0.000000 
95.025375 73.197266 66.203384 57.336906 37.415985 0.019782 
88.017090 67.623833 58.553558 61.116997 51.669476 0.000000 
89.598549 80.163231 70.080475 67.407501 39.521202 0.000000 
87.404182 64.184807 66.713264 63.377060 40.446049 0.034264 
