77.991394 40.317986 30.944792 24.601349 28.381275 0.027976 
73.681290 35.297550 24.510874 29.494030 33.629208 0.019782 
80.931122 24.139597 21.867189 25.331987 17.744982 0.000000 
78.968216 40.228645 23.537842 25.477556 16.811020 0.000000 
86.908157 25.276407 30.031218 23.858723 18.269785 0.000000 
82.704506 35.224365 34.606091 32.186516 22.823915 0.000000 
79.229042 30.189651 24.609589 27.290810 30.933887 0.000000 
79.297020 33.780064 23.251415 34.199230 21.164207 0.027976 
78.058891 20.753462 21.247854 26.740267 19.171684 0.019782 
72.628593 35.736809 31.876570 17.444361 23.629391 0.000000 
