24632.119141 1785.135376 1312.373169 1684.120728 184661.687500 
36709.636719 2114.245850 1442.354004 974.169312 182558.078125 
19776.673828 1466.637451 878.258911 884.930603 167189.218750 
22211.294922 1823.276367 1045.760864 1050.875488 192270.796875 
27501.669922 2202.022461 1047.064697 1159.022705 236555.765625 
15988.301758 1425.294678 512.610413 475.158142 104977.445312 
22181.755859 1424.682617 1004.008179 625.693115 129860.242188 
31192.730469 2119.712646 1515.874878 1628.740845 288061.968750 
30353.171875 2270.539062 1867.114624 822.631592 281466.656250 
23351.832031 2048.490479 672.052002 758.187378 112492.093750 
37860.933594 2399.278809 1074.612549 865.933716 181955.937500 
30164.687500 1999.037598 1383.080688 1127.560425 222754.765625 
23441.691406 1754.228149 803.651062 694.479919 114244.539062 
33031.394531 1574.952881 910.140625 575.082458 152501.906250 
27104.601562 2169.905273 958.643066 894.034851 167990.640625 
19844.630859 1455.581543 1005.721130 651.177368 173045.890625 
23543.478516 2065.283447 912.141541 850.636230 182716.703125 
29707.291016 1631.078735 1004.452942 822.808411 126773.960938 
19133.056641 1689.353516 769.133545 577.462280 155504.375000 
20210.572266 1820.607300 1706.703125 1053.778320 196469.484375 
