0.275215 
0.363769 
0.238359 
0.527074 
0.168673 
0.338952 
0.289401 
0.322895 
0.492241 
0.292735 
0.227412 
0.577066 
0.248472 
0.417729 
0.399685 
0.346987 
0.637146 
0.992697 
0.497205 
0.419029 
0.331688 
0.255001 
0.250564 
0.220781 
0.216570 
0.364322 
0.402385 
0.310110 
0.653311 
0.423495 
0.128844 
0.373421 
0.203841 
0.392804 
0.551046 
0.329920 
0.276774 
0.211875 
0.419934 
0.405470 
0.460756 
0.390981 
0.437275 
0.908044 
0.294036 
0.772404 
0.294664 
0.152711 
0.297992 
0.301739 
