80.308578 69.942543 73.659462 59.830666 52.439777 0.000000 
86.255119 85.234947 67.728989 61.310925 58.387878 0.027976 
90.424492 71.446075 89.876022 71.802055 66.256142 0.000000 
77.383835 64.054390 73.620789 55.185749 67.056885 0.019782 
89.676529 92.238235 84.029922 76.105171 69.857590 0.000000 
88.750305 84.125320 76.192558 77.852417 57.207924 0.019782 
88.794800 86.779305 79.045387 76.845139 65.353577 0.000000 
79.704819 79.596184 76.314331 62.486759 56.897957 0.027976 
81.008507 76.756210 64.079567 64.224075 54.472969 0.027976 
88.314240 77.940666 92.931229 70.590088 64.956108 0.000000 
85.392250 79.297440 82.523972 58.759342 57.520123 0.027976 
86.526947 75.816162 76.227295 57.420078 48.059124 0.019782 
88.199242 83.022682 86.990608 71.331062 57.086338 0.000000 
88.801025 86.861603 83.452507 78.793755 48.172024 0.000000 
85.479370 74.595192 79.958305 68.912804 76.294968 0.019782 
86.762871 83.345276 73.901306 65.114082 65.441566 0.000000 
91.643402 85.688683 77.834358 76.110306 49.084927 0.000000 
86.709686 77.247154 77.278481 64.257370 55.174450 0.000000 
86.606789 66.982895 65.796059 58.581329 58.754002 0.000000 
87.319679 86.297295 81.420502 70.942657 65.455933 0.019782 
