Episode: 1, K_Matrix: tensor([[0., 0., 0., 0., 0.],
        [0., 0., 0., 0., 0.],
        [0., 0., 0., 0., 0.],
        [0., 0., 0., 0., 0.],
        [0., 0., 0., 0., 0.]], device='cuda:0') 
Episode: 2, K_Matrix: tensor([[-0.0004,  0.0004, -0.0004, -0.0004,  0.0004],
        [ 0.0004, -0.0004,  0.0004,  0.0004, -0.0004],
        [ 0.0004, -0.0004,  0.0004,  0.0004, -0.0004],
        [-0.0004,  0.0004, -0.0004, -0.0004,  0.0004],
        [ 0.0004, -0.0004,  0.0004,  0.0004, -0.0004]], device='cuda:0') 
Episode: 3, K_Matrix: tensor([[-0.0008,  0.0008, -0.0008, -0.0008,  0.0008],
        [ 0.0008, -0.0008,  0.0007,  0.0008, -0.0008],
        [ 0.0002, -0.0002,  0.0001,  0.0002, -0.0002],
        [-0.0003,  0.0003, -0.0003, -0.0003,  0.0003],
        [ 0.0007, -0.0007,  0.0007,  0.0007, -0.0007]], device='cuda:0') 
Episode: 4, K_Matrix: tensor([[-1.1841e-03,  1.1975e-03, -1.2012e-03, -1.1962e-03,  1.1949e-03],
        [ 8.5448e-04, -8.1666e-04,  8.4507e-04,  8.9781e-04, -1.1506e-03],
        [-1.1476e-04,  1.4100e-04, -1.5071e-04, -1.2561e-04,  3.2637e-05],
        [-8.4700e-05,  4.4527e-05,  8.9830e-06, -4.9135e-05,  9.4570e-06],
        [ 1.0512e-03, -1.0498e-03,  1.0480e-03,  1.0508e-03, -1.0545e-03]],
       device='cuda:0') 
Episode: 5, K_Matrix: tensor([[-0.0014,  0.0014, -0.0015, -0.0014,  0.0014],
        [ 0.0007, -0.0006,  0.0007,  0.0007, -0.0013],
        [-0.0004,  0.0004, -0.0004, -0.0004,  0.0003],
        [ 0.0002, -0.0003,  0.0003,  0.0003, -0.0003],
        [ 0.0013, -0.0013,  0.0013,  0.0013, -0.0013]], device='cuda:0') 
Episode: 6, K_Matrix: tensor([[-0.0016,  0.0015, -0.0016, -0.0015,  0.0015],
        [ 0.0004, -0.0003,  0.0004,  0.0005, -0.0013],
        [-0.0006,  0.0007, -0.0007, -0.0007,  0.0005],
        [ 0.0005, -0.0006,  0.0006,  0.0006, -0.0006],
        [ 0.0015, -0.0015,  0.0015,  0.0015, -0.0016]], device='cuda:0') 
Episode: 7, K_Matrix: tensor([[-1.5897e-03,  1.4156e-03, -1.6400e-03, -1.4044e-03,  1.6159e-03],
        [ 1.3475e-04, -3.2054e-05,  1.6486e-04,  1.6022e-04, -1.1549e-03],
        [-5.9328e-04,  6.1695e-04, -7.2443e-04, -5.8927e-04,  4.9960e-04],
        [ 8.3865e-04, -9.2455e-04,  9.3592e-04,  9.2164e-04, -9.2464e-04],
        [ 1.8026e-03, -1.7805e-03,  1.7908e-03,  1.7804e-03, -1.8154e-03]],
       device='cuda:0') 
Episode: 8, K_Matrix: tensor([[-0.0015,  0.0013, -0.0016, -0.0013,  0.0016],
        [-0.0002,  0.0003, -0.0001, -0.0002, -0.0010],
        [-0.0006,  0.0006, -0.0008, -0.0006,  0.0006],
        [ 0.0012, -0.0013,  0.0012,  0.0013, -0.0012],
        [ 0.0020, -0.0019,  0.0020,  0.0019, -0.0020]], device='cuda:0') 
Episode: 9, K_Matrix: tensor([[-0.0014,  0.0010, -0.0015, -0.0010,  0.0016],
        [-0.0005,  0.0007, -0.0005, -0.0005, -0.0008],
        [-0.0006,  0.0006, -0.0009, -0.0005,  0.0006],
        [ 0.0014, -0.0015,  0.0015,  0.0015, -0.0015],
        [ 0.0021, -0.0020,  0.0021,  0.0020, -0.0022]], device='cuda:0') 
Episode: 10, K_Matrix: tensor([[-0.0012,  0.0008, -0.0014, -0.0007,  0.0015],
        [-0.0009,  0.0010, -0.0008, -0.0009, -0.0007],
        [-0.0005,  0.0005, -0.0009, -0.0004,  0.0006],
        [ 0.0016, -0.0017,  0.0017,  0.0017, -0.0017],
        [ 0.0023, -0.0022,  0.0023,  0.0022, -0.0023]], device='cuda:0') 
Episode: 11, K_Matrix: tensor([[-0.0009,  0.0005, -0.0011, -0.0004,  0.0014],
        [-0.0013,  0.0014, -0.0011, -0.0012, -0.0005],
        [-0.0005,  0.0004, -0.0009, -0.0004,  0.0006],
        [ 0.0018, -0.0019,  0.0019,  0.0019, -0.0019],
        [ 0.0023, -0.0022,  0.0023,  0.0022, -0.0024]], device='cuda:0') 
Episode: 12, K_Matrix: tensor([[-5.5818e-04,  1.1337e-04, -8.4411e-04, -8.2446e-05,  1.1914e-03],
        [-1.6229e-03,  1.7585e-03, -1.4916e-03, -1.6054e-03, -3.3680e-04],
        [-3.3872e-04,  2.5300e-04, -7.8993e-04, -2.1245e-04,  5.7387e-04],
        [ 1.9936e-03, -2.1214e-03,  2.0668e-03,  2.0987e-03, -2.0240e-03],
        [ 2.4708e-03, -2.3934e-03,  2.5026e-03,  2.3781e-03, -2.5934e-03]],
       device='cuda:0') 
Episode: 13, K_Matrix: tensor([[-2.1500e-04, -2.4695e-04, -5.2691e-04,  2.7958e-04,  1.0181e-03],
        [-2.0039e-03,  2.1394e-03, -1.8607e-03, -1.9828e-03, -1.7291e-04],
        [-1.1866e-04,  5.1712e-05, -6.4053e-04, -6.7985e-06,  5.4210e-04],
        [ 2.1601e-03, -2.2930e-03,  2.2281e-03,  2.2625e-03, -2.1724e-03],
        [ 2.5639e-03, -2.4882e-03,  2.6065e-03,  2.4710e-03, -2.7187e-03]],
       device='cuda:0') 
Episode: 14, K_Matrix: tensor([[ 1.4236e-04, -6.2336e-04, -1.8647e-04,  6.5674e-04,  8.2821e-04],
        [-2.3959e-03,  2.5324e-03, -2.2447e-03, -2.3732e-03, -1.0960e-05],
        [ 1.4802e-04, -1.8597e-04, -4.3644e-04,  2.3562e-04,  5.0306e-04],
        [ 2.2137e-03, -2.3891e-03,  2.3111e-03,  2.3422e-03, -2.2952e-03],
        [ 2.6938e-03, -2.6082e-03,  2.7397e-03,  2.5914e-03, -2.8395e-03]],
       device='cuda:0') 
Episode: 15, K_Matrix: tensor([[ 0.0005, -0.0010,  0.0002,  0.0010,  0.0006],
        [-0.0028,  0.0029, -0.0026, -0.0028,  0.0001],
        [ 0.0004, -0.0004, -0.0002,  0.0005,  0.0005],
        [ 0.0022, -0.0025,  0.0024,  0.0024, -0.0024],
        [ 0.0029, -0.0028,  0.0029,  0.0028, -0.0030]], device='cuda:0') 
Episode: 16, K_Matrix: tensor([[ 8.9275e-04, -1.4141e-03,  5.3800e-04,  1.4483e-03,  4.6901e-04],
        [-3.1775e-03,  3.3377e-03, -3.0104e-03, -3.1734e-03,  2.7783e-04],
        [ 7.2564e-04, -6.7936e-04,  3.1680e-05,  7.3175e-04,  4.3444e-04],
        [ 2.3805e-03, -2.6035e-03,  2.5162e-03,  2.5249e-03, -2.4999e-03],
        [ 2.9490e-03, -2.8527e-03,  2.9947e-03,  2.8390e-03, -3.0646e-03]],
       device='cuda:0') 
Episode: 17, K_Matrix: tensor([[ 0.0013, -0.0018,  0.0009,  0.0019,  0.0003],
        [-0.0036,  0.0038, -0.0034, -0.0036,  0.0004],
        [ 0.0011, -0.0010,  0.0003,  0.0010,  0.0004],
        [ 0.0026, -0.0028,  0.0027,  0.0027, -0.0026],
        [ 0.0030, -0.0029,  0.0031,  0.0029, -0.0032]], device='cuda:0') 
Episode: 18, K_Matrix: tensor([[ 0.0017, -0.0022,  0.0013,  0.0023,  0.0002],
        [-0.0040,  0.0042, -0.0038, -0.0040,  0.0005],
        [ 0.0014, -0.0013,  0.0007,  0.0013,  0.0004],
        [ 0.0027, -0.0029,  0.0029,  0.0028, -0.0027],
        [ 0.0031, -0.0030,  0.0032,  0.0030, -0.0032]], device='cuda:0') 
Episode: 19, K_Matrix: tensor([[ 0.0021, -0.0027,  0.0017,  0.0027,  0.0002],
        [-0.0044,  0.0046, -0.0042, -0.0044,  0.0005],
        [ 0.0018, -0.0016,  0.0010,  0.0017,  0.0004],
        [ 0.0029, -0.0031,  0.0030,  0.0029, -0.0027],
        [ 0.0032, -0.0031,  0.0032,  0.0031, -0.0033]], device='cuda:0') 
Episode: 20, K_Matrix: tensor([[ 0.0025, -0.0031,  0.0021,  0.0032,  0.0002],
        [-0.0048,  0.0050, -0.0046, -0.0049,  0.0005],
        [ 0.0022, -0.0020,  0.0014,  0.0021,  0.0004],
        [ 0.0031, -0.0032,  0.0032,  0.0031, -0.0028],
        [ 0.0033, -0.0032,  0.0034,  0.0032, -0.0034]], device='cuda:0') 
Episode: 21, K_Matrix: tensor([[ 0.0030, -0.0036,  0.0026,  0.0036,  0.0003],
        [-0.0053,  0.0055, -0.0051, -0.0053,  0.0005],
        [ 0.0025, -0.0023,  0.0017,  0.0024,  0.0004],
        [ 0.0033, -0.0034,  0.0034,  0.0033, -0.0029],
        [ 0.0034, -0.0033,  0.0035,  0.0033, -0.0034]], device='cuda:0') 
Episode: 22, K_Matrix: tensor([[ 0.0034, -0.0040,  0.0030,  0.0041,  0.0005],
        [-0.0057,  0.0059, -0.0055, -0.0058,  0.0004],
        [ 0.0029, -0.0027,  0.0021,  0.0027,  0.0004],
        [ 0.0035, -0.0036,  0.0037,  0.0035, -0.0029],
        [ 0.0035, -0.0034,  0.0036,  0.0034, -0.0035]], device='cuda:0') 
Episode: 23, K_Matrix: tensor([[ 0.0039, -0.0045,  0.0035,  0.0045,  0.0007],
        [-0.0062,  0.0064, -0.0060, -0.0062,  0.0003],
        [ 0.0033, -0.0031,  0.0025,  0.0031,  0.0005],
        [ 0.0038, -0.0039,  0.0039,  0.0037, -0.0029],
        [ 0.0035, -0.0034,  0.0036,  0.0034, -0.0035]], device='cuda:0') 
Episode: 24, K_Matrix: tensor([[ 0.0043, -0.0050,  0.0039,  0.0050,  0.0010],
        [-0.0066,  0.0068, -0.0064, -0.0067,  0.0001],
        [ 0.0037, -0.0034,  0.0029,  0.0035,  0.0006],
        [ 0.0041, -0.0041,  0.0042,  0.0039, -0.0029],
        [ 0.0036, -0.0035,  0.0036,  0.0035, -0.0036]], device='cuda:0') 
Episode: 25, K_Matrix: tensor([[ 0.0048, -0.0054,  0.0044,  0.0055,  0.0013],
        [-0.0071,  0.0073, -0.0069, -0.0071, -0.0002],
        [ 0.0042, -0.0038,  0.0033,  0.0039,  0.0007],
        [ 0.0043, -0.0043,  0.0044,  0.0041, -0.0029],
        [ 0.0037, -0.0036,  0.0038,  0.0036, -0.0036]], device='cuda:0') 
Episode: 26, K_Matrix: tensor([[ 0.0053, -0.0059,  0.0048,  0.0059,  0.0017],
        [-0.0076,  0.0078, -0.0073, -0.0076, -0.0005],
        [ 0.0046, -0.0043,  0.0037,  0.0043,  0.0009],
        [ 0.0047, -0.0046,  0.0048,  0.0044, -0.0028],
        [ 0.0037, -0.0036,  0.0038,  0.0036, -0.0036]], device='cuda:0') 
Episode: 27, K_Matrix: tensor([[ 0.0057, -0.0064,  0.0053,  0.0064,  0.0021],
        [-0.0081,  0.0083, -0.0078, -0.0081, -0.0008],
        [ 0.0050, -0.0047,  0.0042,  0.0047,  0.0011],
        [ 0.0050, -0.0049,  0.0051,  0.0047, -0.0028],
        [ 0.0038, -0.0037,  0.0038,  0.0037, -0.0036]], device='cuda:0') 
Episode: 28, K_Matrix: tensor([[ 0.0061, -0.0068,  0.0057,  0.0069,  0.0025],
        [-0.0085,  0.0087, -0.0082, -0.0086, -0.0012],
        [ 0.0054, -0.0051,  0.0046,  0.0051,  0.0014],
        [ 0.0054, -0.0053,  0.0055,  0.0051, -0.0027],
        [ 0.0039, -0.0038,  0.0040,  0.0038, -0.0036]], device='cuda:0') 
Episode: 29, K_Matrix: tensor([[ 0.0066, -0.0073,  0.0061,  0.0073,  0.0029],
        [-0.0089,  0.0092, -0.0087, -0.0090, -0.0016],
        [ 0.0059, -0.0056,  0.0050,  0.0056,  0.0017],
        [ 0.0058, -0.0057,  0.0059,  0.0055, -0.0026],
        [ 0.0041, -0.0039,  0.0042,  0.0039, -0.0036]], device='cuda:0') 
Episode: 30, K_Matrix: tensor([[ 0.0070, -0.0077,  0.0066,  0.0078,  0.0034],
        [-0.0094,  0.0097, -0.0091, -0.0095, -0.0021],
        [ 0.0063, -0.0060,  0.0054,  0.0061,  0.0020],
        [ 0.0062, -0.0061,  0.0063,  0.0059, -0.0024],
        [ 0.0044, -0.0041,  0.0045,  0.0041, -0.0034]], device='cuda:0') 
Episode: 31, K_Matrix: tensor([[ 0.0075, -0.0082,  0.0070,  0.0083,  0.0038],
        [-0.0099,  0.0102, -0.0096, -0.0100, -0.0025],
        [ 0.0068, -0.0065,  0.0059,  0.0065,  0.0024],
        [ 0.0067, -0.0065,  0.0068,  0.0063, -0.0022],
        [ 0.0047, -0.0043,  0.0048,  0.0044, -0.0033]], device='cuda:0') 
Episode: 32, K_Matrix: tensor([[ 0.0080, -0.0087,  0.0075,  0.0088,  0.0043],
        [-0.0103,  0.0107, -0.0101, -0.0105, -0.0030],
        [ 0.0073, -0.0070,  0.0064,  0.0070,  0.0029],
        [ 0.0071, -0.0070,  0.0072,  0.0067, -0.0019],
        [ 0.0049, -0.0045,  0.0051,  0.0046, -0.0031]], device='cuda:0') 
Episode: 33, K_Matrix: tensor([[ 0.0085, -0.0092,  0.0080,  0.0093,  0.0048],
        [-0.0108,  0.0112, -0.0106, -0.0110, -0.0035],
        [ 0.0078, -0.0075,  0.0069,  0.0075,  0.0033],
        [ 0.0076, -0.0074,  0.0077,  0.0072, -0.0016],
        [ 0.0050, -0.0046,  0.0052,  0.0047, -0.0031]], device='cuda:0') 
Episode: 34, K_Matrix: tensor([[ 0.0087, -0.0095,  0.0082,  0.0095,  0.0050],
        [-0.0111,  0.0114, -0.0108, -0.0113, -0.0037],
        [ 0.0080, -0.0077,  0.0071,  0.0078,  0.0036],
        [ 0.0078, -0.0077,  0.0079,  0.0074, -0.0013],
        [ 0.0049, -0.0045,  0.0050,  0.0045, -0.0033]], device='cuda:0') 
Episode: 35, K_Matrix: tensor([[ 0.0090, -0.0098,  0.0086,  0.0099,  0.0054],
        [-0.0114,  0.0117, -0.0111, -0.0116, -0.0040],
        [ 0.0083, -0.0081,  0.0074,  0.0081,  0.0039],
        [ 0.0082, -0.0080,  0.0083,  0.0078, -0.0010],
        [ 0.0051, -0.0046,  0.0052,  0.0047, -0.0033]], device='cuda:0') 
Episode: 36, K_Matrix: tensor([[ 0.0094, -0.0102,  0.0089,  0.0102,  0.0057],
        [-0.0118,  0.0121, -0.0115, -0.0120, -0.0044],
        [ 0.0087, -0.0084,  0.0078,  0.0085,  0.0043],
        [ 0.0086, -0.0084,  0.0086,  0.0082, -0.0006],
        [ 0.0054, -0.0049,  0.0055,  0.0049, -0.0031]], device='cuda:0') 
Episode: 37, K_Matrix: tensor([[ 0.0098, -0.0106,  0.0094,  0.0107,  0.0062],
        [-0.0122,  0.0125, -0.0120, -0.0124, -0.0049],
        [ 0.0091, -0.0089,  0.0083,  0.0089,  0.0047],
        [ 0.0090, -0.0088,  0.0091,  0.0086, -0.0002],
        [ 0.0057, -0.0053,  0.0058,  0.0052, -0.0029]], device='cuda:0') 
Episode: 38, K_Matrix: tensor([[ 0.0103, -0.0110,  0.0098,  0.0111,  0.0066],
        [-0.0127,  0.0130, -0.0124, -0.0129, -0.0053],
        [ 0.0096, -0.0093,  0.0087,  0.0094,  0.0052],
        [ 0.0094, -0.0093,  0.0095,  0.0090,  0.0003],
        [ 0.0060, -0.0056,  0.0061,  0.0055, -0.0027]], device='cuda:0') 
Episode: 39, K_Matrix: tensor([[ 0.0108, -0.0115,  0.0103,  0.0116,  0.0071],
        [-0.0132,  0.0135, -0.0129, -0.0133, -0.0058],
        [ 0.0101, -0.0098,  0.0092,  0.0099,  0.0057],
        [ 0.0099, -0.0098,  0.0100,  0.0095,  0.0008],
        [ 0.0063, -0.0059,  0.0064,  0.0058, -0.0026]], device='cuda:0') 
Episode: 40, K_Matrix: tensor([[ 0.0113, -0.0120,  0.0108,  0.0121,  0.0076],
        [-0.0136,  0.0140, -0.0134, -0.0138, -0.0063],
        [ 0.0106, -0.0103,  0.0097,  0.0104,  0.0062],
        [ 0.0104, -0.0102,  0.0105,  0.0100,  0.0013],
        [ 0.0067, -0.0062,  0.0068,  0.0062, -0.0024]], device='cuda:0') 
Episode: 41, K_Matrix: tensor([[ 0.0118, -0.0125,  0.0113,  0.0126,  0.0081],
        [-0.0141,  0.0144, -0.0139, -0.0143, -0.0068],
        [ 0.0111, -0.0108,  0.0102,  0.0108,  0.0067],
        [ 0.0109, -0.0107,  0.0110,  0.0105,  0.0018],
        [ 0.0071, -0.0066,  0.0072,  0.0065, -0.0021]], device='cuda:0') 
Episode: 42, K_Matrix: tensor([[ 0.0123, -0.0130,  0.0118,  0.0131,  0.0086],
        [-0.0146,  0.0149, -0.0144, -0.0148, -0.0073],
        [ 0.0116, -0.0113,  0.0107,  0.0113,  0.0072],
        [ 0.0114, -0.0112,  0.0115,  0.0110,  0.0023],
        [ 0.0074, -0.0069,  0.0074,  0.0068, -0.0021]], device='cuda:0') 
Episode: 43, K_Matrix: tensor([[ 0.0128, -0.0135,  0.0123,  0.0136,  0.0092],
        [-0.0151,  0.0154, -0.0149, -0.0153, -0.0079],
        [ 0.0121, -0.0118,  0.0112,  0.0118,  0.0077],
        [ 0.0119, -0.0117,  0.0120,  0.0115,  0.0028],
        [ 0.0075, -0.0071,  0.0076,  0.0069, -0.0021]], device='cuda:0') 
Episode: 44, K_Matrix: tensor([[ 0.0133, -0.0140,  0.0128,  0.0141,  0.0097],
        [-0.0156,  0.0159, -0.0154, -0.0158, -0.0084],
        [ 0.0126, -0.0123,  0.0117,  0.0123,  0.0083],
        [ 0.0124, -0.0122,  0.0125,  0.0120,  0.0034],
        [ 0.0077, -0.0073,  0.0077,  0.0070, -0.0022]], device='cuda:0') 
Episode: 45, K_Matrix: tensor([[ 0.0138, -0.0145,  0.0133,  0.0146,  0.0103],
        [-0.0162,  0.0164, -0.0159, -0.0163, -0.0090],
        [ 0.0131, -0.0127,  0.0122,  0.0128,  0.0088],
        [ 0.0129, -0.0127,  0.0130,  0.0125,  0.0039],
        [ 0.0078, -0.0073,  0.0077,  0.0070, -0.0025]], device='cuda:0') 
Episode: 46, K_Matrix: tensor([[ 0.0143, -0.0149,  0.0138,  0.0151,  0.0108],
        [-0.0166,  0.0169, -0.0164, -0.0168, -0.0095],
        [ 0.0136, -0.0132,  0.0127,  0.0133,  0.0094],
        [ 0.0134, -0.0131,  0.0135,  0.0130,  0.0044],
        [ 0.0078, -0.0074,  0.0078,  0.0071, -0.0027]], device='cuda:0') 
Episode: 47, K_Matrix: tensor([[ 0.0148, -0.0154,  0.0143,  0.0156,  0.0114],
        [-0.0171,  0.0174, -0.0169, -0.0173, -0.0101],
        [ 0.0141, -0.0137,  0.0132,  0.0138,  0.0099],
        [ 0.0139, -0.0136,  0.0140,  0.0134,  0.0049],
        [ 0.0078, -0.0074,  0.0077,  0.0070, -0.0029]], device='cuda:0') 
Episode: 48, K_Matrix: tensor([[ 0.0152, -0.0159,  0.0148,  0.0160,  0.0119],
        [-0.0176,  0.0178, -0.0174, -0.0178, -0.0106],
        [ 0.0145, -0.0141,  0.0137,  0.0143,  0.0105],
        [ 0.0143, -0.0140,  0.0145,  0.0139,  0.0054],
        [ 0.0078, -0.0074,  0.0077,  0.0070, -0.0032]], device='cuda:0') 
Episode: 49, K_Matrix: tensor([[ 0.0157, -0.0163,  0.0153,  0.0165,  0.0124],
        [-0.0181,  0.0182, -0.0179, -0.0182, -0.0111],
        [ 0.0150, -0.0146,  0.0142,  0.0148,  0.0110],
        [ 0.0148, -0.0145,  0.0149,  0.0143,  0.0059],
        [ 0.0078, -0.0074,  0.0076,  0.0069, -0.0035]], device='cuda:0') 
Episode: 50, K_Matrix: tensor([[ 0.0162, -0.0167,  0.0157,  0.0169,  0.0129],
        [-0.0185,  0.0187, -0.0183, -0.0187, -0.0116],
        [ 0.0155, -0.0150,  0.0147,  0.0152,  0.0115],
        [ 0.0152, -0.0149,  0.0154,  0.0148,  0.0064],
        [ 0.0078, -0.0074,  0.0076,  0.0068, -0.0038]], device='cuda:0') 
Episode: 51, K_Matrix: tensor([[ 0.0166, -0.0171,  0.0162,  0.0174,  0.0135],
        [-0.0189,  0.0191, -0.0188, -0.0191, -0.0121],
        [ 0.0159, -0.0154,  0.0151,  0.0156,  0.0120],
        [ 0.0156, -0.0152,  0.0158,  0.0152,  0.0069],
        [ 0.0077, -0.0074,  0.0075,  0.0067, -0.0041]], device='cuda:0') 
Episode: 52, K_Matrix: tensor([[ 0.0170, -0.0175,  0.0166,  0.0178,  0.0139],
        [-0.0194,  0.0194, -0.0192, -0.0195, -0.0126],
        [ 0.0163, -0.0158,  0.0155,  0.0160,  0.0125],
        [ 0.0160, -0.0156,  0.0162,  0.0156,  0.0074],
        [ 0.0077, -0.0074,  0.0074,  0.0067, -0.0043]], device='cuda:0') 
Episode: 53, K_Matrix: tensor([[ 0.0174, -0.0179,  0.0170,  0.0181,  0.0144],
        [-0.0198,  0.0198, -0.0196, -0.0199, -0.0131],
        [ 0.0167, -0.0162,  0.0159,  0.0164,  0.0130],
        [ 0.0164, -0.0160,  0.0166,  0.0159,  0.0078],
        [ 0.0077, -0.0074,  0.0074,  0.0066, -0.0046]], device='cuda:0') 
Episode: 54, K_Matrix: tensor([[ 0.0178, -0.0182,  0.0174,  0.0185,  0.0149],
        [-0.0201,  0.0201, -0.0200, -0.0203, -0.0136],
        [ 0.0171, -0.0165,  0.0164,  0.0168,  0.0135],
        [ 0.0168, -0.0163,  0.0170,  0.0163,  0.0083],
        [ 0.0077, -0.0074,  0.0074,  0.0066, -0.0048]], device='cuda:0') 
Episode: 55, K_Matrix: tensor([[ 0.0182, -0.0186,  0.0178,  0.0189,  0.0153],
        [-0.0205,  0.0205, -0.0204, -0.0206, -0.0140],
        [ 0.0175, -0.0169,  0.0168,  0.0172,  0.0139],
        [ 0.0171, -0.0166,  0.0174,  0.0167,  0.0087],
        [ 0.0077, -0.0074,  0.0074,  0.0066, -0.0049]], device='cuda:0') 
Episode: 56, K_Matrix: tensor([[ 0.0186, -0.0189,  0.0182,  0.0193,  0.0158],
        [-0.0209,  0.0208, -0.0208, -0.0210, -0.0144],
        [ 0.0179, -0.0172,  0.0172,  0.0176,  0.0144],
        [ 0.0175, -0.0169,  0.0178,  0.0170,  0.0091],
        [ 0.0078, -0.0075,  0.0074,  0.0066, -0.0051]], device='cuda:0') 
Episode: 57, K_Matrix: tensor([[ 0.0189, -0.0192,  0.0186,  0.0196,  0.0162],
        [-0.0212,  0.0211, -0.0211, -0.0213, -0.0148],
        [ 0.0182, -0.0175,  0.0175,  0.0179,  0.0148],
        [ 0.0178, -0.0172,  0.0181,  0.0173,  0.0095],
        [ 0.0078, -0.0075,  0.0075,  0.0066, -0.0052]], device='cuda:0') 
Episode: 58, K_Matrix: tensor([[ 0.0192, -0.0195,  0.0189,  0.0199,  0.0165],
        [-0.0215,  0.0214, -0.0214, -0.0216, -0.0152],
        [ 0.0185, -0.0178,  0.0178,  0.0182,  0.0151],
        [ 0.0181, -0.0175,  0.0184,  0.0176,  0.0098],
        [ 0.0079, -0.0076,  0.0075,  0.0066, -0.0053]], device='cuda:0') 
Episode: 59, K_Matrix: tensor([[ 0.0195, -0.0197,  0.0192,  0.0202,  0.0169],
        [-0.0218,  0.0216, -0.0217, -0.0219, -0.0155],
        [ 0.0188, -0.0180,  0.0181,  0.0185,  0.0155],
        [ 0.0184, -0.0177,  0.0187,  0.0178,  0.0101],
        [ 0.0080, -0.0077,  0.0076,  0.0067, -0.0054]], device='cuda:0') 
Episode: 60, K_Matrix: tensor([[ 0.0198, -0.0200,  0.0195,  0.0204,  0.0172],
        [-0.0221,  0.0219, -0.0220, -0.0221, -0.0158],
        [ 0.0191, -0.0183,  0.0184,  0.0187,  0.0158],
        [ 0.0186, -0.0180,  0.0189,  0.0181,  0.0104],
        [ 0.0081, -0.0078,  0.0077,  0.0068, -0.0054]], device='cuda:0') 
Episode: 61, K_Matrix: tensor([[ 0.0200, -0.0202,  0.0197,  0.0207,  0.0175],
        [-0.0224,  0.0221, -0.0223, -0.0224, -0.0162],
        [ 0.0194, -0.0185,  0.0187,  0.0190,  0.0162],
        [ 0.0189, -0.0182,  0.0192,  0.0183,  0.0107],
        [ 0.0082, -0.0079,  0.0078,  0.0068, -0.0055]], device='cuda:0') 
Episode: 62, K_Matrix: tensor([[ 0.0203, -0.0204,  0.0200,  0.0209,  0.0178],
        [-0.0226,  0.0223, -0.0225, -0.0226, -0.0165],
        [ 0.0196, -0.0188,  0.0190,  0.0193,  0.0165],
        [ 0.0191, -0.0184,  0.0195,  0.0186,  0.0110],
        [ 0.0084, -0.0079,  0.0079,  0.0069, -0.0055]], device='cuda:0') 
Episode: 63, K_Matrix: tensor([[ 0.0206, -0.0207,  0.0203,  0.0212,  0.0181],
        [-0.0228,  0.0225, -0.0228, -0.0228, -0.0168],
        [ 0.0199, -0.0190,  0.0193,  0.0195,  0.0168],
        [ 0.0194, -0.0186,  0.0197,  0.0188,  0.0113],
        [ 0.0085, -0.0081,  0.0081,  0.0070, -0.0056]], device='cuda:0') 
Episode: 64, K_Matrix: tensor([[ 0.0208, -0.0208,  0.0205,  0.0214,  0.0184],
        [-0.0231,  0.0227, -0.0230, -0.0231, -0.0170],
        [ 0.0201, -0.0192,  0.0195,  0.0197,  0.0171],
        [ 0.0196, -0.0188,  0.0199,  0.0190,  0.0116],
        [ 0.0086, -0.0082,  0.0082,  0.0071, -0.0056]], device='cuda:0') 
Episode: 65, K_Matrix: tensor([[ 0.0210, -0.0210,  0.0208,  0.0216,  0.0187],
        [-0.0233,  0.0229, -0.0233, -0.0233, -0.0173],
        [ 0.0203, -0.0194,  0.0197,  0.0200,  0.0174],
        [ 0.0198, -0.0189,  0.0202,  0.0192,  0.0118],
        [ 0.0089, -0.0083,  0.0085,  0.0073, -0.0055]], device='cuda:0') 
Episode: 66, K_Matrix: tensor([[ 0.0212, -0.0212,  0.0210,  0.0218,  0.0189],
        [-0.0235,  0.0231, -0.0235, -0.0235, -0.0176],
        [ 0.0206, -0.0196,  0.0200,  0.0202,  0.0177],
        [ 0.0200, -0.0191,  0.0204,  0.0194,  0.0121],
        [ 0.0091, -0.0085,  0.0087,  0.0074, -0.0054]], device='cuda:0') 
Episode: 67, K_Matrix: tensor([[ 0.0215, -0.0214,  0.0213,  0.0220,  0.0192],
        [-0.0238,  0.0233, -0.0238, -0.0237, -0.0178],
        [ 0.0208, -0.0198,  0.0202,  0.0204,  0.0179],
        [ 0.0202, -0.0193,  0.0206,  0.0196,  0.0123],
        [ 0.0093, -0.0087,  0.0089,  0.0076, -0.0053]], device='cuda:0') 
Episode: 68, K_Matrix: tensor([[ 0.0217, -0.0216,  0.0215,  0.0223,  0.0195],
        [-0.0240,  0.0235, -0.0240, -0.0239, -0.0181],
        [ 0.0211, -0.0200,  0.0205,  0.0206,  0.0182],
        [ 0.0205, -0.0195,  0.0209,  0.0198,  0.0126],
        [ 0.0095, -0.0089,  0.0091,  0.0078, -0.0051]], device='cuda:0') 
Episode: 69, K_Matrix: tensor([[ 0.0220, -0.0218,  0.0218,  0.0225,  0.0197],
        [-0.0242,  0.0237, -0.0243, -0.0241, -0.0183],
        [ 0.0213, -0.0202,  0.0208,  0.0208,  0.0185],
        [ 0.0207, -0.0197,  0.0211,  0.0200,  0.0129],
        [ 0.0097, -0.0090,  0.0093,  0.0080, -0.0050]], device='cuda:0') 
Episode: 70, K_Matrix: tensor([[ 0.0223, -0.0221,  0.0221,  0.0227,  0.0200],
        [-0.0245,  0.0239, -0.0245, -0.0244, -0.0186],
        [ 0.0216, -0.0204,  0.0211,  0.0211,  0.0188],
        [ 0.0209, -0.0199,  0.0214,  0.0203,  0.0132],
        [ 0.0101, -0.0093,  0.0097,  0.0083, -0.0048]], device='cuda:0') 
Episode: 71, K_Matrix: tensor([[ 0.0225, -0.0223,  0.0223,  0.0229,  0.0203],
        [-0.0247,  0.0241, -0.0248, -0.0246, -0.0189],
        [ 0.0218, -0.0206,  0.0213,  0.0213,  0.0190],
        [ 0.0212, -0.0201,  0.0216,  0.0205,  0.0134],
        [ 0.0104, -0.0096,  0.0100,  0.0086, -0.0045]], device='cuda:0') 
Episode: 72, K_Matrix: tensor([[ 0.0227, -0.0224,  0.0226,  0.0231,  0.0205],
        [-0.0249,  0.0242, -0.0250, -0.0247, -0.0191],
        [ 0.0221, -0.0208,  0.0215,  0.0215,  0.0193],
        [ 0.0214, -0.0202,  0.0218,  0.0206,  0.0136],
        [ 0.0106, -0.0097,  0.0103,  0.0088, -0.0044]], device='cuda:0') 
Episode: 73, K_Matrix: tensor([[ 0.0230, -0.0226,  0.0228,  0.0233,  0.0207],
        [-0.0252,  0.0244, -0.0253, -0.0250, -0.0193],
        [ 0.0223, -0.0210,  0.0218,  0.0218,  0.0196],
        [ 0.0216, -0.0204,  0.0221,  0.0208,  0.0138],
        [ 0.0107, -0.0098,  0.0103,  0.0089, -0.0044]], device='cuda:0') 
Episode: 74, K_Matrix: tensor([[ 0.0233, -0.0228,  0.0231,  0.0236,  0.0210],
        [-0.0254,  0.0246, -0.0255, -0.0252, -0.0195],
        [ 0.0226, -0.0212,  0.0221,  0.0220,  0.0199],
        [ 0.0218, -0.0206,  0.0223,  0.0210,  0.0141],
        [ 0.0107, -0.0099,  0.0104,  0.0089, -0.0045]], device='cuda:0') 
Episode: 75, K_Matrix: tensor([[ 0.0235, -0.0230,  0.0233,  0.0238,  0.0212],
        [-0.0257,  0.0248, -0.0258, -0.0254, -0.0198],
        [ 0.0229, -0.0214,  0.0224,  0.0222,  0.0202],
        [ 0.0220, -0.0207,  0.0225,  0.0212,  0.0144],
        [ 0.0107, -0.0098,  0.0103,  0.0089, -0.0047]], device='cuda:0') 
Episode: 76, K_Matrix: tensor([[ 0.0238, -0.0232,  0.0236,  0.0240,  0.0215],
        [-0.0259,  0.0250, -0.0260, -0.0256, -0.0200],
        [ 0.0231, -0.0216,  0.0226,  0.0224,  0.0205],
        [ 0.0223, -0.0209,  0.0228,  0.0215,  0.0147],
        [ 0.0109, -0.0100,  0.0105,  0.0090, -0.0046]], device='cuda:0') 
Episode: 77, K_Matrix: tensor([[ 0.0241, -0.0235,  0.0239,  0.0242,  0.0218],
        [-0.0262,  0.0252, -0.0263, -0.0258, -0.0203],
        [ 0.0234, -0.0218,  0.0229,  0.0227,  0.0208],
        [ 0.0226, -0.0211,  0.0231,  0.0217,  0.0151],
        [ 0.0111, -0.0102,  0.0108,  0.0093, -0.0044]], device='cuda:0') 
Episode: 78, K_Matrix: tensor([[ 0.0244, -0.0237,  0.0242,  0.0244,  0.0221],
        [-0.0265,  0.0254, -0.0265, -0.0260, -0.0206],
        [ 0.0237, -0.0220,  0.0232,  0.0229,  0.0211],
        [ 0.0228, -0.0213,  0.0234,  0.0219,  0.0154],
        [ 0.0114, -0.0104,  0.0110,  0.0095, -0.0042]], device='cuda:0') 
Episode: 79, K_Matrix: tensor([[ 0.0247, -0.0239,  0.0245,  0.0247,  0.0224],
        [-0.0268,  0.0256, -0.0268, -0.0262, -0.0209],
        [ 0.0240, -0.0222,  0.0235,  0.0231,  0.0215],
        [ 0.0231, -0.0215,  0.0236,  0.0222,  0.0158],
        [ 0.0117, -0.0107,  0.0113,  0.0098, -0.0040]], device='cuda:0') 
Episode: 80, K_Matrix: tensor([[ 0.0250, -0.0241,  0.0248,  0.0249,  0.0227],
        [-0.0271,  0.0258, -0.0271, -0.0264, -0.0212],
        [ 0.0243, -0.0224,  0.0238,  0.0234,  0.0219],
        [ 0.0233, -0.0217,  0.0239,  0.0224,  0.0162],
        [ 0.0120, -0.0110,  0.0117,  0.0101, -0.0037]], device='cuda:0') 
Episode: 81, K_Matrix: tensor([[ 0.0254, -0.0244,  0.0251,  0.0252,  0.0231],
        [-0.0274,  0.0261, -0.0274, -0.0267, -0.0216],
        [ 0.0247, -0.0227,  0.0242,  0.0237,  0.0223],
        [ 0.0237, -0.0220,  0.0243,  0.0227,  0.0167],
        [ 0.0123, -0.0113,  0.0120,  0.0104, -0.0035]], device='cuda:0') 
Episode: 82, K_Matrix: tensor([[ 0.0258, -0.0247,  0.0256,  0.0255,  0.0235],
        [-0.0278,  0.0264, -0.0278, -0.0270, -0.0220],
        [ 0.0251, -0.0230,  0.0246,  0.0240,  0.0228],
        [ 0.0241, -0.0223,  0.0247,  0.0231,  0.0172],
        [ 0.0127, -0.0116,  0.0124,  0.0108, -0.0032]], device='cuda:0') 
Episode: 83, K_Matrix: tensor([[ 0.0262, -0.0250,  0.0260,  0.0258,  0.0240],
        [-0.0282,  0.0267, -0.0282, -0.0273, -0.0224],
        [ 0.0255, -0.0233,  0.0250,  0.0244,  0.0233],
        [ 0.0245, -0.0226,  0.0252,  0.0235,  0.0177],
        [ 0.0132, -0.0120,  0.0128,  0.0112, -0.0029]], device='cuda:0') 
Episode: 84, K_Matrix: tensor([[ 0.0266, -0.0254,  0.0264,  0.0262,  0.0245],
        [-0.0286,  0.0270, -0.0286, -0.0276, -0.0229],
        [ 0.0259, -0.0237,  0.0254,  0.0247,  0.0238],
        [ 0.0249, -0.0229,  0.0256,  0.0238,  0.0181],
        [ 0.0137, -0.0125,  0.0133,  0.0116, -0.0025]], device='cuda:0') 
Episode: 85, K_Matrix: tensor([[ 0.0270, -0.0257,  0.0268,  0.0265,  0.0250],
        [-0.0290,  0.0272, -0.0290, -0.0279, -0.0233],
        [ 0.0263, -0.0240,  0.0259,  0.0251,  0.0243],
        [ 0.0253, -0.0232,  0.0260,  0.0242,  0.0186],
        [ 0.0141, -0.0129,  0.0138,  0.0121, -0.0022]], device='cuda:0') 
Episode: 86, K_Matrix: tensor([[ 0.0274, -0.0260,  0.0272,  0.0269,  0.0254],
        [-0.0293,  0.0275, -0.0294, -0.0282, -0.0238],
        [ 0.0267, -0.0243,  0.0263,  0.0254,  0.0248],
        [ 0.0257, -0.0235,  0.0264,  0.0246,  0.0191],
        [ 0.0145, -0.0132,  0.0141,  0.0124, -0.0019]], device='cuda:0') 
Episode: 87, K_Matrix: tensor([[ 0.0279, -0.0263,  0.0277,  0.0272,  0.0260],
        [-0.0298,  0.0278, -0.0298, -0.0286, -0.0243],
        [ 0.0272, -0.0246,  0.0268,  0.0258,  0.0254],
        [ 0.0261, -0.0238,  0.0268,  0.0249,  0.0196],
        [ 0.0149, -0.0135,  0.0145,  0.0127, -0.0017]], device='cuda:0') 
Episode: 88, K_Matrix: tensor([[ 0.0283, -0.0267,  0.0282,  0.0276,  0.0265],
        [-0.0302,  0.0282, -0.0303, -0.0289, -0.0248],
        [ 0.0276, -0.0250,  0.0272,  0.0262,  0.0260],
        [ 0.0265, -0.0241,  0.0272,  0.0253,  0.0201],
        [ 0.0153, -0.0139,  0.0149,  0.0131, -0.0014]], device='cuda:0') 
Episode: 89, K_Matrix: tensor([[ 0.0288, -0.0270,  0.0286,  0.0280,  0.0271],
        [-0.0306,  0.0285, -0.0307, -0.0293, -0.0254],
        [ 0.0281, -0.0253,  0.0277,  0.0266,  0.0265],
        [ 0.0269, -0.0244,  0.0277,  0.0256,  0.0205],
        [ 0.0156, -0.0142,  0.0152,  0.0134, -0.0012]], device='cuda:0') 
Episode: 90, K_Matrix: tensor([[ 0.0292, -0.0273,  0.0291,  0.0284,  0.0276],
        [-0.0310,  0.0288, -0.0311, -0.0296, -0.0259],
        [ 0.0285, -0.0257,  0.0281,  0.0270,  0.0271],
        [ 0.0272, -0.0247,  0.0280,  0.0259,  0.0210],
        [ 0.0158, -0.0144,  0.0155,  0.0136, -0.0011]], device='cuda:0') 
Episode: 91, K_Matrix: tensor([[ 0.0296, -0.0277,  0.0295,  0.0287,  0.0281],
        [-0.0314,  0.0291, -0.0315, -0.0300, -0.0264],
        [ 0.0289, -0.0260,  0.0286,  0.0273,  0.0276],
        [ 0.0275, -0.0249,  0.0283,  0.0262,  0.0213],
        [ 0.0159, -0.0145,  0.0155,  0.0137, -0.0012]], device='cuda:0') 
Episode: 92, K_Matrix: tensor([[ 0.0300, -0.0280,  0.0300,  0.0291,  0.0286],
        [-0.0318,  0.0294, -0.0320, -0.0303, -0.0269],
        [ 0.0294, -0.0263,  0.0291,  0.0277,  0.0281],
        [ 0.0278, -0.0251,  0.0286,  0.0264,  0.0216],
        [ 0.0159, -0.0145,  0.0156,  0.0137, -0.0014]], device='cuda:0') 
Episode: 93, K_Matrix: tensor([[ 0.0305, -0.0283,  0.0304,  0.0295,  0.0291],
        [-0.0322,  0.0297, -0.0324, -0.0307, -0.0274],
        [ 0.0298, -0.0267,  0.0295,  0.0281,  0.0287],
        [ 0.0281, -0.0254,  0.0290,  0.0267,  0.0219],
        [ 0.0158, -0.0145,  0.0154,  0.0136, -0.0017]], device='cuda:0') 
Episode: 94, K_Matrix: tensor([[ 0.0309, -0.0287,  0.0309,  0.0299,  0.0297],
        [-0.0327,  0.0300, -0.0329, -0.0311, -0.0279],
        [ 0.0303, -0.0270,  0.0300,  0.0286,  0.0293],
        [ 0.0285, -0.0256,  0.0293,  0.0270,  0.0223],
        [ 0.0157, -0.0143,  0.0153,  0.0135, -0.0021]], device='cuda:0') 
Episode: 95, K_Matrix: tensor([[ 0.0314, -0.0290,  0.0314,  0.0303,  0.0302],
        [-0.0331,  0.0303, -0.0333, -0.0314, -0.0285],
        [ 0.0308, -0.0274,  0.0305,  0.0290,  0.0298],
        [ 0.0289, -0.0259,  0.0298,  0.0274,  0.0228],
        [ 0.0156, -0.0143,  0.0152,  0.0134, -0.0024]], device='cuda:0') 
Episode: 96, K_Matrix: tensor([[ 0.0318, -0.0294,  0.0319,  0.0307,  0.0308],
        [-0.0335,  0.0307, -0.0338, -0.0318, -0.0290],
        [ 0.0312, -0.0277,  0.0310,  0.0294,  0.0303],
        [ 0.0293, -0.0262,  0.0302,  0.0277,  0.0232],
        [ 0.0155, -0.0142,  0.0151,  0.0132, -0.0027]], device='cuda:0') 
Episode: 97, K_Matrix: tensor([[ 0.0323, -0.0297,  0.0323,  0.0310,  0.0313],
        [-0.0339,  0.0310, -0.0342, -0.0321, -0.0294],
        [ 0.0316, -0.0281,  0.0314,  0.0297,  0.0307],
        [ 0.0297, -0.0265,  0.0305,  0.0280,  0.0236],
        [ 0.0153, -0.0141,  0.0149,  0.0131, -0.0031]], device='cuda:0') 
Episode: 98, K_Matrix: tensor([[ 0.0326, -0.0300,  0.0327,  0.0314,  0.0317],
        [-0.0342,  0.0312, -0.0345, -0.0324, -0.0299],
        [ 0.0320, -0.0283,  0.0318,  0.0300,  0.0311],
        [ 0.0300, -0.0267,  0.0309,  0.0283,  0.0240],
        [ 0.0152, -0.0140,  0.0148,  0.0129, -0.0035]], device='cuda:0') 
Episode: 99, K_Matrix: tensor([[ 0.0329, -0.0302,  0.0330,  0.0317,  0.0321],
        [-0.0345,  0.0315, -0.0349, -0.0327, -0.0302],
        [ 0.0323, -0.0286,  0.0321,  0.0303,  0.0314],
        [ 0.0303, -0.0270,  0.0313,  0.0287,  0.0244],
        [ 0.0149, -0.0136,  0.0144,  0.0126, -0.0040]], device='cuda:0') 
Episode: 100, K_Matrix: tensor([[ 0.0333, -0.0305,  0.0334,  0.0319,  0.0325],
        [-0.0349,  0.0317, -0.0352, -0.0330, -0.0306],
        [ 0.0326, -0.0288,  0.0324,  0.0305,  0.0316],
        [ 0.0306, -0.0272,  0.0316,  0.0289,  0.0247],
        [ 0.0145, -0.0133,  0.0140,  0.0122, -0.0045]], device='cuda:0') 
Episode: 101, K_Matrix: tensor([[ 0.0336, -0.0307,  0.0337,  0.0322,  0.0328],
        [-0.0352,  0.0319, -0.0355, -0.0332, -0.0309],
        [ 0.0328, -0.0290,  0.0326,  0.0308,  0.0319],
        [ 0.0309, -0.0274,  0.0318,  0.0291,  0.0250],
        [ 0.0141, -0.0129,  0.0136,  0.0118, -0.0050]], device='cuda:0') 
Episode: 102, K_Matrix: tensor([[ 0.0338, -0.0309,  0.0340,  0.0324,  0.0331],
        [-0.0354,  0.0321, -0.0358, -0.0334, -0.0312],
        [ 0.0331, -0.0292,  0.0329,  0.0310,  0.0321],
        [ 0.0311, -0.0276,  0.0321,  0.0293,  0.0252],
        [ 0.0136, -0.0125,  0.0131,  0.0113, -0.0056]], device='cuda:0') 
Episode: 103, K_Matrix: tensor([[ 0.0341, -0.0311,  0.0343,  0.0327,  0.0334],
        [-0.0357,  0.0323, -0.0360, -0.0336, -0.0314],
        [ 0.0334, -0.0294,  0.0332,  0.0312,  0.0323],
        [ 0.0314, -0.0278,  0.0323,  0.0295,  0.0254],
        [ 0.0132, -0.0120,  0.0127,  0.0108, -0.0061]], device='cuda:0') 
Episode: 104, K_Matrix: tensor([[ 0.0344, -0.0313,  0.0345,  0.0329,  0.0337],
        [-0.0359,  0.0324, -0.0363, -0.0338, -0.0317],
        [ 0.0336, -0.0296,  0.0334,  0.0314,  0.0326],
        [ 0.0316, -0.0280,  0.0326,  0.0297,  0.0256],
        [ 0.0127, -0.0116,  0.0122,  0.0104, -0.0067]], device='cuda:0') 
Episode: 105, K_Matrix: tensor([[ 0.0346, -0.0315,  0.0348,  0.0331,  0.0340],
        [-0.0361,  0.0326, -0.0365, -0.0340, -0.0320],
        [ 0.0338, -0.0298,  0.0337,  0.0316,  0.0328],
        [ 0.0318, -0.0281,  0.0328,  0.0299,  0.0258],
        [ 0.0123, -0.0112,  0.0118,  0.0100, -0.0071]], device='cuda:0') 
Episode: 106, K_Matrix: tensor([[ 0.0348, -0.0316,  0.0350,  0.0333,  0.0343],
        [-0.0363,  0.0327, -0.0367, -0.0342, -0.0322],
        [ 0.0340, -0.0299,  0.0339,  0.0318,  0.0331],
        [ 0.0320, -0.0283,  0.0330,  0.0302,  0.0261],
        [ 0.0119, -0.0108,  0.0113,  0.0095, -0.0076]], device='cuda:0') 
Episode: 107, K_Matrix: tensor([[ 0.0351, -0.0318,  0.0353,  0.0335,  0.0346],
        [-0.0365,  0.0329, -0.0370, -0.0345, -0.0325],
        [ 0.0343, -0.0301,  0.0342,  0.0321,  0.0333],
        [ 0.0322, -0.0284,  0.0332,  0.0303,  0.0262],
        [ 0.0115, -0.0104,  0.0109,  0.0092, -0.0081]], device='cuda:0') 
Episode: 108, K_Matrix: tensor([[ 0.0354, -0.0321,  0.0357,  0.0339,  0.0349],
        [-0.0368,  0.0332, -0.0374, -0.0348, -0.0329],
        [ 0.0346, -0.0304,  0.0345,  0.0323,  0.0336],
        [ 0.0325, -0.0286,  0.0335,  0.0306,  0.0264],
        [ 0.0112, -0.0102,  0.0107,  0.0089, -0.0085]], device='cuda:0') 
Episode: 109, K_Matrix: tensor([[ 0.0357, -0.0323,  0.0360,  0.0342,  0.0353],
        [-0.0372,  0.0334, -0.0377, -0.0351, -0.0332],
        [ 0.0349, -0.0306,  0.0349,  0.0326,  0.0339],
        [ 0.0327, -0.0288,  0.0338,  0.0308,  0.0266],
        [ 0.0109, -0.0099,  0.0104,  0.0086, -0.0089]], device='cuda:0') 
Episode: 110, K_Matrix: tensor([[ 0.0361, -0.0326,  0.0364,  0.0345,  0.0357],
        [-0.0375,  0.0337, -0.0381, -0.0354, -0.0336],
        [ 0.0353, -0.0309,  0.0352,  0.0330,  0.0342],
        [ 0.0330, -0.0290,  0.0341,  0.0311,  0.0269],
        [ 0.0107, -0.0096,  0.0101,  0.0083, -0.0092]], device='cuda:0') 
Episode: 111, K_Matrix: tensor([[ 0.0365, -0.0329,  0.0368,  0.0348,  0.0360],
        [-0.0378,  0.0339, -0.0384, -0.0357, -0.0339],
        [ 0.0356, -0.0311,  0.0356,  0.0333,  0.0345],
        [ 0.0333, -0.0292,  0.0343,  0.0313,  0.0271],
        [ 0.0104, -0.0094,  0.0098,  0.0080, -0.0095]], device='cuda:0') 
Episode: 112, K_Matrix: tensor([[ 0.0369, -0.0332,  0.0372,  0.0352,  0.0364],
        [-0.0383,  0.0342, -0.0389, -0.0361, -0.0343],
        [ 0.0360, -0.0314,  0.0361,  0.0337,  0.0349],
        [ 0.0336, -0.0295,  0.0347,  0.0316,  0.0273],
        [ 0.0103, -0.0092,  0.0097,  0.0079, -0.0098]], device='cuda:0') 
Episode: 113, K_Matrix: tensor([[ 0.0373, -0.0335,  0.0377,  0.0356,  0.0368],
        [-0.0386,  0.0345, -0.0393, -0.0364, -0.0346],
        [ 0.0364, -0.0317,  0.0364,  0.0340,  0.0351],
        [ 0.0339, -0.0297,  0.0351,  0.0319,  0.0276],
        [ 0.0100, -0.0090,  0.0094,  0.0076, -0.0101]], device='cuda:0') 
Episode: 114, K_Matrix: tensor([[ 0.0377, -0.0338,  0.0381,  0.0359,  0.0371],
        [-0.0390,  0.0347, -0.0396, -0.0367, -0.0349],
        [ 0.0367, -0.0320,  0.0368,  0.0343,  0.0354],
        [ 0.0342, -0.0300,  0.0354,  0.0322,  0.0278],
        [ 0.0098, -0.0088,  0.0092,  0.0074, -0.0103]], device='cuda:0') 
Episode: 115, K_Matrix: tensor([[ 0.0381, -0.0341,  0.0385,  0.0363,  0.0375],
        [-0.0393,  0.0350, -0.0400, -0.0370, -0.0352],
        [ 0.0371, -0.0322,  0.0371,  0.0346,  0.0357],
        [ 0.0345, -0.0301,  0.0356,  0.0324,  0.0279],
        [ 0.0096, -0.0086,  0.0090,  0.0072, -0.0106]], device='cuda:0') 
Episode: 116, K_Matrix: tensor([[ 0.0385, -0.0343,  0.0388,  0.0366,  0.0378],
        [-0.0396,  0.0352, -0.0403, -0.0373, -0.0355],
        [ 0.0374, -0.0325,  0.0375,  0.0349,  0.0359],
        [ 0.0347, -0.0303,  0.0359,  0.0326,  0.0281],
        [ 0.0095, -0.0085,  0.0089,  0.0071, -0.0107]], device='cuda:0') 
Episode: 117, K_Matrix: tensor([[ 0.0389, -0.0346,  0.0393,  0.0370,  0.0381],
        [-0.0400,  0.0355, -0.0407, -0.0376, -0.0358],
        [ 0.0378, -0.0328,  0.0379,  0.0352,  0.0362],
        [ 0.0350, -0.0305,  0.0362,  0.0328,  0.0283],
        [ 0.0094, -0.0084,  0.0087,  0.0069, -0.0109]], device='cuda:0') 
Episode: 118, K_Matrix: tensor([[ 0.0393, -0.0350,  0.0397,  0.0373,  0.0384],
        [-0.0404,  0.0358, -0.0411, -0.0379, -0.0361],
        [ 0.0382, -0.0331,  0.0383,  0.0356,  0.0365],
        [ 0.0353, -0.0308,  0.0365,  0.0331,  0.0285],
        [ 0.0093, -0.0083,  0.0087,  0.0069, -0.0111]], device='cuda:0') 
Episode: 119, K_Matrix: tensor([[ 0.0397, -0.0353,  0.0402,  0.0377,  0.0388],
        [-0.0408,  0.0361, -0.0416, -0.0383, -0.0364],
        [ 0.0386, -0.0334,  0.0388,  0.0359,  0.0368],
        [ 0.0356, -0.0310,  0.0368,  0.0334,  0.0287],
        [ 0.0093, -0.0083,  0.0086,  0.0068, -0.0112]], device='cuda:0') 
Episode: 120, K_Matrix: tensor([[ 0.0402, -0.0356,  0.0406,  0.0381,  0.0392],
        [-0.0412,  0.0364, -0.0420, -0.0386, -0.0367],
        [ 0.0390, -0.0337,  0.0392,  0.0363,  0.0371],
        [ 0.0360, -0.0312,  0.0371,  0.0336,  0.0289],
        [ 0.0093, -0.0083,  0.0086,  0.0068, -0.0113]], device='cuda:0') 
Episode: 121, K_Matrix: tensor([[ 0.0406, -0.0359,  0.0410,  0.0385,  0.0395],
        [-0.0415,  0.0366, -0.0423, -0.0389, -0.0370],
        [ 0.0394, -0.0340,  0.0396,  0.0366,  0.0374],
        [ 0.0363, -0.0315,  0.0375,  0.0340,  0.0291],
        [ 0.0092, -0.0082,  0.0086,  0.0068, -0.0114]], device='cuda:0') 
Episode: 122, K_Matrix: tensor([[ 0.0409, -0.0362,  0.0414,  0.0388,  0.0398],
        [-0.0418,  0.0368, -0.0426, -0.0392, -0.0372],
        [ 0.0397, -0.0342,  0.0399,  0.0369,  0.0376],
        [ 0.0366, -0.0318,  0.0378,  0.0342,  0.0293],
        [ 0.0092, -0.0082,  0.0086,  0.0067, -0.0115]], device='cuda:0') 
Episode: 123, K_Matrix: tensor([[ 0.0412, -0.0364,  0.0417,  0.0391,  0.0400],
        [-0.0421,  0.0370, -0.0429, -0.0394, -0.0374],
        [ 0.0399, -0.0344,  0.0401,  0.0371,  0.0378],
        [ 0.0369, -0.0319,  0.0381,  0.0345,  0.0295],
        [ 0.0092, -0.0082,  0.0086,  0.0067, -0.0116]], device='cuda:0') 
Episode: 124, K_Matrix: tensor([[ 0.0415, -0.0366,  0.0420,  0.0393,  0.0402],
        [-0.0423,  0.0372, -0.0431, -0.0396, -0.0376],
        [ 0.0401, -0.0346,  0.0403,  0.0373,  0.0379],
        [ 0.0371, -0.0321,  0.0383,  0.0347,  0.0296],
        [ 0.0092, -0.0082,  0.0085,  0.0067, -0.0117]], device='cuda:0') 
Episode: 125, K_Matrix: tensor([[ 0.0416, -0.0367,  0.0421,  0.0394,  0.0404],
        [-0.0424,  0.0373, -0.0433, -0.0397, -0.0377],
        [ 0.0402, -0.0346,  0.0404,  0.0373,  0.0379],
        [ 0.0371, -0.0321,  0.0384,  0.0347,  0.0296],
        [ 0.0090, -0.0080,  0.0084,  0.0065, -0.0119]], device='cuda:0') 
Episode: 126, K_Matrix: tensor([[ 0.0417, -0.0368,  0.0422,  0.0395,  0.0405],
        [-0.0425,  0.0373, -0.0433, -0.0398, -0.0378],
        [ 0.0402, -0.0346,  0.0404,  0.0373,  0.0380],
        [ 0.0372, -0.0322,  0.0384,  0.0347,  0.0297],
        [ 0.0089, -0.0079,  0.0083,  0.0064, -0.0120]], device='cuda:0') 
Episode: 127, K_Matrix: tensor([[ 0.0418, -0.0369,  0.0423,  0.0396,  0.0406],
        [-0.0425,  0.0374, -0.0434, -0.0398, -0.0378],
        [ 0.0402, -0.0346,  0.0403,  0.0373,  0.0379],
        [ 0.0372, -0.0322,  0.0384,  0.0348,  0.0297],
        [ 0.0088, -0.0078,  0.0081,  0.0063, -0.0121]], device='cuda:0') 
Episode: 128, K_Matrix: tensor([[ 0.0419, -0.0369,  0.0424,  0.0396,  0.0407],
        [-0.0426,  0.0374, -0.0435, -0.0399, -0.0379],
        [ 0.0402, -0.0346,  0.0404,  0.0373,  0.0379],
        [ 0.0373, -0.0323,  0.0385,  0.0349,  0.0298],
        [ 0.0087, -0.0077,  0.0080,  0.0062, -0.0122]], device='cuda:0') 
Episode: 129, K_Matrix: tensor([[ 0.0420, -0.0370,  0.0425,  0.0397,  0.0408],
        [-0.0427,  0.0375, -0.0436, -0.0400, -0.0380],
        [ 0.0402, -0.0347,  0.0404,  0.0373,  0.0380],
        [ 0.0375, -0.0324,  0.0387,  0.0350,  0.0299],
        [ 0.0084, -0.0074,  0.0077,  0.0059, -0.0124]], device='cuda:0') 
Episode: 130, K_Matrix: tensor([[ 0.0420, -0.0370,  0.0425,  0.0398,  0.0409],
        [-0.0427,  0.0375, -0.0437, -0.0401, -0.0381],
        [ 0.0402, -0.0347,  0.0405,  0.0374,  0.0381],
        [ 0.0376, -0.0325,  0.0388,  0.0351,  0.0299],
        [ 0.0083, -0.0073,  0.0076,  0.0058, -0.0125]], device='cuda:0') 
Episode: 131, K_Matrix: tensor([[ 0.0421, -0.0370,  0.0426,  0.0399,  0.0410],
        [-0.0427,  0.0376, -0.0437, -0.0402, -0.0382],
        [ 0.0402, -0.0347,  0.0406,  0.0375,  0.0381],
        [ 0.0376, -0.0325,  0.0389,  0.0352,  0.0299],
        [ 0.0082, -0.0072,  0.0075,  0.0057, -0.0126]], device='cuda:0') 
Episode: 132, K_Matrix: tensor([[ 0.0421, -0.0370,  0.0426,  0.0400,  0.0410],
        [-0.0428,  0.0376, -0.0438, -0.0403, -0.0383],
        [ 0.0403, -0.0347,  0.0406,  0.0376,  0.0381],
        [ 0.0376, -0.0326,  0.0389,  0.0352,  0.0299],
        [ 0.0081, -0.0072,  0.0075,  0.0057, -0.0126]], device='cuda:0') 
Episode: 133, K_Matrix: tensor([[ 0.0421, -0.0370,  0.0426,  0.0400,  0.0411],
        [-0.0428,  0.0376, -0.0438, -0.0403, -0.0384],
        [ 0.0402, -0.0347,  0.0406,  0.0376,  0.0382],
        [ 0.0376, -0.0325,  0.0389,  0.0352,  0.0299],
        [ 0.0080, -0.0071,  0.0073,  0.0055, -0.0127]], device='cuda:0') 
Episode: 134, K_Matrix: tensor([[ 0.0421, -0.0370,  0.0426,  0.0401,  0.0411],
        [-0.0428,  0.0376, -0.0439, -0.0404, -0.0384],
        [ 0.0402, -0.0347,  0.0407,  0.0377,  0.0382],
        [ 0.0376, -0.0325,  0.0389,  0.0352,  0.0299],
        [ 0.0079, -0.0070,  0.0072,  0.0054, -0.0128]], device='cuda:0') 
Episode: 135, K_Matrix: tensor([[ 0.0421, -0.0370,  0.0426,  0.0400,  0.0411],
        [-0.0427,  0.0376, -0.0438, -0.0404, -0.0384],
        [ 0.0402, -0.0347,  0.0407,  0.0377,  0.0382],
        [ 0.0375, -0.0325,  0.0388,  0.0351,  0.0298],
        [ 0.0079, -0.0070,  0.0072,  0.0054, -0.0128]], device='cuda:0') 
Episode: 136, K_Matrix: tensor([[ 0.0420, -0.0369,  0.0425,  0.0400,  0.0411],
        [-0.0426,  0.0375, -0.0437, -0.0403, -0.0384],
        [ 0.0401, -0.0346,  0.0406,  0.0376,  0.0382],
        [ 0.0375, -0.0325,  0.0388,  0.0351,  0.0298],
        [ 0.0078, -0.0069,  0.0072,  0.0054, -0.0128]], device='cuda:0') 
Episode: 137, K_Matrix: tensor([[ 0.0418, -0.0367,  0.0423,  0.0398,  0.0411],
        [-0.0425,  0.0373, -0.0436, -0.0402, -0.0384],
        [ 0.0399, -0.0345,  0.0404,  0.0375,  0.0381],
        [ 0.0374, -0.0324,  0.0387,  0.0350,  0.0297],
        [ 0.0079, -0.0069,  0.0072,  0.0054, -0.0129]], device='cuda:0') 
Episode: 138, K_Matrix: tensor([[ 0.0417, -0.0366,  0.0421,  0.0397,  0.0410],
        [-0.0423,  0.0372, -0.0434, -0.0401, -0.0384],
        [ 0.0398, -0.0344,  0.0403,  0.0374,  0.0381],
        [ 0.0374, -0.0324,  0.0387,  0.0350,  0.0297],
        [ 0.0078, -0.0069,  0.0072,  0.0054, -0.0129]], device='cuda:0') 
Episode: 139, K_Matrix: tensor([[ 0.0415, -0.0365,  0.0419,  0.0395,  0.0410],
        [-0.0421,  0.0371, -0.0433, -0.0400, -0.0383],
        [ 0.0396, -0.0342,  0.0401,  0.0372,  0.0380],
        [ 0.0373, -0.0324,  0.0387,  0.0350,  0.0297],
        [ 0.0078, -0.0069,  0.0071,  0.0054, -0.0129]], device='cuda:0') 
Episode: 140, K_Matrix: tensor([[ 0.0414, -0.0364,  0.0417,  0.0394,  0.0409],
        [-0.0420,  0.0370, -0.0431, -0.0399, -0.0383],
        [ 0.0394, -0.0341,  0.0400,  0.0371,  0.0380],
        [ 0.0373, -0.0323,  0.0386,  0.0349,  0.0296],
        [ 0.0078, -0.0069,  0.0071,  0.0053, -0.0129]], device='cuda:0') 
Episode: 141, K_Matrix: tensor([[ 0.0414, -0.0363,  0.0417,  0.0394,  0.0409],
        [-0.0420,  0.0369, -0.0431, -0.0398, -0.0383],
        [ 0.0393, -0.0340,  0.0399,  0.0370,  0.0379],
        [ 0.0372, -0.0323,  0.0386,  0.0349,  0.0296],
        [ 0.0078, -0.0069,  0.0071,  0.0053, -0.0130]], device='cuda:0') 
Episode: 142, K_Matrix: tensor([[ 0.0413, -0.0363,  0.0416,  0.0393,  0.0409],
        [-0.0419,  0.0369, -0.0430, -0.0398, -0.0383],
        [ 0.0392, -0.0340,  0.0398,  0.0370,  0.0379],
        [ 0.0372, -0.0323,  0.0386,  0.0349,  0.0295],
        [ 0.0077, -0.0068,  0.0071,  0.0053, -0.0130]], device='cuda:0') 
Episode: 143, K_Matrix: tensor([[ 0.0412, -0.0362,  0.0415,  0.0392,  0.0409],
        [-0.0418,  0.0368, -0.0429, -0.0397, -0.0383],
        [ 0.0391, -0.0339,  0.0397,  0.0369,  0.0379],
        [ 0.0371, -0.0322,  0.0385,  0.0348,  0.0295],
        [ 0.0077, -0.0068,  0.0070,  0.0052, -0.0130]], device='cuda:0') 
Episode: 144, K_Matrix: tensor([[ 0.0413, -0.0362,  0.0415,  0.0392,  0.0409],
        [-0.0419,  0.0368, -0.0429, -0.0397, -0.0383],
        [ 0.0391, -0.0339,  0.0396,  0.0368,  0.0379],
        [ 0.0371, -0.0322,  0.0385,  0.0348,  0.0295],
        [ 0.0077, -0.0068,  0.0070,  0.0052, -0.0131]], device='cuda:0') 
Episode: 145, K_Matrix: tensor([[ 0.0413, -0.0362,  0.0415,  0.0392,  0.0409],
        [-0.0419,  0.0369, -0.0429, -0.0397, -0.0383],
        [ 0.0391, -0.0338,  0.0396,  0.0368,  0.0379],
        [ 0.0371, -0.0322,  0.0385,  0.0348,  0.0295],
        [ 0.0076, -0.0067,  0.0070,  0.0052, -0.0131]], device='cuda:0') 
Episode: 146, K_Matrix: tensor([[ 0.0413, -0.0362,  0.0414,  0.0391,  0.0409],
        [-0.0419,  0.0368, -0.0429, -0.0397, -0.0383],
        [ 0.0390, -0.0338,  0.0395,  0.0367,  0.0378],
        [ 0.0371, -0.0322,  0.0385,  0.0348,  0.0294],
        [ 0.0077, -0.0068,  0.0070,  0.0052, -0.0131]], device='cuda:0') 
Episode: 147, K_Matrix: tensor([[ 0.0414, -0.0362,  0.0414,  0.0391,  0.0409],
        [-0.0419,  0.0368, -0.0428, -0.0397, -0.0383],
        [ 0.0389, -0.0338,  0.0395,  0.0367,  0.0378],
        [ 0.0371, -0.0322,  0.0385,  0.0348,  0.0294],
        [ 0.0078, -0.0068,  0.0071,  0.0053, -0.0131]], device='cuda:0') 
Episode: 148, K_Matrix: tensor([[ 0.0413, -0.0362,  0.0414,  0.0391,  0.0409],
        [-0.0419,  0.0368, -0.0428, -0.0397, -0.0383],
        [ 0.0389, -0.0337,  0.0394,  0.0367,  0.0378],
        [ 0.0372, -0.0322,  0.0385,  0.0348,  0.0294],
        [ 0.0078, -0.0069,  0.0071,  0.0053, -0.0131]], device='cuda:0') 
Episode: 149, K_Matrix: tensor([[ 0.0413, -0.0361,  0.0413,  0.0390,  0.0409],
        [-0.0418,  0.0368, -0.0428, -0.0397, -0.0383],
        [ 0.0388, -0.0337,  0.0394,  0.0366,  0.0378],
        [ 0.0371, -0.0322,  0.0385,  0.0348,  0.0294],
        [ 0.0078, -0.0069,  0.0071,  0.0053, -0.0131]], device='cuda:0') 
Episode: 150, K_Matrix: tensor([[ 0.0412, -0.0361,  0.0413,  0.0390,  0.0408],
        [-0.0418,  0.0368, -0.0428, -0.0396, -0.0383],
        [ 0.0388, -0.0336,  0.0393,  0.0366,  0.0378],
        [ 0.0371, -0.0322,  0.0384,  0.0347,  0.0293],
        [ 0.0078, -0.0069,  0.0071,  0.0053, -0.0131]], device='cuda:0') 
Episode: 151, K_Matrix: tensor([[ 0.0413, -0.0361,  0.0413,  0.0390,  0.0409],
        [-0.0418,  0.0368, -0.0428, -0.0397, -0.0384],
        [ 0.0388, -0.0337,  0.0394,  0.0367,  0.0378],
        [ 0.0371, -0.0322,  0.0385,  0.0348,  0.0293],
        [ 0.0079, -0.0069,  0.0072,  0.0054, -0.0131]], device='cuda:0') 
Episode: 152, K_Matrix: tensor([[ 0.0413, -0.0361,  0.0413,  0.0391,  0.0409],
        [-0.0418,  0.0368, -0.0429, -0.0397, -0.0384],
        [ 0.0388, -0.0337,  0.0395,  0.0367,  0.0378],
        [ 0.0372, -0.0323,  0.0385,  0.0348,  0.0293],
        [ 0.0079, -0.0069,  0.0072,  0.0054, -0.0132]], device='cuda:0') 
Episode: 153, K_Matrix: tensor([[ 0.0413, -0.0361,  0.0414,  0.0391,  0.0409],
        [-0.0419,  0.0368, -0.0429, -0.0398, -0.0384],
        [ 0.0389, -0.0337,  0.0395,  0.0367,  0.0378],
        [ 0.0372, -0.0323,  0.0386,  0.0349,  0.0293],
        [ 0.0080, -0.0071,  0.0073,  0.0055, -0.0131]], device='cuda:0') 
Episode: 154, K_Matrix: tensor([[ 0.0414, -0.0362,  0.0414,  0.0392,  0.0409],
        [-0.0419,  0.0369, -0.0430, -0.0398, -0.0384],
        [ 0.0389, -0.0337,  0.0395,  0.0368,  0.0378],
        [ 0.0373, -0.0324,  0.0387,  0.0349,  0.0293],
        [ 0.0082, -0.0072,  0.0075,  0.0057, -0.0130]], device='cuda:0') 
Episode: 155, K_Matrix: tensor([[ 0.0415, -0.0362,  0.0414,  0.0392,  0.0409],
        [-0.0420,  0.0369, -0.0430, -0.0399, -0.0385],
        [ 0.0389, -0.0338,  0.0396,  0.0368,  0.0378],
        [ 0.0374, -0.0324,  0.0388,  0.0350,  0.0293],
        [ 0.0083, -0.0074,  0.0076,  0.0058, -0.0130]], device='cuda:0') 
Episode: 156, K_Matrix: tensor([[ 0.0415, -0.0362,  0.0415,  0.0393,  0.0409],
        [-0.0421,  0.0370, -0.0431, -0.0400, -0.0385],
        [ 0.0390, -0.0338,  0.0396,  0.0369,  0.0378],
        [ 0.0375, -0.0325,  0.0389,  0.0351,  0.0294],
        [ 0.0085, -0.0075,  0.0078,  0.0060, -0.0129]], device='cuda:0') 
Episode: 157, K_Matrix: tensor([[ 0.0416, -0.0363,  0.0416,  0.0393,  0.0410],
        [-0.0422,  0.0370, -0.0432, -0.0401, -0.0386],
        [ 0.0391, -0.0339,  0.0397,  0.0370,  0.0379],
        [ 0.0376, -0.0326,  0.0390,  0.0352,  0.0295],
        [ 0.0086, -0.0077,  0.0079,  0.0061, -0.0129]], device='cuda:0') 
Episode: 158, K_Matrix: tensor([[ 0.0417, -0.0364,  0.0416,  0.0394,  0.0411],
        [-0.0423,  0.0371, -0.0433, -0.0402, -0.0387],
        [ 0.0392, -0.0340,  0.0399,  0.0371,  0.0380],
        [ 0.0378, -0.0327,  0.0391,  0.0354,  0.0296],
        [ 0.0088, -0.0078,  0.0080,  0.0062, -0.0129]], device='cuda:0') 
Episode: 159, K_Matrix: tensor([[ 0.0418, -0.0365,  0.0418,  0.0395,  0.0412],
        [-0.0424,  0.0372, -0.0435, -0.0403, -0.0388],
        [ 0.0393, -0.0341,  0.0400,  0.0372,  0.0381],
        [ 0.0379, -0.0328,  0.0393,  0.0355,  0.0297],
        [ 0.0089, -0.0079,  0.0081,  0.0063, -0.0129]], device='cuda:0') 
Episode: 160, K_Matrix: tensor([[ 0.0420, -0.0365,  0.0418,  0.0396,  0.0412],
        [-0.0425,  0.0373, -0.0435, -0.0404, -0.0389],
        [ 0.0394, -0.0341,  0.0401,  0.0374,  0.0382],
        [ 0.0379, -0.0329,  0.0393,  0.0356,  0.0297],
        [ 0.0090, -0.0080,  0.0082,  0.0064, -0.0129]], device='cuda:0') 
Episode: 161, K_Matrix: tensor([[ 0.0421, -0.0366,  0.0419,  0.0397,  0.0413],
        [-0.0426,  0.0373, -0.0436, -0.0405, -0.0390],
        [ 0.0395, -0.0342,  0.0402,  0.0375,  0.0383],
        [ 0.0380, -0.0329,  0.0394,  0.0356,  0.0297],
        [ 0.0091, -0.0081,  0.0083,  0.0065, -0.0129]], device='cuda:0') 
Episode: 162, K_Matrix: tensor([[ 0.0422, -0.0367,  0.0420,  0.0397,  0.0414],
        [-0.0427,  0.0374, -0.0437, -0.0406, -0.0390],
        [ 0.0395, -0.0342,  0.0402,  0.0375,  0.0383],
        [ 0.0380, -0.0329,  0.0394,  0.0357,  0.0297],
        [ 0.0091, -0.0081,  0.0084,  0.0065, -0.0129]], device='cuda:0') 
Episode: 163, K_Matrix: tensor([[ 0.0422, -0.0367,  0.0420,  0.0397,  0.0414],
        [-0.0428,  0.0374, -0.0437, -0.0406, -0.0390],
        [ 0.0395, -0.0342,  0.0402,  0.0375,  0.0383],
        [ 0.0379, -0.0328,  0.0393,  0.0356,  0.0296],
        [ 0.0091, -0.0081,  0.0084,  0.0065, -0.0129]], device='cuda:0') 
Episode: 164, K_Matrix: tensor([[ 0.0423, -0.0367,  0.0420,  0.0398,  0.0414],
        [-0.0428,  0.0374, -0.0438, -0.0406, -0.0391],
        [ 0.0395, -0.0342,  0.0402,  0.0375,  0.0383],
        [ 0.0378, -0.0328,  0.0392,  0.0355,  0.0296],
        [ 0.0091, -0.0081,  0.0084,  0.0065, -0.0129]], device='cuda:0') 
Episode: 165, K_Matrix: tensor([[ 0.0423, -0.0367,  0.0419,  0.0397,  0.0414],
        [-0.0428,  0.0374, -0.0437, -0.0406, -0.0390],
        [ 0.0395, -0.0342,  0.0402,  0.0375,  0.0383],
        [ 0.0377, -0.0327,  0.0391,  0.0354,  0.0294],
        [ 0.0090, -0.0080,  0.0083,  0.0064, -0.0130]], device='cuda:0') 
Episode: 166, K_Matrix: tensor([[ 0.0422, -0.0366,  0.0419,  0.0397,  0.0413],
        [-0.0427,  0.0374, -0.0437, -0.0406, -0.0390],
        [ 0.0394, -0.0341,  0.0401,  0.0375,  0.0383],
        [ 0.0375, -0.0325,  0.0390,  0.0352,  0.0293],
        [ 0.0089, -0.0079,  0.0082,  0.0063, -0.0132]], device='cuda:0') 
Episode: 167, K_Matrix: tensor([[ 0.0420, -0.0365,  0.0417,  0.0395,  0.0412],
        [-0.0426,  0.0373, -0.0435, -0.0405, -0.0389],
        [ 0.0393, -0.0340,  0.0400,  0.0373,  0.0381],
        [ 0.0373, -0.0323,  0.0387,  0.0350,  0.0290],
        [ 0.0088, -0.0078,  0.0081,  0.0062, -0.0133]], device='cuda:0') 
Episode: 168, K_Matrix: tensor([[ 0.0419, -0.0364,  0.0416,  0.0394,  0.0411],
        [-0.0425,  0.0372, -0.0434, -0.0404, -0.0388],
        [ 0.0392, -0.0339,  0.0399,  0.0372,  0.0381],
        [ 0.0371, -0.0322,  0.0385,  0.0348,  0.0288],
        [ 0.0088, -0.0078,  0.0081,  0.0062, -0.0133]], device='cuda:0') 
Episode: 169, K_Matrix: tensor([[ 0.0418, -0.0363,  0.0415,  0.0393,  0.0410],
        [-0.0424,  0.0371, -0.0434, -0.0403, -0.0388],
        [ 0.0391, -0.0339,  0.0398,  0.0372,  0.0380],
        [ 0.0369, -0.0320,  0.0383,  0.0346,  0.0286],
        [ 0.0088, -0.0078,  0.0081,  0.0061, -0.0134]], device='cuda:0') 
Episode: 170, K_Matrix: tensor([[ 0.0417, -0.0362,  0.0414,  0.0392,  0.0409],
        [-0.0423,  0.0371, -0.0433, -0.0402, -0.0387],
        [ 0.0390, -0.0338,  0.0398,  0.0371,  0.0379],
        [ 0.0367, -0.0319,  0.0381,  0.0345,  0.0285],
        [ 0.0088, -0.0078,  0.0080,  0.0061, -0.0134]], device='cuda:0') 
Episode: 171, K_Matrix: tensor([[ 0.0417, -0.0362,  0.0413,  0.0392,  0.0409],
        [-0.0423,  0.0370, -0.0433, -0.0402, -0.0387],
        [ 0.0390, -0.0338,  0.0398,  0.0371,  0.0379],
        [ 0.0366, -0.0318,  0.0380,  0.0344,  0.0284],
        [ 0.0088, -0.0078,  0.0080,  0.0061, -0.0135]], device='cuda:0') 
Episode: 172, K_Matrix: tensor([[ 0.0415, -0.0361,  0.0412,  0.0391,  0.0408],
        [-0.0422,  0.0370, -0.0432, -0.0401, -0.0386],
        [ 0.0389, -0.0337,  0.0397,  0.0370,  0.0378],
        [ 0.0365, -0.0317,  0.0379,  0.0343,  0.0283],
        [ 0.0086, -0.0077,  0.0079,  0.0060, -0.0136]], device='cuda:0') 
Episode: 173, K_Matrix: tensor([[ 0.0414, -0.0360,  0.0411,  0.0390,  0.0408],
        [-0.0421,  0.0369, -0.0431, -0.0401, -0.0386],
        [ 0.0388, -0.0337,  0.0396,  0.0370,  0.0378],
        [ 0.0364, -0.0317,  0.0378,  0.0342,  0.0282],
        [ 0.0085, -0.0075,  0.0077,  0.0058, -0.0137]], device='cuda:0') 
Episode: 174, K_Matrix: tensor([[ 0.0414, -0.0359,  0.0411,  0.0390,  0.0408],
        [-0.0420,  0.0368, -0.0430, -0.0400, -0.0386],
        [ 0.0387, -0.0336,  0.0395,  0.0370,  0.0378],
        [ 0.0363, -0.0316,  0.0378,  0.0342,  0.0281],
        [ 0.0083, -0.0074,  0.0076,  0.0056, -0.0138]], device='cuda:0') 
Episode: 175, K_Matrix: tensor([[ 0.0413, -0.0359,  0.0410,  0.0389,  0.0407],
        [-0.0419,  0.0368, -0.0430, -0.0400, -0.0385],
        [ 0.0386, -0.0335,  0.0395,  0.0369,  0.0377],
        [ 0.0363, -0.0315,  0.0377,  0.0341,  0.0281],
        [ 0.0082, -0.0072,  0.0074,  0.0055, -0.0140]], device='cuda:0') 
Episode: 176, K_Matrix: tensor([[ 0.0412, -0.0358,  0.0409,  0.0389,  0.0407],
        [-0.0419,  0.0367, -0.0429, -0.0399, -0.0385],
        [ 0.0386, -0.0335,  0.0394,  0.0368,  0.0377],
        [ 0.0362, -0.0315,  0.0376,  0.0341,  0.0280],
        [ 0.0080, -0.0071,  0.0073,  0.0053, -0.0141]], device='cuda:0') 
Episode: 177, K_Matrix: tensor([[ 0.0411, -0.0358,  0.0408,  0.0388,  0.0407],
        [-0.0418,  0.0367, -0.0428, -0.0399, -0.0385],
        [ 0.0385, -0.0334,  0.0394,  0.0368,  0.0377],
        [ 0.0362, -0.0315,  0.0376,  0.0341,  0.0280],
        [ 0.0080, -0.0071,  0.0073,  0.0053, -0.0141]], device='cuda:0') 
Episode: 178, K_Matrix: tensor([[ 0.0411, -0.0357,  0.0408,  0.0388,  0.0407],
        [-0.0418,  0.0367, -0.0428, -0.0399, -0.0385],
        [ 0.0385, -0.0334,  0.0393,  0.0368,  0.0376],
        [ 0.0362, -0.0315,  0.0377,  0.0341,  0.0280],
        [ 0.0080, -0.0071,  0.0073,  0.0054, -0.0141]], device='cuda:0') 
Episode: 179, K_Matrix: tensor([[ 0.0410, -0.0357,  0.0408,  0.0388,  0.0406],
        [-0.0417,  0.0366, -0.0428, -0.0399, -0.0385],
        [ 0.0385, -0.0334,  0.0394,  0.0368,  0.0376],
        [ 0.0363, -0.0315,  0.0377,  0.0342,  0.0280],
        [ 0.0081, -0.0072,  0.0074,  0.0054, -0.0141]], device='cuda:0') 
Episode: 180, K_Matrix: tensor([[ 0.0410, -0.0356,  0.0407,  0.0388,  0.0406],
        [-0.0416,  0.0366, -0.0427, -0.0399, -0.0385],
        [ 0.0384, -0.0334,  0.0393,  0.0369,  0.0376],
        [ 0.0363, -0.0316,  0.0378,  0.0342,  0.0279],
        [ 0.0081, -0.0072,  0.0074,  0.0054, -0.0141]], device='cuda:0') 
Episode: 181, K_Matrix: tensor([[ 0.0409, -0.0356,  0.0407,  0.0387,  0.0406],
        [-0.0416,  0.0365, -0.0427, -0.0398, -0.0384],
        [ 0.0384, -0.0334,  0.0393,  0.0368,  0.0376],
        [ 0.0363, -0.0316,  0.0378,  0.0342,  0.0279],
        [ 0.0081, -0.0072,  0.0074,  0.0054, -0.0142]], device='cuda:0') 
Episode: 182, K_Matrix: tensor([[ 0.0408, -0.0355,  0.0405,  0.0386,  0.0405],
        [-0.0415,  0.0364, -0.0426, -0.0398, -0.0384],
        [ 0.0383, -0.0333,  0.0393,  0.0368,  0.0376],
        [ 0.0362, -0.0315,  0.0377,  0.0342,  0.0279],
        [ 0.0082, -0.0072,  0.0074,  0.0055, -0.0142]], device='cuda:0') 
Episode: 183, K_Matrix: tensor([[ 0.0407, -0.0354,  0.0405,  0.0386,  0.0405],
        [-0.0414,  0.0364, -0.0425, -0.0397, -0.0383],
        [ 0.0383, -0.0333,  0.0392,  0.0368,  0.0376],
        [ 0.0362, -0.0315,  0.0378,  0.0342,  0.0279],
        [ 0.0082, -0.0072,  0.0074,  0.0055, -0.0142]], device='cuda:0') 
Episode: 184, K_Matrix: tensor([[ 0.0406, -0.0353,  0.0403,  0.0385,  0.0404],
        [-0.0413,  0.0363, -0.0424, -0.0396, -0.0383],
        [ 0.0382, -0.0332,  0.0392,  0.0367,  0.0375],
        [ 0.0362, -0.0315,  0.0377,  0.0342,  0.0278],
        [ 0.0082, -0.0073,  0.0074,  0.0055, -0.0142]], device='cuda:0') 
Episode: 185, K_Matrix: tensor([[ 0.0405, -0.0352,  0.0402,  0.0384,  0.0403],
        [-0.0412,  0.0362, -0.0423, -0.0395, -0.0382],
        [ 0.0381, -0.0331,  0.0391,  0.0367,  0.0375],
        [ 0.0362, -0.0315,  0.0377,  0.0342,  0.0278],
        [ 0.0083, -0.0073,  0.0075,  0.0055, -0.0142]], device='cuda:0') 
Episode: 186, K_Matrix: tensor([[ 0.0403, -0.0351,  0.0401,  0.0383,  0.0403],
        [-0.0410,  0.0361, -0.0421, -0.0394, -0.0381],
        [ 0.0380, -0.0331,  0.0390,  0.0366,  0.0374],
        [ 0.0361, -0.0315,  0.0377,  0.0342,  0.0278],
        [ 0.0083, -0.0073,  0.0075,  0.0055, -0.0143]], device='cuda:0') 
Episode: 187, K_Matrix: tensor([[ 0.0403, -0.0350,  0.0400,  0.0382,  0.0402],
        [-0.0409,  0.0360, -0.0421, -0.0393, -0.0381],
        [ 0.0380, -0.0330,  0.0390,  0.0366,  0.0374],
        [ 0.0361, -0.0314,  0.0377,  0.0341,  0.0278],
        [ 0.0082, -0.0073,  0.0075,  0.0055, -0.0143]], device='cuda:0') 
Episode: 188, K_Matrix: tensor([[ 0.0402, -0.0350,  0.0399,  0.0381,  0.0402],
        [-0.0409,  0.0360, -0.0420, -0.0393, -0.0381],
        [ 0.0379, -0.0330,  0.0389,  0.0366,  0.0374],
        [ 0.0361, -0.0314,  0.0377,  0.0342,  0.0278],
        [ 0.0082, -0.0073,  0.0075,  0.0055, -0.0143]], device='cuda:0') 
Episode: 189, K_Matrix: tensor([[ 0.0401, -0.0349,  0.0398,  0.0380,  0.0401],
        [-0.0407,  0.0359, -0.0419, -0.0392, -0.0380],
        [ 0.0378, -0.0329,  0.0388,  0.0365,  0.0373],
        [ 0.0360, -0.0314,  0.0376,  0.0341,  0.0277],
        [ 0.0082, -0.0073,  0.0075,  0.0055, -0.0144]], device='cuda:0') 
Episode: 190, K_Matrix: tensor([[ 0.0400, -0.0348,  0.0397,  0.0380,  0.0401],
        [-0.0406,  0.0358, -0.0418, -0.0391, -0.0379],
        [ 0.0377, -0.0329,  0.0388,  0.0365,  0.0373],
        [ 0.0360, -0.0313,  0.0375,  0.0341,  0.0277],
        [ 0.0082, -0.0073,  0.0075,  0.0055, -0.0144]], device='cuda:0') 
Episode: 191, K_Matrix: tensor([[ 0.0399, -0.0347,  0.0396,  0.0379,  0.0400],
        [-0.0405,  0.0357, -0.0417, -0.0390, -0.0379],
        [ 0.0376, -0.0328,  0.0387,  0.0364,  0.0372],
        [ 0.0359, -0.0313,  0.0375,  0.0340,  0.0277],
        [ 0.0082, -0.0073,  0.0074,  0.0054, -0.0145]], device='cuda:0') 
Episode: 192, K_Matrix: tensor([[ 0.0398, -0.0346,  0.0395,  0.0378,  0.0399],
        [-0.0404,  0.0356, -0.0416, -0.0390, -0.0378],
        [ 0.0376, -0.0327,  0.0386,  0.0364,  0.0372],
        [ 0.0358, -0.0312,  0.0374,  0.0340,  0.0276],
        [ 0.0082, -0.0072,  0.0074,  0.0054, -0.0145]], device='cuda:0') 
Episode: 193, K_Matrix: tensor([[ 0.0397, -0.0346,  0.0394,  0.0377,  0.0399],
        [-0.0403,  0.0355, -0.0415, -0.0389, -0.0377],
        [ 0.0375, -0.0327,  0.0386,  0.0363,  0.0371],
        [ 0.0358, -0.0312,  0.0374,  0.0340,  0.0276],
        [ 0.0081, -0.0072,  0.0073,  0.0054, -0.0146]], device='cuda:0') 
Episode: 194, K_Matrix: tensor([[ 0.0397, -0.0345,  0.0393,  0.0377,  0.0398],
        [-0.0403,  0.0355, -0.0414, -0.0389, -0.0377],
        [ 0.0374, -0.0326,  0.0386,  0.0363,  0.0371],
        [ 0.0357, -0.0311,  0.0374,  0.0340,  0.0275],
        [ 0.0081, -0.0072,  0.0073,  0.0053, -0.0146]], device='cuda:0') 
Episode: 195, K_Matrix: tensor([[ 0.0396, -0.0345,  0.0393,  0.0377,  0.0398],
        [-0.0402,  0.0354, -0.0413, -0.0388, -0.0377],
        [ 0.0374, -0.0326,  0.0385,  0.0363,  0.0371],
        [ 0.0356, -0.0311,  0.0373,  0.0339,  0.0275],
        [ 0.0080, -0.0071,  0.0072,  0.0052, -0.0147]], device='cuda:0') 
Episode: 196, K_Matrix: tensor([[ 0.0396, -0.0344,  0.0392,  0.0376,  0.0398],
        [-0.0401,  0.0354, -0.0413, -0.0388, -0.0376],
        [ 0.0373, -0.0325,  0.0384,  0.0362,  0.0370],
        [ 0.0356, -0.0310,  0.0372,  0.0339,  0.0274],
        [ 0.0080, -0.0070,  0.0072,  0.0052, -0.0147]], device='cuda:0') 
Episode: 197, K_Matrix: tensor([[ 0.0395, -0.0343,  0.0391,  0.0375,  0.0397],
        [-0.0401,  0.0353, -0.0412, -0.0387, -0.0376],
        [ 0.0372, -0.0324,  0.0383,  0.0362,  0.0370],
        [ 0.0355, -0.0310,  0.0372,  0.0338,  0.0274],
        [ 0.0079, -0.0070,  0.0071,  0.0051, -0.0148]], device='cuda:0') 
Episode: 198, K_Matrix: tensor([[ 0.0395, -0.0343,  0.0390,  0.0375,  0.0396],
        [-0.0400,  0.0352, -0.0411, -0.0387, -0.0375],
        [ 0.0371, -0.0324,  0.0383,  0.0361,  0.0369],
        [ 0.0355, -0.0310,  0.0372,  0.0338,  0.0274],
        [ 0.0079, -0.0070,  0.0071,  0.0051, -0.0148]], device='cuda:0') 
Episode: 199, K_Matrix: tensor([[ 0.0395, -0.0343,  0.0390,  0.0375,  0.0396],
        [-0.0400,  0.0352, -0.0410, -0.0386, -0.0375],
        [ 0.0371, -0.0323,  0.0382,  0.0361,  0.0369],
        [ 0.0355, -0.0310,  0.0372,  0.0339,  0.0273],
        [ 0.0079, -0.0070,  0.0071,  0.0051, -0.0148]], device='cuda:0') 
Episode: 200, K_Matrix: tensor([[ 0.0395, -0.0343,  0.0390,  0.0374,  0.0396],
        [-0.0399,  0.0352, -0.0410, -0.0386, -0.0374],
        [ 0.0371, -0.0323,  0.0382,  0.0361,  0.0368],
        [ 0.0355, -0.0310,  0.0372,  0.0339,  0.0273],
        [ 0.0079, -0.0070,  0.0071,  0.0051, -0.0148]], device='cuda:0') 
