0.000000 99.565048 94.407265 109.127533 93.941811 0.019782 
0.000000 91.004929 85.225403 91.938004 92.377853 0.027976 
0.000000 91.673386 85.827789 83.314377 77.373489 0.000000 
0.000000 91.291664 81.946487 87.434113 91.849174 0.000000 
0.000000 93.254807 89.109276 90.600220 84.420471 0.000000 
0.000000 91.721367 93.509308 90.764389 86.637756 0.000000 
0.000000 86.118607 95.427101 99.835182 83.214226 0.000000 
0.000000 91.359413 91.737038 88.520508 90.317963 0.000000 
0.000000 90.115555 85.586517 94.228180 88.523201 0.000000 
0.000000 89.123390 85.383301 87.808487 80.507439 0.000000 
0.000000 87.809471 95.010948 87.663872 88.839676 0.019782 
0.000000 91.315323 96.308006 98.637222 92.173164 0.000000 
0.000000 89.458946 84.174400 97.534225 88.625229 0.019782 
0.000000 86.661125 91.105301 91.884163 77.312645 0.019782 
0.000000 86.609818 100.227524 101.045181 86.461632 0.000000 
0.000000 84.939156 81.589760 100.177261 85.413742 0.000000 
0.000000 91.301941 90.442932 94.231979 85.808769 0.019782 
0.000000 95.022324 87.830475 98.158478 87.268974 0.000000 
82.736458 100.923515 95.390976 86.574532 77.011772 0.019782 
94.191223 94.277664 92.406082 94.517868 70.292519 0.000000 
93.928658 92.523087 88.011543 94.199654 100.453384 0.000000 
88.564926 88.132904 89.642868 92.136894 90.999802 0.019782 
84.746040 92.462585 98.155632 97.594551 87.387466 0.000000 
93.448593 97.071663 94.703888 94.750992 85.058647 0.027976 
95.351807 85.885147 90.455132 97.142319 71.895844 0.000000 
88.559769 94.230019 98.515274 106.263451 82.760269 0.000000 
87.687027 91.838287 98.825768 104.091080 87.772507 0.000000 
95.138985 91.031990 101.863197 98.489151 85.179947 0.019782 
86.764603 94.468658 96.825661 106.001579 94.349846 0.000000 
85.745010 91.376755 100.493698 111.610176 89.337387 0.000000 
89.512238 95.398689 101.533051 121.472694 89.426338 0.027976 
95.042580 95.811157 103.956871 116.790840 85.489426 0.027976 
91.314056 95.132607 105.179039 115.162437 85.562843 0.034264 
88.328850 89.721649 106.951401 123.147209 87.588371 0.000000 
94.479874 99.220047 114.426010 124.933975 84.571060 0.000000 
87.973396 106.822433 92.910873 113.075500 79.393074 0.027976 
88.018555 98.433044 112.292297 116.759941 81.154747 0.034264 
92.906143 95.781189 110.822357 110.427734 89.164986 0.019782 
81.724533 94.074768 99.101059 119.000343 84.002838 0.000000 
91.935997 98.796486 97.971420 107.198677 77.892097 0.000000 
85.835365 92.270058 111.608994 108.817383 91.799309 0.000000 
89.990967 90.407608 100.362816 116.948860 87.895958 0.019782 
96.171616 91.438477 92.843109 102.307907 90.097229 0.000000 
89.672318 91.415344 105.624565 103.965027 71.456299 0.000000 
93.703972 93.504204 100.611130 103.967018 90.867836 0.034264 
97.086678 101.418404 92.717339 107.210800 70.558640 0.000000 
89.978958 101.175758 95.065842 106.002640 92.778671 0.000000 
85.968056 93.927765 92.532715 99.612045 72.486404 0.019782 
99.356178 88.987846 93.465454 91.547157 89.011078 0.027976 
87.827164 87.446663 92.026718 94.866142 88.267860 0.000000 
88.845268 87.597557 98.891991 86.426064 87.732620 0.000000 
95.491058 93.571663 91.965256 94.525230 83.882545 0.019782 
96.647202 87.894859 89.487640 99.246994 90.798164 0.034264 
86.407066 84.628853 89.695625 83.639145 89.164375 0.000000 
96.297958 85.739456 83.996864 96.024475 88.727272 0.000000 
97.940773 90.415573 84.874268 93.189529 87.094185 0.019782 
84.372322 88.282509 95.633751 97.771187 89.721748 0.000000 
90.898911 93.441956 84.990173 85.679207 76.520821 0.000000 
85.881493 98.099396 90.972580 89.264870 67.887047 0.019782 
85.733200 94.555206 93.559158 91.839828 82.898438 0.019782 
96.637001 84.222374 89.087158 88.074829 72.892036 0.000000 
89.752502 96.783218 79.608650 91.169357 93.731094 0.027976 
88.754616 88.964828 91.876366 80.551788 83.583580 0.027976 
88.371048 91.742981 87.146423 86.054390 84.351570 0.000000 
90.141014 87.145035 94.079071 97.472313 92.604652 0.027976 
90.008568 92.128204 85.948059 93.202621 73.773804 0.027976 
81.969154 87.687325 91.818130 84.097481 83.991280 0.000000 
93.523323 87.746658 85.369743 91.323936 84.788269 0.000000 
89.003357 86.828880 86.662827 89.756500 92.808563 0.000000 
89.420769 83.292206 86.741440 85.458778 89.424843 0.000000 
86.496979 87.205559 82.721840 87.115227 84.953598 0.027976 
89.878067 82.777374 94.957222 80.365494 88.789932 0.000000 
97.470551 73.922218 82.574547 78.467865 77.550812 0.000000 
86.402596 94.133110 89.800446 79.635963 76.661064 0.000000 
93.540108 78.933693 73.093307 88.710724 86.073395 0.000000 
95.580070 97.848717 83.114365 82.063087 85.897224 0.000000 
89.591789 90.236412 89.205811 83.610886 81.757088 0.000000 
86.333229 83.929962 94.082428 71.087059 86.497231 0.000000 
92.548340 90.145020 88.784325 74.534637 97.566589 0.000000 
84.793350 79.432480 86.785721 83.872749 79.420120 0.000000 
89.015625 90.219292 91.965065 80.785942 77.554230 0.000000 
88.616776 87.712837 90.526299 74.259750 87.259132 0.034264 
90.124016 87.734337 84.458649 74.316208 94.234245 0.034264 
96.191467 79.632706 87.646675 85.614243 86.141174 0.000000 
93.447502 77.325844 78.742409 86.495499 78.786934 0.000000 
90.537460 90.726044 87.370728 76.617897 81.502655 0.019782 
90.706940 86.848335 81.128067 81.980148 89.269447 0.000000 
89.506027 87.995186 89.186478 84.658325 76.049248 0.019782 
86.855377 79.576866 79.791634 82.105606 80.415886 0.019782 
88.745941 84.949066 82.395905 76.344864 81.276573 0.000000 
87.940056 89.396805 93.922783 82.191635 92.193893 0.000000 
89.852310 69.802635 81.462845 82.240883 91.874496 0.000000 
87.008492 82.068527 86.943611 78.790756 97.136055 0.000000 
88.645317 82.225365 76.775078 79.279640 80.950188 0.019782 
89.577568 81.658501 88.991814 87.617622 79.073921 0.027976 
87.512802 82.198257 81.177094 82.615654 87.994011 0.000000 
84.095406 87.007248 83.712090 81.623177 91.755188 0.019782 
86.931244 74.174271 78.848946 91.431938 90.699150 0.019782 
86.528671 81.483307 86.911049 85.067459 86.226395 0.000000 
91.107506 77.074554 85.326096 71.544739 83.599571 0.019782 
85.391220 90.405495 83.396233 71.468117 99.172951 0.000000 
87.306488 83.742340 84.675995 79.291084 81.834808 0.000000 
91.279793 73.380119 79.153625 76.833427 82.273293 0.000000 
86.728104 67.997780 65.550293 76.267021 84.811089 0.000000 
92.760780 77.643250 86.086975 75.800217 102.898560 0.000000 
88.117699 71.070328 66.672440 77.927795 77.058517 0.000000 
85.775780 76.238701 72.724304 82.714142 80.419724 0.019782 
93.848183 76.810532 76.892128 69.317917 93.759125 0.027976 
95.406837 67.450340 69.096024 62.979977 87.075783 0.000000 
85.908325 79.428780 67.902496 77.343483 81.878761 0.019782 
90.562920 61.666149 59.971432 60.336082 80.101074 0.000000 
86.497810 62.435055 58.710236 42.236435 40.625134 0.027976 
90.413048 70.317711 70.509903 65.184868 76.612915 0.000000 
90.213631 72.885521 64.799492 58.712391 81.979362 0.000000 
91.414558 62.929920 69.816650 66.591911 78.878311 0.000000 
83.513626 73.595337 66.595459 58.850235 82.387909 0.000000 
90.542839 72.213448 62.171967 62.410645 77.303383 0.000000 
91.735489 65.750366 67.997444 61.815266 70.366356 0.000000 
86.934929 55.932022 55.085354 57.545776 56.272217 0.019782 
91.566605 81.883270 75.967979 58.769588 89.282883 0.000000 
91.282951 55.989082 51.436741 48.173748 52.925209 0.000000 
86.236252 62.324123 61.796024 51.293442 54.911709 0.000000 
92.824097 58.917046 57.984669 49.386333 42.273350 0.000000 
95.238716 69.830940 62.937881 52.050270 79.801491 0.000000 
96.972519 58.196392 49.986301 53.484722 54.246704 0.027976 
90.632263 59.570194 61.415173 59.635746 74.526443 0.000000 
90.550919 64.470680 56.140495 55.808903 40.774864 0.019782 
88.607384 51.556759 46.187611 46.568100 51.099113 0.019782 
89.646843 52.597050 49.370106 54.499817 64.357399 0.000000 
93.384567 63.925575 71.792725 48.994411 58.169266 0.000000 
88.726387 52.146343 47.850811 41.945301 44.843857 0.000000 
90.386520 51.061375 48.531239 36.615883 35.357559 0.000000 
87.047363 47.199387 48.240704 48.051857 41.730125 0.000000 
88.122574 57.032047 46.355625 44.504715 40.098217 0.000000 
89.017426 52.309353 61.086033 46.993317 57.207695 0.000000 
84.654213 56.739300 53.443439 44.481968 41.900192 0.019782 
89.231384 50.253803 46.893803 43.852905 41.370556 0.019782 
87.704308 47.577766 48.088554 46.944160 43.501972 0.000000 
89.681564 50.171749 45.539528 55.302685 44.820408 0.000000 
88.586777 47.349968 46.909466 45.643127 40.596626 0.019782 
89.763031 46.583118 41.278023 41.862080 44.099625 0.000000 
88.030273 44.794216 47.319477 45.203548 43.186504 0.019782 
88.438133 46.485966 46.634525 47.790058 38.926376 0.000000 
86.877205 52.392403 60.169319 52.156925 45.578354 0.000000 
87.538887 59.304413 57.066586 53.039963 47.502274 0.000000 
91.335106 52.034653 52.635250 38.576626 40.496098 0.000000 
92.575409 61.312653 53.298588 53.094254 43.208019 0.019782 
92.918411 51.459579 46.167019 50.105110 31.500948 0.000000 
88.927032 43.222057 38.214542 35.730576 35.921700 0.027976 
92.073158 70.444893 69.686340 63.338066 67.401588 0.019782 
88.758087 45.238155 55.294159 40.853252 45.290215 0.019782 
89.632935 74.737198 73.264511 61.007889 66.173180 0.000000 
89.840698 65.153023 63.936508 55.568077 48.513546 0.000000 
89.905472 71.873474 69.484474 54.154263 58.384624 0.000000 
89.207306 74.899666 80.369308 82.866264 76.134384 0.034264 
88.319977 78.621635 75.387497 65.385330 57.928173 0.000000 
91.796318 47.429764 57.538639 49.506172 41.673985 0.027976 
87.558449 66.404526 58.703793 56.358871 44.482815 0.000000 
87.783119 58.363190 66.264816 56.452477 67.816154 0.000000 
87.618813 71.315033 60.061180 44.074528 69.884193 0.019782 
87.665955 69.132233 74.830170 67.261620 79.450897 0.019782 
89.660095 85.537056 99.058701 82.770668 89.903870 0.019782 
89.533401 82.256104 80.265610 71.107086 72.553253 0.000000 
89.228546 68.146172 65.607132 72.091278 72.877495 0.000000 
87.556625 82.183968 70.192795 87.501335 81.618965 0.019782 
89.691124 107.569908 96.050171 93.423546 77.419685 0.000000 
90.709122 95.176941 98.492699 98.822334 80.476677 0.027976 
87.927330 93.697594 90.540840 84.575264 70.710823 0.000000 
91.424309 76.693230 78.302376 85.155640 81.687561 0.027976 
94.549507 97.664558 96.001465 82.707535 89.925797 0.000000 
93.503960 104.118843 100.145546 106.636360 87.925804 0.019782 
93.126038 92.853325 83.315338 99.386543 79.142387 0.000000 
92.524513 106.319977 84.503372 77.990143 74.489426 0.000000 
90.012688 115.442337 104.547600 90.598396 86.525848 0.000000 
86.530724 115.156563 101.116508 100.615211 84.469803 0.000000 
85.953575 99.278053 104.962708 86.260483 67.414841 0.000000 
85.895088 118.748276 119.043610 102.660919 81.096222 0.000000 
85.803314 120.673668 129.475845 119.070679 100.690208 0.000000 
89.314957 68.328468 69.467751 75.945312 72.567978 0.027976 
90.075264 100.280922 99.858269 92.645561 74.530449 0.000000 
84.535492 76.004578 79.962692 73.588966 83.116623 0.019782 
91.776245 105.145187 103.376961 100.922218 83.383141 0.000000 
91.226273 96.987732 100.176620 88.112129 77.485062 0.027976 
88.542587 81.688622 83.694870 95.347977 76.763710 0.027976 
85.857224 124.410446 123.732132 135.127853 114.250916 0.027976 
84.342377 93.367676 86.096970 87.083038 65.655556 0.039565 
88.118240 94.787697 92.912727 96.777946 88.565765 0.034264 
82.643364 83.274887 84.848572 87.861977 103.611076 0.000000 
90.619926 75.052002 88.060013 91.330551 91.807716 0.000000 
94.003883 79.072403 91.164734 80.616837 77.160164 0.027976 
90.171944 95.317413 93.025513 93.128563 82.703636 0.019782 
87.412750 84.880341 90.389404 85.584389 84.274834 0.000000 
95.582100 100.539215 101.403366 92.267853 97.194466 0.000000 
91.819641 89.185242 92.637459 81.714256 68.918953 0.027976 
87.584579 89.058174 87.010635 93.411423 90.467552 0.000000 
87.965088 86.757683 80.455505 85.654480 61.850296 0.000000 
90.708839 92.650040 98.433769 90.018021 82.914215 0.000000 
90.829887 88.416862 86.032280 75.569748 70.327080 0.019782 
88.400558 81.125992 88.617104 83.518196 83.411819 0.000000 
87.939423 84.000992 91.755379 83.078140 70.096535 0.000000 
91.246506 92.719254 95.514977 100.593597 85.345367 0.000000 
89.817657 89.044228 83.142715 82.257942 76.303528 0.000000 
91.627289 87.555107 95.318893 93.580788 92.249420 0.000000 
92.882912 95.783386 89.907204 81.080910 81.456802 0.000000 
90.279800 97.467583 94.221527 95.646812 70.204506 0.000000 
95.186050 88.136902 83.256378 91.434830 83.011131 0.019782 
91.988113 79.037552 82.136177 75.878685 62.471416 0.019782 
90.903175 76.148598 75.512672 84.508385 80.985466 0.000000 
84.456085 79.613922 88.201782 90.060898 81.127731 0.034264 
91.873055 93.917908 85.244179 87.823273 82.382866 0.019782 
91.201424 79.244896 79.079872 84.898155 71.382416 0.019782 
89.186081 94.569214 79.477745 84.139061 64.282707 0.000000 
86.782562 81.468185 88.172035 89.804031 74.962540 0.000000 
92.317314 85.759995 77.286743 86.656395 74.378075 0.019782 
95.698227 89.464149 77.799339 97.644760 77.492172 0.027976 
89.880005 81.646713 89.758469 82.481285 75.051933 0.034264 
89.068161 81.328339 80.269226 73.834938 88.367439 0.000000 
89.585556 94.391205 85.661942 87.090660 88.955399 0.000000 
85.118645 98.454445 95.165443 99.010269 91.756500 0.027976 
94.748322 95.155052 83.795151 85.561790 69.281532 0.000000 
91.206696 96.942802 89.573212 84.997025 79.195374 0.000000 
90.413071 89.604431 77.909691 86.068932 83.794212 0.000000 
88.624237 84.873627 86.094299 82.621750 76.366165 0.000000 
91.435120 80.098709 91.745018 79.676971 72.566055 0.000000 
87.539803 91.956146 84.971497 95.664085 64.162590 0.000000 
88.967262 92.001701 86.139206 80.710426 80.963585 0.000000 
89.183754 92.995422 93.038651 93.534691 63.089218 0.027976 
90.782631 83.888527 84.083290 80.755951 74.723549 0.000000 
85.803474 100.573746 90.475586 97.186813 79.703491 0.000000 
84.704872 78.552483 66.998749 68.626877 64.741600 0.027976 
91.031158 99.394951 93.344421 84.043213 86.399254 0.019782 
92.865578 76.629433 78.551094 68.463394 76.411896 0.000000 
89.879349 88.079437 92.928825 80.942406 60.608921 0.000000 
89.075218 78.574738 76.643028 88.654587 70.059174 0.000000 
86.164726 70.332367 75.380836 79.055435 65.209129 0.000000 
94.092354 94.317970 93.042419 93.357979 93.875488 0.019782 
85.664345 85.320442 78.115318 80.981003 72.023094 0.000000 
96.021027 88.804276 92.935028 87.619148 58.038151 0.000000 
84.099831 81.254616 80.907310 64.310669 71.129990 0.000000 
87.872169 88.099556 81.175064 86.027504 72.562263 0.019782 
95.079117 94.277702 94.652336 99.610680 73.373985 0.019782 
89.130440 94.578232 77.301872 91.411087 68.516487 0.027976 
91.939865 85.104500 78.910912 88.420143 72.613235 0.000000 
83.860992 85.647530 101.427917 96.776093 82.695465 0.019782 
88.645538 78.468086 86.071533 88.759224 68.013550 0.027976 
90.686317 88.850151 77.824287 91.331131 79.936256 0.027976 
88.738029 83.614937 79.511154 78.219666 84.893898 0.027976 
90.479912 90.588890 84.876266 81.584274 80.576439 0.000000 
92.977783 81.281639 82.157356 76.538246 86.140518 0.000000 
93.245895 85.790710 91.627014 86.947586 78.638229 0.000000 
86.910873 80.705093 82.427521 84.443787 86.398575 0.000000 
85.464424 82.564888 73.057503 69.329575 67.634567 0.000000 
93.183159 86.905083 83.557953 99.055344 68.450142 0.000000 
88.282951 95.478447 81.451439 92.378258 63.817162 0.000000 
89.769943 86.067848 93.516853 94.170105 81.974808 0.027976 
86.209053 71.979630 85.879440 84.355995 60.938248 0.000000 
90.071831 64.288795 81.461006 71.621414 65.446541 0.000000 
89.674774 83.434738 90.632034 98.626404 67.596123 0.000000 
86.316849 80.192390 83.168236 86.377312 66.935760 0.027976 
86.311119 78.100357 76.976677 80.462265 65.863045 0.000000 
91.709694 73.675720 73.514687 75.776077 51.167465 0.019782 
89.325836 82.460541 82.759171 84.715462 65.064087 0.019782 
92.910492 79.438560 82.644432 78.867844 69.831512 0.000000 
89.263344 81.487625 76.116882 81.424477 67.744423 0.019782 
86.280403 82.487320 84.289452 80.383095 66.096054 0.000000 
90.986626 78.640984 76.958160 70.213531 73.587303 0.019782 
85.290771 84.244118 89.704369 86.775391 67.853249 0.027976 
89.205917 89.876823 78.773880 81.459312 78.702240 0.000000 
92.776329 91.893433 77.435593 90.509842 82.313782 0.000000 
88.437653 86.300781 80.153671 84.648087 72.754044 0.019782 
91.769547 86.195091 84.131180 90.028313 65.067047 0.000000 
83.225769 77.688492 78.265007 72.292130 71.956932 0.000000 
82.445290 83.952507 84.994980 86.703438 75.790169 0.000000 
92.280304 76.968185 73.910942 71.790787 74.371483 0.027976 
88.908707 80.336502 84.664780 85.722221 54.032650 0.027976 
91.041306 75.727440 68.091293 65.971291 59.750122 0.000000 
92.254288 72.635124 76.751640 76.718536 57.482834 0.000000 
84.538597 74.871399 83.282234 88.046844 72.182869 0.019782 
92.831627 70.394646 75.858070 83.721329 69.558067 0.000000 
92.849426 74.642082 75.725945 70.205421 64.909538 0.000000 
85.191742 76.794983 75.825233 70.439667 90.220573 0.000000 
92.019524 90.245743 85.386971 87.786575 68.305031 0.027976 
91.295082 87.798698 79.875900 85.151894 69.790802 0.027976 
87.583572 76.051704 87.938210 81.368309 51.566730 0.034264 
90.051201 81.392326 75.500175 86.786293 64.300247 0.027976 
89.566658 85.824272 85.287590 80.996635 69.476791 0.019782 
93.338448 89.291046 90.358902 98.583633 53.004513 0.027976 
92.859535 90.131462 85.903442 94.239464 78.084518 0.027976 
90.979874 72.633087 73.567650 86.317093 67.916588 0.000000 
89.738533 88.636467 80.888885 87.693214 86.876396 0.000000 
90.732216 65.917908 75.390236 69.177780 64.054367 0.000000 
89.050003 79.672516 81.424858 83.941582 57.008980 0.027976 
89.903099 74.976456 81.192429 77.923904 76.336334 0.027976 
92.111794 92.985039 86.488174 94.706535 60.728226 0.000000 
91.986259 83.583717 89.211006 89.723770 77.059250 0.000000 
87.462029 81.437538 78.502518 70.336700 77.078026 0.019782 
89.794624 69.934021 82.413445 72.260704 51.855114 0.000000 
85.543175 78.250130 74.705925 81.774475 64.692024 0.019782 
95.119286 76.311440 76.388046 73.069839 61.562336 0.000000 
90.678993 89.052513 80.335243 89.691841 70.829605 0.019782 
87.206551 76.830215 71.572800 75.826843 57.798725 0.000000 
89.177780 78.470444 79.920723 86.330910 60.399799 0.000000 
89.672852 84.366669 99.643028 86.418304 69.940613 0.000000 
84.906509 80.042633 88.875130 92.112099 57.366428 0.019782 
91.522842 63.552052 80.275780 76.086861 66.722450 0.000000 
89.877556 80.271896 68.115448 69.967293 56.972473 0.000000 
93.492950 62.938099 71.060509 74.719223 61.705746 0.034264 
94.224731 81.983353 81.982849 76.004906 52.906593 0.000000 
88.359703 82.331482 76.487930 79.113106 60.268829 0.000000 
88.353226 79.506424 72.211281 67.465820 65.366577 0.019782 
88.695328 82.601624 86.642967 79.407562 63.597664 0.000000 
92.806999 76.536636 79.074501 65.994324 69.752602 0.000000 
89.783287 79.588272 78.453369 67.449226 63.450668 0.000000 
92.266449 86.302696 88.634613 81.415375 81.792854 0.000000 
93.122086 81.250351 91.389587 81.925667 69.207817 0.019782 
89.539589 90.527634 75.208908 75.017143 74.351761 0.000000 
89.037529 81.871704 82.876015 89.368034 62.112507 0.027976 
87.522865 80.130936 74.409653 74.071213 51.623096 0.000000 
88.851227 80.368591 87.407852 65.590103 64.859863 0.027976 
90.902802 98.710243 82.844978 74.653008 72.942604 0.000000 
87.051910 95.504677 86.518715 76.956734 62.730770 0.019782 
89.491226 74.295395 79.116150 86.622444 72.459328 0.027976 
99.644363 78.252731 90.529709 72.242783 57.657913 0.019782 
89.980484 87.849281 87.332512 86.466011 57.678555 0.000000 
92.175751 89.262245 91.540764 80.078964 63.127609 0.000000 
87.608742 87.598839 92.803955 87.397148 73.447845 0.034264 
92.081497 73.556213 67.517746 78.270805 65.595612 0.000000 
89.395340 77.208527 73.629868 73.873062 57.980953 0.019782 
91.876617 68.614342 62.451584 62.288223 54.358486 0.000000 
91.151299 79.842743 79.711914 80.726913 62.723831 0.000000 
91.356400 82.723907 74.264503 84.328568 66.639839 0.027976 
89.882607 80.776268 77.052620 76.070709 63.253922 0.000000 
92.497231 73.079453 74.739632 68.664253 61.481609 0.000000 
89.276062 68.392189 62.536282 67.954811 53.499058 0.019782 
85.226349 83.722450 81.372910 88.558670 57.555195 0.019782 
89.728432 71.116486 68.998177 63.620560 55.125816 0.000000 
89.131798 83.000679 77.991554 73.418587 60.680370 0.000000 
90.017662 86.923218 82.084297 80.420555 60.765308 0.000000 
89.647003 83.687180 79.068146 72.386070 68.173019 0.000000 
90.580948 75.267815 71.815254 70.288857 52.544132 0.000000 
86.172989 73.479095 80.478722 91.263115 74.328209 0.000000 
88.235947 71.724258 73.285698 75.308998 46.984886 0.000000 
86.675392 63.751816 73.283913 77.094437 63.006454 0.019782 
89.575661 74.498322 77.697311 81.709602 73.332748 0.027976 
91.377274 89.257881 82.642891 77.018486 70.187408 0.000000 
87.315376 66.681122 75.100136 70.149307 73.845764 0.000000 
93.241852 63.238659 72.136917 77.107986 54.332897 0.027976 
92.580391 92.851219 85.701347 93.850227 74.948547 0.019782 
88.636292 77.746445 75.631683 82.212296 67.295357 0.000000 
88.463226 81.745529 75.107124 80.431786 66.561981 0.019782 
86.986977 82.464844 72.056892 83.782494 71.997047 0.000000 
89.241020 60.376518 62.101276 59.011471 52.903446 0.019782 
87.563675 81.750343 74.549568 76.451843 56.512718 0.000000 
91.484169 68.720062 74.735481 74.447060 71.805763 0.000000 
90.768791 80.568794 84.971626 71.893448 44.220108 0.000000 
87.810890 86.260033 82.747887 81.986191 77.471260 0.027976 
90.415207 66.371819 73.406601 76.250092 50.115799 0.000000 
88.352600 74.200798 66.660561 76.412971 53.024891 0.000000 
93.651855 59.261505 66.066322 56.393764 51.927013 0.019782 
85.619858 62.633720 68.769417 73.865273 64.657021 0.000000 
88.721687 75.564774 82.022011 82.739479 59.997639 0.000000 
87.682564 73.376564 66.071983 60.229458 55.082008 0.000000 
88.982269 75.769630 85.959656 76.235603 66.568871 0.019782 
88.372238 66.474716 72.640976 67.402588 60.659489 0.000000 
88.883087 66.342842 69.456406 62.404320 46.712051 0.000000 
87.612236 71.406830 72.271156 78.181587 56.306225 0.000000 
92.299149 80.590698 84.852226 78.296776 63.648468 0.000000 
90.887733 92.479843 97.551186 74.607849 58.602379 0.000000 
88.455353 85.170120 72.642677 86.789330 69.322197 0.000000 
90.018692 74.285759 81.731026 79.293373 59.014576 0.000000 
83.483299 84.501709 81.195068 85.386330 69.066956 0.000000 
89.667496 90.950539 92.733528 74.907166 68.662804 0.019782 
82.328781 64.295387 60.241158 62.055443 53.024517 0.019782 
86.170662 78.772011 67.710121 60.636234 59.806187 0.019782 
91.683472 79.344070 82.995804 80.624153 57.047943 0.019782 
88.359772 79.861809 77.584778 70.084496 65.792053 0.000000 
92.053818 70.096901 70.207993 61.159519 62.526131 0.000000 
87.556747 79.409378 63.721870 66.799698 64.203102 0.000000 
87.693428 85.984642 92.097794 87.611633 69.835281 0.019782 
93.331940 75.814156 81.792824 65.987007 55.428032 0.000000 
85.895988 80.109604 79.497963 73.951218 63.098965 0.000000 
90.107521 74.392929 63.777107 61.087795 58.465221 0.000000 
90.493645 69.234901 76.575157 80.686966 52.935471 0.019782 
85.811829 73.377953 61.968094 72.682320 66.662811 0.000000 
90.538544 78.649338 75.316833 80.511696 62.803219 0.019782 
85.455139 80.157448 78.395721 84.580910 76.584297 0.000000 
85.996483 79.296539 84.542542 82.777138 62.252266 0.000000 
87.517410 66.879280 63.472137 69.140213 50.109268 0.000000 
92.373428 79.345634 91.444702 89.943047 59.991268 0.019782 
91.392792 68.896675 80.826332 82.068596 56.688835 0.000000 
82.068962 78.069962 67.274384 67.576096 40.512428 0.000000 
92.933601 81.309647 80.060944 77.799141 66.833496 0.000000 
92.768806 68.938492 63.891666 64.087112 68.063705 0.000000 
94.287285 71.630814 70.120079 70.727501 61.098675 0.000000 
92.462044 77.226440 80.625786 75.890991 61.906441 0.000000 
87.948982 81.543823 68.906868 60.269573 65.724579 0.000000 
91.605675 70.135414 74.525505 77.028442 62.039093 0.000000 
91.913704 68.964783 80.233894 62.370930 38.104988 0.000000 
87.472649 78.486000 67.696075 74.894272 55.505127 0.000000 
82.796165 74.338264 65.037720 71.505798 67.981400 0.000000 
86.622231 68.875008 73.322144 73.659714 51.400768 0.000000 
90.241753 86.986000 84.117043 83.397385 69.050079 0.000000 
97.118492 78.627357 62.403229 65.959122 52.617279 0.000000 
86.423279 78.546432 77.324692 68.931931 51.134026 0.019782 
89.322807 69.174103 70.717232 62.631245 53.833797 0.019782 
89.334793 84.609879 76.083450 90.240112 53.554127 0.000000 
87.652901 83.137589 82.407455 73.207314 69.191635 0.000000 
94.430634 80.190117 73.485191 70.037422 66.243279 0.000000 
92.630203 79.999512 86.529533 68.585098 49.654491 0.000000 
88.318176 88.608406 75.033684 68.917915 63.406281 0.027976 
85.786697 73.758224 79.362991 76.009293 60.061962 0.027976 
88.268021 74.512794 79.514038 64.596069 53.154728 0.000000 
88.786644 67.922737 69.250755 72.349556 53.734253 0.019782 
84.523369 76.650795 77.451431 78.009819 65.106346 0.000000 
90.963730 73.831924 60.937630 78.322418 60.815365 0.000000 
92.071968 78.440262 72.969147 76.113052 53.683399 0.000000 
90.603928 80.307060 73.119011 74.886650 70.067673 0.027976 
85.933533 75.880684 70.575752 81.157593 55.370644 0.027976 
88.455254 63.581333 73.244629 63.196308 50.565639 0.000000 
88.949135 76.232002 80.669029 70.768799 50.368366 0.000000 
83.548561 69.117729 73.023117 74.732033 51.016876 0.027976 
91.138351 73.783623 70.000648 68.747658 51.411964 0.027976 
87.907333 78.713692 73.749184 73.087143 53.274216 0.019782 
91.544006 80.702965 74.209808 61.878231 70.206390 0.000000 
90.358421 79.615807 80.536095 82.570717 58.754379 0.000000 
87.732704 76.363754 77.756554 82.814110 54.341644 0.000000 
90.078720 74.874107 86.268944 65.166473 57.153366 0.000000 
88.516739 74.408188 67.834778 68.217018 55.657135 0.027976 
91.431084 67.501785 63.997490 66.905853 42.204269 0.000000 
88.591133 65.337952 77.316895 72.724197 63.325142 0.019782 
86.806396 60.438786 58.736019 59.671642 45.322254 0.000000 
92.172264 77.952744 75.193207 72.957832 51.456219 0.000000 
89.646515 82.687637 74.222916 63.544998 54.868336 0.019782 
94.340912 65.885178 73.146324 72.802048 49.087025 0.000000 
92.123108 66.600571 62.372833 72.341797 44.634113 0.000000 
89.268280 76.246750 81.797714 82.709908 54.194515 0.000000 
91.342949 81.160797 66.084488 71.611511 59.914299 0.027976 
85.489929 80.717209 76.997635 63.947311 48.720390 0.027976 
85.794174 62.918442 71.607086 68.140877 66.667313 0.000000 
91.507408 70.656723 76.392426 78.063606 55.086891 0.019782 
90.650703 82.473389 81.330101 81.366905 57.950321 0.027976 
88.900398 59.096054 61.800083 73.855286 58.675766 0.019782 
88.994293 74.757713 68.445030 60.024910 55.536140 0.000000 
88.403519 89.650429 92.674011 92.431755 50.707340 0.000000 
85.474030 77.229744 75.200531 70.240417 48.258572 0.027976 
89.665062 73.807655 72.961884 69.832344 53.239967 0.027976 
89.235092 68.804657 67.079941 60.652912 52.861431 0.019782 
86.189285 76.824287 76.710228 71.243080 44.023960 0.019782 
91.957970 71.954788 72.180550 75.264107 65.039604 0.000000 
85.278862 86.397263 82.599113 66.292351 60.359035 0.019782 
87.951859 73.064224 71.785530 74.102264 51.358021 0.019782 
86.402664 72.168243 76.675240 78.703346 55.216934 0.000000 
87.573112 67.659355 64.520851 60.915539 53.561157 0.000000 
89.218002 81.202965 77.311546 77.574570 59.984398 0.000000 
89.243385 72.318123 76.947708 69.596909 47.994003 0.000000 
90.615540 56.125301 55.316643 50.602589 47.623466 0.027976 
90.320442 89.497864 78.234505 70.859230 45.084270 0.000000 
81.113708 65.061447 58.594231 59.240192 43.264328 0.019782 
90.710167 64.670868 64.307831 61.304348 50.843369 0.000000 
92.689743 78.629456 89.835716 75.942520 41.182312 0.000000 
94.737206 78.227776 78.318520 70.420807 51.252842 0.000000 
86.076897 71.771202 66.400902 62.354946 54.063332 0.000000 
87.168770 81.434914 75.724556 74.910789 57.572590 0.000000 
85.081215 59.546337 84.519402 73.462387 60.493095 0.000000 
89.931137 73.440796 69.365097 72.600319 56.536896 0.000000 
90.448029 80.696732 79.511803 72.459557 57.548389 0.039565 
88.587578 74.812424 75.546562 66.142609 54.457279 0.027976 
86.484322 76.946175 81.678070 70.440155 46.744656 0.027976 
90.865562 74.983437 73.701370 69.790230 58.005020 0.000000 
91.753479 83.993263 74.355515 84.987396 64.263206 0.027976 
88.740517 72.649025 83.411057 75.947792 49.472309 0.019782 
92.926880 82.867210 82.437859 83.658920 52.577896 0.000000 
88.367058 61.956005 60.485626 50.435867 36.297913 0.000000 
86.501991 68.361313 62.059341 61.308884 41.554276 0.000000 
86.180191 69.623314 77.682587 78.044182 68.245934 0.027976 
88.978531 83.107544 85.003571 77.590645 51.879906 0.027976 
94.008499 72.019577 72.432236 61.859417 51.144543 0.000000 
87.348190 71.349228 75.675270 71.846336 44.892269 0.000000 
90.106339 79.868484 77.322601 74.785774 58.878345 0.019782 
94.714592 82.136116 76.625771 69.649628 53.605042 0.000000 
91.266495 73.554634 79.560966 55.942673 53.914658 0.000000 
87.117638 71.094185 69.124252 60.715996 56.770996 0.019782 
92.104546 73.647003 68.085579 64.087479 52.879009 0.000000 
91.119263 81.278725 86.454369 72.867760 53.605064 0.027976 
84.277832 70.762817 71.919991 75.493843 52.051964 0.000000 
86.258492 77.206993 72.426445 75.650803 49.839905 0.000000 
90.073235 67.510361 65.125038 62.214622 51.418392 0.000000 
87.971260 67.337105 69.479874 63.557140 51.630642 0.000000 
83.310043 76.031509 63.325180 59.980118 43.695107 0.027976 
88.115677 71.818466 74.823517 72.498543 58.926414 0.000000 
95.018097 89.650902 87.679550 83.398880 54.487747 0.019782 
88.875740 61.818497 58.534103 60.399513 54.714970 0.000000 
89.514587 75.174660 80.018242 74.567657 60.985321 0.000000 
94.329735 75.721603 79.155220 60.981739 56.125687 0.000000 
87.577217 78.403351 82.486725 81.506378 59.066628 0.027976 
88.966034 73.338173 58.868713 67.941101 58.100906 0.000000 
94.407822 86.940117 95.161667 73.058456 48.176800 0.027976 
85.329674 55.235092 55.311760 53.381989 47.247501 0.000000 
79.429710 72.003456 62.953995 67.830795 49.780312 0.027976 
91.879105 68.835426 67.152939 66.884583 48.506725 0.019782 
