1387.486938 851.161194 543.963867 487.885345 64821.101562 
1443.040527 928.498596 675.910217 511.764618 57095.097656 
1525.323730 966.908569 664.338623 526.469482 82068.101562 
1244.190918 873.741455 628.324036 484.327942 66248.539062 
1192.036255 787.733643 599.207458 530.543091 44407.640625 
1360.530396 825.801453 579.867249 530.891541 61440.148438 
1560.980591 962.643127 668.204163 549.568542 53728.636719 
1184.167603 740.189331 540.882263 460.480713 52015.031250 
1309.542358 809.412231 582.201050 629.086975 75954.492188 
1363.866943 749.795776 575.442505 528.877808 52085.679688 
1334.616089 895.154907 580.172058 506.375061 49373.125000 
1389.403564 802.183167 541.144897 449.330780 55079.234375 
1433.714966 893.656433 605.784302 459.661591 57784.652344 
1393.839722 849.836243 604.855896 540.491577 68151.859375 
1481.417114 925.547791 707.946960 480.634766 61521.710938 
1084.647949 655.871643 480.653748 431.426514 69427.390625 
1504.900879 836.059204 566.637024 449.631409 63882.578125 
1452.297119 912.921448 660.325623 496.499817 52147.703125 
1345.500488 834.931824 696.991272 529.469482 48554.042969 
1413.365723 902.971130 705.761597 636.394287 84494.679688 
1342.127808 791.810608 552.979980 382.370880 66710.578125 
1396.806519 895.048096 548.345764 383.457153 56792.636719 
1402.061768 885.258484 609.220093 557.945618 71836.648438 
1393.997070 927.689636 609.703979 504.786713 71853.445312 
1564.160156 1016.074829 644.883362 564.910278 63025.015625 
1466.705811 869.057556 595.437500 468.488617 70942.257812 
1239.519775 760.066833 580.917969 537.660339 48893.027344 
1318.812378 754.670349 490.746796 381.821930 42966.496094 
1343.545288 925.142273 632.477112 481.517548 55160.644531 
1324.893799 892.978394 553.341675 422.369659 54793.027344 
1449.879150 869.755615 625.636841 514.533081 61305.898438 
1411.506592 817.119812 610.406189 415.402832 69600.625000 
1393.178711 835.040771 561.028259 649.744202 70858.398438 
1156.222778 759.596558 714.203308 500.031891 68126.335938 
1316.329102 788.553650 600.377563 427.800323 63863.125000 
1343.318237 868.312439 595.160156 494.747223 59278.601562 
1331.782715 927.558716 621.140991 508.168762 81299.140625 
1378.640991 723.830811 622.614563 481.026062 72060.460938 
1321.443848 824.341797 561.581116 450.250336 44752.250000 
1316.763428 779.592529 585.131287 462.572784 46009.960938 
1417.021362 884.635132 609.322144 418.052612 59987.898438 
1418.082275 914.146973 645.498596 771.159058 55451.339844 
1329.639771 872.959534 668.164429 593.863403 74517.585938 
1378.965942 902.679443 593.953369 511.493866 61298.941406 
1391.941162 815.888306 575.492554 419.353271 52321.195312 
1441.414185 844.518799 701.292419 537.894958 82806.773438 
1273.244507 770.882385 625.390137 673.777649 53378.074219 
1244.221802 784.756714 547.668091 644.823303 59293.453125 
1360.354492 830.945679 674.906250 507.087524 86922.148438 
1331.973755 836.402466 602.619019 555.529785 42925.042969 
1482.279419 947.898010 742.313843 555.593018 74530.781250 
1276.449463 803.573730 672.059326 553.040527 57716.449219 
1242.154785 780.324036 564.208008 385.269836 64516.667969 
1430.974243 866.895020 636.088074 452.143585 77459.835938 
1389.973267 861.185059 642.748596 710.934265 61827.343750 
1516.723999 917.734558 762.523132 505.760803 67396.406250 
1366.295044 871.846130 595.550720 537.733582 68641.984375 
1150.131348 712.660400 562.571960 422.238739 53525.531250 
1443.103394 853.368347 528.362366 433.095062 49282.835938 
1515.814087 908.268738 676.586304 522.579102 71787.476562 
1322.588379 893.816895 752.699585 498.487427 49229.335938 
1446.505981 877.644348 591.266724 387.841705 77371.609375 
1452.985718 934.324646 662.711182 493.987091 72389.703125 
1503.163208 931.387207 770.332031 615.059326 72893.273438 
1393.296387 814.643982 573.944824 428.683441 85730.992188 
1294.092163 841.909363 668.366272 532.479492 58280.359375 
1402.477417 878.166870 599.663574 419.061646 71119.632812 
1350.456787 808.322510 614.575562 413.297729 45682.773438 
1420.980591 896.111023 598.924988 503.292389 59551.199219 
1491.483398 900.705566 653.332031 552.512756 66317.359375 
1364.066162 899.735901 606.472229 511.599304 59601.968750 
1379.233032 780.665771 629.054993 562.089417 65051.078125 
1378.200195 831.472229 662.447021 677.410828 56513.375000 
1303.933838 762.203979 643.378845 534.323120 84222.367188 
1410.656616 862.667114 645.106384 518.074585 65965.000000 
1486.574829 932.144043 717.145264 421.259705 62843.433594 
1384.269775 899.845947 649.255859 752.034668 68794.046875 
1324.527710 822.089233 523.066406 359.353271 49306.394531 
1438.366577 938.119141 623.546570 538.797485 67066.976562 
1581.000000 926.509094 798.562744 547.194580 100857.257812 
1294.232056 807.572571 536.801147 378.907684 47053.671875 
1266.848511 785.139038 670.159607 655.101562 43206.210938 
1256.411865 768.507996 618.060791 543.552856 64002.265625 
1381.740356 873.633423 622.116211 563.193970 71652.640625 
1387.888794 818.615540 665.799683 490.949951 61782.875000 
1422.325439 882.630188 667.563354 518.686523 57176.445312 
1391.978149 929.695557 845.271912 707.363403 97048.507812 
1465.750854 877.075317 601.485596 501.438232 68691.453125 
1391.132812 763.928101 529.054688 581.014709 45907.566406 
1327.835693 869.455566 553.828369 401.554321 60468.343750 
1344.439819 889.887512 547.501526 488.031647 59956.210938 
1313.250366 819.773865 627.219727 504.593964 85927.007812 
1474.716919 859.834717 700.755859 554.791870 81953.234375 
1441.247925 864.796204 696.917053 583.538330 100589.578125 
1412.070801 874.671509 637.663757 529.121155 60796.097656 
1371.437500 885.197449 634.559692 463.855225 102002.320312 
1442.963501 909.341431 610.713562 601.298218 70624.882812 
1447.683960 864.214844 619.456421 462.149689 70485.406250 
1358.486694 780.319885 627.836304 538.196289 65125.277344 
1159.493164 720.744507 485.944092 464.490845 50612.683594 
