1952.388794 1473.879395 857.619019 665.088318 472097.906250 
5491.480469 2199.625977 1388.582397 1992.411743 550595.000000 
4231.738281 1830.547729 948.830627 1468.129395 79934.945312 
3086.437012 1691.846436 1265.014038 1121.319092 499845.562500 
2822.580078 1564.880859 1418.344238 1204.335449 449701.062500 
3688.286621 1507.471680 991.934570 900.381104 246688.500000 
5069.169922 1492.290894 1099.486206 1032.349487 379738.625000 
4071.792725 1730.251343 1386.294434 1136.236206 515547.937500 
2735.178223 1372.079468 1107.002808 2647.853516 400585.843750 
3366.591309 1230.819092 1040.357056 877.219604 355502.343750 
3760.760986 1792.550293 1247.301880 1366.519775 479170.000000 
3001.158447 1397.425293 1214.364746 1083.833496 500366.875000 
3554.418701 1489.179321 1078.831421 865.679260 384400.000000 
2520.621094 1529.154175 1109.384644 712.175598 405776.468750 
3520.396729 1422.639648 1107.359253 1275.851685 378957.093750 
1884.449341 1127.465332 778.502136 576.836609 296685.406250 
3222.173828 1584.536743 868.271912 782.826233 414166.562500 
2998.304443 1648.318726 1014.397400 735.107788 384748.968750 
2980.752930 1405.826660 1164.399048 771.397827 423344.343750 
2801.024414 1551.694946 1214.987793 836.843933 406587.593750 
