3663.691406 2527.547852 1470.423340 1026.983643 137887.906250 
3545.574219 2200.736816 1604.190308 1317.896851 118818.750000 
3959.509033 2072.119141 1711.187378 1077.776245 124799.984375 
3534.567383 1745.085693 962.812439 734.726807 157626.250000 
3692.934082 1979.568726 1063.985474 935.749512 134698.234375 
3012.083008 1898.696533 1228.466309 569.618042 126609.789062 
3570.554932 2088.913086 1328.152100 1243.173340 114808.734375 
2908.586426 2002.531738 1006.722290 976.696594 167788.921875 
4442.234863 2595.035400 1441.544556 1357.375366 114615.765625 
3627.358643 2695.924561 1635.105591 1302.406372 92076.539062 
3183.434814 1588.109619 1174.533081 855.494019 152354.875000 
3415.259277 2252.784180 1373.099365 886.388062 130088.867188 
3778.096680 2185.135254 1229.648560 747.073425 129427.945312 
3456.616211 1913.345215 1216.538330 586.678284 155959.437500 
3349.338623 2092.274170 1466.266724 1019.042786 109397.179688 
3282.998291 1837.630737 1525.564453 982.658569 125413.054688 
4070.052979 1965.758545 1108.755249 703.966858 145991.812500 
3236.746826 2231.095459 1359.893921 939.554138 137808.781250 
3255.150635 2271.069336 1352.308716 1156.908569 115564.640625 
2977.562988 1958.685059 1384.854248 1010.002014 131519.906250 
