1549.736694 1015.281921 792.678528 588.922913 312925.875000 
1573.313843 909.139587 756.208130 538.959351 331883.093750 
1409.530029 847.003418 687.194824 610.483276 439240.875000 
1303.065552 805.251587 670.643921 597.142944 327055.875000 
1367.604980 865.252625 731.775513 705.942200 274610.718750 
1484.371460 980.930786 776.787109 577.918701 363587.218750 
1719.592407 970.176331 695.135925 652.396118 298084.875000 
1225.616333 784.119751 607.343872 459.463776 277618.750000 
1385.954712 841.780640 765.587524 645.067444 396013.718750 
1496.345215 996.610901 970.110474 1568.790161 436378.937500 
1500.786499 939.061829 655.908936 644.486450 291294.625000 
1548.199951 966.539734 683.199280 594.841064 344193.625000 
1611.675293 952.539551 748.146973 556.192383 322443.000000 
1315.957886 789.195435 584.458252 430.069336 315777.593750 
1503.514893 974.741089 739.411072 545.612610 376126.312500 
1364.938110 806.168579 635.590881 480.118378 302329.968750 
1524.398926 1007.521423 721.510071 752.814026 408969.625000 
1450.930908 852.866760 718.565491 458.089630 313102.187500 
1532.692139 1015.923828 714.018494 562.653748 287955.656250 
1768.181641 999.430908 639.573608 649.238342 440826.062500 
1601.444702 1013.661499 800.917480 558.636780 386400.187500 
1550.718384 953.125854 669.388916 510.420563 301080.218750 
1253.174194 762.232605 574.517639 416.036957 406040.812500 
1497.177490 910.913574 664.347046 514.292786 380871.531250 
1351.528320 862.948914 665.741943 514.612854 283404.093750 
1641.188232 1016.098083 794.229797 668.821289 439870.437500 
1307.543091 852.264160 719.179199 632.804504 279290.187500 
1384.055176 795.809448 701.516479 417.960510 222803.187500 
1449.646973 839.176514 660.651978 603.753418 334215.656250 
1412.639893 844.641785 766.424438 504.187714 282470.843750 
1527.833374 1169.357178 1054.706299 854.200745 373969.562500 
1489.030884 900.843994 776.324829 679.008545 401281.562500 
1475.765869 971.480225 654.908447 552.766235 371295.875000 
1541.185425 952.505249 810.431091 797.588806 253643.390625 
1268.024048 761.400330 580.836670 436.862762 291852.000000 
1403.254639 869.208374 651.301208 643.146729 296210.125000 
1459.163696 907.094360 909.278076 667.980835 430212.281250 
1348.876587 848.485413 757.414551 572.409851 350451.218750 
1466.160156 922.455261 741.470581 762.218201 245889.468750 
1508.913940 842.975037 712.215515 663.844727 282126.062500 
1439.865845 897.614807 688.716675 528.974121 318047.812500 
1430.909302 937.911987 825.948120 705.491943 367487.343750 
1315.220703 812.818726 616.439209 556.543823 342194.500000 
1447.821289 992.862671 706.356812 846.158325 291765.531250 
1435.480591 897.177917 722.573547 557.365601 313881.625000 
1520.205078 872.496521 699.046021 613.993591 391009.781250 
1385.599731 880.464905 719.743469 614.735352 287669.000000 
1513.741089 925.511230 779.919678 702.325745 303037.625000 
1542.819458 965.895630 681.490601 550.244507 460339.062500 
1325.551147 878.994995 740.802185 699.532898 301444.093750 
