0.000000 0.000000 0.000000 0.000000 0.000018 
0.010787 0.000002 0.000001 0.000000 0.000019 
0.034341 0.000010 0.000004 0.000002 0.000020 
0.104400 0.000024 0.000010 0.000004 0.000045 
0.100797 0.000043 0.000018 0.000007 0.000035 
0.268326 0.000071 0.000028 0.000011 0.000036 
0.292521 0.000104 0.000040 0.000017 0.000052 
0.744329 0.000156 0.000055 0.000023 0.000061 
0.683107 0.000201 0.000072 0.000030 0.000096 
0.873593 0.000266 0.000092 0.000038 0.000105 
1.120270 0.000351 0.000114 0.000047 0.000063 
2.086898 0.000466 0.000140 0.000058 0.000075 
2.460327 0.000595 0.000168 0.000069 0.000107 
2.096523 0.000690 0.000198 0.000082 0.000097 
2.832238 0.000833 0.000232 0.000096 0.000168 
4.216943 0.001053 0.000269 0.000112 0.000201 
3.550254 0.001149 0.000308 0.000128 0.000154 
5.648621 0.001531 0.000350 0.000145 0.000141 
7.129249 0.001908 0.000395 0.000163 0.000141 
4.522259 0.001866 0.000443 0.000183 0.000124 
7.811997 0.002525 0.000495 0.000204 0.000137 
16.686325 0.004109 0.000552 0.000226 0.000158 
8.947070 0.003280 0.000608 0.000251 0.000283 
20.078783 0.005860 0.000674 0.000276 0.000160 
9.367550 0.003764 0.000735 0.000303 0.000296 
11.569014 0.004535 0.000805 0.000331 0.000193 
19.414375 0.007435 0.000883 0.000362 0.000336 
13.324006 0.006171 0.000958 0.000393 0.000301 
10.954689 0.006227 0.001040 0.000427 0.000417 
25.229534 0.009835 0.001132 0.000463 0.000454 
12.547203 0.007361 0.001218 0.000500 0.000324 
24.448938 0.011408 0.001324 0.000540 0.000440 
45.768211 0.022444 0.001448 0.000584 0.000647 
34.806046 0.022508 0.001572 0.000627 0.000416 
30.705185 0.019802 0.001671 0.000675 0.000522 
77.204407 0.046256 0.001830 0.000723 0.000451 
32.976204 0.022761 0.001922 0.000773 0.000383 
45.704784 0.027088 0.002058 0.000827 0.000479 
41.975929 0.036415 0.002216 0.000882 0.000489 
134.515717 0.165574 0.002527 0.000941 0.000777 
60.154663 0.046914 0.002517 0.000999 0.000587 
84.719452 0.084483 0.002756 0.001063 0.000792 
104.390305 0.114789 0.002953 0.001125 0.000557 
59.519234 0.067515 0.003062 0.001192 0.000586 
54.983879 0.062409 0.003227 0.001261 0.000605 
42.452320 0.051691 0.003399 0.001337 0.000974 
236.935074 0.689438 0.004387 0.001414 0.000687 
295.970093 1.128467 0.004875 0.001501 0.001330 
283.556183 0.996921 0.005164 0.001585 0.001208 
79.060188 0.132485 0.004414 0.001670 0.001144 
107.738640 0.194643 0.004813 0.001759 0.000793 
172.875458 0.406059 0.005376 0.001858 0.001046 
262.135437 1.942143 0.007392 0.001964 0.001047 
267.215240 2.895566 0.008907 0.002070 0.000989 
264.017426 1.069231 0.007145 0.002162 0.001048 
286.191071 4.703826 0.011913 0.002295 0.001322 
244.849365 2.113586 0.009432 0.002386 0.001220 
288.830627 4.450474 0.012160 0.002509 0.001140 
299.400208 5.199096 0.013113 0.002628 0.001200 
228.478790 1.529407 0.010446 0.002735 0.001104 
319.270264 6.220427 0.014013 0.002863 0.000993 
174.266174 3.102548 0.011730 0.002981 0.001372 
120.942078 35.610409 0.044112 0.003223 0.001225 
160.762024 39.394688 0.060006 0.003413 0.001489 
243.496277 13.354595 0.025334 0.003447 0.001176 
204.673904 12.733291 0.035548 0.003684 0.002022 
287.016541 2.785039 0.014438 0.003688 0.001319 
148.643127 61.747601 0.112246 0.004174 0.001642 
185.258392 1.994819 0.014293 0.004001 0.001671 
340.823761 37.721344 0.115375 0.004704 0.001622 
38.062275 89.479095 0.141822 0.004718 0.001712 
136.013565 231.889847 2.565051 0.007689 0.001552 
44.330753 35.846790 0.058466 0.004886 0.002220 
113.302269 130.393097 0.512324 0.006154 0.001584 
210.543976 2.585381 0.019329 0.005121 0.001666 
196.965530 24.408123 0.066346 0.005570 0.001410 
191.209030 75.738777 0.305840 0.006921 0.002060 
182.938095 50.522354 0.135003 0.006270 0.002210 
290.400879 101.576118 0.660767 0.008462 0.002283 
199.271210 84.259781 1.450044 0.009824 0.001731 
185.938644 36.635006 0.119464 0.007072 0.002224 
191.786133 224.972733 0.875561 0.008471 0.004356 
108.960800 134.847366 4.692484 0.023036 0.002839 
74.287155 258.589203 6.415571 0.020231 0.002188 
269.191711 165.002899 0.633302 0.009356 0.002350 
255.098114 171.235870 0.785581 0.009567 0.002766 
83.837158 156.443512 6.688218 0.025710 0.002673 
40.179726 173.572113 2.108669 0.013018 0.002567 
580.893066 360.951508 7.811614 0.018697 0.003107 
1.462541 221.336014 9.203792 0.022028 0.002842 
48.523815 362.573639 185.675873 2.314047 0.008811 
106.340652 159.245651 4.417356 0.022314 0.002894 
199.931946 71.838043 0.467942 0.012124 0.003116 
169.597351 223.858276 34.156788 0.052487 0.003489 
74.623421 288.734772 65.501457 0.313616 0.004223 
18.352859 312.752991 88.822449 0.316207 0.005441 
1406.817993 192.622986 108.559448 0.245964 0.005358 
159.196182 49.819958 0.406386 0.013697 0.004265 
22.979940 158.053589 2.413640 0.018719 0.003904 
16.271894 139.112213 43.809486 0.134570 0.005448 
1207.145752 240.421555 172.073975 0.890198 0.005230 
45.568630 145.012970 6.131941 0.034275 0.004243 
1.892717 214.374680 7.808854 0.031138 0.005449 
4.409004 255.710281 6.296526 0.031915 0.004058 
1.013314 151.284210 1.803793 0.019570 0.004567 
12.238688 124.634758 0.732723 0.015599 0.005326 
101.798500 72.759315 6.578540 0.055859 0.005684 
211.550842 117.584846 14.132277 0.150118 0.005612 
3.814492 215.917770 30.649637 0.289176 0.007988 
147.691681 94.730782 1.091675 0.019724 0.007336 
145.159943 227.604965 63.758049 0.299129 0.008636 
103.207268 188.000458 36.051613 0.193418 0.010739 
945.598877 317.369629 224.416611 6.605939 0.011315 
479.349792 237.182159 192.231522 16.246161 0.032993 
2702.850342 189.830551 99.490967 0.265208 0.006393 
745.065552 238.677002 52.108135 0.144983 0.007086 
21.533258 128.953262 5.553555 0.033936 0.010868 
50.537510 203.449158 14.349651 0.062334 0.007015 
1063.016113 188.639053 12.213534 0.049904 0.006852 
8.057646 264.589417 102.732338 0.775262 0.006764 
466.483215 265.528137 57.577988 0.248032 0.008361 
3.756017 287.575012 81.192543 0.589347 0.008180 
2158.988037 38.104454 289.058441 5.270199 0.011632 
17.460087 194.885483 118.540909 1.069564 0.007628 
83.478233 145.080551 54.966896 1.081149 0.009428 
0.952836 189.322784 54.497463 0.728363 0.010515 
314.905304 229.709656 9.309393 0.050583 0.006478 
1152.099609 140.044388 155.448730 1.755260 0.011215 
95.263672 220.335526 128.696518 0.977726 0.013067 
17.571100 187.738388 48.182842 1.008880 0.015147 
133.611877 52.011375 19.741701 3.487991 0.063698 
96.700630 317.284760 30.634192 0.316895 0.009547 
257.212555 239.331207 161.157257 15.306820 0.058753 
484.151062 284.776947 88.586708 80.855560 1.313169 
10.324036 6.084010 4.223701 0.676810 0.028860 
126.690247 295.039032 96.997070 1.148076 0.012170 
23.892059 122.120522 33.896912 0.330708 0.013018 
3473.337158 105.880211 41.150036 34.403671 0.072231 
196.532288 83.529198 6.795098 0.129794 0.013909 
48.502399 203.770081 69.162521 0.974665 0.024950 
394.039917 324.271973 175.154861 25.157963 0.147431 
772.432495 121.685402 157.042175 6.080441 0.034462 
71.743843 2.759485 39.192852 13.988199 0.053171 
11.231474 113.135948 70.143471 3.019859 0.024119 
52840.929688 179.618469 695.454102 313.262543 1.864691 
19.288723 230.940475 79.813339 0.638718 0.012309 
5448.108398 174.575684 327.185028 6.761209 0.024149 
185.725464 19.918474 1.877566 0.631412 0.032304 
9.458133 119.076584 62.802845 6.824736 0.044060 
87.380852 0.276613 0.750179 0.073448 0.017153 
717.669373 129.168396 6.050405 2.801756 0.500862 
232.597778 0.010883 0.387084 0.102456 0.021597 
2902.799561 11.201200 2.480953 2.290368 0.028411 
1949.100708 71.562454 38.286537 0.478817 0.019045 
57.240555 0.366446 0.045567 0.375060 0.029880 
134.764832 251.097702 176.475632 65.767487 1.178463 
349.009613 330.858368 140.515945 6.086193 0.037052 
172.782608 202.308151 178.651154 95.965347 3.323501 
527.090027 290.045807 5.861952 0.082194 0.011779 
3985417997123584.000000 119844250845184.000000 45321757392896.000000 47508960.000000 32.656536 
1346.400146 204.009399 0.036095 52.676453 1.179942 
152.962540 228.481491 44.007214 3.505477 0.085398 
408.903381 346.013458 124.343719 5.059356 0.051604 
710.252563 1.582951 1.513805 2.301582 0.063120 
103273.476562 0.000009 47.128227 7.672098 0.466147 
245.204376 18.131416 107.691132 38.492466 0.220693 
35687072241025024.000000 598621.562500 0.155781 1.394782 0.015064 
2054.658203 13.843114 181.685944 26.662371 0.077691 
1.978347 184.971741 64.402367 1.753347 0.025632 
88.488052 113.849327 112.111771 10.965920 0.097343 
172.762100 155.663284 134.379791 36.539600 0.205308 
1386.535034 208.883453 23.426876 0.128985 0.024338 
23.587044 127.987930 8.494910 0.110167 0.033492 
70.632347 193.258698 32.765995 0.758148 0.029933 
16.710562 161.547211 126.041100 3.395669 0.039724 
11.917064 1.911623 2.919735 0.142638 0.019805 
23112.669922 1218.898315 111.551300 189.841003 0.529600 
69.106140 239.788818 123.136871 39.097794 0.247385 
17.151876 149.706909 70.478386 3.992299 0.037814 
1688.288452 74.612907 193.473206 9.448009 0.033264 
124640.609375 5389.213379 1320.995728 177.283707 0.450537 
70.093208 239.680756 163.400314 30.692503 0.249225 
63.888317 41.188969 11.294557 0.906133 0.032324 
8044.370605 11.343846 421.317657 43.120972 0.148073 
625.798401 49.101036 10.971556 6.038411 0.533540 
29826.015625 269.445679 792.205017 142.089615 0.501198 
3475.098145 62.502102 94.815384 201.401718 11.563453 
58.078613 45.674973 37.888588 4.551673 0.073316 
639.685181 80.309784 172.456909 66.645363 0.528747 
3274.771973 94.787819 355.788116 26.070621 0.126326 
4398.583008 241.886597 102.590027 0.925970 0.022058 
555.651184 1.723257 23.364649 82.398224 0.867630 
1350.738037 336.994232 186.664490 129.820862 1.378755 
68.555237 183.045593 54.784565 8.853748 0.392436 
124.555473 9.630273 65.278336 8.273149 0.037889 
3.566993 155.457031 97.399445 11.072080 0.127580 
87.149918 161.432587 47.081490 0.325010 0.023841 
402.519226 218.962631 0.026292 1.167688 0.084414 
2520.947754 60.491325 188.856583 45.078697 0.097303 
1081.950562 0.126435 1.013154 1.214567 0.058053 
3438.110840 22.753624 2.599988 56.887840 0.746892 
47.795399 165.283875 89.699760 10.303432 0.098684 
1.054725 206.806915 123.589058 11.924664 0.092270 
76.869591 129.988571 1.776871 0.046686 0.022079 
565.358643 171.988113 46.370117 0.202742 0.017509 
0.465344 245.523712 72.294914 33.073612 1.684623 
2.555160 146.585754 47.474312 3.675399 0.060832 
872.784546 144.023514 176.316696 23.370115 0.157535 
1151.154785 335.411102 4.074977 1.356382 0.067563 
2082.194824 128.124084 4.027719 0.079278 0.015460 
9258.280273 25.532104 63.983437 5.854804 0.091732 
326.586304 66.523048 13.254477 94.284691 2.323597 
1.530227 180.654022 74.634941 0.713094 0.023214 
8526.952148 194.835800 77.733597 5.663614 0.036821 
2282.915039 2.934391 114.910820 10.000959 0.415507 
33597.554688 6.870927 911.289062 12.119150 0.046263 
1060.847656 101.144096 243.235291 19.915976 0.072148 
230.409363 153.895050 204.558121 18.143677 0.232424 
191.630371 61.014057 113.731628 9.129979 0.051155 
876.610718 147.761307 170.726791 106.896156 3.133275 
8.346172 85.368134 18.636459 1.946725 0.032243 
2584.897705 4.844015 8.128252 11.003756 0.114839 
687.552002 198.021576 194.610428 66.015923 0.934844 
4.974123 143.974640 84.527954 9.335209 0.062431 
230.143799 281.592560 0.606176 1.459667 0.074387 
89.854568 72.865692 24.068687 1.768196 0.047926 
1061.634033 139.167389 213.006439 43.170090 0.329668 
885.227966 193.717178 53.232613 0.203224 0.021966 
5757.348145 146.750275 256.649872 3.119300 0.033513 
8813.261719 46.847221 113.848129 295.623993 10.871843 
180.925140 164.326004 122.012459 11.433731 0.139830 
2206.992676 305.215881 209.272293 170.559998 13.066041 
8.335712 225.806763 64.114586 3.227829 0.063362 
4915.254883 57.268669 309.347992 193.560852 4.571969 
591.102173 133.846313 176.586258 3.666672 0.031585 
4.406861 179.205994 128.804764 31.001337 1.148334 
343.747040 27.370625 28.174643 31.842363 0.138307 
1579.308105 29.869036 148.321075 21.900141 7.431790 
4.285651 201.648819 103.611069 3.459929 0.033798 
10.049146 50.320797 57.707737 16.271862 0.075820 
2355.297363 161.172028 305.393768 52.022564 0.288502 
79.215782 227.821381 54.764297 19.042963 0.342768 
319.748535 3.938095 0.617830 0.269420 0.022402 
1623.196899 0.826879 2.802163 5.142093 5.368402 
185.658844 147.323166 130.838684 2.852937 0.029590 
1008.038391 171.339264 177.467026 139.628815 3.121218 
869.898682 56.483665 151.753555 27.056232 0.126815 
60496.957031 53.528236 73.459869 345.093140 1.700452 
115.661598 0.787237 2.085573 1.412228 0.059184 
274.773895 186.786026 160.794769 92.983025 4.782744 
18424.478516 531.704224 369.860291 85.471611 0.560980 
122116817027072.000000 532447.562500 159.932175 0.197599 0.303305 
51.953575 1.632527 3.334044 1.178187 0.058996 
15.102695 162.384995 98.454941 27.894386 0.258489 
348.877991 40.025967 124.193077 28.496990 0.194425 
9830.667969 68.219978 63.894756 2.591028 0.047802 
712.038635 224.818649 209.624329 58.255219 0.361457 
1304.696533 151.323578 173.666763 19.691038 0.157317 
3474.312012 184.355896 227.827103 1.674402 0.018135 
190.260452 130.349731 107.447433 9.680488 0.112215 
15.858849 204.722672 62.166725 1.294286 0.029085 
81.718758 214.751434 152.465576 26.720776 0.409801 
170.430237 231.045792 182.225647 55.368011 0.716032 
335.751892 8.786262 8.519054 5.467645 0.081301 
882.413879 239.047043 4.044198 13.003139 0.079076 
133.392563 60.987915 120.004463 44.587315 0.313910 
76.573082 253.628143 161.263428 71.964264 4.267175 
15.952575 187.531784 81.208855 6.498562 0.042219 
31.736647 126.066628 125.523323 5.818858 0.050081 
6.004478 195.016891 50.648697 2.063045 0.041065 
47.972813 1.563152 1.278188 0.083318 0.016034 
51.568516 0.932946 0.986045 0.183236 0.025646 
7218.399902 25.397587 117.587906 96.384338 0.421466 
65.338409 152.362427 146.611740 4.921539 0.032580 
1.732753 212.085434 9.460717 0.097586 0.018610 
194.478531 0.734562 2.455024 0.391133 0.020871 
118.755196 73.209473 2.188306 0.074136 0.019246 
7.369345 255.585556 108.574135 4.767647 0.041387 
53.457840 209.561371 117.611443 4.846660 0.057815 
84.321106 146.798355 65.170555 2.295279 0.030410 
408.093903 40.164951 111.055077 78.219994 1.281244 
0.386466 182.869324 53.617203 0.619664 0.051168 
6513.658203 123.526115 37.644634 6.606659 0.200795 
11.270352 121.830208 28.678068 20.561043 2.046490 
18.454739 472.317230 0.025770 0.006644 0.020458 
20.914509 15.686076 5.108215 0.552753 0.051186 
27.112425 90.047462 7.335340 0.146754 0.018945 
0.166853 205.656204 17.808411 1.531128 0.052871 
437.896393 175.782181 166.074814 10.323712 0.049220 
10.815516 105.642769 1.336452 0.083096 0.023156 
16.995140 150.146164 50.021202 0.545702 0.021266 
3952.774902 0.767981 1.359584 0.865313 0.058802 
444.267975 0.284589 1.612054 1.422380 0.096844 
3901.609375 165.691254 5.587479 0.143417 0.023537 
79.536766 6.832824 0.368504 5.751288 1.286098 
11.406876 112.466240 23.991467 6.552824 0.336979 
242.909653 57.066681 125.604408 1.732827 0.018384 
20.355572 74.335030 7.833631 12.627455 0.368872 
55.121323 179.656281 78.755959 21.859453 0.514039 
5286.234863 248.451981 180.648193 3.628937 0.042852 
72.596359 174.277969 108.536995 51.628712 1.031378 
1.427896 109.020454 107.424324 42.042122 0.380623 
78.817093 111.874840 25.399744 0.782121 0.037105 
1263.309082 216.263702 164.342438 4.350204 0.038645 
3381.687500 155.259567 359.931793 4.225288 0.027698 
2124.777344 64.851044 2.625215 0.219924 0.024110 
23.847521 194.585144 53.881363 1.075757 0.023184 
543.313416 513.535095 10.865695 178.600525 7.300731 
47.473904 192.991531 126.084702 10.832791 0.115612 
295.721161 246.502213 177.783676 39.182838 0.206387 
1.391677 109.764915 82.267403 21.072882 0.192258 
61.506447 247.160004 14.090654 0.161597 0.020197 
22596.765625 127.544174 516.968262 21.240971 0.072449 
13626.308594 389.618195 636.841858 252.449265 3.421636 
25.943710 0.144651 0.234323 0.149521 0.029159 
11.474898 186.120529 63.136250 0.768280 0.028980 
343.144867 188.763611 2.735153 1.602214 0.985401 
10.472908 198.296402 83.618736 2.954043 0.085186 
137.217438 295.329895 161.344955 6.990571 0.043955 
38.586586 118.768806 44.349236 3.030793 0.061135 
3.027263 224.979111 82.569511 8.637884 0.138909 
1724.641602 213.078064 155.943909 51.374321 1.832337 
251.489685 210.637207 74.614922 1.406830 0.024481 
19369.019531 430.722870 4.592836 79.785469 1.538348 
7.117162 199.727982 112.169334 5.610261 0.082819 
132.315445 119.596947 82.975845 48.192448 0.386791 
3629.755371 19.776564 250.930710 208.060654 13.436957 
0.567342 137.010345 98.096153 9.481438 0.094740 
87.806389 190.004425 134.974518 11.814714 0.100926 
423.140350 203.264191 149.611771 3.852553 0.042541 
593.108521 275.116241 53.217052 0.566093 0.026998 
0.183154 126.077118 97.745262 3.521962 0.039676 
12.692024 209.875641 88.798378 8.102937 0.086292 
119.556633 182.239670 28.281660 0.196391 0.018977 
7.285202 234.553772 108.336807 17.866343 0.332315 
29.881437 151.523483 132.951004 3.924602 0.040922 
53343.273438 690.954041 262.062775 142.030090 1.975520 
185.184387 39.305412 0.193141 0.305551 0.032361 
131.987244 224.242096 138.925613 7.580304 0.058680 
76044.828125 1550.288208 508.880341 310.582672 1.945339 
130.593445 254.648666 156.849792 8.067234 0.036222 
136.438843 210.035492 70.324333 13.116529 0.496878 
0.513669 177.365997 45.438705 1.142208 0.023278 
18.785872 186.210297 83.679535 2.525827 0.065289 
10.424617 123.592407 67.476341 0.606386 0.021263 
10241.530273 23.666677 70.305382 41.732063 1.038056 
75.525772 211.674805 135.880310 4.298971 0.033770 
9465.068359 12.049311 189.679840 38.680706 2.210930 
17.087570 166.826828 62.632038 1.024572 0.027599 
2823.533691 100.744484 11.190250 8.385474 1.736322 
464.749695 112.153114 205.782974 11.110889 0.090315 
18.866312 186.362854 50.396057 0.457028 0.019511 
151.365433 192.175476 150.615662 1.663703 0.019650 
14.090695 26.492285 79.223572 12.551577 0.091025 
111.643379 130.413193 119.256897 7.586476 0.108204 
111.865662 227.436920 124.973984 15.435391 0.145853 
15.149393 138.492813 83.492981 36.988388 0.233138 
174.407516 62.498928 4.536296 0.429386 0.037686 
181.995117 0.202872 1.059302 0.162258 0.026116 
46.191364 92.662788 9.708587 0.291533 0.028072 
600.164551 14.947119 0.750484 0.484098 0.038696 
26.969883 3.159065 12.027227 8.741898 1.660411 
25.943928 120.950554 68.775085 0.706978 0.023425 
144.944611 151.896469 136.361130 6.233759 0.043306 
1.673257 173.515167 39.383717 0.303121 0.022122 
110.063965 2.047353 0.763735 0.257565 0.045086 
3.669394 198.871658 76.746162 4.729467 0.042469 
1.379103 254.904190 113.232582 13.597238 0.111118 
4429.278809 5.156293 0.927891 0.295345 0.021103 
67.570488 191.462219 10.878233 0.514002 0.033630 
3255.872559 432.811615 171.648438 2.088635 13.036437 
249732249157632.000000 144854768.000000 4707859.500000 14281433.000000 114.927605 
2465.224121 3.995600 3.049762 71.038300 0.432362 
3349.029541 0.046587 3.351668 0.518361 3.275613 
63.693096 190.154785 152.294205 19.264120 0.160831 
88.314888 261.194794 136.710144 22.127153 0.132638 
118.185410 151.096405 145.843079 53.951061 0.326511 
10658.255859 102.759216 413.172577 9.203113 0.058343 
3848.985352 1.578855 20.891809 76.804619 13.477255 
44.130299 126.338905 7.030380 18.173861 0.194753 
87133.515625 3144.591064 413.595978 1.525310 0.028390 
3261.537842 300.674866 253.213226 58.688858 0.844701 
12.528170 155.738327 97.151787 4.777828 0.047244 
76.431229 303.291016 141.546906 28.851046 0.212807 
54.491482 251.153503 56.780598 0.656477 0.023740 
11408.583984 381.350464 62.418747 172.948654 0.616322 
3135.841064 0.366375 0.140816 0.048107 0.025205 
22.041294 73.164665 111.312904 5.867255 0.034921 
1874.037354 201.818161 214.445236 78.383575 0.446513 
93.196167 146.506027 86.578949 1.019637 0.027477 
85204.179688 755.003967 342.275909 74.566536 1.982787 
40.607849 237.508072 127.318871 19.305393 0.210354 
9156.093750 335.752045 373.039703 16.416578 0.066412 
4.147058 147.892227 92.729019 20.031082 0.405666 
3.522288 249.621628 103.818520 3.957263 0.050320 
386.144379 169.077118 0.827233 0.095876 0.019134 
9147.715820 95.486191 238.736084 4.080551 0.033227 
180.741425 96.564316 3.619543 0.124766 0.036308 
97.136276 250.523087 24.063879 0.172046 0.021507 
125.844177 100.106918 4.083642 0.066766 0.026658 
154.672592 23.889925 124.788376 58.880672 1.608586 
1664.902954 391.588501 16.954159 0.199458 0.023827 
43.786011 174.105103 55.667915 20.957216 0.150744 
7.239982 207.003586 26.944105 0.290077 0.021587 
13.085270 151.909027 10.143096 0.136824 0.016272 
397.638092 4.134791 17.454130 0.113452 0.024297 
1048.625488 51.203781 156.894684 1.228748 0.029682 
31.986944 115.906586 23.236948 0.263575 0.028415 
328.664856 54.579937 30.224184 28.697367 0.248107 
4067.805420 93.465950 117.366371 199.135345 40.389656 
2754.799072 16.109737 219.668152 2.530490 0.022793 
58.672180 88.141251 68.212875 3.042341 0.082604 
21.063566 95.374603 115.484146 7.242938 0.053375 
160.804810 216.313202 149.271347 21.709959 0.099752 
2267.434570 339.060547 132.801590 21.497913 0.198895 
1022.775024 2.831601 193.569153 67.419167 1.283089 
133.163452 1.995583 2.428482 2.875315 0.075156 
1.061237 142.735626 50.524284 0.545774 0.028739 
235.746689 24.612499 74.881821 11.179358 0.063952 
9.879415 147.719879 119.854378 35.371277 0.534798 
4130.863770 204.642822 188.041611 74.452217 0.298179 
5.359629 221.807541 107.831932 30.298401 0.317924 
1521.603516 0.033926 0.777052 4.306735 0.090933 
125.466805 19.871853 2.602206 1.915985 0.026539 
8569.611328 2.934490 0.149414 1.681141 0.045782 
2484.168701 165.177811 315.622772 55.439133 0.501094 
31.837299 188.790787 75.265808 23.774910 0.469306 
1564.647827 183.314499 218.311752 4.283652 0.054707 
9600.007812 26.634974 36.022045 315.543365 5.267962 
1779.997314 0.087717 194.292297 5.751227 0.033946 
59.025383 91.918686 59.312271 50.140633 9.721404 
118.685493 198.791595 163.114059 11.188327 0.092228 
571.813904 205.689987 200.559692 18.599499 0.104356 
4317.902344 355.403778 292.931641 33.039677 0.114644 
266.858429 1.914617 0.946773 2.590731 0.080238 
225.588089 45.958317 4.466940 0.191507 0.022615 
20.749960 151.476715 120.894531 29.629326 0.251114 
1468.772583 2.640324 10.933167 1.057091 0.038423 
43.418701 202.492676 9.744776 0.104508 0.021694 
3520463628140544.000000 1199117312.000000 1972769.375000 22.258633 0.094769 
3097.762939 312.020935 7.267476 0.078649 0.017880 
636.477356 17.699188 122.317009 47.689255 0.282855 
15132.836914 447.435608 268.473907 35.527386 0.131559 
10376.500977 507.937378 234.794098 9.616800 0.110646 
11.918696 202.230682 2.757454 0.085983 0.024637 
7143.449219 233.843689 261.735138 123.000710 1.091762 
82.307495 224.463928 53.731102 0.340327 0.015691 
0.316958 214.699371 84.040024 2.711086 0.042267 
161.986664 236.910416 79.960838 2.539532 0.032623 
62.026356 138.701385 156.714325 22.889328 0.134091 
380.200989 200.884262 180.557724 25.105124 0.130617 
64.671043 121.452751 2.186490 0.083869 0.018950 
5950.770020 288.491791 3.642658 0.446722 0.032315 
14.006803 58.905613 17.052113 1.492976 0.045847 
40.802711 152.042206 63.492374 3.545933 0.074624 
680.464600 54.868073 180.576447 24.211580 0.098685 
3471.954102 5.953086 0.167078 3.617717 0.115099 
28.217398 136.883972 67.605064 35.892883 1.572546 
230318.437500 2450.331299 180.947189 450.457336 22.168446 
208.128922 45.219074 168.868591 8.128366 0.068338 
335.347168 169.295441 121.486595 1.462020 0.026479 
109.516945 147.219864 190.230804 4.472624 0.031782 
706.617493 152.205429 116.394341 72.634453 0.776409 
7.971887 123.982773 18.485971 0.527655 0.035148 
4595.177246 69.827118 568.090332 40.141869 0.183748 
48.028580 235.890503 170.413116 16.962059 0.117847 
382.304718 204.554703 161.826843 19.226278 0.191545 
360.593231 226.274002 25.266092 0.292993 0.019745 
3.501886 12.683551 68.128151 4.486909 0.055326 
20.316376 137.334442 28.716644 0.792209 0.026431 
307.244690 244.030899 111.227180 6.488089 0.059235 
0.282461 169.149246 68.418068 1.179230 0.026550 
10691.015625 0.082469 477.612000 6.403103 0.034298 
2.091077 156.261749 66.449638 1.041582 0.025509 
7426.181152 64.607010 248.685822 43.948093 0.149844 
340.927856 150.228653 176.970612 49.994316 0.520351 
28.144136 150.853226 12.964972 0.129401 0.022669 
1483.436890 13.434963 38.875298 18.990503 0.052615 
44.166634 158.749268 10.503919 0.089760 0.018016 
2.300589 234.065140 83.662781 4.129063 0.060960 
1547.446533 61.038963 107.584114 0.463797 0.020406 
1.079993 235.005966 79.489311 2.153378 0.047055 
28.352242 171.201935 16.164557 0.168262 0.024456 
474.630005 103.666039 16.966089 16.974192 0.392157 
849.099304 14.439545 38.719162 7.301030 0.121004 
8.132099 51.565834 69.206734 9.012865 0.078880 
5.580748 1.573211 0.224477 0.049458 0.017405 
35.727161 39.364620 19.541683 9.659039 0.426654 
4119.221191 112.685005 348.274963 5.783221 0.033564 
4695.326660 40.875366 167.357834 6.172767 0.051178 
1177.743774 17.132824 28.087469 143.816513 1.155126 
38.381195 235.289597 125.259827 8.506799 0.065963 
238.856644 7.908414 25.975891 11.108682 0.053758 
1030.602661 6.920077 1.105485 1.697715 0.053736 
12.735929 207.117477 8.809940 0.219016 0.026150 
6.359026 221.920990 94.175323 14.988462 0.272265 
1.209494 147.093948 75.119087 11.236008 0.119993 
112154.656250 528.505859 254.159119 33.231247 0.601170 
5.905001 147.240173 103.144051 55.673344 0.610965 
174.262909 22.964172 3.164597 0.258846 0.026400 
1970.110718 212.517776 180.912857 176.659180 8.661978 
129.035309 160.806274 114.575218 68.257195 0.746203 
222.166916 10.000015 3.062077 4.040306 0.161945 
134.184357 96.510834 25.302984 0.998058 0.049214 
47.822525 170.259918 18.647532 0.268153 0.030992 
30.393190 62.015369 31.095400 2.550255 0.059423 
75207.906250 760.372681 34.010674 0.199675 0.026302 
11674.910156 24.511360 744.836304 87.577019 0.343053 
7446.720215 12.321539 257.167542 6.864805 0.040498 
14.495710 122.780685 60.879738 0.930113 0.030777 
7.536292 256.576630 96.443970 4.545317 0.066292 
239.099182 0.975740 0.071175 0.050513 0.021122 
1295.948608 132.047775 188.952820 5.762238 0.051579 
1260.915527 470.430542 42.138836 111.935165 6.179560 
13627.964844 19.434294 330.013000 99.898994 0.281054 
284.763885 2.875059 5.086161 3.649364 0.087398 
21139.210938 53.305565 763.202881 30.417086 0.189563 
911.701477 18.806606 147.021759 109.716423 1.222989 
83.493225 249.980484 168.163422 24.285170 0.202733 
1914.532471 31.500223 235.726074 2.290205 0.028959 
1788.111206 66.682129 10.330909 5.428268 6.351534 
467.044708 61.022060 90.940849 75.698891 4.726095 
4086.563965 99.488495 181.750549 82.804626 0.471925 
1.291694 255.836761 58.475769 0.557261 0.023830 
17.477251 0.153459 0.438123 0.124027 0.028304 
583.582214 292.683838 140.345398 7.478225 0.102808 
88.595810 175.383560 122.101242 42.428982 0.353274 
1233.692139 278.866577 205.380188 29.471825 0.242245 
100.319794 122.854752 9.781214 0.170147 0.021801 
185.580109 3.409045 3.852363 1.823931 0.057896 
589.567505 65.384361 139.982605 9.276520 0.072823 
7859.677734 70.951912 314.632477 75.493019 0.269814 
2.408332 145.686096 6.556215 0.063934 0.017377 
5.790206 0.111070 0.292737 0.063274 0.014870 
659.551270 121.045006 4.276608 27.702944 3.791117 
808.565979 17.782682 125.324493 31.896702 0.270851 
535.601318 265.561035 66.232239 0.496706 0.021818 
0.355619 139.375595 90.109062 21.972670 0.128740 
18.073105 148.013474 99.423615 10.052820 0.115068 
131.072418 195.404022 53.006611 1.399651 0.025409 
50.630402 178.544052 130.432755 78.649460 4.184297 
19914.410156 79.446144 34.611401 288.818634 43.412148 
24.406315 140.466263 45.142044 6.641641 0.107722 
67.446297 132.268433 11.479813 0.112780 0.030168 
5.315093 109.028481 103.336281 11.066401 0.084967 
548.715027 187.036285 143.763748 33.264351 0.177902 
379.277130 284.426025 215.789948 48.337502 0.385921 
316.810974 190.184174 155.752884 85.178230 0.982564 
91.856560 79.811653 40.142979 1.846364 0.066201 
1524.533569 100.842888 220.765747 17.117002 0.069640 
8442.647461 181.582108 281.910217 16.813890 0.141911 
350.739166 8.989217 7.552435 126.675240 1.896501 
335.579193 269.418579 87.367859 1.741568 0.035656 
63.066963 143.404877 78.486954 5.933938 0.053032 
23673.078125 143.709351 70.980309 11.731456 0.600480 
2149.906982 222.172699 244.498322 69.667107 0.593653 
61.889931 129.715332 12.838728 0.179244 0.018074 
62022.675781 1185.247314 591.732971 2.044425 0.025330 
1729.424438 171.822235 83.350441 101.127525 0.708565 
1450.063599 381.054169 69.592674 1.452105 0.039544 
44.184872 160.147278 42.910728 0.898391 0.030809 
67.509750 254.022385 77.189644 2.080415 0.032361 
1088.467041 38.887344 93.676521 2.935416 0.063169 
141.247604 3.249639 0.419802 0.080994 0.022987 
390.687622 117.542267 127.949158 119.213722 1.422968 
1547.964844 252.474930 118.772507 4.458121 0.062683 
171.758728 220.885269 141.522400 4.487910 0.053099 
529.391846 83.790047 117.010017 5.232589 0.055812 
160.958984 158.776840 119.472992 82.097672 2.543754 
1612.851929 48.230247 47.872555 4.267554 0.026164 
3951.349854 26.855745 42.599239 14.938107 0.408531 
579.585022 114.840004 41.509312 0.774194 0.035954 
35.607689 34.061134 15.454296 2.454974 0.055825 
151.688110 250.664017 114.191650 5.939468 0.041508 
3401.323486 33.513458 104.330894 29.987524 0.367521 
203.590179 208.482712 166.384750 30.586271 0.279265 
136.470947 112.262840 84.615990 7.904775 0.049146 
11.183141 99.935562 88.567268 1.556569 0.041249 
678.798157 40.839260 171.637665 36.320255 0.236578 
22646.621094 41.592545 90.242081 281.535980 1.112732 
5643.090332 4.139887 1.556645 0.164532 0.021968 
918.760803 403.287903 153.306549 39.953850 1.792459 
1447.194580 147.848083 40.857780 70.262894 0.402186 
6212.633301 2.981754 235.406754 2.534708 0.039438 
161.173340 255.931885 9.844443 0.104818 0.019599 
145.796890 96.918114 21.582098 2.861799 0.078577 
4062.058838 161.358215 122.535477 137.982742 1.491474 
278.356995 184.506134 61.781761 2.221170 0.045155 
0.332065 238.410339 101.368637 2.849144 0.034612 
0.253114 222.389557 73.936455 9.849042 0.175821 
20.830807 63.285286 8.380947 1.636286 0.085215 
18.920500 112.316116 51.920586 12.906005 0.129733 
12.453940 57.355202 35.367268 12.269713 0.069854 
1.172734 244.935715 84.536163 12.225084 0.203399 
2218.114014 87.041245 225.147171 9.443144 0.055423 
191.538971 23.735048 9.468163 18.804142 0.185233 
27713.632812 246.939316 382.084198 28.761072 0.073044 
81.486320 106.235062 98.086899 3.177083 0.046402 
37.827568 17.700272 5.454450 0.255271 0.023414 
1838.964355 272.668427 303.378601 142.914734 3.630108 
129.924179 2.268994 0.402375 0.080082 0.023005 
23.448303 1.219656 2.168691 0.393673 0.038186 
72.178719 167.068527 61.299507 0.767348 0.021043 
272.633636 19.293440 1.478506 0.171724 0.020270 
779.378601 318.678497 175.728806 156.565186 16.923641 
15.449170 264.805969 34.537003 0.145876 0.024553 
4.283010 14.955986 30.930241 16.269520 0.204932 
43.526634 177.114807 78.372581 1.194675 0.037918 
190.198563 2.890693 46.372288 124.704651 2.362742 
939.375366 43.127541 175.341614 2.045468 0.024584 
22.345095 151.801331 95.475906 10.682191 0.123017 
109.351997 197.694550 208.321091 21.089052 0.110964 
129.492523 24.480188 4.872652 1.561881 0.108534 
3674.663574 22.774504 20.847240 205.940872 3.528299 
54.277206 837.854065 1.417185 1.227667 0.188056 
1306.291138 17.161633 0.076779 1.311257 0.032354 
222.230042 177.179260 161.739319 44.969307 0.851965 
3181.291992 11.232693 206.299362 116.364815 4.425329 
13.629080 125.913811 76.271217 0.746944 0.034913 
7117.455566 214.364655 87.784210 40.262146 2.976396 
112.410156 116.524101 13.020490 0.161061 0.023646 
3640.041016 322.671204 344.621063 152.509888 2.187589 
143.624588 146.987991 50.874893 4.370323 0.087060 
30.664074 202.242767 125.798538 7.065711 0.049520 
3450.093750 657.540039 5.349697 0.277881 0.026669 
92.958992 30.309032 0.282632 1.299791 0.431837 
389.888641 220.354050 118.353546 43.893349 2.392875 
508.749542 154.511307 181.425797 55.335018 0.621693 
17.576313 61.375404 72.457619 15.723535 0.089882 
5938.183105 94.422127 267.099274 162.275513 1.270289 
45.875038 46.982502 60.100830 5.545251 0.045755 
4.941121 169.899231 19.728067 0.781873 0.030883 
28.801117 135.922531 21.312420 0.223883 0.028663 
60.880283 103.824394 134.342392 2.325497 0.057616 
23.520126 174.929901 111.107460 10.532622 0.081363 
70.833618 187.560272 27.926970 0.165994 0.022010 
1785.082764 83.164520 40.286140 13.531686 0.700081 
5818.103027 65.232300 414.238281 13.348861 0.058419 
39.646671 148.009705 64.549500 1.799676 0.068324 
500.550995 192.051208 179.791138 10.805253 0.071407 
1099.404907 10.256998 76.023605 15.165725 0.182967 
78.863754 1236.389771 0.039907 1.055981 0.072661 
1570.708374 223.774185 199.722610 5.433849 0.041198 
750.558472 164.008698 191.428757 133.700577 7.422641 
45.939278 150.326477 16.161335 0.142116 0.017698 
3.159497 56.491177 108.657623 5.118841 0.053153 
337.780487 5.513433 166.710175 21.233702 0.146590 
12232.583984 66.162743 409.548431 27.532988 0.103003 
197.861557 161.897293 119.738182 3.406352 0.037893 
10.011335 244.265305 70.681122 1.222190 0.039567 
52.228443 137.345871 22.841784 0.704495 0.028728 
463.937531 135.093338 206.881119 27.417299 0.118705 
1468.787842 73.301155 194.132233 9.843114 0.058444 
56.072834 292.216888 129.842667 7.613831 0.097699 
224.127838 95.608498 154.382767 7.375246 0.077102 
107.757927 151.022644 49.928490 2.361036 0.040126 
9.295850 145.427490 90.149879 31.533251 0.630809 
140.506958 251.662354 84.701302 0.553611 0.018453 
63.573505 203.712799 103.254860 3.406692 0.038115 
305.085876 174.180359 167.985672 29.178301 0.104836 
543.238647 278.167572 17.678131 0.344326 0.026383 
10.646289 171.816727 45.238815 1.240556 0.038361 
31.748047 215.980270 87.432976 2.023084 0.031120 
7.751223 103.270020 95.324356 15.191945 0.189794 
977.567078 311.916840 36.074478 0.363804 0.023661 
32.395580 148.539566 27.190458 0.897019 0.038816 
1.340843 93.809303 78.855705 2.955252 0.051028 
404.536407 102.635086 0.054364 0.085013 0.022095 
335.918976 154.106857 63.046238 1.329807 0.037683 
69.982971 151.489960 70.765961 1.171859 0.027952 
181.873245 217.153214 178.776260 3.200509 0.034267 
9403.843750 858.906677 134.266922 227.246445 1.756447 
5.109660 203.426682 88.990135 13.332360 0.141847 
62.969612 226.622345 128.416016 19.966885 0.335357 
2470562093858816.000000 2813098.000000 0.000045 0.028228 0.020256 
0.784609 103.208527 0.075653 1.523153 0.117990 
7494.489258 0.562173 505.597809 12.715679 0.063606 
115.926567 132.027573 149.976440 10.965548 0.074591 
121.279373 251.282593 179.766617 74.508293 2.998556 
3103.118164 85.681595 186.915100 148.431839 1.481995 
1626.111572 204.330063 241.207352 2.403023 0.033352 
683.781799 89.711525 82.218971 1.349230 0.040902 
6526.211914 234.076294 374.274384 60.539513 0.389024 
1144.629028 0.212425 1.538397 1.552773 0.138799 
54431.953125 11.870708 1.401225 156.658432 3.971050 
56.078018 86.757599 85.052185 38.697117 0.455685 
314.983612 173.533798 139.875778 52.255981 0.431868 
27.461805 127.401466 65.548904 1.062526 0.037206 
221.902206 164.436768 153.741028 20.900785 0.151749 
97.669701 63.675407 10.815776 0.360318 0.026293 
0.524865 172.755508 39.607967 0.622245 0.038417 
10268.753906 2154.953613 177.358429 0.707088 0.016843 
340.079498 291.638519 207.680038 13.476619 0.096381 
1664.441040 59.405556 4.713299 0.344887 0.020135 
1011.668213 120.273270 1.205102 2.641244 0.119186 
2586.575195 1.800491 138.303162 193.317612 2.787900 
0.862321 214.413925 123.071373 5.198918 0.091057 
597.855408 5.082902 50.352699 0.403156 0.021850 
310.756409 145.876144 151.502518 23.787491 0.180824 
0.846015 266.581696 67.429787 0.779965 0.023000 
721.720825 161.787155 206.759033 36.410152 0.286986 
150.155701 191.543121 149.690170 15.473495 0.186147 
15.904634 136.135574 76.216606 0.848166 0.020468 
65.631340 327.129700 160.995605 42.356190 0.663454 
147.743134 194.147614 176.081085 18.831661 0.142483 
0.095265 220.550049 130.326691 59.500011 3.311850 
5148.523438 668.306213 50.452991 60.283672 0.153002 
86.252258 1.479049 0.990227 0.295840 0.059867 
196.776001 86.771492 138.388077 5.579653 0.058357 
2272.413818 47.684685 276.079193 115.864761 1.216601 
161.140305 121.243797 122.550575 6.247081 0.064905 
140.067490 165.053909 166.994873 17.438814 0.123768 
8678.855469 106.914818 198.149811 234.765305 2.909359 
17.051477 242.182327 54.329285 0.511890 0.019321 
0.898031 132.992310 55.956455 2.690323 0.057211 
66.414131 4.864518 1.257457 0.114384 0.024255 
2502.088867 112.888802 224.065247 34.607185 0.128236 
3.561716 96.041801 87.139412 8.580518 0.091711 
256.795349 69.117714 163.129990 21.187988 0.116485 
270.605774 33.583679 6.598634 0.708863 0.029972 
690.302063 162.263657 35.151253 39.081348 0.704083 
522.812500 93.085907 19.445049 0.168070 0.024442 
503.778259 261.324829 185.419327 27.509123 0.274288 
60.989075 170.383255 117.355507 27.435619 0.301906 
69.579895 157.884720 61.749973 0.268372 0.021737 
2817.407715 510.288208 99.670967 33.885967 0.140542 
31.665762 2.736943 0.003640 0.430870 0.033961 
98.302231 8.530478 11.556074 1.740656 0.033432 
2.909871 197.354401 13.001356 0.147462 0.019203 
2311.797607 330.109894 178.943558 2.890485 0.032756 
1959.137207 0.175169 1.044810 5.099933 0.268695 
602.975830 121.084358 198.765350 33.950378 0.155912 
162.312729 138.800049 19.963926 0.255711 0.020061 
264.784546 125.371071 160.376785 0.859524 0.022261 
960.834351 96.961571 158.522614 149.169739 10.174771 
2799.789307 430.333282 57.793968 0.212241 0.017661 
13.621163 106.312531 32.252853 1.049135 0.022180 
62.690205 217.314011 79.845924 0.717832 0.017787 
621.114807 6.059172 115.654518 117.839088 1.110128 
3.617139 150.021912 97.579338 6.660983 0.103677 
30.693539 187.598633 58.937817 1.097397 0.020139 
235.218506 0.193891 0.026105 0.397196 0.026761 
165.260544 220.978821 140.837692 3.384851 0.043556 
3979.105469 367.018768 263.669586 102.122330 0.604564 
130.108368 172.846527 160.302094 60.136868 0.690174 
998.612915 76.291557 48.297180 16.064137 0.067223 
39.529671 161.780991 14.948559 0.171240 0.021389 
2430.984863 99.609772 217.398712 37.662579 0.158247 
313.289825 7.688655 16.301624 2.507624 0.037275 
61447.031250 327.294891 549.960693 64.159843 0.462534 
28273.189453 973.836914 525.136963 3.407670 0.035354 
181195.343750 1.246616 210.578156 4.219964 0.039734 
631.786438 178.949844 254.623322 31.809221 0.147685 
222.345718 149.480408 43.723679 0.192894 0.020403 
1673.164307 288.190918 3.883472 0.067264 0.024784 
17.686188 176.099472 92.960258 2.456062 0.042265 
2511.821533 123.808853 196.890396 227.948700 11.306166 
28.062330 0.475293 0.748919 0.080455 0.021099 
526.552124 254.348221 95.138039 3.419444 0.054041 
774.270386 178.287704 210.486420 25.464300 0.199884 
9.626862 163.116714 91.185966 5.810682 0.068649 
21.464384 229.399414 110.464195 18.271811 0.283173 
594.698853 8.237407 13.158488 0.967691 1.166138 
230.983261 0.027901 0.142721 2.066238 0.049565 
20.096577 5.819762 1.333305 0.061372 0.020768 
117.564186 31.033327 90.465538 93.031609 2.377891 
0.744187 76.552757 1.699256 0.133517 0.032296 
119.593071 35.660137 3.297078 0.272431 0.021577 
12442.834961 111.467789 495.570953 88.330750 0.503074 
167.987213 110.222443 156.097473 6.870008 0.061592 
257.772827 2.468137 51.099579 51.313168 0.415008 
435.750092 0.626153 150.539062 16.377665 0.179852 
635.888123 302.876831 11.296940 0.101910 0.017471 
123.748268 174.532593 123.051422 40.736420 0.263914 
18.856377 95.932739 93.730858 10.175417 0.148682 
4872.051270 21.948456 311.052765 10.810106 0.045161 
25.661722 167.186539 101.178070 54.165405 2.757450 
670.108215 11.634851 198.430939 22.688480 0.060773 
865.866821 61.454193 164.521667 12.392716 0.119512 
1.585721 51.806335 42.523491 0.463655 0.018751 
30.875433 221.091629 51.867069 0.872855 0.041255 
4171.413086 0.175438 1.217969 3.962048 1.272763 
147.692261 0.134697 0.574418 0.064140 0.017208 
1.898717 54.399250 19.564472 0.270848 0.028980 
886.192383 216.327011 166.144028 11.285402 0.089068 
1138.430664 348.988098 74.011879 1.480111 0.032834 
1418.989624 100.798615 172.086334 11.615483 0.057809 
7508.735840 18.182878 231.653137 13.372576 0.054591 
1927.517334 268.049316 52.755623 0.316764 0.029251 
10182.850586 3.148238 174.554718 128.456665 0.473774 
6.544446 185.849182 45.067574 0.513764 0.032704 
22.184164 146.275589 49.865215 1.226410 0.025402 
350.217529 5.105123 3.884708 3.954214 0.200237 
455.798584 151.413574 90.441299 19.699778 0.118939 
1.647334 83.058258 54.057350 7.426989 0.091805 
257.364532 185.044617 98.148094 85.676773 1.738084 
4.709810 65.373268 13.237059 0.169193 0.019855 
9.324949 92.866989 1.894161 0.337279 0.047497 
4.006757 121.940735 107.758400 3.978917 0.042939 
2017.902832 88.497887 252.465805 26.626095 0.094760 
