0.367394 
1.032036 
0.541520 
1.115849 
0.456895 
0.290484 
0.622068 
0.274537 
0.627472 
0.531338 
0.431835 
0.316281 
0.120548 
0.817103 
0.455989 
0.692283 
0.915947 
1.299131 
0.432992 
0.708940 
0.597927 
0.340446 
0.321948 
0.588256 
0.425821 
0.250660 
0.499361 
0.606669 
0.883516 
0.267005 
0.199128 
0.560112 
0.208002 
0.931964 
0.323992 
0.349772 
0.540525 
0.462838 
0.621309 
0.425291 
1.220145 
0.361069 
0.504279 
0.629436 
0.624105 
0.598771 
0.797463 
0.154867 
0.292977 
0.443820 
