1.463804 
3.574006 
3.950639 
3.430849 
3.137189 
2.284856 
2.872553 
2.700429 
3.109569 
2.439331 
1.878427 
2.989690 
4.480740 
3.118297 
1.673653 
2.671035 
2.870028 
2.668740 
2.702708 
4.858133 
4.000167 
2.549313 
4.305058 
2.950710 
2.979936 
2.725128 
2.116908 
2.102562 
3.638210 
2.945855 
3.807640 
4.466524 
2.342256 
2.815947 
2.371000 
1.717595 
4.930527 
2.336511 
2.296525 
1.731163 
4.145284 
2.456408 
3.277094 
3.364985 
2.768666 
1.922743 
2.564301 
2.705896 
3.489831 
2.586622 
3.721215 
4.545127 
5.035705 
2.950693 
2.820785 
3.070184 
4.859117 
2.721223 
2.684376 
6.217366 
3.260472 
2.917472 
3.170475 
3.183584 
2.844885 
3.133215 
2.255792 
4.829112 
2.850256 
2.131097 
2.174303 
3.136137 
2.725728 
2.187305 
2.330186 
4.487549 
2.596053 
2.768390 
4.133105 
1.564313 
2.743885 
3.464531 
3.222397 
2.487530 
2.425462 
2.666354 
4.112655 
3.102586 
2.475868 
2.590128 
2.498256 
3.462341 
2.512328 
4.459882 
2.939368 
4.386566 
2.604222 
2.434724 
2.115237 
4.025151 
