Episode: 1: [[0.001 0.    0.    0.    0.    0.    0.    0.    0.    0.   ]
 [0.001 0.    0.    0.    0.    0.    0.    0.    0.    0.   ]
 [0.001 0.    0.    0.    0.    0.    0.    0.    0.    0.   ]] 
Episode: 2: [[ 0.0019     -0.0009     -0.0009     -0.0009     -0.0009      0.
   0.          0.          0.00089998  0.0009    ]
 [ 0.0019     -0.0008999  -0.00089999 -0.0009     -0.00089999  0.
   0.          0.          0.00089541  0.0009    ]
 [ 0.0019     -0.00089979 -0.00089995 -0.0009     -0.00089998  0.
   0.          0.          0.00089382  0.0009    ]] 
Episode: 3: [[ 0.00257602 -0.00158715 -0.00157059 -0.00160171 -0.00160751  0.
   0.          0.          0.00023119  0.00023114]
 [ 0.00257441 -0.00023298 -0.00158236 -0.00158247 -0.0012507   0.
   0.          0.          0.00022574  0.00023131]
 [ 0.00257454 -0.00023551 -0.00157224 -0.00158643 -0.00162058  0.
   0.          0.          0.0002242   0.00023117]] 
Episode: 4: [[ 0.0031272  -0.00208291 -0.00207374 -0.00219894 -0.00215533  0.
   0.          0.         -0.00023207 -0.00043461]
 [ 0.00334442  0.00042999 -0.00197613 -0.00213976 -0.0013043   0.
   0.          0.         -0.00012029 -0.00053192]
 [ 0.00313876  0.00030647 -0.00212731 -0.00214713 -0.00218249  0.
   0.          0.         -0.00015155 -0.00038062]] 
Episode: 5: [[ 2.6041875e-03 -2.6059297e-03 -2.5967516e-03 -1.6759293e-03
  -2.6783503e-03  0.0000000e+00  0.0000000e+00  0.0000000e+00
  -7.5508974e-04  8.8401262e-05]
 [ 3.8674392e-03 -9.3030387e-05 -2.4991506e-03 -1.6167422e-03
  -1.8273139e-03  0.0000000e+00  0.0000000e+00  0.0000000e+00
  -6.4330903e-04 -8.8996931e-06]
 [ 3.6617799e-03 -2.1654859e-04 -2.6503287e-03 -1.6241129e-03
  -2.7055042e-03  0.0000000e+00  0.0000000e+00  0.0000000e+00
  -6.7456573e-04  1.4239369e-04]] 
Episode: 6: [[ 0.00216212 -0.003048   -0.00303882 -0.00123386 -0.00312042  0.
   0.          0.         -0.00119716  0.00053047]
 [ 0.00430951 -0.0005351  -0.00294122 -0.00117467 -0.00226938  0.
   0.          0.         -0.00108538  0.00043317]
 [ 0.00410385 -0.00065862 -0.0030924  -0.00118205 -0.00314757  0.
   0.          0.         -0.00111663  0.00058446]] 
Episode: 7: [[ 0.00178112 -0.003429   -0.00341982 -0.00085286 -0.00350142  0.
   0.          0.         -0.00157816  0.00091147]
 [ 0.00469051 -0.0009161  -0.00332222 -0.00079367 -0.00265039  0.
   0.          0.         -0.00146638  0.00081417]
 [ 0.00448485 -0.00103962 -0.0034734  -0.00080104 -0.00352858  0.
   0.          0.         -0.00149764  0.00096547]] 
Episode: 8: [[ 0.00144838 -0.00376174 -0.00375256 -0.00052012 -0.00383416  0.
   0.          0.         -0.0019109   0.00124421]
 [ 0.00502324 -0.00124884 -0.00365496 -0.00046094 -0.00298312  0.
   0.          0.         -0.00179911  0.00114691]
 [ 0.00481759 -0.00137235 -0.00380614 -0.00046831 -0.00386131  0.
   0.          0.         -0.00183037  0.0012982 ]] 
Episode: 9: [[ 0.00115506 -0.00405506 -0.00404588 -0.0002268  -0.00412748  0.
   0.          0.         -0.00220422  0.00153753]
 [ 0.00531657 -0.00154216 -0.00394828 -0.00016761 -0.00327644  0.
   0.          0.         -0.00209244  0.00144023]
 [ 0.00511091 -0.00166568 -0.00409946 -0.00017498 -0.00415463  0.
   0.          0.         -0.0021237   0.00159152]] 
Episode: 10: [[ 8.9466374e-04 -4.3154540e-03 -4.3062782e-03  3.3594930e-05
  -4.3878746e-03  0.0000000e+00  0.0000000e+00  0.0000000e+00
  -2.4646139e-03  1.7979254e-03]
 [ 5.5769635e-03 -1.8025546e-03 -4.2086779e-03  9.2781993e-05
  -3.5368381e-03  0.0000000e+00  0.0000000e+00  0.0000000e+00
  -2.3528333e-03  1.7006245e-03]
 [ 5.3713047e-03 -1.9260725e-03 -4.3598572e-03  8.5411200e-05
  -4.4150283e-03  0.0000000e+00  0.0000000e+00  0.0000000e+00
  -2.3840896e-03  1.8519181e-03]] 
Episode: 11: [[ 0.00066227 -0.00454785 -0.00453868  0.00026599 -0.00462027  0.
   0.          0.         -0.00269701  0.00203032]
 [ 0.00580936 -0.00203495 -0.00444108  0.00032518 -0.00376923  0.
   0.          0.         -0.00258523  0.00193302]
 [ 0.0056037  -0.00215847 -0.00459226  0.00031781 -0.00464742  0.
   0.          0.         -0.00261649  0.00208431]] 
Episode: 12: [[ 0.000454   -0.00475612 -0.00474696  0.00047426 -0.00482854  0.
   0.          0.         -0.00290528  0.00223859]
 [ 0.00601763 -0.00224322 -0.00464938  0.00053345 -0.00397751  0.
   0.          0.         -0.0027935   0.00214129]
 [ 0.00581198 -0.00236674 -0.00480056  0.00052608 -0.0048557   0.
   0.          0.         -0.00282476  0.00229258]] 
Episode: 13: [[ 0.00026674 -0.00494339 -0.00493424  0.00066153 -0.0050158   0.
   0.          0.         -0.00309254  0.00242586]
 [ 0.0062049  -0.00243049 -0.00483668  0.00072071 -0.00416477  0.
   0.          0.         -0.00298076  0.00232855]
 [ 0.00599925 -0.002554   -0.00498785  0.00071334 -0.00504296  0.
   0.          0.         -0.00301202  0.00247985]] 
Episode: 14: [[ 9.7924960e-05 -5.1122061e-03 -5.1030708e-03  8.3034381e-04
  -5.1846234e-03  0.0000000e+00  0.0000000e+00  0.0000000e+00
  -3.2613624e-03  2.5946738e-03]
 [ 6.3737156e-03 -2.5993041e-03 -5.0055212e-03  8.8953070e-04
  -4.3335869e-03  0.0000000e+00  0.0000000e+00  0.0000000e+00
  -3.1495823e-03  2.4973731e-03]
 [ 6.1680749e-03 -2.7228219e-03 -5.1566875e-03  8.8215992e-04
  -5.2117771e-03  0.0000000e+00  0.0000000e+00  0.0000000e+00
  -3.1808387e-03  2.6486667e-03]] 
Episode: 15: [[-5.4582040e-05 -5.2647204e-03 -5.2555832e-03  9.8285766e-04
  -5.3371368e-03  0.0000000e+00  0.0000000e+00  0.0000000e+00
  -3.4138761e-03  2.7471874e-03]
 [ 6.5262313e-03 -2.7518177e-03 -5.1580020e-03  1.0420444e-03
  -4.4860998e-03  0.0000000e+00  0.0000000e+00  0.0000000e+00
  -3.3020959e-03  2.6498868e-03]
 [ 6.3205999e-03 -2.8753355e-03 -5.3091757e-03  1.0346737e-03
  -5.3642904e-03  0.0000000e+00  0.0000000e+00  0.0000000e+00
  -3.3333523e-03  2.8011804e-03]] 
