92.696472 88.604424 80.980484 86.991295 87.673569 0.027976 
94.221367 86.081276 86.091728 88.883621 84.614677 0.019782 
89.411736 87.444756 89.958870 87.256432 84.859131 0.019782 
86.176865 94.791908 93.563828 91.798927 89.881310 0.000000 
90.905472 69.799339 72.963173 75.264435 78.413002 0.027976 
92.471863 83.286339 87.778145 95.405846 87.473129 0.000000 
89.439316 74.704468 74.933327 89.636536 85.362137 0.000000 
91.271217 72.691772 85.358841 86.175446 80.914711 0.000000 
81.653351 91.441971 92.561737 86.920219 99.940056 0.000000 
88.276817 95.645256 89.450294 94.556908 92.013321 0.000000 
88.951370 83.928108 92.035202 91.384453 88.720047 0.000000 
93.832291 86.339767 84.898018 85.453537 80.125374 0.027976 
94.779961 74.892143 83.560410 83.072067 92.522682 0.000000 
94.000946 62.297607 65.050591 73.009293 69.644501 0.000000 
92.213760 89.857063 91.750542 87.846077 91.379852 0.000000 
89.753639 72.150131 81.621071 90.412262 86.773582 0.000000 
89.169510 59.994480 71.587761 80.788483 74.867722 0.019782 
85.491425 97.159767 98.501381 93.542847 93.300560 0.000000 
94.481110 77.450546 83.981194 84.991730 83.321152 0.000000 
92.982620 93.815163 97.156113 91.708626 90.263573 0.000000 
