91.790939 79.823921 87.123367 82.522728 100.919830 0.000000 
92.201874 97.121620 94.428360 95.524002 88.489754 0.034264 
90.862503 96.812645 85.625565 95.824806 82.391800 0.000000 
87.481712 85.268929 77.109818 81.301308 87.476921 0.000000 
91.854836 85.770676 86.422348 74.339119 82.257408 0.039565 
92.751015 94.495430 77.835999 86.744667 86.685188 0.027976 
92.225685 90.392853 82.307701 88.937843 105.713783 0.027976 
93.643692 88.919640 97.862480 94.104507 91.524063 0.000000 
88.458138 84.867485 91.957840 92.350365 77.083992 0.000000 
92.319267 81.841774 88.542938 93.146576 84.567986 0.027976 
