119961856.000000 5616.846680 996.968506 612855775232.000000 1486097.625000 
117606784.000000 3703.877441 279.264618 1522989793280.000000 7112678.000000 
101238264.000000 2634.552246 355.994873 633722044416.000000 1311966.625000 
114993496.000000 3357.119873 575.618958 916115881984.000000 1630699.750000 
137978192.000000 3037.263184 417.795410 273910497280.000000 905413.562500 
123553512.000000 6717.634277 534.867371 1952722583552.000000 1722038.500000 
119469104.000000 4038.550537 257.187714 1823467110400.000000 913441.875000 
98610624.000000 3734.170166 336.704803 1491452428288.000000 641576.875000 
108031216.000000 1507.289429 201.010422 596566540288.000000 969078.125000 
125238544.000000 1682.646729 1439.147339 835619127296.000000 1831144.875000 
116725128.000000 5635.698242 243.725662 933755355136.000000 2045411.500000 
119339240.000000 10245.118164 212.225876 186841284608.000000 1141654.625000 
127480840.000000 3960.540771 211.667709 2603175378944.000000 3967694.000000 
131184448.000000 5709.994629 1559.366211 828518629376.000000 2501801.500000 
101205288.000000 6478.689941 309.676849 1014857007104.000000 2080782.000000 
121952120.000000 1553.059082 602.714233 2299085455360.000000 2190574.500000 
125608760.000000 3227.659668 181.536240 1656923095040.000000 2206744.000000 
118435864.000000 1340.948608 131.772110 402566447104.000000 777394.250000 
120201096.000000 1388.040894 173.820526 480860405760.000000 815411.437500 
124761176.000000 2908.180420 1640.356323 1794620260352.000000 1133147.750000 
123985528.000000 3567.771240 473.027740 748872794112.000000 1364932.375000 
126350088.000000 6246.587402 517.385620 911141240832.000000 679074.250000 
119386032.000000 4829.459961 14620.294922 1008736600064.000000 286923.375000 
102370960.000000 2052.087402 247.502319 1628799369216.000000 1477984.000000 
116601000.000000 4161.400391 270.299591 579027861504.000000 2094470.000000 
130813840.000000 12952.171875 210.359085 1018713997312.000000 2562573.750000 
143278864.000000 3472.316406 331.604004 1927024607232.000000 1238200.875000 
131372072.000000 8206.942383 540.337769 417065697280.000000 437773.406250 
112155688.000000 2667.823486 308.999115 1183961317376.000000 1988302.375000 
126225288.000000 6834.155762 197.667221 1068927090688.000000 1425428.750000 
122417000.000000 1766.440918 215.670410 1456933175296.000000 1013400.687500 
124299568.000000 6214.389160 274.980713 1763296542720.000000 1189230.500000 
118560368.000000 3859.570557 339.895905 1605562400768.000000 1301166.250000 
112678144.000000 4067.768555 295.043640 505329582080.000000 1171842.500000 
116797136.000000 2515.486816 193.063583 2620307013632.000000 2831180.000000 
115664208.000000 17486.712891 234.380051 902040584192.000000 2506938.500000 
111128720.000000 5322.353027 176.494141 4152562548736.000000 1446237.875000 
115816376.000000 2322.397949 272.535583 1763384098816.000000 811007.312500 
130544952.000000 1418.218384 168.953384 963253895168.000000 1895058.375000 
116907368.000000 1684.048462 2073.606689 544873447424.000000 2159975.250000 
113598416.000000 7989.229980 326.772339 724542423040.000000 1370886.000000 
118031840.000000 3585.708740 298.500214 1389139853312.000000 2876120.250000 
115485752.000000 3792.628906 864.550110 1870915174400.000000 1161461.875000 
113608600.000000 2868.050537 393.139343 1256707194880.000000 5219603.000000 
135239072.000000 6253.562012 452.844849 342052143104.000000 1065496.250000 
122058992.000000 1493.387695 326.613129 1133713817600.000000 4598373.500000 
111588768.000000 2350.567871 314.107758 1107490504704.000000 2713164.750000 
124672688.000000 1146.092041 316.891998 424668168192.000000 1443804.125000 
128581136.000000 3311.504150 185.816498 420558176256.000000 1458183.250000 
130758464.000000 8006.305176 132.384247 679086325760.000000 2278172.000000 
107867696.000000 1600.205078 505.758148 626058133504.000000 882943.187500 
114576240.000000 2617.635254 1331.044434 1148276703232.000000 1775499.000000 
103324368.000000 4909.154785 638.638062 1450669637632.000000 3980863.250000 
107386792.000000 5403.280762 229.281158 218882916352.000000 667483.812500 
127003944.000000 4759.502930 275.557678 2282162749440.000000 3615091.000000 
118181992.000000 4944.374512 340.518524 1238956244992.000000 1269192.875000 
111544248.000000 3169.310303 253.800888 396794789888.000000 1419946.875000 
132051136.000000 1051.909546 767.742065 588352192512.000000 697679.875000 
120274000.000000 2425.086426 290.384460 763735703552.000000 1693202.625000 
113520784.000000 11854.670898 396.443573 1484173213696.000000 1692609.000000 
149528208.000000 9998.901367 305.399109 2242927394816.000000 2398224.250000 
109431912.000000 1658.052612 163.948807 2360190697472.000000 1193175.625000 
110631960.000000 11039.982422 649.966675 531696189440.000000 1780223.750000 
132189520.000000 1923.299438 1368.881470 753858052096.000000 1051329.750000 
112350664.000000 17370.029297 1283.710327 1701046255616.000000 5004626.500000 
124832544.000000 2943.017822 1694.847534 643447914496.000000 1650365.500000 
108954864.000000 2296.629639 158.946838 1319430127616.000000 1839395.500000 
121247088.000000 2674.542725 247.594925 686234730496.000000 1055866.625000 
120696336.000000 6768.475586 179.182999 523956027392.000000 1277174.000000 
113192104.000000 4083.272217 176.945511 797682171904.000000 1527389.125000 
110419560.000000 4591.506836 467.299164 937380347904.000000 2435289.750000 
114157432.000000 1744.883057 347.529724 2929426432000.000000 2142386.750000 
125372240.000000 3087.571777 586.941040 714672701440.000000 583702.125000 
107293344.000000 13790.647461 1222.494385 2237808508928.000000 1512175.125000 
118614584.000000 6215.363770 582.196960 391888830464.000000 408827.875000 
125360960.000000 4578.313965 221.059387 1741214187520.000000 1569061.125000 
133325200.000000 7665.122070 742.282288 1243343749120.000000 2292629.250000 
122584856.000000 1707.507202 426.786407 668514910208.000000 2392937.000000 
101966608.000000 3131.840088 188.133148 418049294336.000000 1340400.375000 
109761736.000000 5129.867188 203.246796 2224893198336.000000 1721896.625000 
115725696.000000 3216.681152 626.320801 4609675362304.000000 3938558.500000 
135126528.000000 1770.937134 231.180069 2229883633664.000000 1406086.125000 
126799392.000000 2517.317627 1032.949341 538826178560.000000 3336153.000000 
132914984.000000 10793.794922 365.651825 720775348224.000000 1317998.125000 
122301504.000000 5035.618164 266.160187 707634987008.000000 879792.125000 
131166488.000000 5151.056152 227.628265 783955656704.000000 935421.812500 
113738288.000000 2046.155273 157.106720 625690214400.000000 746569.000000 
117566544.000000 2412.684814 302.147919 694153379840.000000 857086.312500 
116437360.000000 1976.371338 278.993622 1211221278720.000000 1579416.000000 
117289136.000000 3640.141357 142.733643 458292363264.000000 789128.937500 
105532880.000000 2535.233398 637.146729 886911533056.000000 2548744.500000 
122000224.000000 4806.606934 148.908340 1411537043456.000000 841611.625000 
119998632.000000 2476.495850 260.701813 674366029824.000000 1955592.250000 
107853096.000000 25733.146484 521.518921 597913436160.000000 2718982.500000 
129819384.000000 9172.415039 731.047241 1522676400128.000000 3036755.500000 
123045592.000000 7630.054199 249.725998 1733396004864.000000 1996796.000000 
117254040.000000 5749.924316 259.734039 2076809232384.000000 3717620.000000 
113966408.000000 8294.784180 327.403931 431155642368.000000 1417623.625000 
98982736.000000 1715.633057 212.211502 508656025600.000000 1527651.375000 
131032760.000000 6941.739258 87.626251 895310888960.000000 3232792.250000 
