3.664429 
6.138038 
1.875191 
4.194303 
2.608203 
7.312504 
5.658840 
3.106365 
2.470318 
9.789698 
2.417439 
4.568116 
2.762399 
7.112217 
7.850383 
9.401997 
6.697900 
4.599798 
3.202869 
18.594398 
13.021679 
3.034512 
4.495923 
6.523038 
5.207071 
9.224809 
1.741836 
4.385779 
8.214691 
2.811891 
5.240498 
3.937713 
6.254073 
6.496572 
12.011279 
7.559993 
9.893020 
6.715638 
6.767414 
3.366930 
2.757796 
4.390503 
4.867764 
12.136992 
4.633256 
5.404907 
20.098764 
1.761612 
1.995326 
5.288315 
5.646877 
5.937202 
10.253867 
4.564635 
8.061978 
5.294106 
3.812321 
5.153556 
2.066033 
4.491806 
4.761767 
5.130740 
5.422958 
2.665145 
5.714252 
15.801929 
5.316781 
4.827780 
9.472189 
2.425667 
4.504266 
9.418171 
4.753581 
8.676316 
3.241935 
3.709112 
1.914855 
7.734355 
7.394804 
4.945282 
17.385700 
4.148100 
3.277802 
7.892072 
4.997974 
2.028172 
2.881829 
6.820992 
3.106388 
5.232695 
4.025813 
7.521458 
4.021101 
7.894619 
6.625623 
5.813457 
6.295442 
6.410076 
8.492609 
1.954316 
