62135.558594 1360.511841 1347.432983 1017.532593 218273.453125 
10421.735352 1254.956299 1005.206299 927.383789 115577.421875 
21327.464844 1511.755005 1138.015259 1155.504883 158085.640625 
12591.799805 1875.181641 1566.548462 1708.643311 226540.500000 
15979.495117 1384.103760 1097.806763 885.880920 158898.437500 
24029.291016 1275.880859 1032.903076 1044.307007 226741.828125 
18256.732422 1070.998901 1422.789307 939.396729 175145.078125 
14464.752930 1208.122559 964.128845 2194.981445 198787.187500 
3527.614746 1565.150391 1352.725952 2366.843506 158334.828125 
14801.867188 1297.460815 1503.222656 1438.603882 201259.656250 
