0.648592 
0.855543 
0.707170 
0.625095 
0.645711 
0.633941 
0.530637 
0.543658 
0.439222 
0.614976 
0.625484 
0.341530 
0.500084 
0.641521 
0.459353 
0.456594 
0.338964 
0.370233 
0.606893 
0.702769 
0.602483 
0.890731 
0.620471 
0.762892 
0.797129 
0.729176 
0.493437 
0.458587 
0.449404 
0.630240 
0.597540 
0.834529 
0.464610 
0.555590 
1.041747 
0.892350 
0.454021 
0.565956 
0.456836 
0.758014 
0.944240 
0.528055 
0.088488 
0.676098 
0.690076 
0.371927 
0.452321 
0.533246 
0.506100 
0.752607 
