851.126709 451.588837 370.704834 326.565918 221197.546875 
901.136536 501.950806 364.472382 288.839661 227285.562500 
832.484558 471.099487 331.697632 283.757660 316493.312500 
864.034424 508.092316 352.583252 340.128876 237292.343750 
828.990906 518.007202 368.477814 403.957489 189123.031250 
957.658752 584.768372 425.968567 277.600281 256708.906250 
1020.788757 553.793091 399.861542 437.652313 212633.875000 
861.825500 506.095520 403.256042 281.833038 218736.671875 
812.940613 484.066711 395.263885 370.754181 287592.156250 
903.719971 532.069458 420.573883 385.782471 224887.390625 
980.419250 596.285156 387.369232 321.761169 213543.125000 
971.746765 491.276093 380.443207 327.236237 219677.562500 
1070.399292 544.940125 404.701782 352.386322 220734.656250 
788.133789 496.288361 352.450409 256.331482 230441.843750 
1036.345825 548.432251 423.413300 351.224396 279693.343750 
730.749023 377.771912 293.302460 226.293869 255364.750000 
888.097961 453.049103 317.968292 229.193298 274954.031250 
971.708984 564.255493 538.692017 431.706268 229607.000000 
889.880188 514.137451 358.967438 280.171783 190002.812500 
840.039612 513.263977 323.389526 252.184433 289600.187500 
860.681396 479.911530 382.621857 307.242493 238815.656250 
897.380981 572.125183 494.498566 332.708252 220917.578125 
775.684265 449.116119 345.095490 243.751984 267619.406250 
930.095520 565.349487 430.491119 367.653748 305443.375000 
783.859680 508.679871 322.525177 226.097626 186777.218750 
1002.595947 573.862427 486.117432 436.809418 365645.937500 
689.965210 435.706940 313.724274 210.756729 182306.921875 
783.323792 470.832428 457.402924 383.745392 182908.062500 
855.807556 521.644165 363.968536 303.737823 217095.046875 
813.150635 476.899139 351.317841 244.735718 223540.921875 
857.201172 494.628021 371.791992 326.097778 238868.781250 
973.093994 544.769958 479.563110 451.297699 252556.734375 
881.060242 543.061523 362.893463 333.749847 258798.406250 
700.714478 384.205627 314.869904 321.373718 182684.953125 
751.706604 468.157501 358.306061 248.513412 219778.328125 
863.132935 533.799866 561.503296 550.232056 236305.796875 
813.425659 524.094910 499.524658 320.319519 262183.562500 
915.913757 518.824158 549.485107 375.014221 279991.093750 
824.620239 471.360016 366.743591 312.306641 176557.296875 
841.282104 441.254059 390.685669 271.770081 181756.328125 
806.848511 522.535217 361.004059 263.929810 201786.796875 
929.398438 445.600067 378.480255 323.697540 246267.937500 
792.749573 460.157104 378.621490 294.058563 263215.906250 
905.948242 568.989136 473.991638 433.946350 243453.312500 
807.012451 442.062012 317.687622 182.101181 199183.031250 
882.575134 607.338440 393.816132 633.299622 316824.156250 
800.773499 459.022675 331.853973 299.205109 186440.062500 
775.454651 410.909119 346.192780 269.737946 226974.046875 
842.318542 528.793640 464.058075 376.285461 319297.281250 
724.543274 405.006104 319.795868 334.964539 185730.562500 
