1.539242 
1.018678 
0.896448 
1.244746 
1.635050 
0.788529 
1.658644 
1.157836 
1.340007 
1.258922 
1.292144 
1.330131 
1.041152 
1.018898 
1.270705 
1.284310 
1.340278 
0.797264 
1.522210 
1.216441 
1.264461 
1.020956 
1.463079 
1.463770 
0.430120 
1.115296 
1.437335 
1.149887 
1.679453 
1.269119 
1.497387 
1.333225 
1.449064 
1.126525 
1.053004 
1.116704 
0.759422 
1.332569 
1.952399 
1.166799 
1.578120 
0.836728 
1.110135 
1.270449 
1.562109 
0.679841 
1.306215 
1.265442 
1.428044 
1.181013 
