85.325821 82.820854 79.803711 81.934502 86.907349 0.000000 
84.187851 76.395020 83.658096 73.940926 75.976334 0.019782 
82.821884 69.971092 80.653061 81.190430 68.073608 0.000000 
91.677216 87.194633 83.040245 98.196304 82.330261 0.000000 
90.461182 71.634674 83.573166 74.329979 86.503426 0.000000 
90.329453 91.757202 98.593376 96.903770 68.827362 0.000000 
89.611595 87.906906 79.291748 83.757660 74.297256 0.000000 
83.907303 71.552727 78.756874 84.205185 80.958595 0.027976 
87.915657 80.141251 84.748871 93.145416 85.236000 0.019782 
87.838051 86.609894 72.854401 84.297699 83.236946 0.000000 
