2230.581787 863.468628 412.223236 196.781860 63.642635 
794.661804 520.285889 252.886383 120.535263 4490.109375 
718.429016 475.072083 298.246979 177.329773 9817.974609 
609.060547 428.043304 292.046722 216.431610 15665.589844 
617.746643 362.572266 280.147766 246.027252 12572.541016 
691.338745 406.516418 284.399902 187.541077 20116.910156 
794.942871 414.722015 421.229645 278.112976 15819.101562 
586.908752 341.233948 310.486877 235.996765 22761.410156 
731.708557 345.231934 276.822418 222.553024 38753.800781 
793.018250 430.437775 349.826935 323.474854 33548.949219 
759.245850 412.148285 330.458038 229.881607 27175.937500 
816.109863 433.043762 321.581757 218.423080 35490.285156 
792.954529 482.709442 310.218872 278.143524 33543.304688 
733.696899 414.617004 265.363892 212.466675 37521.156250 
794.017578 447.221954 336.072937 219.677109 48233.953125 
623.710510 410.638336 270.288544 273.776337 34793.003906 
877.812744 510.106750 350.567413 272.441376 35371.792969 
807.411072 462.915131 293.064911 319.719055 39214.828125 
803.482971 461.327454 347.967346 285.140839 44168.332031 
791.821106 449.578400 346.483063 363.911682 43658.718750 
885.691345 469.686707 312.097748 218.912903 51754.820312 
823.350159 423.039215 274.332153 233.744293 43016.449219 
902.377686 453.062103 315.568024 247.944244 47363.132812 
863.610413 414.076782 380.596191 335.916473 57420.609375 
1858.911255 667.408569 525.765259 273.434906 63073.574219 
923.172791 556.787354 414.207520 268.245209 52120.605469 
719.394836 457.833282 294.062317 278.849823 28367.417969 
693.189331 404.609772 291.147247 179.468048 28895.927734 
795.867310 450.616180 315.685150 278.475525 41265.476562 
752.655945 469.278870 335.491791 229.556610 39708.128906 
757.955872 465.438446 293.210114 200.725143 32968.718750 
873.138550 438.320435 312.851837 214.811340 30799.779297 
761.198242 505.151611 350.364685 209.525574 45655.312500 
707.312073 406.785126 305.928040 262.400787 38864.722656 
775.311035 526.229614 363.153595 304.096802 39572.140625 
840.299744 440.012177 348.609772 248.410110 42383.625000 
839.656677 429.690338 329.621643 298.384033 57759.484375 
758.290894 497.788422 384.287720 218.550873 48680.500000 
700.218994 459.854553 280.605133 201.426270 35165.851562 
714.911743 403.933716 283.312592 231.294693 26312.437500 
740.898376 450.013123 327.391174 251.628479 39709.281250 
734.790833 469.099152 358.739807 294.125641 38150.406250 
851.198303 510.017059 468.702576 345.594482 47130.386719 
1420.352783 627.184509 372.634735 383.985687 50053.082031 
878.332947 484.138062 308.968018 249.677765 36904.699219 
752.163757 540.144287 384.501495 324.435211 34025.742188 
666.784302 430.290405 341.718231 310.871094 35827.234375 
638.256653 364.606476 279.985626 175.989944 29684.457031 
885.170898 516.557312 431.774109 340.569061 44068.902344 
725.540039 455.281250 320.824585 279.133240 28309.037109 
866.252014 478.676788 403.052155 277.017822 48648.078125 
683.679565 440.130768 257.511444 210.009979 38613.316406 
646.362427 396.662567 322.415802 212.133881 40143.730469 
799.023743 456.973389 306.244720 259.321503 44843.269531 
774.700439 462.826355 350.379883 262.405487 35518.175781 
872.775818 447.062500 344.205505 250.019623 42459.753906 
753.542358 453.285492 375.366241 353.586273 50572.058594 
595.193542 324.350281 262.754547 192.539200 34061.937500 
813.468994 441.219849 328.585052 271.211823 33831.710938 
862.343567 463.440735 434.494507 256.547668 44648.421875 
842.741028 456.966309 371.208832 263.653473 31592.855469 
816.482361 449.929443 301.915558 271.401367 43487.039062 
837.387268 534.600952 400.144745 460.219299 36709.410156 
814.291260 492.724274 327.952789 223.373138 44662.238281 
757.524719 439.453186 294.252686 285.209961 38193.050781 
640.554565 377.334595 282.900635 232.794113 27467.275391 
673.886475 413.269104 268.086395 216.413223 31302.326172 
700.462280 394.368561 283.409821 218.206131 22801.746094 
798.908813 415.090881 334.704437 242.098679 28310.527344 
720.988098 432.121674 274.685944 232.615417 26214.695312 
634.898560 429.229767 268.653961 239.523834 22717.246094 
755.302185 439.004425 409.501404 388.382416 31879.607422 
704.002380 455.889801 313.387390 192.863159 25288.292969 
697.523743 427.452759 318.426361 296.529236 37681.031250 
702.062866 419.845886 290.572723 291.465515 23262.031250 
769.332764 445.768463 358.636993 257.681580 31836.107422 
737.687256 429.618622 333.807068 248.031174 31652.675781 
630.149719 383.526611 301.251556 212.212143 21305.798828 
729.414856 482.490234 387.178619 341.215698 30710.845703 
734.825012 417.655396 314.762482 229.231400 41177.765625 
678.345886 394.474701 288.114960 173.376083 18986.628906 
590.654907 373.804413 292.718506 215.196930 18911.705078 
654.036743 395.046936 262.226868 248.570847 34580.976562 
741.404968 427.296997 329.527527 258.754120 39563.964844 
697.670349 403.537292 293.534760 285.526184 34075.273438 
754.562378 445.265228 313.059814 220.724258 32655.394531 
828.241150 611.182007 424.776611 337.463165 59750.804688 
989.131958 530.906433 322.393463 244.212036 46242.375000 
674.309875 375.412140 263.251617 184.519455 28704.583984 
738.197693 429.780182 362.968964 291.313324 42638.593750 
745.136047 418.668610 281.521057 219.079987 29550.636719 
758.257080 444.404510 377.242645 329.184784 47341.410156 
892.285522 563.605408 403.375702 282.246765 54783.781250 
767.755066 498.482483 421.138062 260.452057 64804.187500 
676.561707 376.148743 305.951599 210.026810 37073.718750 
807.462158 464.780121 299.507263 252.389526 47687.972656 
788.032043 429.562317 320.626740 313.642242 50148.968750 
762.679993 427.419556 388.813538 260.521240 38307.679688 
614.288574 406.129272 306.627289 223.283920 37755.863281 
692.992920 458.720490 277.973419 195.681747 24615.654297 
