0.000000 0.000000 0.000000 90.000000 90.146416 0.000000 
0.000000 0.000000 0.000000 90.000000 75.615311 0.000000 
0.000000 0.000000 0.000000 90.000000 90.000000 0.000000 
0.000000 0.000000 0.000000 0.000000 106.404053 0.000000 
0.000000 0.000000 0.000000 90.000000 90.000000 0.000000 
0.000000 0.000000 0.000000 90.000000 91.920418 0.000000 
0.000000 0.000000 0.000000 90.000000 106.266823 0.000000 
0.000000 0.000000 0.000000 90.000000 90.277390 0.000000 
0.000000 0.000000 0.000000 90.000000 86.267540 0.000000 
0.000000 0.000000 0.000000 90.000000 103.554947 0.000000 
0.000000 0.000000 0.000000 90.000000 93.763023 0.019782 
0.000000 0.000000 0.000000 90.000000 82.003113 0.000000 
0.000000 0.000000 0.000000 90.000000 98.048569 0.000000 
0.000000 0.000000 0.000000 0.000000 94.184303 0.000000 
0.000000 0.000000 0.000000 90.000000 92.291656 0.034264 
0.000000 0.000000 0.000000 90.000000 104.423737 0.027976 
0.000000 0.000000 0.000000 0.000000 90.000000 0.000000 
0.000000 0.000000 0.000000 0.000000 90.000000 0.000000 
0.000000 0.000000 0.000000 90.000000 86.865822 0.000000 
0.000000 0.000000 0.000000 90.000000 74.404167 0.000000 
0.000000 0.000000 90.000000 90.000000 96.851318 0.034264 
0.000000 0.000000 0.000000 90.000000 90.779633 0.000000 
0.000000 0.000000 0.000000 90.000000 105.027039 0.000000 
0.000000 0.000000 0.000000 90.000000 100.802429 0.019782 
0.000000 0.000000 0.000000 90.000000 90.000000 0.000000 
0.000000 0.000000 0.000000 90.000000 99.762848 0.027976 
0.000000 0.000000 0.000000 0.000000 90.000000 0.000000 
0.000000 0.000000 0.000000 90.000000 83.027245 0.027976 
0.000000 0.000000 0.000000 90.000000 72.944687 0.019782 
0.000000 0.000000 0.000000 90.000000 74.050247 0.000000 
0.000000 0.000000 0.000000 0.000000 96.502457 0.000000 
0.000000 0.000000 0.000000 90.000000 90.000000 0.027976 
0.000000 0.000000 0.000000 90.000000 113.119286 0.027976 
0.000000 0.000000 0.000000 90.000000 76.791718 0.019782 
0.000000 0.000000 0.000000 90.000000 84.408691 0.027976 
0.000000 0.000000 0.000000 0.000000 90.000000 0.000000 
0.000000 0.000000 0.000000 90.000000 110.242470 0.000000 
0.000000 0.000000 0.000000 90.000000 72.822189 0.000000 
0.000000 0.000000 0.000000 90.000000 86.186752 0.000000 
0.000000 0.000000 0.000000 90.000000 103.686890 0.000000 
0.000000 0.000000 0.000000 90.000000 77.982079 0.019782 
0.000000 0.000000 0.000000 90.000000 78.898941 0.000000 
0.000000 0.000000 0.000000 90.000000 84.963165 0.000000 
0.000000 0.000000 0.000000 90.000000 98.176788 0.000000 
0.000000 0.000000 0.000000 0.000000 90.000000 0.019782 
0.000000 0.000000 0.000000 90.000000 85.003067 0.019782 
0.000000 0.000000 0.000000 90.000000 82.773766 0.019782 
0.000000 0.000000 0.000000 90.000000 104.294510 0.000000 
0.000000 0.000000 0.000000 90.000000 83.997505 0.019782 
0.000000 0.000000 0.000000 90.000000 84.295021 0.034264 
