714.907104 441.307922 253.496841 183.957932 63788.132812 
508.238586 286.779419 172.744263 152.266724 55322.765625 
952.220520 618.021606 379.616180 283.954346 79052.562500 
884.582947 477.027100 370.991699 174.488434 67568.695312 
539.856995 336.809448 177.417511 115.933266 54423.382812 
912.267578 536.137695 331.436188 176.666046 63764.625000 
593.151062 381.365204 199.119812 108.604965 58758.140625 
447.085480 292.746979 175.201294 167.066055 60959.296875 
560.472595 365.987732 251.278717 128.675522 80465.023438 
885.440247 817.735046 616.031738 508.386871 81090.000000 
559.700439 379.440948 272.063416 138.468597 59063.593750 
881.447632 625.670593 555.439941 268.185852 60509.605469 
585.541260 344.359528 244.773438 154.831741 65226.820312 
569.112305 357.341492 204.766479 216.464798 56872.031250 
702.464905 391.471039 248.559357 138.497910 73420.031250 
356.354614 268.284058 165.055206 94.896080 57678.367188 
514.335632 325.244019 285.359375 139.287796 74701.757812 
878.876465 595.803406 373.506012 264.600464 54531.207031 
672.330872 392.771149 259.857758 145.009186 47637.886719 
780.586914 467.769165 246.019806 128.891647 71955.718750 
587.512146 378.598419 179.940521 135.360092 70923.210938 
512.439148 384.748138 203.183029 139.315689 57153.980469 
649.151367 441.977783 226.881516 271.295380 60842.167969 
730.614929 477.744293 268.930908 225.228622 80289.835938 
496.718994 341.744263 155.977768 108.500237 55828.953125 
735.468384 445.758148 267.824005 168.005600 65522.148438 
559.285156 322.312775 208.641327 74.558815 57028.714844 
487.548981 344.168427 181.124832 131.155594 49054.597656 
637.697754 486.850525 345.499756 151.568893 57725.078125 
483.846100 334.548065 186.074997 125.720917 56177.085938 
728.651794 451.055756 240.242935 180.155426 61981.183594 
591.434204 382.113342 196.759384 121.443878 76591.726562 
1194.852539 843.849182 634.130005 612.323914 79080.656250 
532.867493 411.472870 238.960968 140.508270 63813.972656 
464.659241 295.297394 190.056488 118.711365 62572.933594 
734.962341 543.014404 450.049438 328.118042 52480.164062 
918.928040 611.157959 399.693817 219.305496 92194.718750 
465.683807 399.550903 307.862030 161.186111 66635.007812 
621.843445 517.450623 153.214966 137.105804 54866.828125 
600.818298 332.227966 241.848511 206.223114 50592.484375 
830.348145 490.114624 279.210236 153.264679 63721.015625 
647.918640 365.449432 304.912445 162.075745 65885.539062 
759.946167 496.408722 239.662888 153.971405 70007.562500 
742.740784 415.128265 266.873932 159.013611 61233.652344 
547.309875 379.122986 198.026855 139.058945 57957.507812 
620.676086 413.473083 231.338089 205.005447 70265.539062 
546.888489 349.630890 271.435883 192.295532 55624.886719 
654.230225 465.821045 356.221558 223.857925 70058.000000 
663.966980 355.767761 226.515976 170.118332 76994.289062 
439.906708 287.159515 250.310928 145.574783 55885.144531 
