5.766125 6.611265 5.265405 6.095288 0.193827 0.019782 
4.868241 4.144158 4.221878 5.119559 0.146710 0.027976 
4.063125 4.204959 4.896370 4.464755 0.301316 0.027976 
3.295981 5.243178 4.160854 3.129377 0.523767 0.027976 
5.584126 5.016728 3.819417 3.008432 0.234902 0.000000 
3.747111 3.723206 4.979332 3.443725 0.409739 0.019782 
5.642224 5.714157 5.666798 5.585740 0.381035 0.027976 
5.095084 5.717929 3.885797 2.516684 0.228141 0.027976 
4.725675 3.535571 4.223640 3.016880 0.224684 0.000000 
2.849637 3.808017 3.717627 3.192059 0.202709 0.000000 
4.143214 4.932606 4.286285 4.133181 0.157017 0.027976 
4.977600 5.572497 5.134463 4.248376 0.307105 0.000000 
4.100357 3.776209 3.601141 2.677738 0.217606 0.039565 
4.670176 4.670428 3.942878 3.550823 0.187672 0.000000 
3.821928 4.251279 3.019798 2.607820 0.163129 0.000000 
3.501069 3.548341 3.345505 3.175086 0.193827 0.019782 
4.071983 3.532912 3.535627 4.135312 0.129722 0.027976 
3.785687 4.268749 3.383619 5.975927 0.422436 0.027976 
4.580736 5.488266 6.426021 7.163029 0.399585 0.000000 
3.962941 3.332547 3.429939 3.835225 0.234068 0.027976 
3.201185 3.685571 3.578671 3.838084 0.183454 0.019782 
3.982117 4.463965 3.789667 3.322309 0.290066 0.000000 
3.646904 4.424300 4.171947 5.374068 0.403483 0.000000 
3.894908 3.709243 4.244548 2.838625 0.287355 0.000000 
4.402242 5.660466 5.377167 6.909271 0.364232 0.000000 
3.264228 3.254437 3.198798 3.348955 0.195835 0.039565 
4.428724 4.338018 4.032549 4.772575 0.309010 0.000000 
3.905853 4.310208 3.467973 2.663666 0.153233 0.027976 
3.748417 3.365110 3.602772 2.958103 0.263930 0.000000 
3.981330 4.552254 3.162298 3.134440 0.121947 0.000000 
2.799392 2.782911 2.647893 3.337360 0.205584 0.027976 
4.674537 3.926254 3.268004 4.422528 0.203672 0.000000 
2.784459 3.767644 2.228356 2.049086 0.214891 0.019782 
3.204485 3.533078 3.105388 2.552670 0.182384 0.019782 
5.144261 4.972323 4.813610 4.807909 0.223812 0.000000 
2.876848 2.836418 3.906454 4.189888 0.389668 0.019782 
5.247475 5.557812 5.053810 4.609042 0.297394 0.019782 
3.105640 3.294733 3.470062 2.355760 0.170174 0.039565 
5.789770 5.385324 4.318742 4.084373 0.271242 0.000000 
4.240393 5.046283 4.827386 4.168284 0.235734 0.034264 
3.931837 3.561889 2.671371 2.506162 0.315899 0.000000 
3.596626 2.983997 2.989568 1.906802 0.170174 0.019782 
4.021364 4.774340 3.739893 2.925497 0.205584 0.000000 
3.180323 4.542950 4.602152 4.819629 0.149353 0.027976 
2.895026 3.699570 3.465149 3.340175 0.178041 0.000000 
3.672532 3.855137 4.791296 3.110302 0.200769 0.000000 
7.576705 9.005229 10.119757 14.096863 0.616438 0.027976 
5.494190 6.921581 5.716866 4.255653 0.172459 0.019782 
3.941984 3.099457 3.165206 3.756818 0.088469 0.000000 
3.388303 4.438620 5.173847 2.614866 0.160713 0.000000 
