34.703220 13.922559 15.353053 27.547209 20.791729 0.000000 
44.639462 29.282825 32.230003 43.680210 50.716686 0.000000 
30.696753 14.661528 18.453606 30.537939 34.218102 0.000000 
28.255548 7.921518 7.331841 9.437485 17.070984 0.027976 
33.806923 16.031799 16.575583 20.766710 29.867783 0.000000 
45.370575 18.600378 19.257906 24.850590 41.983322 0.000000 
21.827509 12.531565 13.624837 19.285398 30.911037 0.000000 
34.060234 17.927698 17.864552 22.845705 22.921505 0.000000 
26.786560 6.250342 8.462923 15.447882 13.528543 0.000000 
19.300138 6.100143 5.357561 7.273298 3.805446 0.034264 
21.300255 6.983985 5.984416 7.446767 7.032547 0.000000 
31.446730 10.022461 9.586896 17.127735 29.113964 0.000000 
37.111515 24.287336 25.628864 30.154289 21.923721 0.019782 
35.005650 8.808278 9.144562 12.387219 16.787271 0.000000 
21.511183 9.137145 6.994707 8.208582 8.414192 0.019782 
24.943369 13.004326 18.830053 23.367935 51.577644 0.000000 
33.373596 17.537872 18.396469 22.869062 31.601299 0.000000 
26.447111 12.164617 11.947151 16.409986 22.746361 0.000000 
28.752428 9.427608 10.290021 14.747552 15.639123 0.000000 
32.093422 17.165382 17.340895 23.836828 34.973114 0.000000 
