91.159134 87.248009 88.524590 87.102356 89.528984 0.019782 
84.211670 95.356506 148.095032 148.106171 75.971542 0.000000 
91.056030 119.410461 149.085861 151.101685 88.091965 0.000000 
82.887840 99.793571 156.237610 153.152115 82.615303 0.000000 
89.618927 92.607483 143.095688 151.443008 91.095818 0.034264 
87.962601 82.382545 127.638939 144.606750 76.375740 0.019782 
90.804932 72.592392 82.883507 119.590462 81.729156 0.019782 
91.233963 73.180756 83.122704 102.348129 64.636147 0.000000 
93.451790 42.411587 42.584953 36.925575 26.653316 0.027976 
89.822212 49.661556 52.769043 40.929344 32.397179 0.000000 
90.030815 57.797256 67.791992 57.618050 42.219707 0.000000 
88.060722 39.646942 37.940826 39.809235 24.425402 0.000000 
88.663460 43.925365 39.606354 36.567207 29.896868 0.019782 
85.769806 52.419014 45.151096 33.812943 32.492180 0.000000 
90.463440 47.943687 40.803135 33.504444 35.791920 0.019782 
86.933044 51.156017 41.855286 30.994944 28.596331 0.000000 
88.465927 71.150108 77.762657 71.522835 49.028248 0.000000 
85.133980 53.737736 50.620487 44.745296 39.013214 0.000000 
90.529541 66.098038 63.783638 54.264896 52.999126 0.000000 
89.904755 82.480301 78.273979 91.581001 64.955193 0.000000 
91.676559 73.411674 82.506752 81.622147 64.824280 0.000000 
92.146675 66.247879 80.622604 81.840530 76.601936 0.000000 
91.688812 86.734497 93.795616 105.141449 67.028069 0.000000 
90.318687 82.511780 86.868095 83.014618 67.294907 0.000000 
90.452515 90.364929 91.487640 87.649498 65.618919 0.000000 
88.826210 79.426315 71.905319 80.283134 73.187294 0.019782 
90.419296 74.598274 79.417427 82.495605 76.289925 0.000000 
84.837364 92.387978 96.658821 94.468353 75.490753 0.019782 
88.421555 86.018707 96.769035 83.313782 44.519989 0.000000 
89.323524 88.323891 82.537491 84.385376 73.368591 0.000000 
88.606979 88.971245 90.938560 99.926430 87.772400 0.000000 
94.412048 84.095917 80.790337 88.561989 82.547012 0.000000 
91.687958 88.656952 81.166321 70.809029 53.616753 0.000000 
88.437103 84.184639 82.237045 83.695610 48.733963 0.027976 
86.911980 71.012138 77.466988 87.035843 69.686470 0.034264 
94.396988 77.769196 65.266006 69.443718 58.323078 0.019782 
90.521828 77.466049 70.480431 70.002617 80.883049 0.000000 
86.469917 65.386642 67.548119 67.802696 53.376083 0.019782 
87.102112 85.181320 82.515549 85.290413 58.431278 0.000000 
90.887321 68.401237 70.971642 64.155304 51.738644 0.000000 
91.789452 96.694183 72.040779 74.297508 51.281456 0.000000 
93.072746 88.262665 92.950676 82.581207 56.823452 0.027976 
88.356438 76.504059 80.608635 84.697586 62.870399 0.019782 
86.164177 84.466248 82.378670 77.101540 51.613297 0.000000 
94.914383 75.033577 63.901470 65.086166 57.957623 0.000000 
87.602356 86.420303 86.803604 89.327515 79.132896 0.019782 
93.660316 86.110970 71.048256 74.440285 68.036514 0.027976 
89.651840 91.175156 88.203903 76.626312 79.831123 0.000000 
89.064957 90.270508 87.791893 91.147163 69.835480 0.000000 
92.784821 76.342308 77.768745 76.672516 72.669395 0.000000 
85.734711 78.543274 83.794685 70.506088 53.536446 0.000000 
83.972267 84.072479 94.149094 84.366203 56.970425 0.000000 
91.356750 78.293640 77.183846 59.072514 59.502220 0.019782 
88.055771 83.657570 77.556526 72.457146 61.846375 0.000000 
85.700974 83.777634 78.013817 77.330276 58.397636 0.000000 
86.685944 74.829071 75.449188 80.989700 58.370296 0.019782 
92.489395 85.226387 83.778053 84.120705 58.993427 0.000000 
91.906517 80.877823 84.934425 85.491013 58.247375 0.000000 
91.990181 91.012856 85.305092 84.546310 71.474426 0.000000 
95.059563 78.557495 63.910542 67.077377 64.264145 0.000000 
92.060349 83.858002 81.460457 80.737823 66.989723 0.000000 
93.876427 80.406761 85.405594 88.340820 79.621178 0.019782 
88.657143 70.389969 86.729843 70.821167 54.449120 0.000000 
87.016220 82.319183 72.511711 79.080414 74.531578 0.019782 
83.284286 68.232788 87.895515 66.954117 44.827454 0.000000 
91.922935 70.394341 77.320702 74.538963 59.252731 0.019782 
87.596718 78.449203 78.622284 92.284897 72.355797 0.000000 
89.980133 80.453751 86.167137 74.025543 60.249561 0.019782 
95.765411 74.523552 72.040497 78.610992 55.876137 0.027976 
90.839966 92.450600 79.739777 72.878693 44.606731 0.000000 
85.575478 71.915810 66.750603 72.484764 61.295715 0.000000 
87.991341 65.495659 66.229782 60.475544 61.895863 0.000000 
90.702782 78.101479 68.682899 69.702377 50.250553 0.019782 
91.674286 69.097694 70.737862 73.144386 68.698914 0.000000 
95.266624 88.959244 76.529961 83.922386 58.392723 0.019782 
89.376961 80.361305 74.484581 73.478661 61.277683 0.000000 
88.084290 97.896866 84.853889 93.734108 67.126205 0.000000 
87.974739 87.503548 82.907883 63.754074 59.507706 0.027976 
90.351189 76.267006 76.291145 76.482796 71.966484 0.000000 
86.633400 97.390358 91.963531 88.825951 74.027084 0.000000 
89.940361 93.981613 73.598495 72.348473 61.248310 0.000000 
82.799133 82.356644 80.472672 68.993172 55.649864 0.000000 
91.539772 69.354347 73.765198 73.250641 46.249763 0.000000 
86.140556 89.031502 82.430054 77.559166 62.591156 0.027976 
87.626579 83.089096 78.485901 79.805687 53.648769 0.019782 
90.434631 76.515175 66.705536 67.140892 61.652740 0.000000 
89.385773 95.659142 98.041733 79.587112 54.890476 0.000000 
90.946762 78.953629 71.464775 61.132183 48.555225 0.000000 
91.034195 87.248466 84.453262 71.513939 54.430786 0.000000 
95.529343 87.237473 86.604324 87.174614 61.420322 0.027976 
98.550056 75.932129 78.060188 77.064545 47.057304 0.019782 
90.614372 75.591347 79.332886 71.380463 56.885757 0.019782 
92.004028 81.009499 74.566528 64.301544 58.720474 0.019782 
87.982780 68.066383 75.989830 66.551682 48.962353 0.000000 
83.263412 77.554871 73.327652 73.333130 60.234795 0.000000 
94.559128 77.256805 71.352211 75.433090 64.087250 0.034264 
91.006241 78.939850 79.248718 84.227921 63.394569 0.000000 
92.325241 95.380074 82.566254 83.060349 71.199020 0.027976 
94.127510 74.916855 73.470528 81.000946 52.829166 0.000000 
89.308586 73.371819 65.811920 80.387909 55.437656 0.027976 
91.766991 76.364609 73.324150 63.883026 51.381325 0.000000 
81.494614 79.348572 71.060822 61.470238 53.020401 0.000000 
91.288002 63.295906 64.312691 57.288410 45.679443 0.000000 
91.982079 81.060204 89.737839 88.169922 61.826065 0.000000 
88.411652 86.378525 73.462166 78.203201 57.520996 0.000000 
83.945061 72.210754 60.794853 54.641476 36.184418 0.019782 
87.684303 68.278587 67.843658 62.155674 49.298683 0.000000 
86.434013 68.748169 58.905285 58.495842 45.983231 0.019782 
90.879700 65.977180 55.920467 60.208839 45.973110 0.000000 
87.345604 87.544159 82.452766 78.136963 58.294624 0.000000 
89.498970 90.692291 75.046135 62.428181 48.996620 0.000000 
93.187302 73.580956 83.858604 82.151146 68.733322 0.000000 
87.341537 78.889511 79.451080 67.790047 51.802906 0.000000 
85.288528 86.783928 76.362854 78.679512 47.450592 0.019782 
88.107437 77.732475 69.579445 80.216583 43.976784 0.000000 
86.123451 82.721710 73.363510 79.935944 42.296764 0.000000 
88.609756 87.169830 87.828499 67.092773 39.093746 0.019782 
91.936317 69.593964 65.600426 53.290390 50.037800 0.000000 
84.001549 63.738178 64.886139 63.854454 44.245457 0.000000 
88.240944 69.192734 67.072334 74.475906 65.680031 0.000000 
90.750923 78.417961 74.948380 62.540230 47.340149 0.000000 
91.075218 56.463989 62.341675 57.609318 33.918560 0.019782 
91.053177 74.078529 65.907143 63.626869 46.340611 0.000000 
91.340477 79.646111 83.770508 63.697964 45.184998 0.034264 
82.934456 70.572937 63.973000 61.531708 38.223640 0.000000 
92.370491 88.232391 85.052956 79.136230 62.127899 0.000000 
92.497177 74.757210 81.467567 73.399765 53.910141 0.000000 
90.198769 64.682571 83.351036 68.938438 55.055115 0.000000 
86.831100 60.097733 59.296982 64.792961 43.629768 0.000000 
91.661209 78.301971 75.013634 76.326584 52.433590 0.027976 
86.617928 70.119293 68.601486 60.526077 46.022228 0.000000 
90.675873 89.608620 89.538681 79.566925 53.266205 0.000000 
91.324387 71.257462 63.033081 60.783298 43.233967 0.000000 
83.912277 71.954895 72.498070 56.881416 40.247387 0.000000 
90.291618 74.034149 72.918777 72.871918 62.995228 0.019782 
89.819763 78.629852 86.055428 60.544407 48.620319 0.019782 
88.845818 79.624283 65.067421 61.110001 48.496803 0.019782 
79.838142 77.205246 77.510208 66.664375 48.694180 0.027976 
92.894875 83.506889 92.190277 76.129227 47.900913 0.000000 
83.030678 78.877190 79.817932 91.207153 73.969994 0.000000 
90.456909 83.909363 81.957169 71.555061 49.956867 0.019782 
86.317299 68.837227 64.957893 53.811535 53.097290 0.027976 
90.196465 85.623650 74.743484 63.670227 47.894936 0.000000 
88.160675 76.967339 70.924164 66.867317 44.499470 0.000000 
96.178772 79.207085 69.198853 68.101952 53.685558 0.000000 
87.874237 68.103447 78.075073 80.535278 47.614578 0.000000 
87.953758 72.399399 77.319931 68.656601 47.355080 0.000000 
91.418190 85.265381 84.546326 60.234947 61.611553 0.019782 
89.491508 66.050079 75.480240 64.526367 45.717476 0.000000 
90.952179 92.814293 74.051445 67.379951 48.980343 0.027976 
89.943085 64.483727 56.369675 58.010929 53.109955 0.000000 
90.982445 80.209305 70.697571 64.688019 39.564735 0.027976 
92.725456 74.084999 77.121132 63.836079 36.901215 0.027976 
90.435402 70.889168 84.012573 64.523918 42.738804 0.000000 
89.560150 77.343735 64.614853 70.608261 54.160763 0.000000 
89.435173 87.786362 86.227249 71.510246 50.572689 0.000000 
86.443123 65.271996 74.828323 64.727104 41.123322 0.000000 
87.799515 82.775665 71.447128 64.307869 37.595512 0.027976 
87.213165 81.128960 75.610435 73.179840 42.597504 0.000000 
93.056282 75.609108 74.970680 62.160252 47.060329 0.000000 
94.071877 76.827042 85.540627 73.636650 47.230164 0.027976 
89.581627 74.633194 63.269371 57.814556 62.446938 0.000000 
96.348274 63.543167 78.131210 71.790405 51.218300 0.000000 
93.509216 77.245583 63.540241 58.559380 43.065922 0.000000 
97.682793 71.698509 73.191864 80.428940 57.821648 0.000000 
91.251595 76.568932 72.520737 66.743576 48.443771 0.000000 
94.128838 75.224930 68.160141 62.103020 46.726681 0.000000 
93.215157 72.760902 66.905197 67.978439 44.605862 0.000000 
87.755028 73.239761 65.655540 53.532261 43.359978 0.027976 
93.495850 70.318359 74.457115 49.210747 33.510975 0.000000 
91.294067 76.818169 73.628967 75.304008 45.910130 0.027976 
90.611092 73.070595 67.821960 60.989204 37.918373 0.000000 
91.092926 67.241356 81.162956 60.753105 45.740650 0.000000 
88.548782 87.024979 83.367668 67.050377 51.318001 0.034264 
88.256821 72.813042 74.137199 64.865616 46.057678 0.019782 
81.731033 73.787735 80.972824 74.205338 58.694077 0.000000 
89.778969 84.292191 70.853828 64.998398 45.500275 0.034264 
94.827202 79.143127 80.782600 56.451118 46.984375 0.000000 
87.228386 75.272148 74.557671 73.300865 46.252296 0.000000 
89.040138 66.254021 72.637932 58.228073 43.287796 0.000000 
90.725998 76.634705 76.052750 61.320499 37.148354 0.000000 
86.578857 78.609619 79.718590 81.899712 46.663628 0.000000 
89.356644 75.648949 67.218452 78.473160 44.187241 0.000000 
87.118668 90.803543 85.339073 64.921486 42.956310 0.019782 
84.674835 67.827400 65.074829 58.540146 41.772556 0.000000 
88.134644 65.692986 65.484535 65.299927 46.924644 0.019782 
85.437477 86.862030 73.294876 64.646805 58.004929 0.000000 
91.067123 62.898212 63.257534 51.843712 36.306942 0.019782 
90.707474 70.948746 67.279037 60.566235 43.370289 0.000000 
92.357834 64.992058 60.296703 67.438675 44.789978 0.000000 
90.151939 79.778809 78.148308 70.610435 54.563721 0.000000 
88.170357 60.031353 48.542233 53.380226 34.914635 0.000000 
92.630600 69.213120 68.931343 64.292854 38.911533 0.000000 
83.769844 59.967247 60.876347 53.601078 39.471676 0.000000 
92.893211 73.185059 79.712418 58.632023 41.376472 0.000000 
89.687622 60.812164 60.867268 55.679222 35.202095 0.019782 
78.011742 86.860039 86.958878 57.806400 42.812946 0.027976 
90.622231 80.517845 80.861481 67.213287 35.515472 0.000000 
88.983871 63.815918 68.034706 55.643539 43.350803 0.019782 
88.600868 79.132690 60.866817 65.679131 45.141342 0.027976 
89.138588 86.592285 81.028763 76.942429 45.736950 0.027976 
88.691605 76.470070 74.058922 67.952415 37.550087 0.000000 
93.630302 72.597717 70.148537 59.489975 39.222530 0.027976 
97.151703 75.264847 74.982300 60.015190 51.243195 0.019782 
91.008316 89.947968 87.382828 69.238983 41.551243 0.034264 
89.025940 80.028641 75.013039 77.034004 58.007675 0.000000 
95.129211 75.537582 79.039093 74.993019 45.353832 0.019782 
95.939743 77.258980 76.283218 63.538113 49.158115 0.000000 
87.418793 64.646034 70.834412 64.865417 50.397865 0.000000 
90.631607 82.706528 78.759926 62.138035 46.377033 0.034264 
81.696594 60.540474 64.240227 70.068504 41.174709 0.000000 
98.263115 74.006981 67.606880 62.690834 51.628860 0.027976 
86.489822 78.851051 70.473160 71.855522 45.009037 0.000000 
86.879456 67.227905 68.581787 72.630379 44.094921 0.019782 
85.562065 67.028702 66.014389 68.294189 47.995392 0.000000 
90.438377 61.418507 73.050285 64.466049 45.636848 0.000000 
82.365349 69.463074 57.424614 62.465195 44.811565 0.000000 
91.078140 71.833260 66.101402 73.470497 50.988388 0.000000 
85.075493 70.992958 70.067230 56.983883 44.344578 0.000000 
92.264473 75.541718 69.254547 44.081715 45.894318 0.019782 
87.884933 66.703598 59.935905 66.757294 34.751827 0.019782 
90.396690 73.513847 69.996330 64.995529 45.441715 0.000000 
82.972252 59.363121 54.715805 56.267242 36.627346 0.000000 
87.337639 63.224560 72.058800 64.765900 37.101311 0.000000 
89.380554 76.970314 84.756599 67.346909 53.434322 0.019782 
85.726151 61.328102 55.671852 51.653336 45.745945 0.000000 
86.517746 68.955574 61.470669 51.760704 38.561241 0.027976 
87.541229 81.035530 67.020805 63.604874 35.017521 0.000000 
91.501328 81.174721 70.281403 57.738087 42.339722 0.019782 
97.038368 69.945419 77.147278 63.013874 40.957401 0.027976 
90.571167 65.248756 73.493805 62.785084 43.696121 0.019782 
84.031395 70.061050 67.935242 56.518307 38.645027 0.000000 
83.604156 82.769691 78.849533 72.151413 60.317822 0.000000 
88.180443 70.487862 72.643608 68.392883 41.922756 0.000000 
82.363525 67.354050 64.708679 65.467476 51.910126 0.027976 
85.771240 72.466385 78.986504 68.442360 47.391548 0.000000 
88.429382 71.275177 76.306465 70.270065 37.494171 0.000000 
93.086784 78.212646 69.905792 57.634720 30.634846 0.000000 
81.520134 59.821358 69.014084 61.146076 41.506733 0.027976 
88.189362 77.592232 74.705040 72.727661 49.444118 0.027976 
87.245613 78.261971 67.150757 61.486614 46.090588 0.000000 
88.069695 65.610550 59.646782 60.488018 40.228878 0.019782 
92.431931 69.573402 74.391167 55.770523 37.008133 0.000000 
88.886040 71.241318 58.028294 52.364712 34.436550 0.027976 
77.639000 62.997223 54.387302 58.107594 38.253559 0.000000 
92.870659 67.159561 73.980797 56.965874 41.848145 0.000000 
88.961571 67.033188 58.442524 50.686180 43.442123 0.000000 
91.958221 73.527229 58.863197 46.167114 33.039822 0.000000 
92.319130 55.730949 54.282673 53.633469 34.557003 0.000000 
85.559555 49.293301 46.128311 44.875324 43.685116 0.000000 
86.094353 82.039932 75.098373 61.382927 34.958202 0.000000 
84.265434 73.954933 68.985725 61.153332 43.096317 0.000000 
84.390594 68.001015 61.058708 56.192490 37.786682 0.027976 
91.714684 63.130768 54.247639 51.593384 40.992092 0.027976 
87.015556 63.362598 73.937515 73.804665 50.424488 0.000000 
88.710663 75.455673 75.491730 63.600124 34.031963 0.027976 
92.729286 74.007202 68.095154 59.239635 43.031918 0.000000 
89.307968 76.048798 67.065247 61.254223 35.439568 0.000000 
89.284210 79.097557 80.402039 76.530121 46.618313 0.027976 
96.153625 77.844971 85.365631 67.166214 46.537746 0.000000 
88.482178 66.704315 69.965164 58.010071 37.425957 0.039565 
91.334106 94.305374 84.164406 67.531525 31.794662 0.000000 
94.763603 75.917343 73.024696 59.767612 50.720078 0.034264 
89.258591 66.971657 76.928116 52.221428 41.243820 0.000000 
82.296097 75.781105 93.520210 67.103630 41.825279 0.019782 
90.559868 62.063763 72.749779 53.946465 37.065701 0.019782 
88.142113 49.259319 58.672832 43.404556 39.915878 0.019782 
89.498116 65.396072 65.501854 59.913311 39.108334 0.000000 
87.914658 69.145699 73.623016 65.764839 42.198639 0.000000 
86.681610 69.159050 68.811638 68.662621 38.491505 0.000000 
88.655899 60.427254 79.418190 64.267326 47.530937 0.019782 
92.713310 69.010780 70.130997 67.424179 36.901272 0.000000 
86.692436 66.179245 68.345886 68.403519 45.926311 0.000000 
91.993149 80.545876 84.576347 83.352310 36.099300 0.000000 
86.804153 59.905922 57.726246 54.627983 35.234047 0.000000 
85.476822 65.201515 62.577862 57.093128 33.469700 0.019782 
84.197441 71.234390 68.968819 67.692276 47.238785 0.000000 
86.038879 69.344513 65.195724 59.449257 39.842205 0.000000 
91.474998 70.437904 63.120411 57.595867 39.887817 0.000000 
92.965996 73.073975 76.736816 68.228119 42.730858 0.027976 
89.750191 89.940552 85.116096 74.334915 56.347427 0.000000 
91.987930 74.101669 87.040176 68.528175 48.928967 0.000000 
90.638519 87.252495 83.212845 69.716446 49.829109 0.000000 
94.815643 69.059669 65.929176 75.441505 49.196503 0.000000 
86.946388 74.570953 64.138214 55.314507 45.894882 0.027976 
94.298355 66.895020 61.049622 59.581120 49.229050 0.019782 
92.002861 80.425598 53.686947 53.128452 43.190094 0.000000 
79.020950 65.855888 65.891068 59.566139 39.962498 0.000000 
90.177574 72.863968 55.657635 42.095879 36.397472 0.000000 
85.459427 66.618195 64.032417 51.805965 32.641857 0.000000 
81.022041 44.623322 59.984848 61.277561 44.205467 0.000000 
86.826591 57.751678 54.495930 46.132320 25.458511 0.000000 
99.890663 49.523823 37.816761 33.520195 25.449638 0.000000 
89.304092 55.862656 57.293350 46.475830 33.799904 0.027976 
83.996559 61.647697 56.691864 46.636024 28.109236 0.000000 
95.214035 59.127541 51.207367 50.543652 32.640961 0.019782 
90.195496 65.777924 63.692822 50.480904 29.503710 0.000000 
87.464729 56.108498 52.740093 41.180008 30.551077 0.000000 
87.065910 49.219421 61.141453 49.129177 32.410049 0.019782 
84.198715 57.397430 53.693226 41.096382 28.037674 0.027976 
89.730392 75.810425 70.402138 59.299160 37.173519 0.000000 
87.639290 78.594521 76.024040 63.384693 31.182423 0.000000 
85.839340 81.977005 69.674988 64.175850 36.464184 0.000000 
89.470779 83.547318 86.383011 73.532410 47.262867 0.000000 
89.175468 70.568970 74.640175 48.809704 35.535255 0.000000 
85.550049 93.502075 84.511787 73.760040 52.231152 0.000000 
88.005653 83.849976 89.091316 73.650581 44.302254 0.027976 
91.839600 85.972916 77.592407 66.783745 51.286999 0.019782 
90.912148 70.217361 72.388268 60.091019 36.430992 0.000000 
88.303574 77.296959 72.868965 55.455654 36.334164 0.000000 
86.586899 67.400703 53.550488 50.433647 32.836849 0.000000 
94.673294 65.998680 55.344765 44.336117 37.787277 0.000000 
88.395996 42.396378 55.078373 37.442959 26.195562 0.000000 
85.388939 60.264740 59.866360 50.904720 36.781570 0.019782 
86.936401 50.058235 35.894917 39.307381 30.539099 0.027976 
90.968140 48.985210 46.197144 42.077869 28.735376 0.034264 
91.166306 67.200066 57.140060 48.934036 36.247406 0.000000 
83.019157 60.656601 47.892078 38.110920 30.427631 0.000000 
86.173286 72.315002 61.666908 54.858131 25.283310 0.019782 
84.174026 60.038616 54.893055 42.931110 32.861122 0.000000 
86.989014 67.407776 65.075089 62.886635 44.467182 0.000000 
87.149956 73.089256 64.380409 66.239426 40.920300 0.000000 
85.648499 81.816460 77.152351 61.207756 40.994244 0.034264 
95.294250 74.815430 54.625370 49.363068 31.810957 0.034264 
93.160049 79.444984 77.641296 69.697800 33.671474 0.000000 
87.307114 76.597549 71.112251 76.088715 44.401215 0.000000 
86.102730 81.924324 75.698883 64.484863 36.745968 0.000000 
85.970894 76.685753 70.077385 48.964352 45.781425 0.000000 
86.642998 68.294273 69.399429 58.016201 38.375340 0.000000 
95.463158 86.140282 79.057343 68.698936 45.224667 0.000000 
90.550903 78.642647 73.477722 58.293858 42.257439 0.027976 
87.881325 62.558533 68.007950 62.195808 45.823265 0.019782 
91.039215 68.525215 71.840752 61.834423 37.830921 0.000000 
82.224869 73.155365 74.031601 53.271534 41.295380 0.000000 
87.911491 54.247547 56.811237 55.361095 43.768948 0.027976 
88.365784 53.865170 47.731216 36.091503 34.918003 0.000000 
86.317810 59.917175 56.115864 41.116135 45.717392 0.019782 
91.903572 74.401878 62.206699 50.898365 29.446724 0.027976 
94.247620 60.522133 60.772064 48.905399 28.907293 0.000000 
87.572311 71.950424 75.670372 73.196533 44.519989 0.000000 
88.288124 70.309334 59.639160 59.215553 38.970512 0.000000 
84.978096 64.299706 59.239079 58.316181 50.789703 0.000000 
90.557175 61.092133 62.281609 56.256039 44.472141 0.000000 
91.324478 72.961334 70.696114 57.011612 36.268040 0.000000 
88.566818 60.337280 52.205044 49.647026 37.904095 0.019782 
88.559174 59.047184 63.413677 54.123535 35.314419 0.000000 
92.147713 66.204788 59.274906 45.139893 30.609921 0.027976 
92.299713 76.563164 74.929581 67.301384 46.680874 0.000000 
84.908356 67.464600 73.803879 64.482529 43.943790 0.000000 
88.091438 66.434090 66.966347 45.281517 33.504871 0.000000 
86.255417 68.593185 77.795273 68.124596 36.097694 0.027976 
90.721390 65.733589 60.441700 56.946972 39.731182 0.000000 
85.411896 69.135147 71.015892 49.603039 40.043587 0.000000 
91.537201 71.677849 61.561077 55.686310 41.402390 0.000000 
89.408913 60.789753 60.861511 58.767262 40.455685 0.027976 
87.004204 79.254044 77.660286 65.376465 47.266888 0.027976 
84.115318 73.489662 76.260513 64.340988 44.175846 0.000000 
93.649536 83.564026 64.396866 59.056255 43.201263 0.000000 
94.067322 79.697968 85.240517 76.080025 35.227913 0.000000 
89.024406 68.792023 67.100700 57.271900 32.974171 0.000000 
81.768539 61.367348 77.720474 55.066132 36.592838 0.000000 
88.737068 70.344803 74.354500 63.541000 39.787212 0.000000 
80.364159 61.318184 50.138382 51.935120 33.226425 0.019782 
86.692505 75.929733 67.114861 75.435753 33.452103 0.027976 
86.128609 67.824707 62.967461 43.657967 37.715942 0.000000 
92.994392 65.137283 63.821762 48.306652 38.021950 0.027976 
81.005875 60.646778 61.437332 54.172901 36.906197 0.000000 
95.037773 69.616562 69.929893 67.516174 40.906315 0.000000 
85.884041 78.697159 70.021011 69.663887 36.968910 0.000000 
89.356918 72.876930 66.849403 63.995594 35.119064 0.027976 
90.884277 78.213890 81.865623 68.785606 31.724382 0.039565 
84.946693 74.724823 67.527061 58.150974 38.050446 0.000000 
86.784782 72.570885 66.951035 58.182011 32.458015 0.027976 
88.320274 68.827538 78.042152 74.062469 40.636856 0.000000 
86.551758 58.264408 58.027470 57.065502 32.497738 0.000000 
90.020813 72.289085 66.200447 58.041759 33.719566 0.000000 
87.739540 58.038082 59.365433 55.863148 35.829353 0.019782 
85.967751 62.955597 52.503815 48.963608 33.908798 0.019782 
82.744667 65.279610 60.255108 54.216278 38.392090 0.000000 
84.798027 70.576775 70.671600 52.181313 40.452415 0.000000 
82.569382 60.524052 54.563580 48.597843 33.965420 0.000000 
88.204559 66.243393 59.963360 52.343327 35.892326 0.000000 
87.629257 88.535950 68.387909 71.325645 37.753567 0.000000 
88.088409 81.226852 76.743477 62.849560 35.650032 0.000000 
89.107101 78.556877 81.122200 67.242584 34.732845 0.027976 
89.924088 60.124352 77.932678 75.251732 45.895927 0.000000 
87.211678 66.253769 68.740334 62.887749 42.093605 0.019782 
91.424690 80.727097 86.382660 62.149052 38.014370 0.019782 
85.783371 72.982048 73.542786 71.810814 55.683582 0.019782 
92.808411 66.574600 72.669968 63.672115 40.397377 0.019782 
86.018028 66.439888 66.552864 54.967121 36.070400 0.000000 
81.997856 60.935005 47.682178 50.216511 32.462826 0.019782 
89.090500 58.136246 59.151340 52.503754 35.857655 0.019782 
87.026482 62.908752 63.651356 57.586624 36.675682 0.027976 
90.258522 68.190422 66.892082 56.528824 29.578178 0.000000 
89.674774 57.306309 49.542515 46.476536 30.230947 0.000000 
77.891525 45.451542 38.709507 38.197208 27.127172 0.000000 
92.668358 75.494026 73.971809 61.404396 37.748871 0.027976 
90.588211 70.143547 65.805702 55.865704 45.175591 0.000000 
86.123085 60.558308 57.343395 45.956886 34.694004 0.000000 
90.921555 78.622520 71.997887 58.831654 34.844143 0.027976 
85.479668 59.213005 61.947758 59.301655 32.254749 0.000000 
87.578514 64.052673 62.182171 54.445206 33.512512 0.019782 
87.824013 69.266594 68.118195 55.454216 44.247238 0.000000 
84.985794 84.658798 75.290085 58.817707 38.936874 0.027976 
88.418152 69.095993 74.421707 61.837524 47.966255 0.000000 
89.543159 61.585033 53.240829 45.997322 37.359077 0.019782 
84.476585 81.007011 78.067291 74.688828 42.260910 0.000000 
94.715073 77.250175 64.878746 46.655216 33.145458 0.027976 
88.648376 66.493454 58.192432 51.802483 33.186314 0.000000 
87.600830 77.726730 69.425934 56.194515 45.983208 0.019782 
87.614899 68.109329 66.466049 48.552498 45.785221 0.000000 
90.077545 63.293522 65.221573 50.030350 38.016186 0.019782 
88.126114 73.659607 68.837776 57.591831 34.268749 0.034264 
87.488533 62.438587 58.699478 52.007595 36.278751 0.019782 
89.966736 64.011574 60.383022 52.544422 39.056576 0.019782 
90.719551 66.685005 61.654690 53.942036 33.014019 0.000000 
90.379608 74.263329 58.730949 51.351761 33.661339 0.000000 
90.692970 66.656120 68.906990 51.923676 29.614626 0.019782 
82.958939 79.266823 70.267166 69.793137 28.522345 0.027976 
90.006462 65.426117 51.005363 47.264935 32.820339 0.000000 
88.263519 75.299850 73.455917 65.002663 32.702820 0.019782 
90.692146 66.465271 60.810852 49.571465 40.136795 0.027976 
86.522232 67.401360 56.616676 40.012222 26.814228 0.019782 
85.855606 72.821732 74.881935 49.792973 36.365147 0.027976 
87.542908 70.015007 56.440601 54.665817 40.845985 0.000000 
87.510452 54.826252 59.551121 57.999458 34.351349 0.000000 
90.131378 61.725319 53.508957 51.821339 38.166584 0.027976 
81.704369 61.092018 57.347713 51.746811 32.859924 0.000000 
90.857887 64.253235 58.994812 46.505554 36.997467 0.019782 
89.970467 59.356789 60.068386 55.784550 34.494354 0.027976 
88.167442 68.733459 78.572914 50.056301 30.208809 0.019782 
89.148903 80.118965 68.803932 65.056419 42.292118 0.027976 
82.849800 84.583237 66.698540 47.740231 37.313019 0.019782 
90.870384 65.267754 70.471962 53.972713 30.626347 0.000000 
89.890762 67.050301 74.890915 51.819893 32.544048 0.000000 
91.611832 63.277054 67.862724 57.441582 42.632969 0.000000 
91.005409 76.889702 71.924965 64.851372 42.275852 0.000000 
91.189865 67.539009 69.494797 46.576401 32.797684 0.034264 
93.076454 61.348183 70.468575 63.190784 39.750916 0.027976 
90.922668 65.723198 62.359768 63.573479 40.617798 0.000000 
88.749977 71.219765 63.892975 52.265755 35.454018 0.000000 
86.692612 66.727409 64.376541 60.150120 34.233688 0.000000 
90.740074 80.614014 82.068748 54.741798 36.974083 0.000000 
91.730904 65.974533 61.709908 50.879097 32.557907 0.027976 
88.700302 64.232742 51.958393 53.395802 38.401562 0.000000 
90.475517 70.202690 70.880432 66.480835 40.840439 0.027976 
89.907814 73.537415 71.895264 51.843929 31.028076 0.000000 
89.855087 64.536552 62.723793 50.130775 33.837070 0.000000 
88.059456 76.086861 65.596039 56.369251 40.676559 0.000000 
90.601669 77.154564 75.743851 56.507702 35.820896 0.039565 
91.837662 62.946293 73.029510 52.438385 30.089788 0.000000 
81.512070 67.159180 58.601898 44.897697 35.702713 0.000000 
85.895416 72.513474 69.275856 60.664673 39.326351 0.000000 
85.801979 64.059700 69.436714 62.640858 42.629269 0.000000 
91.271774 73.541740 61.263039 50.559921 33.446529 0.000000 
87.942444 70.732849 70.080414 61.026890 39.422302 0.019782 
92.806244 60.815025 59.808411 56.502644 39.392025 0.000000 
81.102737 59.521164 54.887856 46.866291 29.290766 0.027976 
81.760124 67.787636 55.537613 45.886230 41.222324 0.000000 
85.490913 52.679356 53.581951 55.134785 29.658951 0.027976 
84.952103 71.862366 73.394333 55.913086 42.924355 0.000000 
82.437302 56.911564 51.046074 45.246727 39.358673 0.019782 
92.027649 50.782936 50.529045 43.965450 32.886150 0.000000 
89.149467 59.643902 48.687248 44.480129 29.445992 0.000000 
91.386925 80.831589 72.862167 56.678074 42.917465 0.000000 
84.568962 53.087097 42.873989 41.868328 25.034744 0.019782 
86.935074 61.580410 62.849777 58.777252 32.426037 0.000000 
85.588989 51.656723 46.331921 39.819153 30.315027 0.000000 
87.219322 62.800144 60.433540 38.310242 27.582935 0.027976 
86.247879 60.625450 58.896187 48.420841 33.994743 0.000000 
86.996490 53.759533 53.957439 59.149670 42.095135 0.000000 
93.171852 63.750717 53.449577 46.879337 29.158657 0.000000 
90.329399 58.977787 54.517258 56.246025 37.438698 0.000000 
83.046608 53.874199 49.476032 46.445465 37.839634 0.000000 
80.192497 55.290501 56.914051 42.143726 32.900524 0.027976 
89.709412 54.290073 60.223431 52.266018 29.427490 0.000000 
89.996658 64.620132 65.055992 48.799080 35.782085 0.019782 
87.108986 73.509659 75.182129 58.626961 32.180565 0.019782 
88.076698 72.292313 71.117577 70.823776 36.324543 0.019782 
86.286934 79.833748 80.447029 63.520267 33.507935 0.034264 
87.306786 74.802567 68.680687 59.192421 43.276184 0.000000 
93.156151 83.999825 81.682999 63.798779 44.633251 0.000000 
86.691948 86.422401 78.321793 64.850899 42.360344 0.000000 
89.234711 70.130600 72.384705 55.122841 31.893499 0.000000 
88.756516 58.578842 63.520840 51.187878 39.862511 0.000000 
88.142822 63.993259 60.423321 47.042496 35.411163 0.000000 
82.514847 51.569771 45.043087 34.512249 29.976898 0.000000 
83.684189 61.042213 59.544655 59.609856 31.429535 0.000000 
84.143394 53.244419 48.011112 49.381676 29.125584 0.019782 
85.888306 49.707447 49.837940 37.217789 30.092701 0.000000 
87.386597 57.562511 67.678741 59.383606 32.716858 0.000000 
89.562042 72.627731 72.742081 62.183685 38.782326 0.019782 
88.799553 56.726494 56.508839 53.465767 35.215851 0.034264 
91.567436 62.476006 55.830517 45.076817 27.565088 0.000000 
88.932205 82.909386 73.028198 49.200146 30.738108 0.019782 
86.029099 72.148972 66.781410 61.449444 46.345253 0.000000 
86.811752 67.435745 69.242722 55.669899 35.371731 0.019782 
93.003822 76.233696 84.497986 68.395416 32.557526 0.019782 
88.872208 72.963303 74.150360 54.025776 35.982738 0.000000 
