0.600000 
0.540000 
0.605000 
0.605000 
0.640000 
0.610000 
0.610000 
0.540000 
0.485000 
0.660000 
0.625000 
0.615000 
0.555000 
0.590000 
0.670000 
0.560000 
0.590000 
0.605000 
0.635000 
0.680000 
0.595000 
0.595000 
0.605000 
0.585000 
0.590000 
0.580000 
0.620000 
0.585000 
0.635000 
0.625000 
0.600000 
0.625000 
0.615000 
0.680000 
0.525000 
0.605000 
0.565000 
0.635000 
0.620000 
0.585000 
0.615000 
0.650000 
0.560000 
0.580000 
0.645000 
0.675000 
0.625000 
0.580000 
0.590000 
0.560000 
