98.054176 86.140793 96.555862 98.580681 98.693275 0.000000 
100.676292 88.428062 92.747429 96.353111 99.737183 0.027976 
92.237953 90.233162 90.988022 95.341919 93.405754 0.000000 
95.490639 78.188454 77.426933 86.822060 92.521049 0.000000 
85.884392 93.289566 93.798004 92.584877 98.660675 0.000000 
102.369858 86.413795 85.990448 89.543869 91.977264 0.000000 
75.887390 76.147217 88.326340 83.107819 95.482407 0.027976 
85.878250 81.880585 86.097038 89.896690 92.731781 0.027976 
90.624832 93.982780 90.625542 91.954361 92.591675 0.027976 
94.214836 75.169456 81.693390 83.480484 88.805374 0.000000 
88.889351 88.690506 89.305756 95.019043 87.078468 0.000000 
96.441887 90.680931 94.545822 91.581924 99.632751 0.027976 
104.251465 78.073586 84.644043 92.044540 87.419502 0.000000 
83.666405 85.608162 84.107178 84.336418 87.417137 0.000000 
77.039314 81.518585 77.679268 88.173012 86.363190 0.039565 
89.187523 91.256508 89.181503 89.687790 92.105995 0.019782 
82.342613 87.708725 90.304871 92.360832 94.170113 0.039565 
84.939514 84.862350 89.198677 92.174286 96.147232 0.000000 
90.471054 95.918396 92.311768 94.447578 97.306549 0.000000 
93.707443 101.249008 100.802994 99.726585 100.961098 0.000000 
