0.319292 
0.492178 
0.371047 
0.775598 
0.389044 
0.689228 
0.417299 
0.478270 
0.910354 
0.898827 
0.329929 
0.475385 
0.326949 
0.640708 
1.389077 
0.608468 
0.391782 
0.691589 
0.600608 
0.633913 
0.460802 
0.522333 
0.427252 
0.335084 
0.535485 
0.542582 
0.405316 
0.470676 
0.684293 
0.423030 
0.245154 
0.589887 
0.326213 
0.766432 
0.455821 
0.522337 
0.387317 
1.006591 
0.895574 
0.584134 
0.667589 
0.466163 
0.521086 
0.454640 
0.772519 
0.906247 
0.382900 
0.344446 
0.752469 
0.518022 
