0.282379 
0.416547 
0.606997 
1.034415 
0.175770 
0.199661 
0.404234 
0.151206 
0.319664 
0.332529 
0.510291 
0.601028 
0.384551 
0.483126 
0.325332 
0.398677 
0.264395 
1.017143 
0.421316 
0.469714 
0.162700 
0.403735 
1.604354 
0.464866 
0.582232 
0.364035 
0.554111 
0.440417 
0.457610 
0.272136 
0.367921 
0.212356 
0.299066 
0.157444 
0.490548 
0.591486 
0.442454 
0.360620 
0.381284 
0.321882 
0.351752 
0.314478 
0.301956 
1.008088 
0.293924 
0.357896 
0.868219 
0.212586 
0.229826 
0.160820 
