3.808614 
3.798948 
2.700065 
2.080292 
2.466266 
2.172339 
1.635408 
1.712318 
1.993653 
1.782897 
1.583830 
1.701086 
1.535617 
1.109106 
1.411597 
0.689418 
1.008955 
1.427642 
1.455137 
1.418177 
1.036686 
0.936174 
1.074192 
1.206588 
1.760980 
1.327232 
1.066579 
0.922107 
1.043667 
0.918208 
0.841168 
0.835517 
1.221572 
1.192519 
0.803387 
0.974992 
0.994215 
0.897233 
1.426129 
1.113705 
1.031676 
0.856700 
1.184898 
1.196997 
0.906024 
0.855876 
1.103190 
0.891843 
0.815880 
0.812521 
1.053713 
0.897099 
1.205965 
0.349426 
1.007683 
1.085917 
0.666255 
0.945842 
1.030745 
0.777101 
1.119986 
0.740232 
0.820651 
0.897363 
0.535546 
0.690334 
0.794038 
0.903337 
0.998626 
0.655279 
0.588352 
0.887632 
0.960772 
0.621338 
0.846175 
0.704640 
0.494213 
0.457219 
0.997723 
0.583880 
0.467673 
0.670134 
0.320397 
0.637883 
0.557017 
0.707022 
0.883246 
0.605878 
0.656235 
0.749356 
0.447183 
0.614103 
0.823606 
0.867331 
0.717035 
0.165617 
0.702236 
0.906528 
0.646624 
0.495162 
0.435733 
0.858468 
0.392641 
1.045673 
0.902235 
0.721739 
0.736355 
0.403645 
0.420371 
0.729497 
1.469187 
0.290570 
0.780542 
0.549083 
0.690526 
0.818708 
0.361139 
0.345800 
0.520070 
0.516669 
0.595209 
0.486723 
0.532757 
0.673408 
0.777713 
0.911584 
0.583061 
0.463583 
1.018408 
0.678161 
0.457314 
0.807133 
0.684718 
1.353263 
0.754796 
1.094433 
0.817421 
0.559125 
0.739846 
0.284709 
0.828320 
0.763209 
0.664752 
0.799034 
0.856385 
0.770005 
0.544145 
0.824405 
0.503888 
0.976058 
0.199520 
0.710828 
0.716875 
0.924589 
0.859590 
0.750786 
0.783204 
0.681032 
0.679289 
1.086673 
0.634835 
0.762523 
0.562221 
0.488400 
1.194839 
0.726607 
1.060598 
0.635609 
0.992170 
0.451542 
0.621142 
1.011915 
0.701734 
0.534017 
0.534441 
0.539875 
0.668009 
0.475185 
0.651541 
0.742144 
0.754171 
0.728338 
1.319043 
0.876874 
0.595649 
0.642644 
0.771587 
0.628625 
0.940149 
0.732045 
1.170222 
1.124994 
0.619296 
0.425149 
0.530681 
0.398940 
1.057375 
0.556257 
0.789635 
0.798375 
0.911707 
0.781637 
0.647720 
0.805773 
0.506108 
0.651555 
0.684394 
0.972298 
0.752105 
0.631800 
0.902384 
0.915516 
0.983313 
0.587505 
0.575290 
0.201432 
0.446617 
0.914145 
0.893484 
0.543631 
0.518419 
0.517459 
0.409669 
0.666166 
0.575806 
0.613698 
0.583277 
0.601418 
0.670391 
0.607110 
0.602699 
1.013240 
0.459402 
1.121378 
0.215861 
0.608640 
0.555958 
0.656780 
0.877429 
0.884583 
0.787654 
0.639719 
1.390527 
0.753681 
1.257978 
0.806689 
0.596883 
0.711891 
0.953240 
1.411290 
1.343909 
0.651459 
0.948189 
0.448240 
0.598041 
0.943612 
0.471696 
0.597219 
0.334918 
0.494848 
1.262589 
1.021019 
0.555345 
0.444324 
0.822383 
0.948010 
0.467566 
0.857477 
0.474498 
0.459379 
0.476146 
0.563054 
0.465404 
0.921626 
0.721024 
1.104529 
0.704708 
1.357631 
0.836795 
0.644013 
0.829206 
0.768003 
0.793762 
0.462835 
0.599418 
0.436567 
0.332877 
1.400516 
1.054794 
0.616240 
0.497266 
0.711624 
0.942567 
0.500499 
0.880668 
0.473029 
0.764447 
0.666767 
0.309401 
1.048079 
0.544348 
0.830570 
1.692359 
0.609938 
0.787996 
0.936297 
0.458013 
0.544760 
0.879248 
1.279789 
0.731481 
1.033947 
0.775627 
0.383984 
0.867666 
0.663966 
0.263272 
0.512255 
1.068660 
0.736167 
0.718480 
0.659965 
1.025409 
0.506562 
0.580601 
1.382534 
0.390457 
0.574940 
0.745553 
0.718857 
0.930497 
0.796534 
0.256638 
0.217111 
0.729586 
1.141579 
0.546639 
0.782306 
0.846770 
0.419260 
0.885054 
0.209804 
0.581593 
1.540051 
0.327414 
0.589520 
0.710666 
0.637250 
1.020096 
0.582286 
0.732190 
0.493209 
1.052697 
0.628496 
0.469688 
0.615222 
0.489798 
0.902728 
0.957261 
1.057384 
0.466229 
0.619602 
0.935023 
0.841641 
0.614842 
0.720613 
0.463927 
0.659706 
0.629143 
0.875691 
0.547222 
0.869528 
0.611739 
0.422853 
0.468497 
0.456872 
1.174868 
0.700894 
0.393820 
0.537650 
0.607442 
0.539219 
0.303166 
0.845373 
0.712621 
0.574198 
0.470792 
1.107527 
0.371587 
0.811747 
1.000958 
0.806095 
0.542896 
0.612445 
0.555221 
0.776624 
0.703753 
0.454036 
0.217302 
0.659581 
0.890194 
0.500782 
0.789904 
0.741680 
0.574200 
0.588572 
0.480816 
0.755537 
1.052316 
1.006949 
0.798194 
0.504993 
0.340477 
1.290430 
0.823652 
0.233631 
1.023640 
0.358393 
0.836025 
0.419496 
0.619684 
0.665102 
0.393788 
1.441376 
0.624368 
0.742713 
0.716675 
0.567530 
0.632561 
0.648543 
0.263140 
0.745318 
1.107335 
0.725237 
0.634104 
0.577948 
0.915776 
0.537500 
1.434773 
0.487804 
0.367748 
0.770396 
0.999498 
1.087639 
0.543786 
0.933214 
0.403725 
0.544453 
0.526124 
1.092441 
0.593939 
0.801726 
0.870685 
0.556132 
0.749041 
0.510281 
0.773736 
0.355121 
0.412631 
0.723816 
1.143546 
0.959033 
0.566676 
0.440097 
0.755372 
0.518847 
0.599164 
0.624149 
0.582362 
0.955849 
0.840753 
1.166210 
1.031193 
0.881721 
0.206612 
0.381746 
0.875477 
0.536250 
1.097115 
0.533584 
0.501069 
0.906742 
0.593103 
0.869242 
0.906806 
0.726627 
0.559661 
0.569337 
0.722027 
0.483812 
0.653621 
0.741595 
0.420612 
0.571235 
0.673409 
0.571606 
0.689285 
0.405897 
0.377749 
0.423347 
