3.832487 
3.855066 
3.847147 
3.822292 
3.844498 
3.825569 
3.838597 
3.849351 
3.842193 
3.836924 
3.842515 
3.842209 
3.849487 
3.849629 
3.832098 
3.850875 
3.836832 
3.836612 
3.841400 
3.838936 
3.840673 
3.856566 
3.853607 
3.834329 
3.843356 
3.842795 
3.824565 
3.848022 
3.846453 
3.834852 
3.846662 
3.828979 
3.847773 
3.847631 
3.848037 
3.846968 
3.845900 
3.850199 
3.846038 
3.840069 
3.846276 
3.831253 
3.834261 
3.853715 
3.836150 
3.840098 
3.863786 
3.832510 
3.855683 
3.841279 
3.823108 
3.837084 
3.842305 
3.856378 
3.837648 
3.866452 
3.844910 
3.846478 
3.827924 
3.834710 
3.836971 
3.855570 
3.836535 
3.840593 
3.852604 
3.856435 
3.845888 
3.842051 
3.850723 
3.855537 
3.847647 
3.835153 
3.838682 
3.844930 
3.834984 
3.840934 
3.822073 
3.865875 
3.847754 
3.847794 
3.854219 
3.825770 
3.853932 
3.842653 
3.853128 
3.840254 
3.835183 
3.846573 
3.841975 
3.841316 
3.813215 
3.845680 
3.838556 
3.840020 
3.835122 
3.846380 
3.842410 
3.841476 
3.836648 
3.835399 
3.824446 
3.848747 
3.840206 
3.835461 
3.848711 
3.851221 
3.854708 
3.837033 
3.836289 
3.852325 
3.855304 
3.846367 
3.836443 
3.834835 
3.829055 
3.826696 
3.833111 
3.831463 
3.820734 
3.840692 
3.827232 
3.823461 
3.848446 
3.841084 
3.829918 
3.840776 
3.843482 
3.841583 
3.821757 
3.848527 
3.871183 
3.827710 
3.836914 
3.842028 
3.832979 
3.858582 
3.851209 
3.851081 
3.826159 
3.831582 
3.836802 
3.837613 
3.848344 
3.847319 
3.875281 
3.812631 
3.824929 
3.864792 
3.832259 
3.841722 
3.810207 
3.788304 
3.772741 
3.834367 
3.841908 
3.814022 
3.787641 
3.785188 
3.773972 
3.826109 
3.820438 
3.831454 
3.289473 
3.818414 
3.650006 
3.770242 
3.555122 
3.848106 
3.851749 
3.859836 
3.612176 
3.750831 
3.811583 
3.846307 
3.517893 
3.686479 
3.798239 
3.808120 
3.800599 
3.732833 
3.173263 
3.496887 
3.645264 
3.269619 
3.233758 
3.121003 
2.922333 
3.200533 
3.321520 
2.704822 
3.734151 
2.970899 
3.158553 
2.643354 
3.381016 
3.420304 
3.229829 
2.846430 
3.308880 
2.173383 
3.085723 
2.997890 
3.200025 
2.619947 
2.721204 
2.552062 
2.949161 
3.157539 
2.416368 
2.350841 
2.278992 
3.168738 
3.273628 
3.050349 
1.960751 
2.028103 
2.419191 
1.813085 
2.417109 
2.591695 
2.446480 
1.917332 
2.262265 
2.657329 
2.306352 
2.795948 
2.353984 
2.592718 
2.545792 
2.258734 
2.696728 
1.988830 
1.909545 
2.121178 
2.679741 
1.822551 
2.321536 
2.387366 
2.199462 
2.558382 
2.596465 
2.004316 
2.512879 
1.851432 
2.659699 
2.298246 
2.270725 
2.206294 
2.375487 
1.630037 
2.833645 
2.030667 
2.390308 
2.195341 
2.355156 
2.005075 
2.326847 
1.795103 
2.175801 
1.825232 
2.136966 
2.014693 
2.047168 
2.116983 
2.027058 
2.187902 
1.959502 
2.032835 
2.205509 
2.277711 
2.038178 
1.815112 
2.033866 
2.320867 
2.201472 
2.305233 
2.092389 
2.108724 
2.223655 
2.014011 
1.902351 
1.590601 
1.963919 
1.980202 
1.893933 
1.843311 
1.860877 
2.143743 
2.094052 
2.127928 
1.831078 
2.050217 
1.905332 
1.719068 
1.845446 
1.460587 
2.300030 
2.163242 
2.105281 
2.090195 
2.004681 
1.879516 
1.970558 
1.930525 
1.981958 
1.989768 
1.970977 
1.706901 
2.209513 
1.914661 
1.931873 
1.977343 
2.391066 
2.023080 
1.686130 
2.238161 
1.529245 
1.956821 
1.852642 
1.994138 
1.958864 
1.953693 
2.042070 
1.895234 
1.524081 
1.875251 
1.880296 
2.207914 
1.831979 
2.055349 
2.053233 
2.043179 
1.805561 
1.821990 
1.819575 
1.898740 
1.734330 
1.839753 
1.900723 
1.778588 
1.828418 
1.402868 
1.994308 
1.781294 
2.106225 
1.786271 
2.045660 
1.769458 
1.866164 
1.476848 
1.779905 
2.127902 
1.799866 
1.857345 
1.803012 
1.943228 
1.920039 
1.515568 
1.991089 
1.738103 
1.864397 
1.811760 
1.990318 
1.910486 
1.966049 
1.727927 
1.914081 
1.737736 
1.968909 
1.737806 
1.622927 
1.790935 
1.761377 
1.320449 
1.914521 
1.800865 
1.790099 
1.630479 
1.723648 
1.931504 
1.796195 
1.771161 
1.511461 
1.993489 
1.878888 
1.743196 
1.822814 
2.068717 
1.781365 
1.908172 
1.712032 
1.813439 
1.900408 
1.739312 
1.702283 
1.781016 
1.857619 
1.693457 
1.444684 
1.827008 
1.743355 
1.898313 
1.693622 
1.785405 
1.868774 
1.928135 
1.780135 
1.645335 
1.772599 
1.664758 
3.771812 
1.561267 
1.817955 
1.886173 
1.752373 
1.629272 
1.995283 
1.914070 
1.656143 
1.865993 
1.601259 
1.661364 
1.784518 
1.815149 
1.720603 
1.425861 
1.954008 
1.766996 
1.724088 
1.694161 
2.658295 
1.701565 
1.758067 
1.405529 
1.626888 
1.769669 
1.738286 
1.589018 
1.864954 
1.770122 
1.756733 
1.731602 
2.007767 
1.697408 
1.476856 
1.769300 
1.748381 
1.647496 
1.623620 
1.857207 
1.725696 
1.832143 
1.739898 
1.597194 
1.833693 
1.692859 
1.720889 
1.750045 
1.460459 
1.780403 
1.815975 
1.755446 
1.846900 
1.579131 
1.666644 
1.412672 
1.641367 
1.815013 
1.747607 
2.069436 
1.734016 
1.938270 
1.803766 
1.782156 
1.720870 
1.738113 
1.886510 
1.905774 
1.905350 
1.679206 
1.688669 
1.754651 
1.458994 
1.821669 
1.753958 
1.815302 
1.856912 
1.648613 
2.018214 
1.349271 
1.983048 
1.817223 
1.814205 
1.981668 
1.759350 
1.714110 
1.662534 
1.487903 
1.435491 
1.792825 
