Episode: 1: [[0. 0. 0.]
 [0. 0. 0.]
 [0. 0. 0.]] 
Episode: 2: [[0.00029996 0.00029999 0.0003    ]
 [0.00029999 0.0003     0.0003    ]
 [0.0003     0.0003     0.0003    ]] 
Episode: 3: [[0.00052762 0.00052763 0.00052776]
 [0.00052763 0.00052763 0.00052778]
 [0.00052776 0.00052779 0.00052785]] 
Episode: 4: [[0.00072708 0.00072662 0.00072625]
 [0.00072661 0.00072624 0.0007262 ]
 [0.00072625 0.0007262  0.00072652]] 
Episode: 5: [[0.00094827 0.00094827 0.00094355]
 [0.00094757 0.00094763 0.00094626]
 [0.0009469  0.00094684 0.00094235]] 
Episode: 6: [[0.00080308 0.00086078 0.00117731]
 [0.00085048 0.00100281 0.0011184 ]
 [0.00100786 0.00106821 0.00107331]] 
Episode: 7: [[0.00072486 0.0007981  0.00136918]
 [0.00074154 0.00095933 0.0011459 ]
 [0.00103986 0.00114311 0.00115687]] 
Episode: 8: [[0.00066393 0.00075225 0.00156316]
 [0.00065496 0.00094051 0.00119293]
 [0.00108737 0.00123175 0.00125617]] 
Episode: 9: [[0.00061297 0.00072808 0.00176652]
 [0.00059056 0.00094518 0.00126022]
 [0.00115647 0.00133763 0.00137445]] 
Episode: 10: [[0.00056755 0.00072077 0.00198034]
 [0.00054346 0.00097032 0.00134629]
 [0.0012431  0.00145815 0.00151111]] 
Episode: 11: [[0.00053836 0.00074042 0.0022098 ]
 [0.00051769 0.00102079 0.00145204]
 [0.00134766 0.00159459 0.00165771]] 
Episode: 12: [[0.00051824 0.00076947 0.00244124]
 [0.00050139 0.00108075 0.0015673 ]
 [0.00146274 0.00174112 0.00181895]] 
Episode: 13: [[0.00050225 0.00079754 0.00265247]
 [0.00048837 0.00113697 0.00167794]
 [0.00157974 0.00188887 0.00198498]] 
Episode: 14: [[0.00049962 0.00085002 0.00288376]
 [0.00049471 0.00121859 0.00180729]
 [0.00171354 0.00205031 0.00215686]] 
Episode: 15: [[0.00049286 0.00090737 0.00311941]
 [0.00050944 0.00131039 0.00194472]
 [0.00185492 0.00221771 0.00233234]] 
Episode: 16: [[0.00045931 0.00092744 0.00331183]
 [0.000514   0.00138831 0.00206799]
 [0.0019892  0.00238029 0.00250621]] 
Episode: 17: [[0.00042803 0.00097622 0.00352085]
 [0.00053426 0.00148115 0.00220542]
 [0.00213501 0.00255252 0.0026933 ]] 
Episode: 18: [[0.00042411 0.00105091 0.00374639]
 [0.00056989 0.00159231 0.00235579]
 [0.00229122 0.00273463 0.00288331]] 
Episode: 19: [[0.00042677 0.00112674 0.00396269]
 [0.00060713 0.001701   0.00250181]
 [0.00244555 0.00291181 0.00306901]] 
Episode: 20: [[0.00041884 0.00119558 0.00418123]
 [0.00064955 0.00181744 0.00265445]
 [0.00260509 0.00309054 0.00325804]] 
Episode: 21: [[0.0004189  0.00126656 0.00439021]
 [0.00069402 0.00193253 0.0028035 ]
 [0.00276173 0.00326418 0.00344034]] 
Episode: 22: [[0.0003712  0.00131667 0.00459497]
 [0.00073401 0.00204297 0.00294305]
 [0.0029111  0.00343034 0.00361348]] 
Episode: 23: [[0.00034136 0.00137138 0.00475965]
 [0.00075546 0.00212155 0.00305819]
 [0.00303835 0.00357353 0.00377608]] 
Episode: 24: [[0.0003205  0.00142392 0.00490005]
 [0.00076875 0.00218736 0.00315452]
 [0.00315421 0.00370399 0.00392574]] 
Episode: 25: [[0.00030743 0.00146707 0.00502499]
 [0.00078158 0.00224599 0.00324142]
 [0.00326375 0.00383028 0.00406991]] 
Episode: 26: [[0.00030517 0.00151861 0.0051431 ]
 [0.00078641 0.00229555 0.00332615]
 [0.00336295 0.00394307 0.00420545]] 
Episode: 27: [[0.00029875 0.00156647 0.00523918]
 [0.00078025 0.00232875 0.00339865]
 [0.00344402 0.00403899 0.0043313 ]] 
Episode: 28: [[0.00029793 0.00160559 0.00532113]
 [0.00077522 0.0023661  0.00346631]
 [0.00351688 0.00412842 0.00445221]] 
Episode: 29: [[0.0002986  0.001642   0.00539235]
 [0.0007683  0.00239762 0.0035267 ]
 [0.00358423 0.00421318 0.00457002]] 
Episode: 30: [[0.00030924 0.00168685 0.00544761]
 [0.00074236 0.00240049 0.00356557]
 [0.00364732 0.00429002 0.00467993]] 
Episode: 31: [[0.00031156 0.00173148 0.00550113]
 [0.00071871 0.00239946 0.00360236]
 [0.00370963 0.00436436 0.00478525]] 
Episode: 32: [[0.00031149 0.00177163 0.00554947]
 [0.00069702 0.00240192 0.00363806]
 [0.00376459 0.00443305 0.00488469]] 
Episode: 33: [[0.00030298 0.0018272  0.00560251]
 [0.0006742  0.00239519 0.00366157]
 [0.00381151 0.00449384 0.00497938]] 
Episode: 34: [[0.0002902  0.0018775  0.00565318]
 [0.00064896 0.00238689 0.00368269]
 [0.00385931 0.00455126 0.00506851]] 
Episode: 35: [[0.00027313 0.00191821 0.00568578]
 [0.00061582 0.00236951 0.00369173]
 [0.00389941 0.00459844 0.00515022]] 
Episode: 36: [[0.0002585  0.00194732 0.00570119]
 [0.0005807  0.00234493 0.00368825]
 [0.00392693 0.00463827 0.0052256 ]] 
Episode: 37: [[0.00024907 0.00197138 0.00570347]
 [0.00054004 0.00231838 0.00368024]
 [0.0039349  0.00466055 0.00529523]] 
Episode: 38: [[0.00024045 0.00200023 0.00571212]
 [0.00049948 0.00229513 0.00367858]
 [0.00394884 0.00468107 0.00536291]] 
Episode: 39: [[0.00021996 0.00201574 0.00570857]
 [0.00045502 0.00226372 0.00366527]
 [0.00395572 0.00469664 0.00542155]] 
Episode: 40: [[0.00020394 0.00203351 0.00570726]
 [0.00041457 0.0022355  0.00365586]
 [0.00396309 0.00471066 0.00547752]] 
Episode: 41: [[0.00020178 0.00206735 0.00572614]
 [0.00039306 0.00223355 0.00366821]
 [0.00399001 0.00474248 0.00554661]] 
Episode: 42: [[0.00018705 0.00210712 0.00574877]
 [0.00037403 0.00222838 0.00368038]
 [0.00401625 0.00477246 0.00561605]] 
Episode: 43: [[0.00014872 0.00212977 0.00576287]
 [0.00035186 0.00221609 0.00368318]
 [0.00404574 0.00481054 0.00568578]] 
Episode: 44: [[0.00011855 0.0021583  0.00578062]
 [0.00033611 0.00220812 0.00368847]
 [0.0040702  0.00484292 0.00574995]] 
Episode: 45: [[0.00010067 0.00219276 0.00578549]
 [0.00031711 0.00218664 0.00367206]
 [0.00408039 0.0048622  0.0058081 ]] 
Episode: 46: [[8.3412007e-05 2.2213776e-03 5.7879975e-03]
 [3.0017627e-04 2.1665976e-03 3.6560220e-03]
 [4.0848446e-03 4.8788725e-03 5.8638025e-03]] 
Episode: 47: [[6.7827197e-05 2.2362617e-03 5.7771732e-03]
 [2.7910128e-04 2.1362598e-03 3.6252101e-03]
 [4.0751616e-03 4.8911790e-03 5.9138872e-03]] 
Episode: 48: [[4.7713434e-05 2.2475445e-03 5.7662455e-03]
 [2.5728418e-04 2.1127535e-03 3.5985957e-03]
 [4.0825075e-03 4.9169040e-03 5.9878752e-03]] 
Episode: 49: [[1.1163609e-05 2.2504444e-03 5.7487218e-03]
 [2.3538548e-04 2.0903654e-03 3.5636325e-03]
 [4.0798835e-03 4.9380842e-03 6.0596843e-03]] 
Episode: 50: [[-2.1499540e-05  2.2525594e-03  5.7308380e-03]
 [ 2.1413241e-04  2.0694637e-03  3.5302744e-03]
 [ 4.0744515e-03  4.9543148e-03  6.1263782e-03]] 
Episode: 51: [[-5.5394441e-05  2.2552067e-03  5.7168831e-03]
 [ 1.9152282e-04  2.0513975e-03  3.5017175e-03]
 [ 4.0816148e-03  4.9766805e-03  6.1916811e-03]] 
Episode: 52: [[-7.9182682e-05  2.2681074e-03  5.7106917e-03]
 [ 1.7742802e-04  2.0437881e-03  3.4829495e-03]
 [ 4.0895394e-03  4.9948920e-03  6.2508946e-03]] 
Episode: 53: [[-8.5479704e-05  2.2969609e-03  5.7177735e-03]
 [ 1.7254961e-04  2.0492962e-03  3.4768062e-03]
 [ 4.1209348e-03  5.0232643e-03  6.3346880e-03]] 
Episode: 54: [[-7.8654833e-05  2.3660131e-03  5.8085313e-03]
 [ 2.3484901e-04  2.1457393e-03  3.5800964e-03]
 [ 4.2996556e-03  5.1922635e-03  6.5464661e-03]] 
Episode: 55: [[-6.6248649e-05  2.4372521e-03  5.9095486e-03]
 [ 3.0564136e-04  2.2506563e-03  3.6946456e-03]
 [ 4.4874875e-03  5.3705857e-03  6.7688283e-03]] 
Episode: 56: [[-5.6431316e-05  2.5068736e-03  6.0011474e-03]
 [ 3.6956317e-04  2.3516181e-03  3.7925248e-03]
 [ 4.6563637e-03  5.5278316e-03  6.9735558e-03]] 
Episode: 57: [[-4.9868580e-05  2.5712149e-03  6.0878159e-03]
 [ 4.3306407e-04  2.4511106e-03  3.8829893e-03]
 [ 4.8146644e-03  5.6782421e-03  7.1662003e-03]] 
Episode: 58: [[-1.5610938e-05  2.6951733e-03  6.2764292e-03]
 [ 5.8043894e-04  2.6477710e-03  4.0866281e-03]
 [ 5.0702784e-03  5.9258104e-03  7.4469959e-03]] 
Episode: 59: [[4.6554906e-05 2.8751553e-03 6.5312474e-03]
 [7.9178339e-04 2.9130226e-03 4.3552099e-03]
 [5.3860932e-03 6.2342435e-03 7.7775088e-03]] 
Episode: 60: [[9.8574048e-05 3.0455149e-03 6.7737028e-03]
 [9.9111022e-04 3.1631035e-03 4.6034832e-03]
 [5.6840838e-03 6.5291673e-03 8.0864215e-03]] 
Episode: 61: [[0.00016034 0.00323701 0.00702307]
 [0.00120966 0.00343405 0.00485199]
 [0.00599999 0.0068393  0.00838595]] 
Episode: 62: [[6.6695444e-05 3.1212675e-03 6.8739168e-03]
 [1.0714632e-03 3.2984412e-03 4.6926481e-03]
 [5.8920705e-03 6.7317290e-03 8.2588950e-03]] 
Episode: 63: [[-6.8679183e-05  2.9468760e-03  6.6647618e-03]
 [ 8.7277981e-04  3.0988411e-03  4.4725528e-03]
 [ 5.7189711e-03  6.5603415e-03  8.0675688e-03]] 
Episode: 64: [[-0.00018432  0.00280016  0.00648335]
 [ 0.000702    0.00292821  0.00427976]
 [ 0.0055738   0.00641688  0.00790106]] 
Episode: 65: [[-0.00028065  0.00267905  0.00632551]
 [ 0.00055673  0.0027843   0.00411088]
 [ 0.0054551   0.00629943  0.00775677]] 
Episode: 66: [[-0.00033753  0.0026126   0.0062243 ]
 [ 0.00046851  0.00269934  0.00399819]
 [ 0.00539774  0.00624271  0.00767049]] 
Episode: 67: [[-0.00037154  0.00257764  0.00615627]
 [ 0.00041387  0.00264918  0.00391984]
 [ 0.00537579  0.00622087  0.00761801]] 
Episode: 68: [[-0.00041121  0.00253082  0.00607735]
 [ 0.00035116  0.00258757  0.0038329 ]
 [ 0.0053379   0.00618199  0.00754938]] 
Episode: 69: [[-0.00041636  0.00253158  0.00604947]
 [ 0.00033803  0.00257924  0.00379884]
 [ 0.00535688  0.00619886  0.00753539]] 
Episode: 70: [[-0.00040984  0.00254841  0.00603993]
 [ 0.0003421   0.00258838  0.00378264]
 [ 0.00539361  0.00623373  0.00753913]] 
Episode: 71: [[-0.00038374  0.00259154  0.00605967]
 [ 0.00037366  0.00262632  0.00379618]
 [ 0.00546023  0.00629847  0.00757413]] 
Episode: 72: [[-0.00034444  0.00265124  0.00609793]
 [ 0.00042354  0.00268308  0.00382976]
 [ 0.00554558  0.00638162  0.00762908]] 
Episode: 73: [[-0.00028144  0.00274419  0.00616489]
 [ 0.00050507  0.00277455  0.00388981]
 [ 0.0056643   0.00649882  0.00770945]] 
Episode: 74: [[-0.00022466  0.00282952  0.00622606]
 [ 0.00058426  0.0028623   0.00394802]
 [ 0.00577386  0.00660791  0.00778398]] 
Episode: 75: [[-0.00018229  0.00289265  0.00626384]
 [ 0.00064128  0.00292644  0.00398061]
 [ 0.00585664  0.00669156  0.00783205]] 
Episode: 76: [[-0.00011812  0.002983    0.00632662]
 [ 0.00072717  0.00301927  0.0040365 ]
 [ 0.00596673  0.00680147  0.00790263]] 
Episode: 77: [[-3.5132849e-05  3.0992506e-03  6.4158896e-03]
 [ 8.3837350e-04  3.1394525e-03  4.1168989e-03]
 [ 6.1012134e-03  6.9367974e-03  7.9966793e-03]] 
Episode: 78: [[5.3758882e-05 3.2256246e-03 6.5124929e-03]
 [9.6217095e-04 3.2718652e-03 4.2050611e-03]
 [6.2448229e-03 7.0811440e-03 8.0951219e-03]] 
Episode: 79: [[2.5593012e-05 3.2120047e-03 6.4572114e-03]
 [9.3581062e-04 3.2486171e-03 4.1360469e-03]
 [6.2324675e-03 7.0749768e-03 8.0411341e-03]] 
Episode: 80: [[-2.9538392e-06  3.1965978e-03  6.4014280e-03]
 [ 8.9959259e-04  3.2182923e-03  4.0605087e-03]
 [ 6.2111896e-03  7.0622619e-03  7.9827774e-03]] 
Episode: 81: [[-2.3949831e-05  3.1905971e-03  6.3567152e-03]
 [ 8.7445742e-04  3.1987773e-03  3.9972011e-03]
 [ 6.1987978e-03  7.0573622e-03  7.9339789e-03]] 
Episode: 82: [[-5.6312758e-05  3.1632977e-03  6.2885419e-03]
 [ 8.2869519e-04  3.1579186e-03  3.9103385e-03]
 [ 6.1624651e-03  7.0290505e-03  7.8606680e-03]] 
Episode: 83: [[-5.7588361e-05  3.1753976e-03  6.2587950e-03]
 [ 8.2389871e-04  3.1589901e-03  3.8630615e-03]
 [ 6.1658486e-03  7.0398119e-03  7.8228796e-03]] 
Episode: 84: [[-6.0411181e-05  3.1831018e-03  6.2282747e-03]
 [ 8.1306224e-04  3.1532042e-03  3.8126973e-03]
 [ 6.1638285e-03  7.0441100e-03  7.7824616e-03]] 
Episode: 85: [[-4.6455996e-05  3.2118552e-03  6.2192408e-03]
 [ 8.2810887e-04  3.1737529e-03  3.7854239e-03]
 [ 6.1843484e-03  7.0707425e-03  7.7617844e-03]] 
Episode: 86: [[-6.2874137e-06  3.2743586e-03  6.2436070e-03]
 [ 8.7923557e-04  3.2310928e-03  3.7932131e-03]
 [ 6.2407358e-03  7.1323160e-03  7.7744364e-03]] 
Episode: 87: [[4.0257979e-05 3.3440611e-03 6.2774252e-03]
 [9.3934167e-04 3.2976908e-03 3.8107575e-03]
 [6.3044690e-03 7.2011924e-03 7.7957027e-03]] 
Episode: 88: [[9.0338443e-05 3.4117240e-03 6.3110325e-03]
 [9.9487614e-04 3.3604431e-03 3.8299253e-03]
 [6.3652359e-03 7.2663575e-03 7.8187436e-03]] 
Episode: 89: [[0.00015039 0.00349407 0.00636027]
 [0.00107203 0.00344468 0.00386792]
 [0.00644359 0.00734865 0.00785663]] 
Episode: 90: [[0.00020409 0.00356881 0.00640333]
 [0.00114335 0.0035222  0.0039013 ]
 [0.00651566 0.00742448 0.00788974]] 
Episode: 91: [[0.00021911 0.00359315 0.00639244]
 [0.00115968 0.00354434 0.00387882]
 [0.00653441 0.00744863 0.00787112]] 
Episode: 92: [[0.00022918 0.00361127 0.00637705]
 [0.00116833 0.00355851 0.00385076]
 [0.00654591 0.0074655  0.00784796]] 
Episode: 93: [[0.0002362  0.0036239  0.00635983]
 [0.00117438 0.00356928 0.0038221 ]
 [0.00655398 0.0074785  0.00782412]] 
Episode: 94: [[0.00026147 0.00365873 0.00636164]
 [0.00121357 0.00361425 0.00381976]
 [0.00658843 0.00751703 0.00782003]] 
Episode: 95: [[0.00029223 0.00370005 0.00637128]
 [0.00126801 0.00367439 0.00383058]
 [0.00663342 0.00756581 0.00782529]] 
Episode: 96: [[0.00031876 0.00373635 0.00637796]
 [0.0013162  0.00372817 0.00383847]
 [0.0066731  0.00760918 0.00782794]] 
Episode: 97: [[0.00036275 0.00379594 0.0064038 ]
 [0.0013886  0.00380738 0.00386555]
 [0.00673335 0.0076727  0.00784623]] 
Episode: 98: [[0.0004031  0.00385219 0.00643038]
 [0.0014638  0.00388906 0.00389354]
 [0.00679348 0.00773581 0.00786597]] 
Episode: 99: [[0.00044534 0.00390985 0.00645994]
 [0.00153939 0.0039711  0.00392621]
 [0.00685443 0.00779923 0.00788934]] 
Episode: 100: [[0.00045814 0.00393211 0.00645463]
 [0.00157401 0.0040096  0.00392181]
 [0.0068799  0.00782746 0.0078812 ]] 
Episode: 101: [[0.00048278 0.003971   0.0064706 ]
 [0.00162071 0.00405993 0.00393364]
 [0.00691876 0.00786915 0.00789088]] 
Episode: 102: [[0.0005066  0.00400816 0.00648705]
 [0.0016645  0.00410743 0.00394668]
 [0.00695612 0.00790918 0.0079019 ]] 
Episode: 103: [[0.00055384 0.00407162 0.00652801]
 [0.00173289 0.00418069 0.00397956]
 [0.00701556 0.0079714  0.00793156]] 
Episode: 104: [[0.00045644 0.00396148 0.0063849 ]
 [0.00162178 0.00407401 0.00382716]
 [0.00690935 0.0078741  0.0077946 ]] 
Episode: 105: [[0.00037231 0.00386929 0.00626107]
 [0.00152269 0.00398079 0.00369169]
 [0.00681727 0.00779072 0.00767383]] 
Episode: 106: [[0.00032311 0.00381286 0.00618797]
 [0.00147099 0.00393513 0.00360688]
 [0.00676224 0.0077447  0.00759532]] 
Episode: 107: [[0.00029579 0.0037822  0.00613938]
 [0.00144629 0.00391664 0.00354779]
 [0.00673214 0.00772296 0.00753989]] 
Episode: 108: [[0.00028375 0.00377046 0.00611148]
 [0.00144481 0.00392016 0.00351128]
 [0.00672242 0.00772071 0.00750469]] 
Episode: 109: [[0.00027979 0.00376746 0.00609228]
 [0.00145809 0.00393875 0.00348884]
 [0.00672342 0.00772875 0.00747952]] 
Episode: 110: [[0.00028259 0.00377186 0.00608017]
 [0.00148513 0.0039704  0.00347816]
 [0.00673418 0.00774574 0.00746276]] 
Episode: 111: [[0.00028523 0.00377752 0.00607172]
 [0.00151026 0.00399915 0.00346856]
 [0.00674477 0.00776234 0.00744941]] 
Episode: 112: [[0.00029414 0.00379152 0.00607402]
 [0.00154238 0.0040339  0.00346687]
 [0.00676284 0.00778638 0.00744572]] 
Episode: 113: [[0.00030625 0.00380895 0.00608072]
 [0.00157514 0.00406924 0.00346935]
 [0.00678293 0.00781193 0.00744643]] 
Episode: 114: [[0.00031676 0.00382673 0.00609014]
 [0.0016037  0.00409982 0.00346935]
 [0.00680205 0.00783607 0.00744831]] 
Episode: 115: [[0.00033416 0.00385229 0.0061079 ]
 [0.00164204 0.0041394  0.00347997]
 [0.00682937 0.00786774 0.00745891]] 
Episode: 116: [[0.00036142 0.00389284 0.00613951]
 [0.00170115 0.00419948 0.00350531]
 [0.00687293 0.00791566 0.00748124]] 
Episode: 117: [[0.00040497 0.00395149 0.00618578]
 [0.00178176 0.00428126 0.00354976]
 [0.00693427 0.00798075 0.00751797]] 
Episode: 118: [[0.00045536 0.00401721 0.00623876]
 [0.00186887 0.00436967 0.00360227]
 [0.00700221 0.00805212 0.00756149]] 
Episode: 119: [[0.00050748 0.00408411 0.00629612]
 [0.00195548 0.00445582 0.00365351]
 [0.00707019 0.00812359 0.00760762]] 
Episode: 120: [[0.00056479 0.00415426 0.00635648]
 [0.00204736 0.00454783 0.00371133]
 [0.0071418  0.00819807 0.00765771]] 
Episode: 121: [[0.0006222  0.00422829 0.00641841]
 [0.00214152 0.0046414  0.00377155]
 [0.00721623 0.00827435 0.0077089 ]] 
Episode: 122: [[0.00069832 0.00432109 0.00649541]
 [0.00224994 0.00475181 0.0038448 ]
 [0.00730476 0.00836418 0.00777131]] 
Episode: 123: [[0.00075894 0.00440206 0.0065608 ]
 [0.00234784 0.00484735 0.00389527]
 [0.00738506 0.00844751 0.00782272]] 
Episode: 124: [[0.00084322 0.00450796 0.00664235]
 [0.00246285 0.00496375 0.00396097]
 [0.00748163 0.00854684 0.00788385]] 
Episode: 125: [[0.00092342 0.00461085 0.00672121]
 [0.0025785  0.00508037 0.00402967]
 [0.00757662 0.00864415 0.00794429]] 
Episode: 126: [[0.00078311 0.00446814 0.0065433 ]
 [0.00243257 0.00494225 0.00383998]
 [0.00743927 0.00851847 0.00777492]] 
Episode: 127: [[0.00067705 0.00436254 0.00639555]
 [0.00231958 0.00483934 0.00368076]
 [0.00733139 0.00842145 0.00763103]] 
Episode: 128: [[0.00058257 0.00426787 0.006262  ]
 [0.00221223 0.0047424  0.00353009]
 [0.00723183 0.00833221 0.00749885]] 
Episode: 129: [[0.00051344 0.00420191 0.00615493]
 [0.00213816 0.00467807 0.00341198]
 [0.00716021 0.0082702  0.00739248]] 
Episode: 130: [[0.00045888 0.00414766 0.00606089]
 [0.00206308 0.00461505 0.00329698]
 [0.00709404 0.00821364 0.00729542]] 
Episode: 131: [[0.00042571 0.00411453 0.00598765]
 [0.0020179  0.00458219 0.00320978]
 [0.00705068 0.00817925 0.00721916]] 
Episode: 132: [[0.00039721 0.00408726 0.00592528]
 [0.00197768 0.00455351 0.00312803]
 [0.00701309 0.00815011 0.00715169]] 
Episode: 133: [[0.00038234 0.00407275 0.00587673]
 [0.0019865  0.00457365 0.00308922]
 [0.00699995 0.00814462 0.00710635]] 
Episode: 134: [[0.00037107 0.00406361 0.0058365 ]
 [0.00199397 0.00459094 0.00305359]
 [0.00699033 0.0081421  0.00706745]] 
Episode: 135: [[0.0003658  0.0040626  0.00580753]
 [0.00200258 0.0046093  0.00302532]
 [0.00698722 0.00814508 0.00703835]] 
Episode: 136: [[0.00037076 0.00407277 0.00579166]
 [0.00202887 0.00464676 0.00300683]
 [0.00699491 0.00816026 0.00702016]] 
Episode: 137: [[0.00038409 0.00409277 0.00578653]
 [0.00207253 0.00470133 0.00300741]
 [0.00701501 0.00818684 0.00701413]] 
Episode: 138: [[0.00039939 0.00411479 0.00578605]
 [0.00211452 0.00475553 0.0030138 ]
 [0.00703763 0.00821478 0.00701353]] 
Episode: 139: [[0.00042862 0.00415101 0.00579886]
 [0.00217418 0.00482868 0.00304136]
 [0.00707514 0.00825687 0.00702697]] 
Episode: 140: [[0.00045813 0.0041861  0.00581232]
 [0.00223427 0.00490228 0.00307012]
 [0.00711235 0.0082987  0.00704148]] 
Episode: 141: [[0.00048814 0.00422054 0.00582728]
 [0.00228676 0.00496706 0.00309351]
 [0.00714688 0.0083378  0.00705588]] 
Episode: 142: [[0.000514   0.00425131 0.00583998]
 [0.00233159 0.00502305 0.00311231]
 [0.00717704 0.00837229 0.00706774]] 
Episode: 143: [[0.000554   0.00429941 0.00586626]
 [0.00239923 0.00510054 0.00314536]
 [0.00722409 0.00842504 0.0070921 ]] 
Episode: 144: [[0.00060768 0.00435864 0.00590245]
 [0.00247707 0.00518914 0.00319058]
 [0.00728038 0.00848663 0.00712605]] 
Episode: 145: [[0.00066293 0.00441944 0.00594228]
 [0.00255697 0.00527861 0.00323873]
 [0.00733835 0.00854953 0.00716336]] 
Episode: 146: [[0.00071093 0.00446923 0.00597197]
 [0.002618   0.00535291 0.00327428]
 [0.00738432 0.0086007  0.00719014]] 
Episode: 147: [[0.00077176 0.00453464 0.00601541]
 [0.00269738 0.00544219 0.00331951]
 [0.0074427  0.00866495 0.0072278 ]] 
Episode: 148: [[0.00084706 0.00461739 0.00606939]
 [0.00279671 0.00555164 0.00337715]
 [0.00751456 0.00874286 0.00727238]] 
Episode: 149: [[0.00091936 0.00469628 0.00612151]
 [0.00288685 0.005652   0.00343106]
 [0.00758227 0.00881603 0.00731523]] 
Episode: 150: [[0.00098845 0.00477162 0.00617348]
 [0.00297095 0.00574237 0.00348035]
 [0.00764726 0.00888653 0.00735791]] 
Episode: 151: [[0.00105012 0.00484304 0.00622377]
 [0.00304164 0.00581667 0.00351599]
 [0.00770602 0.0089516  0.00739865]] 
Episode: 152: [[0.00109789 0.00490079 0.00626092]
 [0.00308984 0.00587029 0.00353257]
 [0.00775136 0.009003   0.00742693]] 
Episode: 153: [[0.00115205 0.00496547 0.00630376]
 [0.00314487 0.00593455 0.00356435]
 [0.00780439 0.0090607  0.00746007]] 
Episode: 154: [[0.00120529 0.00503404 0.00634994]
 [0.00317836 0.00598865 0.00359099]
 [0.00785693 0.00911749 0.00749396]] 
Episode: 155: [[0.00127224 0.00511703 0.00640787]
 [0.00323068 0.00605831 0.00362935]
 [0.00792071 0.00918632 0.00753682]] 
Episode: 156: [[0.0013473  0.00520998 0.00647226]
 [0.0033008  0.00614433 0.00368367]
 [0.00799366 0.00926447 0.00758625]] 
Episode: 157: [[0.0013237  0.00519945 0.00643454]
 [0.00320683 0.00608669 0.00361239]
 [0.00796888 0.00924746 0.00754326]] 
Episode: 158: [[0.00130865 0.00519741 0.00640551]
 [0.00313172 0.00604508 0.00355744]
 [0.00795332 0.00923898 0.00750945]] 
Episode: 159: [[0.0013039  0.00520487 0.00638454]
 [0.00308325 0.00602634 0.00351894]
 [0.00795116 0.00924279 0.00748491]] 
Episode: 160: [[0.00128961 0.00520442 0.00635865]
 [0.00302364 0.00599271 0.00346438]
 [0.00793919 0.00923727 0.00745246]] 
Episode: 161: [[0.00126496 0.00519378 0.0063248 ]
 [0.00298503 0.0059776  0.00342994]
 [0.00792658 0.0092317  0.00742293]] 
Episode: 162: [[0.0012465  0.00518752 0.00629675]
 [0.00295865 0.00597445 0.00340513]
 [0.00791948 0.00923155 0.00739999]] 
Episode: 163: [[0.00122298 0.00517859 0.00626752]
 [0.00295509 0.00599108 0.00340353]
 [0.00791928 0.00923735 0.00738473]] 
Episode: 164: [[0.00119412 0.00516243 0.00623353]
 [0.00297305 0.00602802 0.00342222]
 [0.00792405 0.00924765 0.00737535]] 
Episode: 165: [[0.00118682 0.00516887 0.0062147 ]
 [0.0030193  0.00609547 0.00346747]
 [0.00794926 0.00927714 0.00738161]] 
Episode: 166: [[0.00116483 0.00516258 0.00618221]
 [0.00304213 0.00613802 0.00349159]
 [0.00795891 0.00929013 0.00737226]] 
Episode: 167: [[0.00114896 0.00516144 0.00615783]
 [0.00306715 0.00618089 0.00351676]
 [0.00797155 0.00930606 0.00736772]] 
Episode: 168: [[0.0011212  0.00514575 0.0061201 ]
 [0.00307339 0.00620216 0.00351863]
 [0.00796937 0.00930748 0.00734864]] 
Episode: 169: [[0.00110778 0.00514561 0.00609646]
 [0.00309236 0.00623637 0.00353258]
 [0.00797862 0.00932057 0.00734071]] 
Episode: 170: [[0.00108799 0.00514405 0.0060712 ]
 [0.00310843 0.00626586 0.00354045]
 [0.00798574 0.00933144 0.00732999]] 
Episode: 171: [[0.00106149 0.00513434 0.00603991]
 [0.00311187 0.00628191 0.00353688]
 [0.00798461 0.0093334  0.00731291]] 
Episode: 172: [[0.00101323 0.00511505 0.00600725]
 [0.00311284 0.00629093 0.00352947]
 [0.0079783  0.00932982 0.00729411]] 
Episode: 173: [[0.00097771 0.00510479 0.00598333]
 [0.00312075 0.00630721 0.00352917]
 [0.0079785  0.0093326  0.00728174]] 
Episode: 174: [[0.00095095 0.00510417 0.00597127]
 [0.00313622 0.00633026 0.00353574]
 [0.00798608 0.00934278 0.00727862]] 
Episode: 175: [[0.00091392 0.00509468 0.00595331]
 [0.00313882 0.00633936 0.00353044]
 [0.00798622 0.00934465 0.00726912]] 
Episode: 176: [[0.00088772 0.00509439 0.0059439 ]
 [0.00314761 0.006355   0.0035313 ]
 [0.00799254 0.00935293 0.00726583]] 
Episode: 177: [[0.00087971 0.00511265 0.00594856]
 [0.00317123 0.0063868  0.00354508]
 [0.00801157 0.00937483 0.00727272]] 
Episode: 178: [[0.00089354 0.00515251 0.00597396]
 [0.00321464 0.00643869 0.00357748]
 [0.00804732 0.00941357 0.00729568]] 
Episode: 179: [[0.00087166 0.00518321 0.00599843]
 [0.00326578 0.00649041 0.00361149]
 [0.00808009 0.00944878 0.00731736]] 
Episode: 180: [[0.00083285 0.00519381 0.00600598]
 [0.00329498 0.00651503 0.00361724]
 [0.00809693 0.00946749 0.00732403]] 
Episode: 181: [[0.00080207 0.00520684 0.00601434]
 [0.0033206  0.00653755 0.00362255]
 [0.00811287 0.00948603 0.00733109]] 
Episode: 182: [[0.00074173 0.00519796 0.00600313]
 [0.00331634 0.00652802 0.00359639]
 [0.00810798 0.00948354 0.00732002]] 
Episode: 183: [[0.00064079 0.00515157 0.00595354]
 [0.00327187 0.00647603 0.00352726]
 [0.00807146 0.00944921 0.00727524]] 
Episode: 184: [[0.00055466 0.00511036 0.00590909]
 [0.00322316 0.00642225 0.00345841]
 [0.00803677 0.00941815 0.00723481]] 
Episode: 185: [[0.00044229 0.00503171 0.00582842]
 [0.00314242 0.00633384 0.00335411]
 [0.00797175 0.00935495 0.00716386]] 
Episode: 186: [[0.00033146 0.00495292 0.00575158]
 [0.00306746 0.00624876 0.00325597]
 [0.00790897 0.0092939  0.00709621]] 
Episode: 187: [[0.00024848 0.00487848 0.00566644]
 [0.00296025 0.00613888 0.00312568]
 [0.00783308 0.00922068 0.0070149 ]] 
Episode: 188: [[0.00019461 0.00483662 0.00560711]
 [0.00288616 0.00606439 0.00302404]
 [0.00778345 0.00917546 0.00695546]] 
Episode: 189: [[0.00016665 0.00481894 0.00557061]
 [0.00283906 0.00601942 0.00295046]
 [0.00775512 0.00915209 0.00691672]] 
Episode: 190: [[0.00014913 0.00481108 0.00554651]
 [0.0028091  0.00599105 0.00289531]
 [0.0077381  0.00913989 0.00689047]] 
Episode: 191: [[0.00015737 0.00482876 0.00554244]
 [0.00280426 0.00599263 0.00286804]
 [0.00774143 0.00914834 0.00688277]] 
Episode: 192: [[0.00017799 0.00485796 0.00555201]
 [0.00281875 0.00601392 0.00286039]
 [0.00775858 0.0091706  0.00688951]] 
Episode: 193: [[0.00020382 0.00489202 0.00556868]
 [0.00284743 0.00604937 0.00286794]
 [0.00778396 0.00920101 0.00690548]] 
Episode: 194: [[0.00022933 0.00492527 0.00558659]
 [0.00287441 0.0060826  0.00287549]
 [0.00780874 0.0092303  0.00692148]] 
Episode: 195: [[0.00025731 0.00495685 0.00560316]
 [0.00289771 0.00611272 0.00288112]
 [0.00783055 0.00925637 0.00693531]] 
Episode: 196: [[0.00028591 0.00498893 0.00562028]
 [0.00292997 0.00615215 0.00289855]
 [0.00785645 0.00928611 0.00695384]] 
Episode: 197: [[0.00031275 0.005019   0.00563612]
 [0.00297632 0.00620682 0.0029315 ]
 [0.00788813 0.00932107 0.00697807]] 
Episode: 198: [[0.00034704 0.00505423 0.00565917]
 [0.00302517 0.00626377 0.00296747]
 [0.00792264 0.00935911 0.00700687]] 
Episode: 199: [[0.00038422 0.00509336 0.00568583]
 [0.00310089 0.00634994 0.00302928]
 [0.00797186 0.00941139 0.00704796]] 
Episode: 200: [[0.00042747 0.00514141 0.00571796]
 [0.00319785 0.00645885 0.00310525]
 [0.00803448 0.00947701 0.00709564]] 
Episode: 201: [[0.00047368 0.0051935  0.00575543]
 [0.00329512 0.00656709 0.00318288]
 [0.00809906 0.00954438 0.0071458 ]] 
Episode: 202: [[0.00051998 0.00524152 0.00579279]
 [0.00338436 0.00666616 0.00325377]
 [0.00815825 0.00960629 0.00719329]] 
Episode: 203: [[0.00057181 0.00529605 0.00583648]
 [0.00347498 0.00676689 0.00332849]
 [0.00822042 0.0096715  0.00724454]] 
Episode: 204: [[0.00063706 0.00536843 0.00589369]
 [0.00358795 0.00689059 0.00341561]
 [0.0082988  0.00975426 0.00730552]] 
Episode: 205: [[0.00072002 0.00546157 0.00596143]
 [0.00371591 0.00703302 0.00351107]
 [0.00838845 0.00984993 0.00737244]] 
Episode: 206: [[0.00080006 0.00555259 0.00602873]
 [0.00383348 0.00716417 0.00359851]
 [0.00847091 0.00993913 0.00743602]] 
Episode: 207: [[0.00087391 0.00563181 0.00608388]
 [0.00393142 0.00727578 0.00366949]
 [0.00854059 0.01001524 0.00748767]] 
Episode: 208: [[0.00092011 0.0056884  0.00612026]
 [0.004005   0.00735944 0.00371425]
 [0.00859086 0.01007148 0.00752145]] 
Episode: 209: [[0.0009389  0.00571117 0.00612533]
 [0.00403695 0.00739848 0.00371763]
 [0.00860936 0.01009587 0.00752756]] 
Episode: 210: [[0.00097561 0.00573268 0.00612954]
 [0.00406329 0.00743216 0.00371747]
 [0.00862647 0.01011722 0.00753065]] 
Episode: 211: [[0.00102257 0.00576983 0.00614359]
 [0.00410315 0.00748079 0.00372599]
 [0.00865513 0.01015033 0.00754023]] 
Episode: 212: [[0.00105542 0.00578487 0.00613598]
 [0.00410894 0.00749657 0.00370855]
 [0.00866106 0.01016027 0.00753131]] 
Episode: 213: [[0.00106001 0.00577196 0.00610347]
 [0.00407401 0.00746893 0.00364369]
 [0.00863737 0.01014228 0.00749644]] 
Episode: 214: [[0.00106236 0.00576107 0.00607578]
 [0.00404217 0.00744366 0.00358542]
 [0.00861641 0.01012609 0.00746569]] 
Episode: 215: [[0.001094   0.00578695 0.00607084]
 [0.00404665 0.00745763 0.00355379]
 [0.00862308 0.01013811 0.00745251]] 
Episode: 216: [[0.0011324  0.00582304 0.00607556]
 [0.0040644  0.00748502 0.00353477]
 [0.00863849 0.01015943 0.00744772]] 
Episode: 217: [[0.00118659 0.00587274 0.00609012]
 [0.00408412 0.0075167  0.00351927]
 [0.0086607  0.01018749 0.0074489 ]] 
Episode: 218: [[0.00124079 0.00591801 0.00610612]
 [0.00410533 0.00754797 0.0035066 ]
 [0.00868294 0.01021503 0.00745206]] 
Episode: 219: [[0.00127624 0.00593455 0.00609676]
 [0.00409463 0.00754668 0.0034634 ]
 [0.00868239 0.0102194  0.00743512]] 
Episode: 220: [[0.00132218 0.0059633  0.00610097]
 [0.00409177 0.00755351 0.00343013]
 [0.00869    0.01023178 0.00742727]] 
Episode: 221: [[0.00135619 0.00596216 0.00606647]
 [0.00404241 0.00751012 0.00333812]
 [0.00866681 0.01021342 0.00738306]] 
Episode: 222: [[0.00139666 0.00597033 0.00604352]
 [0.00400645 0.00748072 0.00326088]
 [0.00865229 0.0102041  0.00734883]] 
Episode: 223: [[0.00144387 0.00598947 0.0060307 ]
 [0.00399285 0.00747497 0.00320703]
 [0.00864984 0.01020682 0.0073262 ]] 
Episode: 224: [[0.0014857  0.00600938 0.00601742]
 [0.00398211 0.007472   0.00316197]
 [0.00864843 0.0102104  0.00730551]] 
Episode: 225: [[0.00153508 0.00603859 0.00601366]
 [0.0039634  0.00746247 0.0031154 ]
 [0.00864806 0.01021419 0.0072875 ]] 
Episode: 226: [[0.00157071 0.00605726 0.00599721]
 [0.00396413 0.00747099 0.00309549]
 [0.00864987 0.01021999 0.00727416]] 
Episode: 227: [[0.00159866 0.00606781 0.00597103]
 [0.00400065 0.00751631 0.00311338]
 [0.0086626  0.01023636 0.0072711 ]] 
Episode: 228: [[0.00161766 0.00607179 0.00593557]
 [0.004063   0.00758821 0.00316113]
 [0.00868335 0.01026059 0.00727605]] 
Episode: 229: [[0.00164407 0.00608011 0.00590522]
 [0.00409791 0.00763471 0.00318356]
 [0.00869476 0.01027519 0.00727311]] 
Episode: 230: [[0.00167374 0.00609506 0.00588316]
 [0.0041284  0.00767635 0.00320378]
 [0.00870678 0.01029047 0.00727267]] 
Episode: 231: [[0.00169478 0.00610885 0.00586376]
 [0.00416258 0.00772146 0.00322957]
 [0.00872091 0.01030702 0.00727536]] 
Episode: 232: [[0.00171776 0.00612759 0.0058504 ]
 [0.00423474 0.00780687 0.00327784]
 [0.00875402 0.01034271 0.00728846]] 
Episode: 233: [[0.00175984 0.00616382 0.00584973]
 [0.0043072  0.00789633 0.00332408]
 [0.00878887 0.01038342 0.00730593]] 
Episode: 234: [[0.00178431 0.00618244 0.00583282]
 [0.00435922 0.00796295 0.00335008]
 [0.00880898 0.01040944 0.00730986]] 
Episode: 235: [[0.00176748 0.00617533 0.00580362]
 [0.00438408 0.0080029  0.00335259]
 [0.00880994 0.01041475 0.00730109]] 
Episode: 236: [[0.00176324 0.00617658 0.00577839]
 [0.00439757 0.00803202 0.00334616]
 [0.00880823 0.01041843 0.00729048]] 
Episode: 237: [[0.00175583 0.00617149 0.00574854]
 [0.0044027  0.00805053 0.0033303 ]
 [0.00880076 0.01041615 0.00727462]] 
Episode: 238: [[0.00176316 0.00619096 0.00573845]
 [0.00443174 0.00809336 0.00333215]
 [0.00881141 0.01043302 0.00727183]] 
Episode: 239: [[0.00174047 0.00617577 0.00569872]
 [0.00443366 0.00810368 0.00330088]
 [0.0087987  0.01042526 0.00724442]] 
Episode: 240: [[0.00172825 0.00616558 0.00566524]
 [0.0044322  0.0081107  0.00326929]
 [0.00878614 0.01041805 0.00721965]] 
Episode: 241: [[0.00168222 0.00612337 0.00560207]
 [0.00439556 0.00808063 0.00320654]
 [0.00874893 0.01038386 0.00717063]] 
Episode: 242: [[0.00166413 0.00611338 0.00556398]
 [0.00438115 0.00807432 0.00316364]
 [0.00873302 0.01037193 0.00713896]] 
Episode: 243: [[0.00165223 0.0061079  0.00553146]
 [0.00436998 0.00806986 0.00312421]
 [0.00871971 0.01036267 0.00711158]] 
Episode: 244: [[0.00165007 0.00608957 0.0054936 ]
 [0.00435738 0.00806211 0.0030811 ]
 [0.00870077 0.01034724 0.0070796 ]] 
Episode: 245: [[0.00164841 0.00607483 0.00546042]
 [0.00434622 0.00805505 0.00304058]
 [0.0086841  0.01033389 0.00705026]] 
Episode: 246: [[0.00167186 0.00608623 0.0054445 ]
 [0.00435286 0.00806904 0.00301672]
 [0.00868213 0.01033736 0.00703224]] 
Episode: 247: [[0.00170107 0.00610848 0.00544052]
 [0.00436811 0.00809136 0.00300502]
 [0.0086889  0.01034904 0.00702409]] 
Episode: 248: [[0.00174014 0.00614582 0.00545174]
 [0.00439883 0.00812961 0.00300752]
 [0.00870696 0.01037288 0.00702732]] 
Episode: 249: [[0.00176922 0.00617583 0.00545849]
 [0.00442019 0.00815596 0.00299968]
 [0.00871917 0.01039025 0.00702593]] 
Episode: 250: [[0.00180583 0.00621475 0.00547139]
 [0.00445414 0.00819562 0.00300073]
 [0.00873941 0.01041598 0.00702994]] 
Episode: 251: [[0.00184053 0.0062545  0.00548574]
 [0.00448373 0.00823047 0.00300053]
 [0.00875725 0.01043942 0.00703378]] 
Episode: 252: [[0.00186377 0.00629172 0.00550204]
 [0.00450682 0.00826053 0.00299609]
 [0.0087711  0.01045946 0.00703707]] 
Episode: 253: [[0.00190249 0.00633655 0.0055229 ]
 [0.0045252  0.00828836 0.00298965]
 [0.00878507 0.01048002 0.00704268]] 
Episode: 254: [[0.00195921 0.00640062 0.00555649]
 [0.00456309 0.00833788 0.00300021]
 [0.00881423 0.01051635 0.00705872]] 
Episode: 255: [[0.00200873 0.00645471 0.00558181]
 [0.0045854  0.00837109 0.00299352]
 [0.00883265 0.01054301 0.00706637]] 
Episode: 256: [[0.00204971 0.00649631 0.00559737]
 [0.00460057 0.00839622 0.00298028]
 [0.0088449  0.01056231 0.00706752]] 
Episode: 257: [[0.00209749 0.00654754 0.00561967]
 [0.0046263  0.0084334  0.00297764]
 [0.00886423 0.01058875 0.00707429]] 
Episode: 258: [[0.00214542 0.00660105 0.00564463]
 [0.00466788 0.00848605 0.00298828]
 [0.00889062 0.01062186 0.00708611]] 
Episode: 259: [[0.00219634 0.00665518 0.00567073]
 [0.0047075  0.0085369  0.00299943]
 [0.00891679 0.01065456 0.00709829]] 
Episode: 260: [[0.00225417 0.00671121 0.0057023 ]
 [0.00475114 0.00859226 0.0030179 ]
 [0.00894569 0.01068971 0.00711538]] 
Episode: 261: [[0.00231054 0.00675964 0.00572342]
 [0.00477857 0.00863283 0.00302148]
 [0.00896522 0.01071515 0.00712235]] 
Episode: 262: [[0.00237922 0.00682196 0.00575693]
 [0.00483223 0.00870075 0.00304871]
 [0.00899981 0.01075578 0.00714233]] 
Episode: 263: [[0.00244328 0.00688222 0.00579292]
 [0.00488252 0.00876365 0.00307321]
 [0.00903337 0.010795   0.00716284]] 
Episode: 264: [[0.00249221 0.00693318 0.00582178]
 [0.00492264 0.00881443 0.00308895]
 [0.00906208 0.0108281  0.00717815]] 
Episode: 265: [[0.00254717 0.00698729 0.0058561 ]
 [0.00496501 0.00886764 0.00311113]
 [0.00909225 0.01086249 0.00719769]] 
Episode: 266: [[0.00262817 0.007056   0.00589681]
 [0.00501828 0.00893562 0.00314377]
 [0.00913173 0.01090567 0.00722228]] 
Episode: 267: [[0.00274841 0.00713761 0.00594272]
 [0.00504519 0.0089867  0.00316049]
 [0.009163   0.01094124 0.00724274]] 
Episode: 268: [[0.00285508 0.00720645 0.00597786]
 [0.00506115 0.00902381 0.00316672]
 [0.00918679 0.01096881 0.00725597]] 
Episode: 269: [[0.00294811 0.00726896 0.00600987]
 [0.00508319 0.00906484 0.00317709]
 [0.00921092 0.01099669 0.00726952]] 
Episode: 270: [[0.00303285 0.00732806 0.00604211]
 [0.0051379  0.0091385  0.00320341]
 [0.00924805 0.01103738 0.00728924]] 
Episode: 271: [[0.00311956 0.00739189 0.0060807 ]
 [0.005188   0.00920745 0.00322815]
 [0.00928544 0.01107782 0.00731082]] 
Episode: 272: [[0.00317425 0.00743307 0.00609866]
 [0.00519866 0.00923531 0.00321344]
 [0.00930025 0.0110955  0.00731036]] 
Episode: 273: [[0.00322812 0.00748055 0.00612144]
 [0.00518895 0.00924049 0.0031731 ]
 [0.00930905 0.01110774 0.00730187]] 
Episode: 274: [[0.00328272 0.00752894 0.00614127]
 [0.00519691 0.00926254 0.00315582]
 [0.009325   0.01112661 0.00730072]] 
Episode: 275: [[0.00329398 0.00752897 0.0061141 ]
 [0.00525432 0.00933428 0.00319258]
 [0.00934671 0.01115058 0.00730612]] 
Episode: 276: [[0.00335536 0.00759539 0.00613288]
 [0.00527312 0.00936448 0.00320767]
 [0.00937344 0.01117922 0.0073168 ]] 
Episode: 277: [[0.00336278 0.00760497 0.00610424]
 [0.00538535 0.00949484 0.00329154]
 [0.00942156 0.01122905 0.00733932]] 
Episode: 278: [[0.00324624 0.00749484 0.00597554]
 [0.00541605 0.00953431 0.00326298]
 [0.00939621 0.01120826 0.00728537]] 
Episode: 279: [[0.00315311 0.00741023 0.00587343]
 [0.00544959 0.00957717 0.00324426]
 [0.00938045 0.01119708 0.00724439]] 
Episode: 280: [[0.00306597 0.00733423 0.0057812 ]
 [0.0054795  0.00961512 0.0032269 ]
 [0.00936584 0.011187   0.00720712]] 
Episode: 281: [[0.00299603 0.0072753  0.00570767]
 [0.00550418 0.00964797 0.0032089 ]
 [0.00935345 0.01117936 0.00717604]] 
Episode: 282: [[0.00292226 0.00720187 0.00562111]
 [0.00549623 0.00964671 0.00316185]
 [0.00932262 0.01115306 0.00712831]] 
Episode: 283: [[0.00286931 0.00714039 0.00554956]
 [0.00549026 0.00964815 0.00311737]
 [0.0092961  0.01113093 0.00708724]] 
Episode: 284: [[0.00282998 0.00709873 0.00549519]
 [0.00550451 0.00966875 0.00308861]
 [0.00928274 0.01112333 0.00705782]] 
Episode: 285: [[0.00275018 0.0070434  0.00543498]
 [0.00551632 0.00968222 0.00305338]
 [0.00926511 0.01111004 0.00702361]] 
Episode: 286: [[0.00268701 0.00698914 0.00537243]
 [0.005502   0.00967153 0.00299857]
 [0.00923777 0.01108694 0.00698246]] 
Episode: 287: [[0.00262998 0.00694668 0.00532684]
 [0.00549339 0.00966506 0.00295118]
 [0.00921715 0.01107077 0.00695095]] 
Episode: 288: [[0.00258966 0.00692292 0.00529578]
 [0.00549751 0.0096729  0.00291834]
 [0.00920751 0.01106592 0.00692922]] 
Episode: 289: [[0.00259493 0.00693439 0.0052911 ]
 [0.00551175 0.00969343 0.0028954 ]
 [0.00920246 0.01107251 0.00692061]] 
Episode: 290: [[0.00260589 0.00695326 0.00529401]
 [0.00553535 0.00972285 0.00288362]
 [0.00920441 0.01108549 0.00691857]] 
Episode: 291: [[0.00261988 0.00697598 0.00530004]
 [0.005562   0.00975486 0.00287578]
 [0.00920953 0.01110138 0.00691905]] 
Episode: 292: [[0.0026412  0.00700448 0.00530809]
 [0.00558106 0.00978159 0.00286462]
 [0.00921324 0.01111558 0.0069188 ]] 
Episode: 293: [[0.00268363 0.00703578 0.00532047]
 [0.00558999 0.00980045 0.00284591]
 [0.00921473 0.01112699 0.00691753]] 
Episode: 294: [[0.0027324  0.00707491 0.00534334]
 [0.00560882 0.00982851 0.00283566]
 [0.00922257 0.01114524 0.00692324]] 
Episode: 295: [[0.00278235 0.0071124  0.00536292]
 [0.00562535 0.00985438 0.00282571]
 [0.00922949 0.01116185 0.00692714]] 
Episode: 296: [[0.00283027 0.00715044 0.00538643]
 [0.00564367 0.00988112 0.00282026]
 [0.00923937 0.01118022 0.0069345 ]] 
Episode: 297: [[0.00286902 0.00718068 0.00540306]
 [0.00564854 0.00989296 0.00280037]
 [0.00924196 0.01119078 0.00693385]] 
Episode: 298: [[0.00291477 0.00722086 0.00543262]
 [0.00566006 0.00991143 0.00278887]
 [0.00925043 0.01120725 0.00694115]] 
Episode: 299: [[0.00295293 0.00725951 0.00545861]
 [0.00566817 0.00992858 0.00277847]
 [0.00925818 0.01122206 0.006947  ]] 
Episode: 300: [[0.00301136 0.00732633 0.00550174]
 [0.00571136 0.00998339 0.00279224]
 [0.00928657 0.01125908 0.0069658 ]] 
Episode: 301: [[0.00307305 0.00739151 0.00554773]
 [0.00575249 0.01003605 0.00280655]
 [0.00931453 0.0112951  0.00698648]] 
Episode: 302: [[0.00313132 0.00745366 0.00559281]
 [0.00578796 0.01008177 0.00281694]
 [0.00933953 0.01132771 0.00700535]] 
Episode: 303: [[0.00323224 0.00754139 0.00565595]
 [0.00583683 0.01014734 0.0028427 ]
 [0.00937677 0.01137305 0.00703578]] 
Episode: 304: [[0.00333815 0.00762809 0.00571232]
 [0.0058756  0.01020564 0.00286605]
 [0.00941044 0.01141362 0.00706241]] 
Episode: 305: [[0.00342754 0.00770561 0.0057642 ]
 [0.00589805 0.01024578 0.00286965]
 [0.009435   0.01144592 0.00708108]] 
Episode: 306: [[0.00350209 0.00776721 0.00580107]
 [0.00590832 0.01027259 0.00286153]
 [0.00945135 0.01146892 0.00709014]] 
Episode: 307: [[0.00359369 0.00784092 0.00584469]
 [0.00590694 0.01029157 0.0028454 ]
 [0.00946709 0.01149178 0.00709953]] 
Episode: 308: [[0.00368032 0.00790537 0.00588401]
 [0.00588907 0.01029383 0.00281066]
 [0.00947331 0.01150545 0.00710109]] 
Episode: 309: [[0.00375139 0.00795466 0.00591216]
 [0.00587759 0.01030053 0.00278084]
 [0.00947615 0.01151577 0.00710051]] 
Episode: 310: [[0.00379834 0.00798261 0.00591815]
 [0.00593334 0.01037716 0.00280831]
 [0.00949498 0.01154167 0.00711139]] 
Episode: 311: [[0.0038663  0.00803096 0.00595352]
 [0.00599051 0.01045559 0.00283514]
 [0.00952259 0.01157623 0.00713351]] 
Episode: 312: [[0.00390712 0.0080635  0.00596133]
 [0.00609862 0.01058043 0.00292148]
 [0.00956342 0.01162271 0.00716551]] 
Episode: 313: [[0.00393153 0.0080867  0.00595146]
 [0.00620232 0.01069863 0.00300707]
 [0.00959336 0.01166068 0.00718886]] 
Episode: 314: [[0.00396077 0.00811514 0.00594771]
 [0.00630202 0.01081281 0.00309147]
 [0.0096251  0.01169963 0.00721429]] 
Episode: 315: [[0.00398185 0.00814387 0.0059468 ]
 [0.00639288 0.01091605 0.00316688]
 [0.009655   0.01173599 0.00723745]] 
Episode: 316: [[0.0040198  0.00819407 0.00596286]
 [0.00649709 0.01103312 0.00324989]
 [0.00969642 0.01178489 0.0072689 ]] 
Episode: 317: [[0.00405931 0.00824904 0.00598459]
 [0.00659877 0.01114733 0.00332963]
 [0.00973994 0.01183555 0.00730167]] 
Episode: 318: [[0.00403927 0.00822056 0.00592105]
 [0.00658683 0.01115132 0.00329466]
 [0.00971159 0.01181608 0.00726737]] 
Episode: 319: [[0.00392702 0.00810794 0.00578102]
 [0.00649681 0.01107015 0.00316953]
 [0.00962953 0.01174019 0.00717522]] 
Episode: 320: [[0.00380042 0.00799897 0.00564883]
 [0.00640094 0.01097802 0.00303951]
 [0.00954737 0.01166372 0.00708504]] 
Episode: 321: [[0.00368986 0.00790722 0.00553598]
 [0.00632129 0.01090124 0.00292771]
 [0.00947688 0.01159894 0.00700756]] 
Episode: 322: [[0.00357404 0.00781735 0.00541798]
 [0.00623115 0.01081909 0.00281391]
 [0.009405   0.01153078 0.00692584]] 
Episode: 323: [[0.00326667 0.00752721 0.00508947]
 [0.00594741 0.01053123 0.00248458]
 [0.00919013 0.01131583 0.00668186]] 
Episode: 324: [[0.00299195 0.0072744  0.00479972]
 [0.00569251 0.01027375 0.00218499]
 [0.00899689 0.01112498 0.00646445]] 
Episode: 325: [[0.00275874 0.0070673  0.00455396]
 [0.00548758 0.01006724 0.00193295]
 [0.00883951 0.01097078 0.00628045]] 
Episode: 326: [[0.00254668 0.00688107 0.00433445]
 [0.00530318 0.00988088 0.00170456]
 [0.00869781 0.01083208 0.00611561]] 
Episode: 327: [[0.00236852 0.00672842 0.00414816]
 [0.00515483 0.00973241 0.00150945]
 [0.00858275 0.01072059 0.00597536]] 
Episode: 328: [[0.00223936 0.00662332 0.0040059 ]
 [0.00505974 0.00963984 0.00136464]
 [0.00850526 0.01064937 0.005872  ]] 
Episode: 329: [[0.00213363 0.00653852 0.00389029]
 [0.00498479 0.00956701 0.00124755]
 [0.00844457 0.01059404 0.00579025]] 
Episode: 330: [[0.00204868 0.0064701  0.00379591]
 [0.00491968 0.00950573 0.00114201]
 [0.0083921  0.0105477  0.00572172]] 
Episode: 331: [[0.00198311 0.00642008 0.00371799]
 [0.00487802 0.00946631 0.00105528]
 [0.00835617 0.01051885 0.00566613]] 
Episode: 332: [[0.00194661 0.00639733 0.00366068]
 [0.00487371 0.00946929 0.00100453]
 [0.0083448  0.01051596 0.0056319 ]] 
Episode: 333: [[0.00193389 0.00639776 0.00362418]
 [0.00489521 0.00949768 0.00098558]
 [0.00834948 0.01053052 0.00561759]] 
Episode: 334: [[0.00193177 0.00640843 0.00360412]
 [0.00492876 0.00953758 0.00098569]
 [0.00836342 0.01055327 0.00561737]] 
Episode: 335: [[0.00194069 0.00643287 0.00359898]
 [0.00497492 0.00959094 0.00099945]
 [0.00838703 0.01058643 0.00562899]] 
Episode: 336: [[0.00195835 0.00646747 0.00360634]
 [0.00502919 0.00965207 0.00101933]
 [0.00841682 0.01062682 0.00564856]] 
Episode: 337: [[0.00198054 0.00650603 0.0036241 ]
 [0.00508475 0.00971334 0.00104485]
 [0.00844962 0.01066944 0.00567517]] 
Episode: 338: [[0.00200641 0.00654944 0.00364735]
 [0.00514946 0.00978418 0.00107953]
 [0.00848927 0.01071867 0.00570691]] 
Episode: 339: [[0.00204568 0.00660196 0.003671  ]
 [0.00522301 0.00986982 0.00113086]
 [0.00853681 0.01077477 0.00574328]] 
Episode: 340: [[0.0021072  0.00667175 0.00371229]
 [0.00530908 0.00996968 0.00119641]
 [0.00859636 0.01084332 0.00579281]] 
Episode: 341: [[0.00217475 0.00674901 0.00376241]
 [0.00540292 0.01007762 0.00127538]
 [0.00866286 0.010918   0.00585089]] 
Episode: 342: [[0.00223554 0.00682801 0.00382258]
 [0.00549908 0.01018531 0.00135956]
 [0.00873103 0.01099397 0.0059159 ]] 
Episode: 343: [[0.00227999 0.00691308 0.00389662]
 [0.00558468 0.01027891 0.0014242 ]
 [0.00879224 0.01106658 0.00598059]] 
Episode: 344: [[0.00233352 0.00700118 0.00397274]
 [0.00566451 0.01037167 0.00148528]
 [0.00885205 0.01113719 0.0060442 ]] 
Episode: 345: [[0.00239922 0.00710298 0.00405873]
 [0.00576352 0.01048345 0.00156269]
 [0.00892509 0.01122157 0.00611744]] 
Episode: 346: [[0.00249245 0.0072108  0.0041418 ]
 [0.00585669 0.01059947 0.00164286]
 [0.00899856 0.01130426 0.00618812]] 
Episode: 347: [[0.00258749 0.00732191 0.0042261 ]
 [0.00595308 0.01071881 0.00172436]
 [0.00907373 0.01138868 0.00625832]] 
Episode: 348: [[0.00268187 0.00742519 0.00429985]
 [0.00603092 0.01082134 0.0017934 ]
 [0.00913828 0.01146142 0.00631867]] 
Episode: 349: [[0.00276335 0.00751992 0.00436667]
 [0.00609933 0.01091186 0.00185228]
 [0.00919597 0.01152703 0.0063722 ]] 
Episode: 350: [[0.00285928 0.00761806 0.00444011]
 [0.0061598  0.01099461 0.00190695]
 [0.00925045 0.01158926 0.00642639]] 
Episode: 351: [[0.0029411  0.00770582 0.00451121]
 [0.0062168  0.01107074 0.00195745]
 [0.00930173 0.01164671 0.00647815]] 
Episode: 352: [[0.00301724 0.00779139 0.00458093]
 [0.00627247 0.01114389 0.00200739]
 [0.00935128 0.01170238 0.00652876]] 
Episode: 353: [[0.00309607 0.00787377 0.00464881]
 [0.00632552 0.01121318 0.00205531]
 [0.00939786 0.01175514 0.0065779 ]] 
Episode: 354: [[0.00317704 0.00795948 0.00472213]
 [0.00638011 0.01127986 0.00210363]
 [0.00944446 0.01180939 0.00662992]] 
Episode: 355: [[0.00327181 0.00805097 0.00480081]
 [0.0064373  0.01134933 0.00216042]
 [0.00949451 0.01186635 0.00668627]] 
Episode: 356: [[0.00337223 0.00812594 0.00486506]
 [0.00647823 0.01140313 0.00219978]
 [0.00953342 0.01191091 0.00673068]] 
Episode: 357: [[0.00348815 0.00822888 0.0049502 ]
 [0.00655197 0.01148889 0.00224945]
 [0.00958943 0.01197644 0.00678506]] 
Episode: 358: [[0.00360557 0.00833177 0.00503533]
 [0.00662097 0.01156815 0.00229464]
 [0.00964307 0.01203957 0.00683765]] 
Episode: 359: [[0.00374498 0.00845482 0.00512687]
 [0.00670566 0.01167045 0.00236228]
 [0.00970741 0.01211311 0.00689713]] 
Episode: 360: [[0.00388807 0.00857064 0.005224  ]
 [0.00677403 0.01174823 0.00239667]
 [0.00976106 0.01217982 0.00695261]] 
Episode: 361: [[0.00405656 0.00868384 0.00531122]
 [0.00681007 0.01180124 0.00240825]
 [0.00980259 0.01223375 0.00699653]] 
Episode: 362: [[0.00422451 0.00879539 0.00539544]
 [0.0068598  0.01186884 0.00243344]
 [0.00984781 0.01229079 0.00704269]] 
Episode: 363: [[0.00437955 0.00889955 0.00547846]
 [0.00688937 0.01191319 0.00244022]
 [0.00988629 0.01234003 0.00708259]] 
Episode: 364: [[0.00451533 0.00899702 0.00555191]
 [0.00691839 0.01195108 0.0024517 ]
 [0.00992076 0.01238539 0.00711925]] 
Episode: 365: [[0.00465207 0.00910175 0.00562297]
 [0.0069328  0.01197392 0.00245573]
 [0.00995182 0.01242596 0.00715118]] 
Episode: 366: [[0.0047644  0.00918241 0.00567432]
 [0.00700615 0.01205728 0.00249809]
 [0.00999489 0.01247799 0.00718768]] 
Episode: 367: [[0.00486921 0.00926004 0.00572253]
 [0.00706968 0.01212992 0.00253281]
 [0.01003348 0.01252514 0.00722043]] 
Episode: 368: [[0.00489989 0.00926507 0.00569283]
 [0.0071839  0.0122499  0.00263352]
 [0.01006051 0.01255842 0.00724177]] 
Episode: 369: [[0.00492522 0.00927284 0.00565429]
 [0.00735159 0.01242603 0.00277372]
 [0.01010314 0.01260761 0.00726997]] 
Episode: 370: [[0.00496027 0.00930562 0.00564898]
 [0.00751873 0.0125963  0.002906  ]
 [0.01015355 0.01266684 0.00730949]] 
Episode: 371: [[0.00498363 0.0093196  0.00562812]
 [0.00765193 0.01273392 0.00301461]
 [0.01018819 0.01270812 0.00733511]] 
Episode: 372: [[0.00499881 0.00932856 0.00560638]
 [0.0077577  0.01284062 0.00309514]
 [0.01021207 0.01273947 0.00735289]] 
Episode: 373: [[0.0050098  0.00932807 0.0055808 ]
 [0.00784979 0.01292933 0.00316221]
 [0.01022943 0.01276423 0.00736522]] 
Episode: 374: [[0.00500546 0.00931566 0.00555333]
 [0.00792777 0.01299963 0.0032125 ]
 [0.01023743 0.01277933 0.00737211]] 
Episode: 375: [[0.0047832  0.00910572 0.00533066]
 [0.0078036  0.01285499 0.00305427]
 [0.01011124 0.01265624 0.0072414 ]] 
Episode: 376: [[0.00461292 0.00895159 0.00515147]
 [0.00772997 0.01275954 0.00293091]
 [0.01001848 0.01257084 0.00714019]] 
Episode: 377: [[0.00449502 0.00882972 0.00499464]
 [0.00764918 0.01266837 0.00280992]
 [0.00993449 0.01249627 0.00704948]] 
Episode: 378: [[0.00436985 0.00866922 0.00480187]
 [0.00753052 0.01253089 0.00263995]
 [0.00981746 0.01239077 0.00693068]] 
Episode: 379: [[0.004276   0.00854882 0.0046424 ]
 [0.00744443 0.01242847 0.00249779]
 [0.00972777 0.01231279 0.00683241]] 
Episode: 380: [[0.00420475 0.00844489 0.00449922]
 [0.00736119 0.01233038 0.00235982]
 [0.00964204 0.01224168 0.00674323]] 
Episode: 381: [[0.00415635 0.00836075 0.00437914]
 [0.00729477 0.01225124 0.00224254]
 [0.0095725  0.01218671 0.00666949]] 
Episode: 382: [[0.00407597 0.00828258 0.00426645]
 [0.00722077 0.01216737 0.00212272]
 [0.009506   0.01213256 0.00659802]] 
Episode: 383: [[0.00399682 0.00821215 0.0041701 ]
 [0.00715417 0.01209534 0.00202333]
 [0.00945031 0.0120857  0.00653756]] 
Episode: 384: [[0.00393287 0.00813235 0.00405785]
 [0.00706534 0.01201302 0.00190894]
 [0.00938296 0.01202693 0.00646043]] 
Episode: 385: [[0.00388448 0.00806211 0.00395524]
 [0.00698202 0.01193562 0.00180011]
 [0.00931954 0.01197214 0.00638933]] 
Episode: 386: [[0.00383762 0.00799802 0.00386105]
 [0.00690659 0.01186553 0.00170048]
 [0.00926    0.01192074 0.00632374]] 
Episode: 387: [[0.00381519 0.007949   0.00378063]
 [0.00681898 0.01179607 0.00159646]
 [0.00920388 0.01187433 0.00626619]] 
Episode: 388: [[0.00379649 0.00791248 0.00371562]
 [0.00674409 0.01173739 0.00150676]
 [0.00915512 0.01183578 0.00621916]] 
Episode: 389: [[0.00377939 0.0078841  0.00366288]
 [0.00667623 0.01168202 0.00142042]
 [0.0091162  0.01180533 0.00618015]] 
Episode: 390: [[0.00378127 0.00786933 0.00362694]
 [0.00661688 0.01163308 0.0013458 ]
 [0.00908513 0.01178343 0.00615318]] 
Episode: 391: [[0.00379092 0.00786321 0.00360493]
 [0.00657521 0.01159712 0.00128501]
 [0.00906091 0.01176938 0.00613684]] 
Episode: 392: [[0.00380711 0.00786454 0.00359145]
 [0.00653883 0.01156795 0.00123317]
 [0.00904206 0.01175957 0.00612641]] 
Episode: 393: [[0.00383239 0.00786679 0.00357952]
 [0.0064981  0.01153877 0.00117818]
 [0.00901856 0.01174489 0.0061154 ]] 
Episode: 394: [[0.0038784  0.00789792 0.00358782]
 [0.00649461 0.01154797 0.00115147]
 [0.00902229 0.01175883 0.0061206 ]] 
Episode: 395: [[0.00393268 0.0079328  0.00360413]
 [0.00649487 0.0115571  0.00113614]
 [0.00903044 0.01177663 0.00613251]] 
Episode: 396: [[0.00398792 0.0079717  0.0036265 ]
 [0.00650081 0.01157196 0.00112997]
 [0.00904215 0.01179753 0.00614976]] 
Episode: 397: [[0.00404893 0.00802458 0.003657  ]
 [0.00652874 0.01161201 0.00114206]
 [0.00906818 0.01183295 0.00617471]] 
Episode: 398: [[0.0041189  0.00808459 0.00370201]
 [0.00656803 0.01166106 0.0011698 ]
 [0.00909796 0.01187292 0.00621068]] 
Episode: 399: [[0.0041853  0.00814632 0.00375152]
 [0.00660809 0.01171571 0.00120823]
 [0.00913329 0.01191559 0.00625111]] 
Episode: 400: [[0.00424888 0.00820301 0.00379658]
 [0.00663832 0.01176025 0.00123462]
 [0.00916159 0.01195109 0.00628533]] 
Episode: 401: [[0.00432348 0.00827067 0.00385121]
 [0.00667717 0.01181722 0.00127886]
 [0.00919868 0.01199433 0.00632801]] 
Episode: 402: [[0.00438553 0.00833488 0.00390844]
 [0.00671697 0.01187564 0.00132813]
 [0.00923461 0.01203528 0.00637273]] 
Episode: 403: [[0.00443343 0.00839316 0.00396562]
 [0.00675478 0.01192801 0.00137197]
 [0.00926804 0.01207358 0.00641645]] 
Episode: 404: [[0.00448131 0.00845027 0.00402341]
 [0.00679318 0.01197951 0.00141465]
 [0.00930139 0.01211153 0.00646005]] 
Episode: 405: [[0.00454537 0.00851173 0.00408548]
 [0.0068327  0.0120335  0.00145907]
 [0.00933573 0.01214985 0.0065057 ]] 
Episode: 406: [[0.0046128  0.00857895 0.00415511]
 [0.00688614 0.01210141 0.00151751]
 [0.0093777  0.01219526 0.00655859]] 
Episode: 407: [[0.00467619 0.00864507 0.00422279]
 [0.00694094 0.01217062 0.00157648]
 [0.00942021 0.01224099 0.00661044]] 
Episode: 408: [[0.00474085 0.00871984 0.00429226]
 [0.00703245 0.01228161 0.00167628]
 [0.00947741 0.01230124 0.00667307]] 
Episode: 409: [[0.00480105 0.0087899  0.00436139]
 [0.00711995 0.01238667 0.00176634]
 [0.00952906 0.01235644 0.00673307]] 
Episode: 410: [[0.0048566  0.00885733 0.00442971]
 [0.00721171 0.01249535 0.00186019]
 [0.00958057 0.01241146 0.00679319]] 
Episode: 411: [[0.00492131 0.0089292  0.00450526]
 [0.00731238 0.01261188 0.00196227]
 [0.00963655 0.01247122 0.00685795]] 
Episode: 412: [[0.00497975 0.00899303 0.00457464]
 [0.00740179 0.01271579 0.00205086]
 [0.00968598 0.012524   0.0069159 ]] 
Episode: 413: [[0.00505547 0.00908131 0.00465549]
 [0.00751232 0.01284623 0.00214588]
 [0.00974788 0.01258981 0.00697955]] 
Episode: 414: [[0.00514271 0.00918161 0.00474365]
 [0.00763571 0.01299089 0.00225525]
 [0.0098196  0.01266574 0.00704966]] 
Episode: 415: [[0.00522622 0.00928827 0.00483666]
 [0.00776142 0.01313673 0.00236233]
 [0.00989293 0.01274443 0.00712098]] 
Episode: 416: [[0.00529537 0.00938532 0.00491597]
 [0.00786232 0.01325999 0.00244728]
 [0.00995438 0.01281085 0.00718048]] 
Episode: 417: [[0.00534374 0.00944769 0.00495271]
 [0.00792493 0.01334281 0.00248644]
 [0.00998655 0.01284914 0.00720822]] 
Episode: 418: [[0.00539796 0.00951676 0.00499293]
 [0.00799007 0.01342923 0.00252842]
 [0.01002387 0.01289245 0.00723787]] 
Episode: 419: [[0.00541072 0.00954605 0.00499184]
 [0.00801695 0.013472   0.00253279]
 [0.01003246 0.01290702 0.00723971]] 
Episode: 420: [[0.00542447 0.0095677  0.00498424]
 [0.00803311 0.01350258 0.00252861]
 [0.01003621 0.01291611 0.00723678]] 
Episode: 421: [[0.00545986 0.00960425 0.00499011]
 [0.00805755 0.01353998 0.00253616]
 [0.01004863 0.01293424 0.00724255]] 
Episode: 422: [[0.00551617 0.00966689 0.00501485]
 [0.00810663 0.01360302 0.0025623 ]
 [0.01007964 0.01297188 0.00726037]] 
Episode: 423: [[0.00555227 0.009706   0.00501918]
 [0.00813504 0.01364183 0.002565  ]
 [0.01009567 0.01299409 0.00726376]] 
Episode: 424: [[0.00555097 0.00967157 0.00493387]
 [0.00808069 0.01360497 0.00248306]
 [0.01005628 0.01295889 0.00720335]] 
Episode: 425: [[0.00556974 0.00963855 0.0048518 ]
 [0.00803271 0.01356458 0.00239561]
 [0.01001646 0.01292573 0.00714442]] 
Episode: 426: [[0.00558113 0.00959593 0.00476794]
 [0.00797997 0.01351596 0.00230673]
 [0.00997307 0.01288798 0.00708376]] 
Episode: 427: [[0.00558546 0.00955829 0.00469307]
 [0.00793433 0.01347512 0.00222519]
 [0.00993475 0.01285441 0.00702935]] 
Episode: 428: [[0.00559003 0.00953391 0.0046331 ]
 [0.00790419 0.01344936 0.00216117]
 [0.0099063  0.01283125 0.00698607]] 
Episode: 429: [[0.00559508 0.00951383 0.00457932]
 [0.00787417 0.01342524 0.00210247]
 [0.00987967 0.01280932 0.00694633]] 
Episode: 430: [[0.00561479 0.00950954 0.00453887]
 [0.00785827 0.01341768 0.00205202]
 [0.0098615  0.01279779 0.00691504]] 
Episode: 431: [[0.00563133 0.00949486 0.00449096]
 [0.00781848 0.0133873  0.00198461]
 [0.00983706 0.01277784 0.00687556]] 
Episode: 432: [[0.00563514 0.00947661 0.00444335]
 [0.00777464 0.01334688 0.0019074 ]
 [0.00980921 0.01275385 0.00683303]] 
Episode: 433: [[0.0056257  0.00943761 0.00436939]
 [0.00771276 0.01328886 0.00181106]
 [0.00976597 0.01271462 0.00677192]] 
Episode: 434: [[0.00563136 0.00942428 0.00432193]
 [0.00767437 0.01325487 0.00174564]
 [0.0097363  0.01269035 0.00673016]] 
Episode: 435: [[0.00562667 0.00941089 0.00428039]
 [0.00764021 0.01322837 0.00169138]
 [0.00971157 0.01266927 0.00669401]] 
Episode: 436: [[0.00559901 0.00939558 0.00424147]
 [0.00760583 0.01319794 0.00162906]
 [0.0096839  0.01264746 0.00665809]] 
Episode: 437: [[0.00557639 0.00938613 0.00420954]
 [0.00757662 0.01317292 0.00157626]
 [0.00966172 0.01263039 0.00662842]] 
Episode: 438: [[0.00555646 0.00938843 0.00419747]
 [0.00757008 0.01316881 0.00154552]
 [0.00965102 0.01262509 0.00661438]] 
Episode: 439: [[0.00556389 0.00941688 0.00420903]
 [0.00758858 0.01319225 0.0015396 ]
 [0.00965759 0.01263792 0.00661734]] 
Episode: 440: [[0.00558271 0.00945508 0.00423284]
 [0.00761839 0.01322548 0.00154518]
 [0.00966913 0.01265679 0.00662969]] 
Episode: 441: [[0.00562055 0.00951127 0.00426654]
 [0.00768073 0.01329142 0.00157277]
 [0.00970015 0.01269611 0.00665193]] 
Episode: 442: [[0.00566167 0.00956834 0.0043043 ]
 [0.00774474 0.01335938 0.00160434]
 [0.00973408 0.01273744 0.00667702]] 
Episode: 443: [[0.00571619 0.0096459  0.00435965]
 [0.00783265 0.01345793 0.00166451]
 [0.00978819 0.012797   0.00671643]] 
Episode: 444: [[0.00577325 0.00972009 0.00441822]
 [0.0079148  0.0135488  0.00171746]
 [0.00983837 0.0128533  0.00675626]] 
Episode: 445: [[0.0058361  0.00979969 0.00448042]
 [0.00800492 0.01364918 0.00177996]
 [0.0098941  0.01291481 0.00680053]] 
Episode: 446: [[0.00590285 0.0098833  0.00454679]
 [0.00809625 0.01375203 0.00184779]
 [0.0099538  0.0129793  0.00684794]] 
Episode: 447: [[0.00598014 0.00998287 0.00463456]
 [0.00820858 0.01387315 0.00193919]
 [0.01002436 0.01305518 0.00691111]] 
Episode: 448: [[0.00605917 0.01007253 0.00470942]
 [0.00827977 0.01395438 0.00199931]
 [0.01007109 0.01311059 0.00695954]] 
Episode: 449: [[0.00612427 0.01014348 0.00476632]
 [0.00833288 0.0140155  0.00203866]
 [0.01010622 0.01315331 0.0069946 ]] 
Episode: 450: [[0.00617616 0.01020029 0.00480862]
 [0.00837397 0.01406366 0.00206724]
 [0.0101344  0.01318802 0.00702024]] 
Episode: 451: [[0.006221   0.01025604 0.00485134]
 [0.00841419 0.01411156 0.00209415]
 [0.01016248 0.01322184 0.00704554]] 
Episode: 452: [[0.00622546 0.01027381 0.00486461]
 [0.00844502 0.01414623 0.00210588]
 [0.01017399 0.01323803 0.00705406]] 
Episode: 453: [[0.00620667 0.01026396 0.00485266]
 [0.00845327 0.01415605 0.0020922 ]
 [0.01017004 0.01323783 0.00704467]] 
Episode: 454: [[0.0062065  0.01027857 0.00485736]
 [0.00849021 0.01419782 0.00209073]
 [0.0101792  0.01325342 0.00704557]] 
Episode: 455: [[0.00622257 0.01030359 0.00487318]
 [0.00853477 0.01424998 0.002103  ]
 [0.01019554 0.01327546 0.00705442]] 
Episode: 456: [[0.00625615 0.01035235 0.0049025 ]
 [0.0086225  0.01434507 0.00214614]
 [0.01023762 0.01332254 0.00707576]] 
Episode: 457: [[0.00629165 0.01040023 0.00493199]
 [0.00870618 0.01443696 0.00219161]
 [0.01028003 0.0133689  0.00709831]] 
Episode: 458: [[0.00628207 0.01039432 0.00489573]
 [0.00873037 0.01447231 0.00216728]
 [0.01028079 0.01337522 0.007075  ]] 
Episode: 459: [[0.00628369 0.01039321 0.00486541]
 [0.00875133 0.01450414 0.0021393 ]
 [0.01027925 0.0133799  0.00705377]] 
Episode: 460: [[0.00627189 0.01037701 0.00482151]
 [0.00875514 0.01451679 0.00209625]
 [0.01026792 0.01337428 0.00702314]] 
Episode: 461: [[0.0062747  0.01038543 0.00479581]
 [0.00878585 0.01455754 0.00207217]
 [0.01027344 0.0133861  0.00700463]] 
Episode: 462: [[0.00629748 0.01040437 0.00478271]
 [0.00882084 0.0146037  0.00205638]
 [0.01028467 0.01340368 0.00699422]] 
Episode: 463: [[0.0063184  0.01042633 0.004775  ]
 [0.00884876 0.01463879 0.00203644]
 [0.01029349 0.01341993 0.00698589]] 
Episode: 464: [[0.00636733 0.01048747 0.00479113]
 [0.00891416 0.01471643 0.00203986]
 [0.01032645 0.01346253 0.00699213]] 
Episode: 465: [[0.00641894 0.01055314 0.00481401]
 [0.00898155 0.01479813 0.00205337]
 [0.01036304 0.01350749 0.00700302]] 
Episode: 466: [[0.00645744 0.01061695 0.00483513]
 [0.00903502 0.0148665  0.00205732]
 [0.01039155 0.01354497 0.00701099]] 
Episode: 467: [[0.00651279 0.01069387 0.00487858]
 [0.00910278 0.01494437 0.00207299]
 [0.0104292  0.01359165 0.00703154]] 
Episode: 468: [[0.00656974 0.01077353 0.0049266 ]
 [0.00917241 0.01502428 0.00209489]
 [0.01047025 0.01364072 0.00705548]] 
Episode: 469: [[0.00662956 0.01085236 0.00497534]
 [0.00924333 0.01510356 0.00211984]
 [0.01051158 0.01369034 0.0070805 ]] 
Episode: 470: [[0.00657999 0.01080877 0.0048831 ]
 [0.00918476 0.01505845 0.00200671]
 [0.01047459 0.01365942 0.00701179]] 
Episode: 471: [[0.00650184 0.01072354 0.00473846]
 [0.00908413 0.01497307 0.00185077]
 [0.01040676 0.0135994  0.00690892]] 
Episode: 472: [[0.00644106 0.01066073 0.00462017]
 [0.00900257 0.01490573 0.00171622]
 [0.01035083 0.01355178 0.0068227 ]] 
Episode: 473: [[0.00638792 0.01060392 0.00451026]
 [0.00891889 0.01483984 0.00158594]
 [0.01029728 0.01350489 0.00674071]] 
Episode: 474: [[0.00634572 0.01055812 0.00441617]
 [0.0088497  0.01479184 0.00147785]
 [0.01025338 0.01346598 0.00667052]] 
Episode: 475: [[0.0063155  0.01052766 0.00433916]
 [0.00879999 0.01476328 0.00139431]
 [0.01022352 0.01343982 0.0066138 ]] 
Episode: 476: [[0.00629604 0.01050801 0.00427862]
 [0.00876182 0.01474499 0.00132597]
 [0.01020005 0.01342023 0.00656786]] 
Episode: 477: [[0.00627395 0.01049037 0.00422541]
 [0.00873137 0.01473091 0.00126603]
 [0.0101794  0.0134035  0.00652754]] 
Episode: 478: [[0.00626236 0.01047771 0.00418047]
 [0.00870755 0.01472183 0.00121604]
 [0.0101626  0.01339011 0.00649335]] 
Episode: 479: [[0.00625517 0.01047018 0.00414727]
 [0.00869175 0.01472113 0.00117756]
 [0.01015019 0.0133805  0.00646703]] 
Episode: 480: [[0.00625267 0.01047356 0.00412883]
 [0.00868133 0.01472465 0.00114711]
 [0.01014454 0.01337734 0.00644985]] 
Episode: 481: [[0.00626727 0.01050042 0.00412418]
 [0.00869968 0.01476258 0.00114021]
 [0.01015538 0.01339031 0.00644315]] 
Episode: 482: [[0.00628272 0.01052478 0.00412439]
 [0.00872158 0.0147984  0.00113366]
 [0.01016681 0.01340415 0.00643969]] 
Episode: 483: [[0.00630218 0.01055339 0.00413708]
 [0.00875095 0.01483633 0.00113407]
 [0.01018213 0.01342225 0.0064439 ]] 
Episode: 484: [[0.00632598 0.01058589 0.004154  ]
 [0.00878485 0.01488163 0.00114548]
 [0.01020339 0.0134444  0.00645266]] 
Episode: 485: [[0.00635934 0.01062599 0.00418227]
 [0.00882993 0.01493616 0.00117476]
 [0.01023218 0.01347293 0.00647083]] 
Episode: 486: [[0.00638754 0.01066217 0.00420828]
 [0.0088658  0.01498137 0.00119809]
 [0.01025717 0.01349715 0.00648633]] 
Episode: 487: [[0.00643736 0.01072224 0.0042465 ]
 [0.00893199 0.01506214 0.0012445 ]
 [0.01029725 0.013537   0.00651131]] 
Episode: 488: [[0.00650034 0.01079874 0.00429818]
 [0.00901834 0.01516429 0.00130717]
 [0.01034769 0.01358803 0.00654602]] 
Episode: 489: [[0.00654252 0.01085757 0.00433291]
 [0.00908223 0.01524565 0.00134825]
 [0.01038251 0.01362429 0.00656809]] 
Episode: 490: [[0.00659165 0.01092889 0.00439013]
 [0.00916055 0.01534238 0.00141388]
 [0.01042311 0.01366659 0.00660535]] 
Episode: 491: [[0.00664405 0.01099848 0.00445131]
 [0.00924246 0.01543933 0.00148495]
 [0.0104641  0.01370875 0.00664561]] 
Episode: 492: [[0.00671013 0.01108732 0.0045201 ]
 [0.00933691 0.01555255 0.00156357]
 [0.01051584 0.01376233 0.00668985]] 
Episode: 493: [[0.00676481 0.01116212 0.00457711]
 [0.00941358 0.01564589 0.00162581]
 [0.01055797 0.01380647 0.0067254 ]] 
Episode: 494: [[0.00681895 0.01123835 0.00464141]
 [0.00949919 0.01574432 0.00169415]
 [0.01060029 0.01385277 0.00676531]] 
Episode: 495: [[0.00689898 0.01134383 0.00471875]
 [0.00961422 0.01588153 0.00178309]
 [0.01066033 0.0139167  0.00681352]] 
Episode: 496: [[0.00696485 0.01149485 0.00483384]
 [0.00974932 0.01605954 0.0019278 ]
 [0.0107462  0.01400403 0.00688579]] 
Episode: 497: [[0.00706797 0.01165013 0.00494936]
 [0.00987124 0.01621691 0.00204486]
 [0.01082374 0.01408753 0.00695613]] 
Episode: 498: [[0.00717199 0.01181161 0.00506432]
 [0.00998148 0.0163651  0.00213887]
 [0.01089394 0.01416785 0.00702347]] 
Episode: 499: [[0.0072469  0.01194059 0.00514965]
 [0.01006536 0.01648289 0.00220607]
 [0.01094688 0.01423031 0.007073  ]] 
Episode: 500: [[0.00723372 0.01194582 0.00511368]
 [0.0100148  0.0164734  0.00214447]
 [0.01093002 0.01421609 0.00704553]] 
