92.773933 88.980392 101.336395 83.871399 94.223946 0.019782 
89.339638 91.324570 83.926651 99.901810 85.314980 0.000000 
143.700485 111.868889 96.223160 95.846497 88.827896 0.019782 
78.095703 90.691582 86.861214 86.373405 85.294418 0.000000 
88.875946 77.066071 95.644684 90.153419 95.833961 0.000000 
88.238289 91.897133 76.571732 85.249870 91.768448 0.000000 
87.067642 96.146942 91.970131 94.588905 84.094978 0.000000 
89.897736 89.432632 86.022682 93.905670 84.160507 0.000000 
89.486954 89.323425 97.122520 86.657982 92.946777 0.000000 
95.977234 89.169250 87.684517 90.552185 91.468666 0.000000 
90.759888 98.486931 94.981079 86.293808 88.823669 0.000000 
92.646942 90.669159 95.775955 99.152542 99.683678 0.000000 
87.522484 88.428604 92.152969 92.194923 88.785347 0.000000 
92.092049 97.149422 87.522972 97.353874 95.707069 0.000000 
91.675117 88.804977 84.698746 92.682991 83.543114 0.019782 
96.802917 92.242012 86.914413 86.810326 89.489777 0.027976 
95.625999 93.100876 88.184113 85.197830 84.733536 0.034264 
90.810959 84.395264 94.052406 80.158318 84.928192 0.000000 
91.494736 88.831421 83.387512 81.093567 81.936989 0.019782 
88.833595 85.180809 85.181229 95.524658 87.495842 0.000000 
93.755440 88.732498 94.640038 87.967392 80.540245 0.000000 
93.915009 83.885017 96.437309 96.888947 82.029106 0.000000 
93.152306 80.826805 87.009430 88.587646 68.314079 0.000000 
95.383255 85.474663 91.162476 89.691162 66.959290 0.000000 
88.177078 90.386421 100.674644 88.340546 89.480515 0.019782 
90.945053 82.275192 87.420570 85.925072 70.863426 0.019782 
94.546638 82.939095 90.905807 95.700409 86.698906 0.034264 
95.674995 96.864792 91.777184 81.536316 89.293602 0.000000 
93.124474 92.521385 92.770164 104.538612 76.816544 0.000000 
81.774010 78.768860 79.248436 82.033279 82.670616 0.019782 
94.097694 85.775063 93.217331 87.223587 70.848656 0.000000 
101.461319 100.472412 86.120430 95.901863 62.471416 0.000000 
96.057243 90.346146 81.707321 82.477753 80.429680 0.000000 
93.675560 89.770630 97.457512 84.003662 89.349838 0.000000 
88.870468 89.604027 83.824898 84.121681 84.823692 0.000000 
88.355614 82.118484 84.582123 93.916962 89.294952 0.000000 
93.647896 86.136108 78.993767 82.795158 78.709633 0.000000 
91.211304 97.938919 87.992393 81.895554 87.397545 0.019782 
92.546722 82.670967 89.613358 93.540627 85.975731 0.027976 
99.057678 94.706436 79.696190 102.946602 83.568993 0.000000 
98.296539 94.975677 93.272865 94.056488 86.829659 0.000000 
95.168098 94.775833 98.880531 91.173515 88.671425 0.000000 
95.386894 92.346397 93.514145 98.848450 89.618889 0.027976 
90.270256 89.230713 87.267509 95.262779 79.056908 0.000000 
88.856171 89.507591 81.732056 85.916824 72.904533 0.027976 
88.652710 89.096489 80.324226 80.918579 66.449478 0.019782 
90.860245 89.066917 90.009666 88.683968 88.447380 0.000000 
90.902534 89.838966 82.297585 72.282562 68.031456 0.000000 
93.479454 86.360428 91.925072 90.798515 85.700241 0.034264 
90.751358 85.397163 87.182510 80.198250 80.070869 0.000000 
91.340729 87.088806 87.647377 99.323029 89.220993 0.027976 
97.884163 90.614944 88.945984 95.797981 92.211647 0.000000 
78.448280 76.903503 78.261559 74.619102 75.520302 0.000000 
92.203506 93.170189 86.870331 82.626114 90.432335 0.000000 
92.810471 93.914566 95.091995 90.335587 93.282883 0.027976 
96.756508 90.534981 89.775200 95.395432 80.372002 0.000000 
85.860786 94.826950 87.769646 87.151932 78.988358 0.019782 
84.761459 85.429634 88.257179 82.767754 68.194542 0.000000 
102.277809 99.646202 99.402306 91.455765 88.010666 0.034264 
87.699799 92.361778 84.615562 82.216812 80.999977 0.000000 
86.810371 84.946136 85.220505 91.115639 75.098549 0.019782 
88.424217 92.709991 93.446609 87.648590 77.908638 0.000000 
102.133553 104.848251 99.066154 95.047195 83.072624 0.000000 
104.930359 99.637100 98.998924 85.541702 89.742493 0.034264 
86.439415 82.538948 86.719246 71.906479 67.978661 0.000000 
86.105286 80.446396 83.814568 79.836746 78.871780 0.019782 
94.209015 95.023811 91.182762 85.508339 69.187119 0.019782 
95.883698 96.839027 92.229546 88.393684 78.757011 0.000000 
92.820549 93.330750 86.479530 90.566505 93.670609 0.027976 
73.367630 83.088036 82.539780 87.952850 69.134964 0.000000 
72.132301 78.411041 78.904877 75.147591 93.379318 0.000000 
98.760872 101.744118 108.012856 87.628647 78.653709 0.000000 
82.346237 70.419876 63.079334 55.625565 62.981472 0.027976 
68.976921 79.779266 78.421547 73.816284 84.439865 0.000000 
71.906548 81.387657 83.199242 83.877167 71.742142 0.019782 
89.160362 96.138840 94.420975 79.373169 81.078201 0.000000 
52.714893 67.687653 67.256973 63.590733 53.036922 0.000000 
71.249031 85.245934 78.294785 76.821342 76.823036 0.000000 
91.756035 95.526901 95.841927 104.703079 85.257050 0.019782 
100.858673 91.782326 79.459549 68.570412 64.817535 0.027976 
80.168945 79.268204 77.057121 74.280296 79.104195 0.000000 
74.718971 74.441795 82.020134 87.842056 87.262405 0.000000 
60.712845 60.596176 62.908249 68.171959 67.952049 0.000000 
89.837318 87.886337 74.333046 94.648773 91.919891 0.000000 
79.348175 68.265671 71.856949 76.916573 90.590561 0.019782 
82.106743 76.967003 71.829330 86.119133 71.507790 0.000000 
95.312622 92.231102 92.112404 72.447525 75.843071 0.000000 
91.123688 93.618065 98.668785 92.755028 85.750160 0.019782 
76.361366 73.877998 78.823776 82.958672 77.796562 0.000000 
95.901047 92.634811 90.260590 74.596161 75.749405 0.000000 
113.148186 114.184761 106.389450 104.691933 92.143517 0.000000 
70.224762 86.923729 97.674873 94.526932 88.493225 0.019782 
91.597031 90.694748 89.978912 90.780754 82.072044 0.027976 
86.573746 80.865944 102.036926 96.999474 69.706627 0.000000 
85.790848 87.517349 82.557953 80.612915 96.189262 0.000000 
72.980949 71.526512 70.886719 70.066193 81.837875 0.000000 
97.837944 101.374687 93.696678 91.148300 82.853638 0.000000 
79.127861 79.877251 86.078804 93.994690 91.342224 0.000000 
75.110039 77.166298 77.094566 74.964523 78.894470 0.027976 
96.465759 91.618988 82.508904 74.271416 58.661282 0.000000 
86.043068 77.821800 92.716072 90.874573 87.992142 0.000000 
82.739586 80.685677 86.050491 80.023232 84.334152 0.019782 
83.420189 84.111885 80.807518 89.798912 83.244820 0.000000 
69.973007 65.725403 56.034306 67.880043 73.609558 0.019782 
104.637444 106.039436 101.149033 88.420029 67.940918 0.000000 
89.969360 91.898415 91.702408 84.457687 82.196747 0.000000 
69.900047 69.160309 70.361664 77.232315 79.650818 0.000000 
109.425774 105.196854 99.728043 92.903381 94.616814 0.000000 
83.164024 82.402565 83.502960 81.092239 78.187126 0.000000 
104.573860 97.372147 99.111549 79.910454 79.853745 0.000000 
70.389671 67.100525 75.012848 66.501358 81.129211 0.000000 
83.561333 77.456772 81.429047 77.003761 70.893661 0.000000 
69.946930 74.398666 77.363113 100.598091 86.403595 0.000000 
90.250862 93.642258 76.986534 72.709358 80.470688 0.027976 
87.807732 79.269981 79.698601 77.533562 75.181946 0.000000 
82.202751 88.738319 86.936104 85.119980 71.785378 0.027976 
73.939568 74.444672 74.094566 82.748337 70.585976 0.000000 
96.815216 86.824547 79.377518 76.868034 81.596466 0.019782 
55.762215 63.764256 72.184532 72.748711 79.565895 0.000000 
97.733322 87.602905 90.230492 80.413544 74.317795 0.019782 
81.946426 72.871223 72.644005 80.185722 88.232201 0.000000 
66.593346 70.483345 75.825287 66.399147 78.530525 0.000000 
73.435211 75.316559 79.373291 76.630753 76.022408 0.000000 
85.470909 89.398575 92.234947 96.685562 93.880157 0.000000 
89.638260 88.174049 93.300842 87.448540 106.078873 0.000000 
85.424141 88.023354 91.774757 88.074493 66.437958 0.000000 
82.674461 80.230469 80.227287 106.693741 83.412689 0.000000 
87.508522 93.053276 92.354317 95.217979 88.088158 0.000000 
81.103874 75.930656 86.151031 80.124680 70.628677 0.027976 
89.697212 84.541618 84.315453 81.498055 73.588997 0.000000 
84.459534 81.660400 73.470001 65.243546 61.921307 0.019782 
78.101562 71.925766 77.161194 66.649597 86.017853 0.027976 
81.689110 81.314621 77.146568 81.003792 63.386353 0.000000 
75.573425 82.278976 73.492928 84.963470 63.758858 0.000000 
89.794495 79.760902 77.686310 72.278458 69.557732 0.027976 
81.714996 81.681129 78.279549 95.856430 81.775909 0.000000 
80.886642 86.752762 89.966972 68.879723 72.561607 0.027976 
90.101471 85.363281 81.599663 82.880615 75.025536 0.000000 
83.912888 81.790855 88.167412 89.860771 94.633911 0.000000 
87.272812 93.046890 91.783539 83.924103 75.773651 0.000000 
84.473366 85.811798 91.795197 94.735626 75.237816 0.000000 
85.248901 82.015083 73.061760 84.936958 71.651703 0.019782 
73.922768 79.005959 82.731758 86.198647 92.837173 0.000000 
78.274010 76.885498 83.314926 86.367363 69.839119 0.019782 
81.524170 78.409897 81.135574 87.221664 86.263550 0.000000 
82.292046 76.845100 75.071770 74.135780 68.607895 0.000000 
74.987930 76.874474 77.518982 71.972931 70.671165 0.000000 
85.653923 85.615089 86.759880 89.204140 76.507736 0.027976 
95.403770 84.942673 84.347183 94.054359 92.816658 0.000000 
81.627090 84.846451 81.783401 87.556122 72.908142 0.000000 
95.939392 92.825356 89.423035 88.193878 73.862762 0.019782 
73.796913 80.582878 82.300209 91.388206 80.262123 0.000000 
81.984932 82.213692 88.587204 94.822861 86.760689 0.000000 
97.815979 85.361481 87.094856 83.381424 79.836540 0.000000 
81.262352 94.170937 82.345764 89.605766 73.353783 0.000000 
86.069687 88.304237 86.380234 89.919579 89.354057 0.000000 
86.396820 81.167137 81.081566 83.959038 73.763908 0.027976 
94.639740 94.536369 93.318665 91.444321 80.278336 0.000000 
83.527443 83.695793 88.118080 84.694717 87.590973 0.000000 
85.522972 80.201492 83.026833 77.315346 85.810692 0.000000 
81.775002 83.401672 87.246307 93.677971 76.499603 0.000000 
88.206436 89.903397 81.334564 86.791946 85.785645 0.000000 
82.974579 86.113831 84.613937 86.640404 89.453545 0.000000 
87.871017 89.289185 93.468552 76.197136 93.079086 0.000000 
101.793289 99.999039 100.190376 89.696526 85.480995 0.000000 
79.207924 78.776176 80.771591 76.804474 77.001175 0.000000 
92.913795 99.303741 100.580002 96.798615 103.188049 0.000000 
77.937904 82.609390 82.438110 88.599098 90.119301 0.000000 
93.545792 98.477173 103.737022 94.980614 97.627708 0.039565 
88.642975 90.504768 91.478333 97.527290 93.894150 0.000000 
84.339264 88.552269 90.141434 75.871315 97.653557 0.019782 
63.239380 65.808273 70.436554 84.044434 59.452637 0.027976 
93.290367 91.595055 97.193588 78.492867 91.031105 0.027976 
94.801819 87.090523 80.225052 91.444206 78.046539 0.000000 
80.194656 83.629128 87.020020 89.913399 79.428413 0.000000 
91.149208 90.782700 86.438713 81.750504 78.280426 0.019782 
81.026970 81.826714 80.288872 85.385368 82.669418 0.019782 
84.182335 82.163101 85.856316 87.445709 77.118996 0.000000 
83.392876 83.702011 86.969330 80.769768 69.148766 0.000000 
85.661423 92.578255 88.873917 87.272171 93.515259 0.000000 
79.036385 86.010437 80.222343 79.571457 88.687294 0.000000 
84.955894 84.077911 85.548317 93.244453 76.658211 0.000000 
78.877159 76.127007 85.961578 92.278008 72.298676 0.000000 
82.273468 84.428421 81.168503 89.079872 73.160561 0.000000 
97.904762 95.605103 96.155579 88.893105 76.031067 0.027976 
84.082176 83.913689 87.202362 88.332878 82.562645 0.027976 
81.551666 81.672417 77.065521 94.695877 81.205078 0.019782 
84.237335 80.522720 78.690903 76.499710 72.825333 0.000000 
81.334763 87.254181 90.036514 79.725883 80.669113 0.019782 
81.773735 92.403557 94.834709 87.371681 70.522766 0.000000 
82.213654 79.248199 83.062294 97.250809 73.885696 0.000000 
84.486343 81.245377 79.855576 87.405632 82.594940 0.000000 
61.733730 52.692627 47.878475 56.098099 63.787880 0.000000 
75.792076 75.325890 69.570717 70.297424 67.295662 0.019782 
79.093658 74.763977 77.984131 79.005440 70.749268 0.000000 
78.374298 75.184616 75.475075 77.533058 98.468170 0.000000 
86.748116 85.960640 88.780190 86.846390 87.044228 0.027976 
99.860069 101.501190 95.780136 91.547386 92.362854 0.019782 
92.831383 85.523911 94.853859 95.815407 93.499855 0.000000 
87.949959 83.282768 72.420715 72.504265 75.405487 0.000000 
93.739906 93.859886 98.815575 93.775841 74.321602 0.019782 
102.223038 95.585762 91.599487 92.822540 115.172066 0.000000 
102.448105 94.439888 97.040909 83.975990 80.918480 0.000000 
80.982658 74.148163 73.527733 89.085716 69.962090 0.000000 
110.409172 107.767662 108.257294 91.621262 79.267082 0.027976 
97.325378 90.418785 85.160156 75.072334 80.818680 0.019782 
95.468445 92.409492 93.569481 97.078476 77.255463 0.027976 
87.294945 89.845329 88.978569 87.423561 97.427681 0.000000 
92.212769 92.677834 85.673080 82.997627 77.979111 0.000000 
79.860611 80.319649 82.645546 91.161400 74.790558 0.027976 
79.767639 74.457230 76.424568 82.039650 75.049950 0.000000 
82.112297 80.857841 82.644447 87.221191 80.445229 0.000000 
78.450363 81.531013 87.406967 94.503372 84.972977 0.000000 
96.807434 97.445084 96.553642 87.829239 78.857635 0.019782 
93.395668 101.209229 98.969154 93.844307 98.059853 0.027976 
84.174446 79.625648 77.017143 79.760986 75.178947 0.000000 
81.770020 82.044655 94.472771 95.730331 76.995399 0.034264 
83.788155 81.509872 79.857391 81.370728 67.695389 0.000000 
80.878578 80.825569 75.944923 87.530632 91.192497 0.000000 
93.596977 77.901749 75.534309 80.040619 68.848442 0.000000 
81.800522 83.698280 89.157761 91.807114 82.841789 0.000000 
68.830444 72.891937 74.749031 69.395630 68.096924 0.000000 
71.194481 77.550125 77.050819 76.457085 65.506973 0.000000 
76.115807 77.163124 85.692276 98.270988 62.724812 0.000000 
96.156929 91.567299 92.318123 89.963593 94.603622 0.000000 
104.249046 92.544525 81.020653 74.966980 76.238968 0.000000 
97.040436 90.960075 95.997726 95.570236 67.451797 0.000000 
93.784447 92.184494 92.905373 75.669601 85.078598 0.000000 
93.234192 80.674881 83.583015 83.456764 77.739578 0.027976 
80.188469 80.006836 72.999901 85.060699 95.319557 0.000000 
95.371849 83.772392 78.663673 69.173782 77.495499 0.000000 
90.875145 93.615593 91.260094 86.255165 73.927940 0.027976 
93.403511 88.047775 89.317093 85.089249 70.262245 0.000000 
82.456757 81.709808 77.218430 73.326508 75.154503 0.000000 
93.930504 91.207787 95.294601 95.836220 73.934044 0.000000 
76.662048 76.732658 83.408310 83.612633 75.126671 0.000000 
82.092102 87.029816 91.710625 85.176918 71.780045 0.000000 
92.770782 84.272591 82.315971 84.646713 103.257027 0.000000 
90.013916 85.597282 82.046440 87.723495 93.304550 0.000000 
105.627274 99.239288 94.858459 99.054138 70.753746 0.027976 
93.942596 82.529282 78.092377 65.952492 79.918686 0.027976 
89.581139 84.745834 93.492348 98.869736 87.802406 0.000000 
87.449524 86.619637 83.605095 89.473228 80.488930 0.000000 
78.092171 75.116135 77.532455 73.650848 77.165634 0.000000 
87.049805 90.162117 81.876900 77.595276 86.470856 0.000000 
82.832443 88.741623 90.127075 93.154625 73.881386 0.000000 
83.984421 89.627274 88.157440 91.232117 79.535110 0.000000 
80.035561 76.913307 70.701599 80.444153 72.850403 0.000000 
84.589294 91.470467 83.038391 91.134460 77.019493 0.000000 
81.839027 70.091255 69.939720 59.434013 73.736206 0.000000 
71.011047 71.032372 73.724113 74.520615 66.864281 0.000000 
77.662216 76.863022 76.971008 82.631622 77.624207 0.000000 
76.437576 76.106041 76.651245 81.033485 81.593636 0.000000 
92.200005 95.534142 101.484268 84.681236 91.291733 0.019782 
94.551201 90.492462 90.071793 87.948868 77.807220 0.019782 
91.551361 87.640648 85.661743 83.498291 69.186195 0.027976 
66.204834 66.294945 72.119217 83.472206 70.653435 0.000000 
94.902298 95.220093 96.202866 85.102989 75.618744 0.027976 
82.027237 78.727715 83.742348 71.821548 76.796814 0.000000 
84.477211 81.546806 78.948494 81.773880 69.855301 0.019782 
76.545578 66.274384 70.868881 77.738190 86.395164 0.000000 
84.518539 85.706749 89.703445 88.984116 82.954346 0.000000 
80.177254 80.864365 83.731781 83.081215 66.652618 0.000000 
93.701332 87.601624 87.155190 84.607414 76.549873 0.000000 
78.463387 78.117050 73.768616 86.411919 79.023468 0.000000 
99.308617 90.271294 89.895668 91.554565 77.947060 0.000000 
75.726219 75.205551 73.797394 87.617622 64.348396 0.000000 
82.267189 77.569611 74.412300 90.433731 75.045937 0.000000 
77.979904 81.974312 89.817223 95.677734 90.249390 0.027976 
104.332405 84.183044 81.414856 73.626541 70.729431 0.000000 
99.352295 99.797462 86.990013 82.757790 76.034645 0.000000 
75.694870 74.979027 73.952591 80.740379 73.437004 0.000000 
87.289032 88.060570 74.150093 84.781448 70.248978 0.019782 
71.890411 72.686813 78.379288 75.816513 79.946663 0.000000 
75.037407 73.312973 73.205803 75.634026 77.630737 0.000000 
77.017181 80.565971 81.261108 96.430725 92.336151 0.019782 
79.332466 82.261269 79.323090 85.834564 95.158844 0.019782 
84.460487 78.081085 71.899979 67.002037 74.694641 0.019782 
78.547707 75.147697 80.170494 72.182846 67.661751 0.000000 
89.886665 81.278076 78.362419 92.174683 86.639786 0.019782 
101.250069 97.451714 102.135651 93.845909 87.590286 0.000000 
95.857529 97.890289 95.109070 100.054855 82.548958 0.000000 
87.118553 82.973335 76.914772 79.062180 73.418556 0.000000 
73.327950 71.055328 69.606194 84.312019 79.696648 0.000000 
93.519089 86.622643 82.680893 85.039474 71.889450 0.000000 
59.192844 66.515099 74.108017 69.892342 64.895210 0.000000 
84.054092 90.108109 91.835350 77.560677 78.925430 0.027976 
90.872337 87.750893 92.942665 92.714203 88.595406 0.000000 
100.746635 88.875092 84.519051 78.964165 76.565430 0.019782 
94.609482 103.088478 94.735771 96.156487 77.985107 0.000000 
87.265533 80.260376 79.026550 76.034164 60.281628 0.000000 
76.250664 87.916298 87.121292 87.186882 88.992699 0.000000 
91.239159 81.584122 79.333313 77.382187 68.444290 0.000000 
89.145325 73.843750 68.307335 66.907806 74.759682 0.000000 
89.192284 72.666718 65.642448 62.556141 73.579567 0.034264 
72.320709 83.535652 85.320114 90.726387 81.664894 0.000000 
86.258255 83.903496 92.969635 92.783417 81.238945 0.019782 
86.802238 90.353554 86.766075 82.805496 72.595566 0.027976 
90.115402 93.097481 91.493721 87.146233 76.099342 0.000000 
85.902214 86.665115 84.111557 82.189232 64.388939 0.019782 
78.779427 71.966919 74.937271 79.382248 71.340172 0.000000 
92.051491 86.934418 84.686874 99.517601 82.513870 0.000000 
86.735779 87.230629 84.404900 92.070480 77.312996 0.034264 
98.695267 95.057083 87.014725 79.737762 76.875076 0.000000 
67.039253 57.170685 59.719154 66.989883 70.045860 0.000000 
67.412140 57.481968 57.796623 65.003860 62.381405 0.000000 
80.173302 83.636353 80.271622 69.153328 84.953369 0.019782 
84.765656 89.506111 83.519775 82.405464 59.706356 0.000000 
76.034485 86.239685 82.061417 85.757225 87.649887 0.000000 
72.107597 70.482368 77.527481 82.780571 78.101196 0.000000 
96.125679 93.591858 93.312973 93.087646 80.308258 0.000000 
85.256805 81.873940 85.175888 84.914230 102.952728 0.027976 
82.638596 83.952881 77.587860 72.529327 71.764244 0.019782 
77.351173 75.176567 71.656441 64.251373 55.150188 0.000000 
69.057686 65.606064 58.320484 67.553658 73.047592 0.000000 
102.211792 93.441063 93.407433 100.336761 88.826630 0.000000 
100.899590 99.782722 96.036812 79.227234 75.562843 0.019782 
103.763756 102.413437 91.548401 99.483597 69.734344 0.027976 
90.174385 88.711044 96.246559 95.843025 76.198799 0.027976 
82.861969 84.705376 77.816742 78.564606 76.739662 0.000000 
70.732521 74.387268 75.931374 84.651901 67.242500 0.000000 
71.876831 84.328857 84.648003 92.171692 78.516670 0.027976 
79.965500 83.709435 82.084213 89.238754 89.619827 0.000000 
77.000343 70.149712 69.375130 65.455574 72.688171 0.000000 
50.405266 55.881630 56.563469 48.104130 51.495094 0.000000 
88.945930 82.926880 83.051460 91.522644 82.065254 0.000000 
72.860062 84.234924 85.577225 77.577332 84.219627 0.000000 
74.131866 75.248070 88.250061 86.768028 74.745636 0.000000 
91.687706 85.258446 86.844887 74.459633 87.050049 0.000000 
84.907440 88.648262 90.275673 91.724945 74.650574 0.000000 
99.214508 96.306793 99.372307 90.927536 84.118736 0.019782 
99.231949 104.680984 107.939537 98.670326 86.960442 0.000000 
83.327118 73.635490 63.763939 59.166595 50.842628 0.000000 
81.228073 86.310234 87.942337 80.144821 97.273582 0.000000 
85.967552 87.364105 90.546318 93.209679 84.564575 0.000000 
87.735023 84.499680 90.664673 88.193466 61.971321 0.000000 
97.340736 92.588081 88.444763 83.968025 66.983734 0.000000 
80.704773 80.161034 81.763412 75.737320 76.821930 0.000000 
81.295715 90.473595 89.209221 88.006485 79.503304 0.000000 
90.314148 87.225670 91.673264 88.987183 84.482857 0.027976 
85.847824 96.310333 83.173485 95.329582 84.149475 0.000000 
73.675858 76.678802 82.027878 74.937340 67.516479 0.000000 
81.951485 86.825348 93.176308 92.720055 69.548126 0.019782 
79.356842 70.963615 72.722565 69.045311 67.020485 0.027976 
90.058403 82.144035 75.676231 73.243858 49.810978 0.027976 
78.185326 84.061630 86.434021 81.994926 88.976120 0.000000 
84.245155 82.413704 85.159882 80.311317 90.597336 0.000000 
78.171562 72.295341 71.335701 76.426903 77.701019 0.027976 
83.237427 85.080086 84.575851 78.610168 67.972984 0.000000 
96.241753 95.664833 97.079781 86.640045 63.803257 0.000000 
84.363998 84.108955 83.668289 83.149040 76.612511 0.000000 
74.565201 78.402084 76.186378 80.695221 87.461456 0.034264 
82.229080 80.546349 82.198883 82.620888 83.467781 0.000000 
80.169022 75.214714 83.904617 76.801849 74.910248 0.000000 
69.456894 74.970268 68.468842 64.780930 50.247440 0.000000 
79.663391 79.856010 78.416672 78.004410 73.212814 0.019782 
74.016724 83.588524 75.815147 77.720352 71.786957 0.034264 
87.290298 80.512390 82.925964 76.211998 79.008072 0.000000 
81.967834 79.270378 71.524673 71.060493 84.918228 0.000000 
94.128723 84.426399 81.972565 82.554199 74.736626 0.000000 
96.004379 83.316513 78.437332 90.946770 68.344254 0.000000 
72.280144 80.949066 81.266830 95.067932 72.492508 0.019782 
89.705055 89.699196 83.963211 88.275978 81.485573 0.000000 
84.790382 92.634651 91.970329 80.109848 81.919067 0.000000 
96.229317 92.852760 85.771584 91.525803 75.855286 0.000000 
93.722687 78.933250 79.463303 84.352097 74.094368 0.000000 
90.925552 91.129219 93.501213 100.058678 81.116066 0.000000 
87.634735 87.289101 85.413780 94.735863 94.446602 0.000000 
84.686531 78.704369 80.107513 80.748131 92.200577 0.000000 
90.176727 81.942032 80.065353 82.966835 76.161293 0.000000 
84.002480 76.273514 75.773994 79.908348 70.427780 0.027976 
109.291321 100.205574 101.874199 101.894302 83.452324 0.000000 
87.243309 86.049240 83.073853 110.750755 79.916199 0.000000 
79.437477 79.823486 80.058502 77.711632 58.575932 0.000000 
75.094589 66.758324 67.383995 72.739235 75.348763 0.000000 
81.195869 76.488647 80.055397 83.466980 77.617271 0.000000 
83.616295 84.093430 91.203484 76.789688 56.895550 0.000000 
63.847149 62.977257 62.420383 64.717201 68.422836 0.000000 
67.400940 62.049755 72.648666 76.183044 58.146500 0.027976 
68.515572 71.666603 68.305550 59.167694 57.555298 0.034264 
77.775330 72.776001 76.400780 70.760040 59.627098 0.000000 
79.507889 90.697250 83.867790 88.943619 82.696251 0.019782 
83.577530 80.700821 69.130821 56.757702 81.547554 0.000000 
79.277519 59.703941 64.470604 65.210434 82.182823 0.000000 
83.311119 84.697006 88.380356 83.600052 86.748734 0.019782 
72.512596 59.533325 62.271381 64.515961 77.533295 0.019782 
98.708847 84.593605 71.945114 65.293991 69.340698 0.000000 
91.444595 88.575325 87.387909 70.000061 79.237572 0.027976 
89.206528 98.009811 95.701286 88.499626 82.414444 0.000000 
81.000404 77.064301 67.535530 81.488075 68.447891 0.000000 
80.528404 73.120247 76.018913 68.344177 66.535469 0.019782 
89.712418 93.472885 96.458267 98.966713 88.513885 0.000000 
72.305397 64.859184 69.043961 69.253387 84.012299 0.019782 
100.795944 87.285698 82.090607 80.818108 86.295845 0.000000 
89.681396 87.523613 90.807068 84.300591 78.593750 0.000000 
81.436737 85.468422 89.760345 85.466454 76.952881 0.027976 
81.538521 83.571167 92.459404 85.672592 83.856651 0.000000 
69.333801 72.678429 68.302956 65.012833 70.966042 0.019782 
76.003571 80.712875 71.972794 72.603432 91.799858 0.000000 
53.264526 64.755974 70.361908 73.909355 77.854805 0.019782 
89.113495 88.591560 89.005943 94.773193 83.329041 0.000000 
90.771362 91.696518 81.959618 90.984894 91.845306 0.000000 
84.941895 86.550835 87.926300 90.998512 86.507660 0.000000 
98.989815 101.474899 99.373596 109.682289 79.403587 0.019782 
88.399147 88.750229 84.578209 82.424454 76.886383 0.000000 
73.168228 79.527222 75.177292 77.501015 81.659828 0.027976 
70.264420 67.148369 76.074959 73.876686 71.085693 0.000000 
76.846619 74.885681 77.361084 67.576675 63.310482 0.000000 
96.226418 91.027451 94.703598 85.511932 90.796791 0.000000 
87.135689 76.959869 73.263084 80.572441 88.704971 0.000000 
88.089836 87.997459 77.741379 80.225899 92.519363 0.000000 
84.800079 88.532867 89.197319 87.717720 83.441788 0.000000 
89.036499 94.035019 93.111511 97.769806 78.055901 0.027976 
84.655907 91.744820 88.945595 83.395691 94.263283 0.000000 
60.719566 66.549904 69.004265 61.055820 65.967827 0.000000 
62.955769 68.377228 68.838783 75.924126 79.122742 0.019782 
100.078964 101.828369 97.774574 88.725883 75.304276 0.000000 
87.555496 87.468277 92.239609 93.217758 81.865799 0.000000 
73.157799 70.198471 73.095497 66.652771 60.245693 0.027976 
79.305550 78.691429 70.135284 67.620956 64.873177 0.000000 
77.883919 75.328918 87.013496 83.202446 77.499336 0.027976 
80.518898 87.960220 88.367310 83.357323 61.077423 0.019782 
87.004478 88.646210 82.584724 77.800850 62.999313 0.027976 
101.273705 95.514816 92.451523 84.156982 93.798141 0.000000 
74.276146 69.980148 79.085793 74.436142 69.376625 0.000000 
76.440887 79.539970 84.309044 81.970512 76.767570 0.000000 
88.074493 91.522629 94.029335 88.002914 86.132362 0.019782 
98.008728 96.267708 93.611702 84.424736 86.333366 0.019782 
79.536369 81.294701 74.636200 77.859718 81.689476 0.027976 
86.829384 89.982925 90.734886 80.581299 64.941895 0.000000 
88.220009 96.924042 94.542015 98.666374 79.967293 0.000000 
77.149010 80.314262 83.007233 76.701401 80.371086 0.000000 
81.387131 75.724159 75.254982 82.276253 82.350174 0.034264 
83.814758 95.735062 90.144463 81.421249 73.210548 0.000000 
83.117844 85.651047 88.671669 85.105064 77.933762 0.019782 
80.165291 72.774406 66.747787 70.762596 73.046066 0.034264 
92.711586 89.294281 82.517464 74.197639 62.031845 0.000000 
88.382248 89.813217 90.189514 92.142769 76.005165 0.000000 
78.871674 81.860023 80.320366 82.987549 75.055702 0.000000 
56.893860 50.813061 52.205814 55.566036 70.343369 0.000000 
105.195847 105.364952 97.558876 97.129112 65.926445 0.000000 
89.262558 85.996414 87.871887 82.212646 86.255859 0.000000 
86.272179 88.998405 84.957771 75.503952 75.580559 0.034264 
93.149063 94.104263 89.277168 87.826973 75.235420 0.000000 
72.635498 79.947891 82.632935 83.433777 61.719688 0.000000 
69.079781 70.507439 69.489517 72.559135 54.041695 0.000000 
77.659645 79.984596 80.090469 87.118835 64.989784 0.000000 
92.838417 79.493965 85.000046 82.617233 81.347351 0.000000 
65.016731 68.165993 71.085205 82.674278 78.178894 0.000000 
70.031097 66.329597 64.229980 71.982407 80.890160 0.027976 
86.952026 82.919441 80.631836 91.745087 88.980247 0.019782 
65.304321 61.405224 59.319542 61.642178 64.108536 0.019782 
82.178169 82.396637 80.657578 73.898354 76.140961 0.000000 
98.646454 92.073746 86.102036 82.853241 57.983135 0.019782 
86.338127 93.807594 92.505981 86.677299 79.260429 0.000000 
86.170013 82.459663 82.253456 86.631897 91.696083 0.000000 
74.503822 70.350166 72.647003 67.728043 74.035286 0.000000 
101.409225 95.706100 93.667480 86.574791 77.568855 0.019782 
76.730743 79.354164 74.921150 69.146667 71.677528 0.000000 
72.772545 75.015564 79.539230 77.651070 74.577393 0.000000 
70.568741 69.204811 75.981789 82.299187 69.235168 0.027976 
88.468391 77.890549 76.478600 80.844635 73.915718 0.000000 
75.144073 77.692101 76.921394 80.810921 73.173981 0.000000 
97.416451 98.498779 93.584038 81.853897 81.451790 0.000000 
75.189674 73.845215 73.094360 73.096970 66.044662 0.000000 
82.434692 81.143150 80.964226 77.119888 52.926311 0.000000 
101.501686 102.275284 90.167412 98.074913 82.146263 0.019782 
80.111198 78.443306 82.989601 83.899780 88.973068 0.019782 
99.591202 97.141960 98.469490 90.631714 89.139229 0.019782 
103.304932 82.404900 74.031158 65.843330 66.142624 0.027976 
68.260902 67.642982 68.128365 78.016273 79.431511 0.019782 
77.426300 77.876884 80.067467 83.150826 79.650665 0.027976 
88.252907 87.763832 80.765831 88.179710 84.700844 0.019782 
76.601715 73.701683 78.721710 76.329544 67.665749 0.019782 
84.411758 79.813782 81.415970 86.752548 65.647743 0.000000 
79.648422 72.499680 77.931046 66.619522 69.526474 0.027976 
95.243690 85.751457 77.759262 76.607368 69.000816 0.000000 
84.079430 80.156898 81.513412 73.057640 62.931843 0.000000 
80.950775 83.450806 89.221222 84.866447 69.143585 0.000000 
70.657440 71.553696 78.494240 80.111458 83.759239 0.000000 
89.265442 77.109444 82.766724 76.067032 72.435646 0.000000 
80.318336 76.648369 79.052971 81.035347 68.303543 0.000000 
85.118538 85.029205 89.317490 84.551079 89.994324 0.000000 
84.288208 85.234062 87.015526 90.952652 79.736473 0.000000 
71.865189 72.394318 73.399948 94.603210 80.864525 0.019782 
97.985985 100.254509 89.138405 85.161102 81.710419 0.000000 
76.633560 60.466278 51.485638 62.407780 52.951797 0.019782 
93.067375 90.694382 79.119377 95.925865 91.690582 0.019782 
94.607361 88.452477 83.741867 73.186333 67.955994 0.027976 
68.843361 69.138306 68.819283 68.163918 68.353455 0.000000 
89.560860 89.160027 83.347229 75.437607 77.305313 0.000000 
81.589172 74.143311 67.352768 74.862320 69.955414 0.000000 
73.368889 82.165543 77.645790 68.741707 63.008018 0.000000 
67.265198 66.471634 66.437096 67.852333 78.384895 0.000000 
93.277588 94.536957 93.816689 88.325600 80.012390 0.027976 
82.077682 68.992249 71.863983 75.757652 70.553291 0.000000 
85.120476 83.100624 83.338135 81.070045 69.503838 0.000000 
80.086815 79.567917 81.559296 76.663010 73.978340 0.027976 
94.571602 97.317215 94.090164 87.795967 71.690369 0.000000 
70.084229 73.766808 83.643867 79.296432 75.119606 0.000000 
