Episode: 1: [[0. 0. 0.]
 [0. 0. 0.]
 [0. 0. 0.]] 
Episode: 2: [[0.0004     0.0004     0.0004    ]
 [0.0004     0.00039994 0.00039993]
 [0.0004     0.00039999 0.0004    ]] 
Episode: 3: [[0.0005451  0.00063061 0.00059845]
 [0.00050212 0.00075511 0.00079496]
 [0.00047618 0.00080044 0.00058496]] 
Episode: 4: [[0.00031489 0.00040013 0.0003684 ]
 [0.00026547 0.00053517 0.00055772]
 [0.00023909 0.00055931 0.00034089]] 
Episode: 5: [[0.00024942 0.00032304 0.00029624]
 [0.00018915 0.00045123 0.00044857]
 [0.00016529 0.00044796 0.00023474]] 
Episode: 6: [[1.9759293e-04 2.6560333e-04 2.4196887e-04]
 [1.2212395e-04 3.9258582e-04 3.6244935e-04]
 [9.7616205e-05 3.5600195e-04 1.4380533e-04]] 
Episode: 7: [[2.0825575e-04 2.6402701e-04 2.4603421e-04]
 [1.1449304e-04 3.7539357e-04 3.1479655e-04]
 [9.1300295e-05 3.0242026e-04 9.7143660e-05]] 
Episode: 8: [[2.3788883e-04 2.8536061e-04 2.7191199e-04]
 [1.2152259e-04 3.9690459e-04 2.9404336e-04]
 [9.6968877e-05 2.7466775e-04 6.9429523e-05]] 
Episode: 9: [[2.7163795e-04 3.1790379e-04 3.0696436e-04]
 [1.2729398e-04 4.3871484e-04 2.8978163e-04]
 [9.7603086e-05 2.5994590e-04 4.8655762e-05]] 
Episode: 10: [[3.1905810e-04 3.6723196e-04 3.5795307e-04]
 [1.4208021e-04 4.9768016e-04 3.0051058e-04]
 [1.0517539e-04 2.5714622e-04 3.7561946e-05]] 
Episode: 11: [[3.9158898e-04 4.4586055e-04 4.3713980e-04]
 [1.7391607e-04 5.8192445e-04 3.3366538e-04]
 [1.2670866e-04 2.7074566e-04 4.1225787e-05]] 
Episode: 12: [[4.8992271e-04 5.5045722e-04 5.4225780e-04]
 [2.2773939e-04 6.8707747e-04 3.8699602e-04]
 [1.6910511e-04 3.0267093e-04 6.3356863e-05]] 
Episode: 13: [[6.0309109e-04 6.7282753e-04 6.6427171e-04]
 [2.9154291e-04 8.0548134e-04 4.5534162e-04]
 [2.1920141e-04 3.4620654e-04 9.6097254e-05]] 
Episode: 14: [[0.00072361 0.00080952 0.00079845]
 [0.00035646 0.00095559 0.00054674]
 [0.00026564 0.00041098 0.00014007]] 
Episode: 15: [[0.0008536  0.00096154 0.00094596]
 [0.00042529 0.00113839 0.00066135]
 [0.00031152 0.00049768 0.00019594]] 
Episode: 16: [[0.00102191 0.0011503  0.00112992]
 [0.00053203 0.00135652 0.00081108]
 [0.00039367 0.00062119 0.00028566]] 
Episode: 17: [[0.00120969 0.00137249 0.00134334]
 [0.00063475 0.00161498 0.00099351]
 [0.00045839 0.00076051 0.00037835]] 
Episode: 18: [[0.00143348 0.00163079 0.00159198]
 [0.00077157 0.0019121  0.00121835]
 [0.00055122 0.00094539 0.00050807]] 
Episode: 19: [[0.00169277 0.00192279 0.0018738 ]
 [0.00095064 0.0022446  0.00148634]
 [0.00068319 0.00118122 0.0006848 ]] 
Episode: 20: [[0.00198612 0.00224752 0.00218788]
 [0.00117311 0.00260715 0.0017979 ]
 [0.00085536 0.00146916 0.00091429]] 
Episode: 21: [[0.00229947 0.0025939  0.00252247]
 [0.00141803 0.00298995 0.0021357 ]
 [0.0010454  0.00178438 0.001171  ]] 
Episode: 22: [[0.00264062 0.0029673  0.00288409]
 [0.00169953 0.00339056 0.00250503]
 [0.00126798 0.0021367  0.00147222]] 
Episode: 23: [[0.00301381 0.0033624  0.00327229]
 [0.00202822 0.00378851 0.00288639]
 [0.00154617 0.00250441 0.0018138 ]] 
Episode: 24: [[0.00333274 0.00368431 0.00359672]
 [0.00232153 0.00410326 0.00319249]
 [0.00182803 0.00279961 0.00210446]] 
Episode: 25: [[0.00360312 0.00394906 0.00386396]
 [0.00258351 0.00436317 0.00344933]
 [0.00208971 0.00305487 0.00235892]] 
Episode: 26: [[0.00387112 0.00422703 0.00414098]
 [0.00285235 0.00464836 0.00372977]
 [0.00235372 0.00333149 0.00263641]] 
Episode: 27: [[0.00408212 0.00446957 0.00437693]
 [0.00307484 0.00492173 0.00398917]
 [0.00256516 0.00358319 0.00288931]] 
Episode: 28: [[0.00419243 0.0046229  0.00452339]
 [0.00320308 0.00509573 0.00415955]
 [0.00268306 0.003746   0.00305745]] 
Episode: 29: [[0.00424363 0.00473413 0.00462396]
 [0.00328463 0.0052474  0.00430409]
 [0.00275137 0.00388254 0.0032007 ]] 
Episode: 30: [[0.00419718 0.00474882 0.00462727]
 [0.0032702  0.00531112 0.00435273]
 [0.0027267  0.00392422 0.00325053]] 
Episode: 31: [[0.0041088  0.00472971 0.0045969 ]
 [0.0032233  0.00535158 0.0043777 ]
 [0.00266951 0.0039452  0.00328103]] 
Episode: 32: [[0.00396883 0.00465831 0.00451328]
 [0.0031237  0.00533362 0.00435189]
 [0.00256037 0.00391521 0.00326206]] 
Episode: 33: [[0.00419051 0.0048865  0.00474029]
 [0.00334975 0.00556515 0.00458274]
 [0.00278543 0.00414553 0.00349299]] 
Episode: 34: [[0.00449167 0.00516693 0.00502823]
 [0.0034644  0.00588042 0.00487194]
 [0.00265465 0.00445949 0.00359468]] 
Episode: 35: [[0.004761   0.00542045 0.00528793]
 [0.00356092 0.00616515 0.00513379]
 [0.00253197 0.00474206 0.00368203]] 
Episode: 36: [[0.0050035  0.00565036 0.00552312]
 [0.00364433 0.00642297 0.0053714 ]
 [0.00241824 0.00499722 0.00375863]] 
Episode: 37: [[0.00521079 0.00585397 0.00573023]
 [0.00369684 0.00664575 0.00558168]
 [0.00230507 0.00521495 0.00381004]] 
Episode: 38: [[0.00538948 0.00603475 0.00591332]
 [0.00372611 0.00684013 0.00576841]
 [0.00219436 0.00540174 0.00384234]] 
Episode: 39: [[0.00553165 0.00619035 0.00606942]
 [0.00371931 0.00700148 0.00593013]
 [0.00208029 0.00555194 0.00384814]] 
Episode: 40: [[0.0056304  0.00631811 0.00619582]
 [0.00366078 0.00712192 0.00606348]
 [0.00195521 0.00565458 0.00381712]] 
Episode: 41: [[0.00568825 0.0064201  0.00629474]
 [0.00355484 0.00720354 0.00617099]
 [0.00181937 0.00571379 0.00375237]] 
Episode: 42: [[0.00571459 0.0065014  0.00637203]
 [0.00341597 0.00725541 0.00625829]
 [0.00167756 0.00574199 0.00366739]] 
Episode: 43: [[0.0057144  0.00656512 0.00643114]
 [0.00325083 0.00728295 0.00632812]
 [0.00153172 0.00574401 0.00356633]] 
Episode: 44: [[0.00567484 0.0066049  0.00646466]
 [0.00303737 0.00727309 0.00637395]
 [0.00137028 0.00570406 0.00343064]] 
Episode: 45: [[0.00560657 0.00662664 0.00647926]
 [0.00279226 0.00723695 0.00640205]
 [0.00119965 0.00563636 0.00327485]] 
Episode: 46: [[0.0055139  0.00663412 0.00647906]
 [0.00252347 0.00718042 0.0064168 ]
 [0.00102255 0.0055494  0.00310883]] 
Episode: 47: [[0.00541055 0.00663293 0.0064698 ]
 [0.00224778 0.00711287 0.0064224 ]
 [0.00084674 0.0054521  0.00294011]] 
Episode: 48: [[0.0052992  0.00662509 0.00645365]
 [0.00196865 0.00703958 0.00642103]
 [0.00067325 0.0053486  0.00277126]] 
Episode: 49: [[0.00518646 0.00661391 0.00643428]
 [0.00169688 0.00696499 0.00641634]
 [0.00050706 0.00524663 0.00261091]] 
Episode: 50: [[0.00507526 0.00660059 0.00641297]
 [0.00143462 0.00689243 0.00640935]
 [0.00034858 0.00514781 0.00245876]] 
Episode: 51: [[0.00496469 0.00658518 0.00638981]
 [0.00118023 0.00681977 0.00640003]
 [0.00019686 0.00505168 0.00231433]] 
Episode: 52: [[4.8594037e-03 6.5698270e-03 6.3670622e-03]
 [9.4086991e-04 6.7514395e-03 6.3905558e-03]
 [5.4937420e-05 4.9619484e-03 2.1810872e-03]] 
Episode: 53: [[ 4.7548111e-03  6.5533952e-03  6.3431058e-03]
 [ 7.0854247e-04  6.6860877e-03  6.3801408e-03]
 [-8.1312377e-05  4.8763012e-03  2.0561470e-03]] 
Episode: 54: [[ 0.00465158  0.00653598  0.00631825]
 [ 0.00048302  0.00662253  0.0063684 ]
 [-0.00021215  0.00479384  0.0019381 ]] 
Episode: 55: [[ 0.00455561  0.00651976  0.0062951 ]
 [ 0.00027454  0.00656495  0.00635778]
 [-0.00033291  0.00471901  0.00183134]] 
Episode: 56: [[ 4.4663283e-03  6.5048155e-03  6.2736874e-03]
 [ 8.1945320e-05  6.5131132e-03  6.3485168e-03]
 [-4.4437466e-04  4.6517733e-03  1.7357517e-03]] 
Episode: 57: [[ 4.3831626e-03  6.4908159e-03  6.2536434e-03]
 [-9.6474883e-05  6.4652078e-03  6.3399654e-03]
 [-5.4738973e-04  4.5905206e-03  1.6490349e-03]] 
Episode: 58: [[ 0.00430693  0.00647822  0.00623548]
 [-0.00025928  0.00642261  0.0063327 ]
 [-0.00064144  0.00453581  0.00157186]] 
Episode: 59: [[ 0.00423824  0.0064674   0.00621964]
 [-0.00040522  0.00638561  0.00632738]
 [-0.00072615  0.00448858  0.00150553]] 
Episode: 60: [[ 0.0041718   0.0064565   0.00620377]
 [-0.00054512  0.00635067  0.00632164]
 [-0.00080666  0.00444437  0.00144368]] 
Episode: 61: [[ 0.00411235  0.0064472   0.00619009]
 [-0.00066995  0.00632024  0.0063174 ]
 [-0.00087885  0.00440593  0.00139052]] 
Episode: 62: [[ 0.00405939  0.00643922  0.00617827]
 [-0.0007811   0.00629349  0.00631418]
 [-0.00094341  0.00437208  0.00134396]] 
Episode: 63: [[ 0.00401223  0.00643242  0.00616811]
 [-0.00088004  0.00627031  0.00631194]
 [-0.00100118  0.00434249  0.00130351]] 
Episode: 64: [[ 0.00396931  0.00642647  0.00615911]
 [-0.00096965  0.00624984  0.00631026]
 [-0.00105359  0.00431618  0.00126787]] 
Episode: 65: [[ 0.00393066  0.0064213   0.0061512 ]
 [-0.0010505   0.00623205  0.00630918]
 [-0.00110105  0.00429308  0.00123687]] 
Episode: 66: [[ 0.00389551  0.0064168   0.00614421]
 [-0.00112383  0.00621649  0.00630859]
 [-0.00114421  0.00427284  0.00120995]] 
Episode: 67: [[ 0.00386501  0.00641333  0.0061387 ]
 [-0.00118726  0.00620342  0.00630893]
 [-0.00118197  0.00425583  0.00118818]] 
Episode: 68: [[ 0.00383852  0.00641078  0.00613446]
 [-0.00124213  0.0061931   0.00631018]
 [-0.00121507  0.00424193  0.0011711 ]] 
Episode: 69: [[ 0.00381485  0.0064088   0.00613101]
 [-0.0012908   0.00618426  0.00631194]
 [-0.00124466  0.00423044  0.00115738]] 
Episode: 70: [[ 0.00379302  0.00640703  0.00612789]
 [-0.00133547  0.00617643  0.00631372]
 [-0.00127183  0.00422045  0.00114569]] 
Episode: 71: [[ 0.00377555  0.00640647  0.00612648]
 [-0.00137098  0.00617087  0.00631677]
 [-0.00129424  0.00421349  0.00113925]] 
Episode: 72: [[ 0.00376133  0.00640672  0.00612617]
 [-0.00139973  0.00616663  0.00632062]
 [-0.00131306  0.00420881  0.00113665]] 
Episode: 73: [[ 0.00374877  0.00640729  0.00612631]
 [-0.00142462  0.00616361  0.00632477]
 [-0.00132966  0.00420573  0.00113638]] 
Episode: 74: [[ 0.00373698  0.00640789  0.00612649]
 [-0.00144785  0.00616134  0.00632891]
 [-0.00134516  0.00420374  0.00113726]] 
Episode: 75: [[ 0.00372803  0.00640912  0.00612757]
 [-0.00146531  0.00616029  0.00633365]
 [-0.00135762  0.00420346  0.00114085]] 
Episode: 76: [[ 0.00372058  0.00641041  0.00612884]
 [-0.0014798   0.00615956  0.00633815]
 [-0.00136827  0.00420344  0.00114469]] 
Episode: 77: [[ 0.00371521  0.00641207  0.00613067]
 [-0.00149009  0.00615979  0.00634274]
 [-0.00137657  0.00420402  0.00114939]] 
Episode: 78: [[ 0.00371128  0.00641414  0.00613305]
 [-0.00149765  0.00616097  0.00634771]
 [-0.00138345  0.00420569  0.00115592]] 
Episode: 79: [[ 0.00370832  0.00641644  0.00613581]
 [-0.00150292  0.00616182  0.00635264]
 [-0.00138897  0.00420767  0.00116371]] 
Episode: 80: [[ 0.00370698  0.00641906  0.00613908]
 [-0.00150501  0.00616284  0.00635759]
 [-0.0013927   0.00420985  0.00117218]] 
Episode: 81: [[ 0.00370685  0.00642197  0.00614273]
 [-0.00150474  0.00616521  0.00636289]
 [-0.00139522  0.0042131   0.00118187]] 
Episode: 82: [[ 0.00370762  0.00642505  0.00614662]
 [-0.00150268  0.00616776  0.00636811]
 [-0.00139668  0.0042164   0.00119188]] 
Episode: 83: [[ 0.00370951  0.00642825  0.00615086]
 [-0.00149815  0.00616997  0.00637328]
 [-0.0013967   0.00421994  0.00120249]] 
Episode: 84: [[ 0.00371216  0.0064316   0.00615536]
 [-0.00149166  0.00617251  0.00637874]
 [-0.00139565  0.00422448  0.00121486]] 
Episode: 85: [[ 0.00371639  0.00643543  0.00616048]
 [-0.00148202  0.0061763   0.00638478]
 [-0.00139305  0.00423013  0.00122875]] 
Episode: 86: [[ 0.0037215   0.00643943  0.00616581]
 [-0.00147058  0.00618084  0.00639099]
 [-0.00138949  0.00423633  0.0012433 ]] 
Episode: 87: [[ 0.00372704  0.00644352  0.00617128]
 [-0.00145819  0.00618584  0.0063973 ]
 [-0.00138539  0.00424299  0.00125854]] 
Episode: 88: [[ 0.00373256  0.00644769  0.00617682]
 [-0.00144569  0.00619178  0.00640404]
 [-0.00138131  0.00425094  0.00127533]] 
Episode: 89: [[ 0.00373722  0.00645162  0.00618198]
 [-0.00143478  0.00619743  0.00641046]
 [-0.0013779   0.00425869  0.00129181]] 
Episode: 90: [[ 0.00374213  0.0064555   0.0061871 ]
 [-0.0014234   0.00620297  0.0064167 ]
 [-0.00137415  0.00426636  0.00130828]] 
Episode: 91: [[ 0.0037483   0.00645975  0.00619275]
 [-0.0014095   0.00620911  0.0064233 ]
 [-0.00136914  0.0042746   0.00132593]] 
Episode: 92: [[ 0.00375304  0.00646361  0.00619793]
 [-0.00139791  0.00621318  0.00642929]
 [-0.00136507  0.00428211  0.00134288]] 
Episode: 93: [[ 0.00375899  0.00646772  0.00620344]
 [-0.00138424  0.00621765  0.00643548]
 [-0.00135999  0.00428995  0.0013603 ]] 
Episode: 94: [[ 0.00376607  0.00647227  0.00620943]
 [-0.0013682   0.00622324  0.00644224]
 [-0.00135378  0.00429872  0.00137921]] 
Episode: 95: [[ 0.00377366  0.00647692  0.00621559]
 [-0.00135131  0.00622889  0.00644894]
 [-0.00134712  0.00430737  0.0013981 ]] 
Episode: 96: [[ 0.00378176  0.00648173  0.00622199]
 [-0.00133312  0.00623499  0.00645593]
 [-0.00133978  0.00431665  0.00141809]] 
Episode: 97: [[ 0.00379028  0.00648648  0.00622833]
 [-0.0013143   0.00624116  0.00646272]
 [-0.00133205  0.00432574  0.00143732]] 
Episode: 98: [[ 0.00380011  0.00649164  0.00623521]
 [-0.00129255  0.00624793  0.00646998]
 [-0.00132286  0.00433554  0.00145756]] 
Episode: 99: [[ 0.00380911  0.00649649  0.00624169]
 [-0.00127221  0.00625413  0.00647692]
 [-0.00131426  0.00434509  0.00147721]] 
Episode: 100: [[ 0.00381894  0.00650154  0.00624843]
 [-0.00125046  0.00626108  0.00648407]
 [-0.00130499  0.00435502  0.00149724]] 
Episode: 101: [[ 0.00382863  0.00650651  0.00625503]
 [-0.00122924  0.00626809  0.00649112]
 [-0.00129598  0.00436492  0.00151692]] 
Episode: 102: [[ 0.0038383   0.00651178  0.00626186]
 [-0.00120793  0.00627653  0.00649889]
 [-0.00128714  0.00437625  0.00153847]] 
Episode: 103: [[ 0.003848    0.00651716  0.00626878]
 [-0.00118669  0.0062857   0.00650682]
 [-0.00127839  0.00438787  0.00156054]] 
Episode: 104: [[ 0.00385781  0.00652259  0.00627578]
 [-0.00116512  0.00629488  0.00651489]
 [-0.00126948  0.00439986  0.00158312]] 
Episode: 105: [[ 0.00386844  0.00652818  0.00628308]
 [-0.00114186  0.00630402  0.00652291]
 [-0.00125964  0.00441169  0.00160583]] 
Episode: 106: [[ 0.00387891  0.0065336   0.00629018]
 [-0.00111872  0.00631293  0.00653071]
 [-0.00124976  0.0044233   0.00162787]] 
Episode: 107: [[ 0.00388935  0.00653917  0.00629739]
 [-0.0010954   0.00632278  0.00653898]
 [-0.00123988  0.00443595  0.00165104]] 
Episode: 108: [[ 0.00390038  0.00654501  0.006305  ]
 [-0.00107064  0.00633257  0.00654758]
 [-0.00122932  0.00444922  0.00167536]] 
Episode: 109: [[ 0.00390676  0.00654984  0.00631125]
 [-0.00105428  0.00634108  0.00655552]
 [-0.00122287  0.00446207  0.00169929]] 
Episode: 110: [[ 0.0039116   0.00655419  0.00631677]
 [-0.00104094  0.00634928  0.00656307]
 [-0.00121788  0.00447453  0.00172207]] 
Episode: 111: [[ 0.00391686  0.00655851  0.00632243]
 [-0.00102753  0.00635746  0.00657017]
 [-0.00121283  0.00448609  0.00174404]] 
Episode: 112: [[ 0.00392184  0.0065628   0.00632804]
 [-0.00101454  0.00636595  0.00657754]
 [-0.00120805  0.00449844  0.00176707]] 
Episode: 113: [[ 0.00392792  0.00656758  0.00633436]
 [-0.00099942  0.00637568  0.00658574]
 [-0.00120243  0.00451235  0.00179237]] 
Episode: 114: [[ 0.00393505  0.00657277  0.00634114]
 [-0.00098207  0.00638534  0.00659416]
 [-0.00119567  0.00452631  0.0018184 ]] 
Episode: 115: [[ 0.00394263  0.00657851  0.00634845]
 [-0.00096352  0.00639613  0.00660345]
 [-0.00118852  0.00454168  0.00184652]] 
Episode: 116: [[ 0.00394928  0.00658379  0.00635514]
 [-0.00094688  0.00640651  0.00661212]
 [-0.00118217  0.00455605  0.0018727 ]] 
Episode: 117: [[ 0.00395604  0.00658906  0.00636176]
 [-0.00093021  0.00641742  0.0066209 ]
 [-0.00117585  0.00457079  0.00189865]] 
Episode: 118: [[ 0.00396175  0.00659444  0.00636843]
 [-0.00091557  0.00642844  0.00663003]
 [-0.00117072  0.00458612  0.00192608]] 
Episode: 119: [[ 0.00396793  0.00659988  0.00637519]
 [-0.00090009  0.00643986  0.00663914]
 [-0.00116514  0.00460143  0.00195313]] 
Episode: 120: [[ 0.00397329  0.00660564  0.0063823 ]
 [-0.00088526  0.00645276  0.00664889]
 [-0.00116     0.00461781  0.00198209]] 
Episode: 121: [[ 0.00397719  0.00661108  0.00638892]
 [-0.00087334  0.0064654   0.00665832]
 [-0.00115628  0.00463367  0.00201051]] 
Episode: 122: [[ 0.00398106  0.00661669  0.00639568]
 [-0.00086177  0.00647792  0.00666798]
 [-0.00115289  0.00464985  0.00203978]] 
Episode: 123: [[ 0.00398781  0.00662299  0.00640337]
 [-0.00084476  0.00649095  0.00667812]
 [-0.00114679  0.00466665  0.00207003]] 
Episode: 124: [[ 0.00399464  0.00662924  0.00641098]
 [-0.00082783  0.00650397  0.00668814]
 [-0.00114073  0.00468318  0.00209964]] 
Episode: 125: [[ 0.00400062  0.00663565  0.00641861]
 [-0.00081195  0.00651813  0.00669874]
 [-0.00113532  0.00470081  0.00213118]] 
Episode: 126: [[ 0.00400758  0.00664228  0.00642655]
 [-0.0007942   0.00653211  0.00670954]
 [-0.00112899  0.00471882  0.0021636 ]] 
Episode: 127: [[ 0.00401365  0.00664871  0.00643418]
 [-0.00077812  0.00654592  0.00672019]
 [-0.00112347  0.00473661  0.00219561]] 
Episode: 128: [[ 0.00401702  0.00665448  0.00644088]
 [-0.0007669   0.00655814  0.00673009]
 [-0.00112022  0.00475311  0.00222679]] 
Episode: 129: [[ 0.00402153  0.00666043  0.00644784]
 [-0.00075376  0.00657105  0.00674029]
 [-0.00111608  0.0047703   0.00225871]] 
Episode: 130: [[ 0.00402534  0.00666637  0.00645463]
 [-0.00074193  0.00658494  0.00675085]
 [-0.00111273  0.00478826  0.00229139]] 
Episode: 131: [[ 0.00402927  0.00667213  0.00646125]
 [-0.00073044  0.00659856  0.00676108]
 [-0.00110953  0.0048057   0.00232324]] 
Episode: 132: [[ 0.00403222  0.00667742  0.00646734]
 [-0.00072115  0.00661122  0.00677068]
 [-0.00110731  0.00482216  0.00235344]] 
Episode: 133: [[ 0.0040364   0.0066829   0.00647376]
 [-0.00070984  0.00662359  0.00678006]
 [-0.00110403  0.00483799  0.00238307]] 
Episode: 134: [[ 0.0040419   0.00668875  0.00648061]
 [-0.00069605  0.00663647  0.00678989]
 [-0.00109959  0.00485465  0.00241408]] 
Episode: 135: [[ 0.00404599  0.00669418  0.00648693]
 [-0.00068478  0.00664837  0.00679933]
 [-0.0010963   0.00487071  0.00244428]] 
Episode: 136: [[ 0.00405089  0.00669991  0.00649366]
 [-0.00067183  0.00666056  0.00680915]
 [-0.00109226  0.00488745  0.00247533]] 
Episode: 137: [[ 0.00405641  0.00670563  0.00650041]
 [-0.00065806  0.00667213  0.00681857]
 [-0.0010877   0.00490331  0.0025051 ]] 
Episode: 138: [[ 0.0040633   0.00671207  0.00650801]
 [-0.00064131  0.00668493  0.00682885]
 [-0.00108181  0.00492047  0.00253688]] 
Episode: 139: [[ 0.00407166  0.00671886  0.00651607]
 [-0.00062144  0.00669782  0.0068392 ]
 [-0.00107427  0.00493759  0.00256875]] 
Episode: 140: [[ 0.0040807   0.00672587  0.00652438]
 [-0.00060059  0.00671131  0.00684984]
 [-0.00106636  0.00495523  0.00260096]] 
Episode: 141: [[ 0.00409127  0.00673303  0.00653304]
 [-0.00057875  0.00672393  0.00685932]
 [-0.00105788  0.0049699   0.00262859]] 
Episode: 142: [[ 0.00410064  0.0067399   0.00654128]
 [-0.00055922  0.00673639  0.00686866]
 [-0.00105055  0.0049844   0.00265619]] 
Episode: 143: [[ 0.00410841  0.00674633  0.00654898]
 [-0.00054216  0.00674847  0.00687795]
 [-0.0010444   0.00499921  0.00268441]] 
Episode: 144: [[ 0.00411827  0.00675349  0.00655756]
 [-0.0005211   0.00676234  0.00688798]
 [-0.00103641  0.00501523  0.00271377]] 
Episode: 145: [[ 0.00412507  0.00675957  0.00656475]
 [-0.00050595  0.00677472  0.00689703]
 [-0.00103118  0.00502981  0.00274077]] 
Episode: 146: [[ 0.0041318   0.00676583  0.00657218]
 [-0.00049085  0.00678687  0.00690626]
 [-0.00102604  0.00504459  0.00276867]] 
Episode: 147: [[ 0.00413847  0.006772    0.00657943]
 [-0.0004758   0.00679967  0.00691555]
 [-0.00102093  0.00505967  0.00279646]] 
Episode: 148: [[ 0.00414543  0.00677837  0.0065869 ]
 [-0.00046033  0.00681369  0.00692535]
 [-0.00101577  0.00507576  0.00282508]] 
Episode: 149: [[ 0.00415314  0.0067851   0.00659473]
 [-0.00044315  0.00682811  0.0069356 ]
 [-0.00100982  0.00509259  0.00285511]] 
Episode: 150: [[ 0.00415778  0.00679121  0.0066016 ]
 [-0.00043141  0.00684256  0.00694562]
 [-0.00100656  0.00510911  0.00288509]] 
Episode: 151: [[ 0.00415957  0.00679636  0.00660726]
 [-0.00042478  0.00685532  0.00695475]
 [-0.00100562  0.00512429  0.00291297]] 
Episode: 152: [[ 0.00415932  0.00680096  0.00661215]
 [-0.00042199  0.00686749  0.00696358]
 [-0.00100657  0.00513908  0.00294033]] 
Episode: 153: [[ 0.00415823  0.00680549  0.00661713]
 [-0.00041934  0.00687964  0.00697288]
 [-0.00100752  0.00515528  0.0029702 ]] 
Episode: 154: [[ 0.00415718  0.00681027  0.00662239]
 [-0.00041633  0.00689342  0.00698279]
 [-0.00100846  0.00517267  0.00300158]] 
Episode: 155: [[ 0.00415825  0.00681555  0.00662828]
 [-0.00040934  0.00690856  0.00699315]
 [-0.00100746  0.00519096  0.0030334 ]] 
Episode: 156: [[ 0.00416074  0.00682158  0.00663503]
 [-0.00039889  0.00692538  0.00700499]
 [-0.001005    0.00521223  0.00306954]] 
Episode: 157: [[ 0.0041636   0.00682766  0.00664181]
 [-0.00038737  0.00694317  0.00701696]
 [-0.00100198  0.00523391  0.00310537]] 
Episode: 158: [[ 0.00416721  0.00683353  0.00664844]
 [-0.000375    0.00696018  0.00702818]
 [-0.00099836  0.00525422  0.00313856]] 
Episode: 159: [[ 0.00416986  0.00683939  0.00665498]
 [-0.00036424  0.00697732  0.00703955]
 [-0.00099562  0.00527465  0.00317295]] 
Episode: 160: [[ 0.00417122  0.00684487  0.00666106]
 [-0.00035625  0.00699354  0.00705059]
 [-0.00099425  0.00529447  0.00320653]] 
Episode: 161: [[ 0.00417089  0.00684973  0.00666638]
 [-0.00035135  0.00700763  0.00706092]
 [-0.00099424  0.00531309  0.00323919]] 
Episode: 162: [[ 0.00417005  0.0068551   0.0066722 ]
 [-0.00034732  0.00702241  0.00707195]
 [-0.00099491  0.00533245  0.00327443]] 
Episode: 163: [[ 0.00416913  0.00686052  0.00667806]
 [-0.0003438   0.00703799  0.00708324]
 [-0.00099598  0.00535228  0.00331009]] 
Episode: 164: [[ 0.00416953  0.0068663   0.00668431]
 [-0.0003377   0.00705311  0.00709457]
 [-0.0009957   0.00537201  0.00334616]] 
Episode: 165: [[ 0.00416973  0.00687233  0.00669086]
 [-0.00033249  0.00706767  0.00710581]
 [-0.00099595  0.00539095  0.00338224]] 
Episode: 166: [[ 0.00416882  0.00687806  0.00669719]
 [-0.00032895  0.0070813   0.0071168 ]
 [-0.00099694  0.00540957  0.00341817]] 
Episode: 167: [[ 0.00416801  0.0068839   0.00670366]
 [-0.00032576  0.00709447  0.00712771]
 [-0.00099818  0.00542775  0.00345451]] 
Episode: 168: [[ 0.00417017  0.00689064  0.00671124]
 [-0.0003168   0.00710916  0.00713956]
 [-0.00099669  0.0054477   0.00349303]] 
Episode: 169: [[ 0.00417173  0.00689704  0.00671846]
 [-0.00030904  0.00712392  0.00715118]
 [-0.00099574  0.00546749  0.00353064]] 
Episode: 170: [[ 0.00417486  0.00690407  0.0067264 ]
 [-0.00029783  0.00714015  0.00716366]
 [-0.00099322  0.00548891  0.00357017]] 
Episode: 171: [[ 0.00417831  0.00691082  0.006734  ]
 [-0.00028667  0.00715691  0.00717573]
 [-0.00099067  0.00550978  0.0036078 ]] 
Episode: 172: [[ 0.00418087  0.006917    0.0067409 ]
 [-0.00027724  0.0071726   0.00718703]
 [-0.00098877  0.00552938  0.00364337]] 
Episode: 173: [[ 0.00418046  0.00692222  0.00674659]
 [-0.00027324  0.00718696  0.00719738]
 [-0.00098933  0.00554732  0.00367661]] 
Episode: 174: [[ 0.0041805   0.00692733  0.00675223]
 [-0.00026829  0.00720035  0.00720736]
 [-0.00098928  0.00556466  0.00370886]] 
Episode: 175: [[ 0.00417863  0.00693208  0.00675733]
 [-0.00026585  0.00721366  0.00721767]
 [-0.00099044  0.00558298  0.00374251]] 
Episode: 176: [[ 0.00417786  0.00693694  0.00676276]
 [-0.00026231  0.00722514  0.00722756]
 [-0.00099107  0.00560025  0.00377575]] 
Episode: 177: [[ 0.00417676  0.00694169  0.00676815]
 [-0.00025936  0.00723603  0.0072374 ]
 [-0.00099197  0.00561751  0.00380948]] 
Episode: 178: [[ 0.00417775  0.00694713  0.00677436]
 [-0.00025277  0.0072489   0.00724813]
 [-0.00099132  0.00563647  0.00384489]] 
Episode: 179: [[ 0.0041809   0.00695329  0.00678156]
 [-0.00024174  0.00726322  0.00725954]
 [-0.00098854  0.00565669  0.00388212]] 
Episode: 180: [[ 0.00418544  0.00695989  0.0067893 ]
 [-0.00022806  0.00727805  0.00727116]
 [-0.00098445  0.00567713  0.00392009]] 
Episode: 181: [[ 0.00419004  0.00696641  0.00679688]
 [-0.0002143   0.00729348  0.00728294]
 [-0.00098037  0.0056981   0.00395791]] 
Episode: 182: [[ 0.00419295  0.00697249  0.00680387]
 [-0.00020302  0.00730971  0.00729473]
 [-0.00097745  0.00571942  0.00399566]] 
Episode: 183: [[ 0.00419415  0.00697812  0.00681021]
 [-0.0001948   0.00732595  0.00730639]
 [-0.00097603  0.00574058  0.00403302]] 
Episode: 184: [[ 0.00419718  0.0069843   0.00681728]
 [-0.00018375  0.00734298  0.00731836]
 [-0.00097336  0.00576212  0.00407099]] 
Episode: 185: [[ 0.00419955  0.00699052  0.00682444]
 [-0.00017383  0.00735984  0.00733047]
 [-0.0009713   0.00578377  0.0041095 ]] 
Episode: 186: [[ 0.00419991  0.00699602  0.00683066]
 [-0.00016844  0.00737602  0.007342  ]
 [-0.00097149  0.00580438  0.00414637]] 
Episode: 187: [[ 0.00419895  0.00700126  0.00683649]
 [-0.00016499  0.00739212  0.00735372]
 [-0.00097264  0.00582548  0.00418416]] 
Episode: 188: [[ 0.00419639  0.00700584  0.00684148]
 [-0.0001646   0.00740561  0.00736426]
 [-0.000975    0.00584415  0.00421856]] 
Episode: 189: [[ 0.00419214  0.00700991  0.00684588]
 [-0.00016777  0.00741802  0.00737434]
 [-0.0009791   0.00586192  0.00425232]] 
Episode: 190: [[ 0.00418767  0.00701366  0.00685001]
 [-0.00017139  0.00742952  0.00738387]
 [-0.00098327  0.0058788   0.00428464]] 
Episode: 191: [[ 0.00418406  0.00701794  0.00685471]
 [-0.00017327  0.00744352  0.00739448]
 [-0.00098685  0.00589779  0.00431896]] 
Episode: 192: [[ 0.00417886  0.00702192  0.00685897]
 [-0.00017868  0.00745683  0.00740469]
 [-0.0009922   0.00591565  0.00435306]] 
Episode: 193: [[ 0.00417508  0.00702619  0.00686361]
 [-0.00018158  0.00747083  0.00741513]
 [-0.00099636  0.00593406  0.00438734]] 
Episode: 194: [[ 0.00416989  0.00703009  0.00686769]
 [-0.00018719  0.00748595  0.00742575]
 [-0.00100196  0.00595303  0.00442162]] 
Episode: 195: [[ 0.00416188  0.00703273  0.00687047]
 [-0.00019833  0.00749791  0.00743469]
 [-0.00100991  0.00596904  0.00445108]] 
Episode: 196: [[ 0.0041536   0.00703519  0.006873  ]
 [-0.0002104   0.00750961  0.00744352]
 [-0.00101837  0.00598484  0.0044805 ]] 
Episode: 197: [[ 0.00414685  0.00703792  0.00687595]
 [-0.00021983  0.00752076  0.00745232]
 [-0.00102551  0.00600062  0.00450949]] 
Episode: 198: [[ 0.00413961  0.00704079  0.006879  ]
 [-0.00023046  0.00753151  0.00746133]
 [-0.00103336  0.00601648  0.0045398 ]] 
Episode: 199: [[ 0.00413165  0.00704368  0.00688201]
 [-0.00024219  0.00754223  0.00747056]
 [-0.00104181  0.00603259  0.00457117]] 
Episode: 200: [[ 0.00412473  0.00704687  0.00688535]
 [-0.00025167  0.00755454  0.00748047]
 [-0.00104926  0.00605027  0.00460393]] 
Episode: 201: [[ 0.00411849  0.00705016  0.00688883]
 [-0.00025987  0.00756813  0.00749051]
 [-0.00105611  0.00606841  0.00463627]] 
Episode: 202: [[ 0.00411294  0.00705368  0.00689258]
 [-0.0002663   0.00758114  0.00750042]
 [-0.00106193  0.00608608  0.00466892]] 
Episode: 203: [[ 0.00410724  0.00705714  0.00689627]
 [-0.00027277  0.0075947   0.00751052]
 [-0.00106779  0.00610433  0.00470201]] 
Episode: 204: [[ 0.00410201  0.00706071  0.0069001 ]
 [-0.00027825  0.0076077   0.00752066]
 [-0.00107313  0.00612266  0.00473553]] 
Episode: 205: [[ 0.00409646  0.00706418  0.00690394]
 [-0.00028414  0.0076204   0.00753071]
 [-0.00107863  0.00614093  0.0047693 ]] 
Episode: 206: [[ 0.00409294  0.00706831  0.00690856]
 [-0.00028612  0.00763502  0.00754142]
 [-0.0010823   0.0061604   0.0048041 ]] 
Episode: 207: [[ 0.00408972  0.00707251  0.00691321]
 [-0.0002873   0.00764958  0.00755209]
 [-0.00108552  0.00617975  0.00483859]] 
Episode: 208: [[ 0.00408751  0.00707681  0.00691802]
 [-0.00028689  0.00766366  0.00756252]
 [-0.0010879   0.00619865  0.00487226]] 
Episode: 209: [[ 0.00408658  0.00708109  0.00692304]
 [-0.00028444  0.00767579  0.00757233]
 [-0.00108911  0.00621642  0.00490509]] 
Episode: 210: [[ 0.00408435  0.00708488  0.00692746]
 [-0.0002843   0.00768692  0.0075817 ]
 [-0.00109132  0.00623351  0.00493715]] 
Episode: 211: [[ 0.00408248  0.00708939  0.00693263]
 [-0.00028255  0.00770028  0.00759238]
 [-0.00109298  0.00625286  0.00497288]] 
Episode: 212: [[ 0.00408116  0.00709431  0.0069382 ]
 [-0.00027947  0.00771477  0.00760391]
 [-0.00109417  0.00627383  0.00501093]] 
Episode: 213: [[ 0.00407916  0.00709902  0.00694345]
 [-0.00027784  0.00772914  0.00761522]
 [-0.00109604  0.00629434  0.00504816]] 
Episode: 214: [[ 0.00407801  0.00710407  0.00694899]
 [-0.00027485  0.00774334  0.00762664]
 [-0.0010973   0.00631479  0.00508527]] 
Episode: 215: [[ 0.00407594  0.00710849  0.00695383]
 [-0.00027403  0.00775582  0.00763704]
 [-0.00109941  0.00633334  0.00511961]] 
Episode: 216: [[ 0.0040726   0.00711256  0.00695825]
 [-0.00027511  0.00776712  0.00764678]
 [-0.00110219  0.00635057  0.00515301]] 
Episode: 217: [[ 0.00406766  0.00711625  0.0069622 ]
 [-0.00027935  0.00777886  0.00765638]
 [-0.00110655  0.0063675   0.00518584]] 
Episode: 218: [[ 0.00406304  0.00711999  0.00696622]
 [-0.00028332  0.00779123  0.00766619]
 [-0.00111088  0.0063849   0.00521865]] 
Episode: 219: [[ 0.00405825  0.00712394  0.0069704 ]
 [-0.00028731  0.0078037   0.00767621]
 [-0.00111524  0.0064024   0.00525225]] 
Episode: 220: [[ 0.00405462  0.00712817  0.00697501]
 [-0.00028851  0.0078159   0.00768648]
 [-0.00111818  0.00642059  0.00528676]] 
Episode: 221: [[ 0.0040516   0.00713254  0.00697974]
 [-0.00028896  0.00782809  0.00769673]
 [-0.00112078  0.0064386   0.00532098]] 
Episode: 222: [[ 0.00404994  0.00713721  0.00698493]
 [-0.0002869   0.00784109  0.00770708]
 [-0.00112215  0.00645679  0.00535521]] 
Episode: 223: [[ 0.00404702  0.00714222  0.00699038]
 [-0.00028741  0.0078564   0.00771865]
 [-0.00112522  0.006477    0.00539292]] 
Episode: 224: [[ 0.00404438  0.00714734  0.00699596]
 [-0.00028702  0.00787016  0.00772974]
 [-0.00112765  0.00649596  0.00542922]] 
Episode: 225: [[ 0.00404357  0.00715276  0.00700192]
 [-0.00028372  0.00788475  0.00774096]
 [-0.00112872  0.00651525  0.00546494]] 
Episode: 226: [[ 0.00404027  0.00715751  0.00700697]
 [-0.00028549  0.00789917  0.00775155]
 [-0.00113224  0.00653316  0.00549892]] 
Episode: 227: [[ 0.00403917  0.00716282  0.00701263]
 [-0.00028303  0.00791429  0.00776272]
 [-0.00113376  0.00655227  0.00553456]] 
Episode: 228: [[ 0.00404012  0.00716863  0.00701889]
 [-0.0002768   0.00793063  0.00777403]
 [-0.00113341  0.00657159  0.00557008]] 
Episode: 229: [[ 0.0040415   0.00717449  0.00702527]
 [-0.00027046  0.00794793  0.00778593]
 [-0.0011333   0.00659238  0.00560725]] 
Episode: 230: [[ 0.00404324  0.00718053  0.00703204]
 [-0.00026307  0.00796579  0.00779825]
 [-0.00113272  0.00661412  0.00564567]] 
Episode: 231: [[ 0.00404478  0.00718656  0.00703876]
 [-0.00025661  0.00798287  0.00781039]
 [-0.00113264  0.00663524  0.00568389]] 
Episode: 232: [[ 0.00404787  0.00719292  0.00704589]
 [-0.00024694  0.00799972  0.00782249]
 [-0.00113088  0.00665633  0.0057213 ]] 
Episode: 233: [[ 0.00405243  0.00719961  0.00705344]
 [-0.00023428  0.00801751  0.00783489]
 [-0.00112767  0.00667818  0.00575899]] 
Episode: 234: [[ 0.00405608  0.00720564  0.0070601 ]
 [-0.0002237   0.00803412  0.00784632]
 [-0.00112525  0.0066983   0.00579374]] 
Episode: 235: [[ 0.00406048  0.00721196  0.00706707]
 [-0.00021124  0.00805122  0.007858  ]
 [-0.00112189  0.00671885  0.00582918]] 
Episode: 236: [[ 0.00406355  0.00721798  0.00707372]
 [-0.00020183  0.00806685  0.00786933]
 [-0.00112005  0.00673847  0.00586429]] 
Episode: 237: [[ 0.00406682  0.00722435  0.00708072]
 [-0.00019124  0.0080834   0.00788129]
 [-0.00111767  0.00675925  0.00590129]] 
Episode: 238: [[ 0.00406961  0.00723132  0.0070884 ]
 [-0.00018064  0.00810283  0.00789486]
 [-0.00111565  0.006783    0.00594293]] 
Episode: 239: [[ 0.00407313  0.00723879  0.00709675]
 [-0.00016803  0.00812386  0.00790908]
 [-0.0011127   0.00680796  0.00598615]] 
Episode: 240: [[ 0.00407709  0.00724655  0.0071055 ]
 [-0.00015392  0.00814601  0.00792396]
 [-0.00110909  0.00683431  0.00603141]] 
Episode: 241: [[ 0.00407971  0.00725375  0.00711356]
 [-0.00014207  0.00816698  0.00793825]
 [-0.0011064   0.0068597   0.00607578]] 
Episode: 242: [[ 0.00408024  0.00726043  0.00712102]
 [-0.00013421  0.00818715  0.00795236]
 [-0.00110568  0.00688473  0.00612013]] 
Episode: 243: [[ 0.00408046  0.00726723  0.00712853]
 [-0.0001264   0.0082084   0.00796726]
 [-0.00110512  0.0069115   0.00616663]] 
Episode: 244: [[ 0.00408156  0.00727427  0.00713638]
 [-0.00011704  0.00822943  0.00798255]
 [-0.00110391  0.00693911  0.00621438]] 
Episode: 245: [[ 0.00408367  0.00728147  0.00714451]
 [-0.00010643  0.00825113  0.00799806]
 [-0.00110224  0.00696735  0.00626184]] 
Episode: 246: [[ 4.0843538e-03  7.2882758e-03  7.1520819e-03]
 [-9.8721321e-05  8.2726898e-03  8.0132559e-03]
 [-1.1019602e-03  6.9948877e-03  6.3081365e-03]] 
Episode: 247: [[ 4.0869112e-03  7.2959620e-03  7.1606217e-03]
 [-8.7217952e-05  8.2961163e-03  8.0293585e-03]
 [-1.0999988e-03  7.0239515e-03  6.3561737e-03]] 
Episode: 248: [[ 4.0885657e-03  7.3032021e-03  7.1685552e-03]
 [-7.8127749e-05  8.3192196e-03  8.0451630e-03]
 [-1.0992684e-03  7.0525333e-03  6.4031617e-03]] 
Episode: 249: [[ 4.0903725e-03  7.3109576e-03  7.1770838e-03]
 [-6.8357069e-05  8.3431471e-03  8.0619622e-03]
 [-1.0984349e-03  7.0828116e-03  6.4533092e-03]] 
Episode: 250: [[ 4.0917448e-03  7.3184608e-03  7.1852175e-03]
 [-5.9606267e-05  8.3674742e-03  8.0784094e-03]
 [-1.0980407e-03  7.1124099e-03  6.5018609e-03]] 
Episode: 251: [[ 4.0920838e-03  7.3252008e-03  7.1925987e-03]
 [-5.3018441e-05  8.3889691e-03  8.0936672e-03]
 [-1.0984079e-03  7.1399072e-03  6.5481095e-03]] 
Episode: 252: [[ 4.0917546e-03  7.3320847e-03  7.2002439e-03]
 [-4.7213023e-05  8.4108841e-03  8.1094103e-03]
 [-1.0992411e-03  7.1681980e-03  6.5959650e-03]] 
Episode: 253: [[ 4.0904144e-03  7.3389160e-03  7.2077550e-03]
 [-4.2476386e-05  8.4336512e-03  8.1255725e-03]
 [-1.1005995e-03  7.1973335e-03  6.6455975e-03]] 
Episode: 254: [[ 4.0880297e-03  7.3455689e-03  7.2153378e-03]
 [-3.9518978e-05  8.4548807e-03  8.1415819e-03]
 [-1.1027866e-03  7.2260303e-03  6.6961013e-03]] 
Episode: 255: [[ 4.0894435e-03  7.3532066e-03  7.2241840e-03]
 [-2.9309713e-05  8.4773125e-03  8.1578959e-03]
 [-1.1014162e-03  7.2554005e-03  6.7466404e-03]] 
Episode: 256: [[ 4.0911483e-03  7.3609785e-03  7.2331475e-03]
 [-1.9188137e-05  8.4994100e-03  8.1740757e-03]
 [-1.1001505e-03  7.2841761e-03  6.7967963e-03]] 
Episode: 257: [[ 4.0942235e-03  7.3689786e-03  7.2422908e-03]
 [-6.4423621e-06  8.5224779e-03  8.1902547e-03]
 [-1.0975585e-03  7.3131155e-03  6.8459176e-03]] 
Episode: 258: [[ 4.0946268e-03  7.3762406e-03  7.2506908e-03]
 [ 1.2667028e-06  8.5440157e-03  8.2057817e-03]
 [-1.0972995e-03  7.3406156e-03  6.8934429e-03]] 
Episode: 259: [[ 4.0964480e-03  7.3840190e-03  7.2596730e-03]
 [ 1.1333668e-05  8.5661691e-03  8.2219942e-03]
 [-1.0960987e-03  7.3694512e-03  6.9426037e-03]] 
Episode: 260: [[ 4.0984452e-03  7.3916321e-03  7.2685895e-03]
 [ 2.2184406e-05  8.5865641e-03  8.2376376e-03]
 [-1.0942612e-03  7.3973150e-03  6.9912458e-03]] 
Episode: 261: [[ 4.1011609e-03  7.3992782e-03  7.2773616e-03]
 [ 3.3750821e-05  8.6075477e-03  8.2531841e-03]
 [-1.0921272e-03  7.4250191e-03  7.0387744e-03]] 
Episode: 262: [[ 4.1052075e-03  7.4072126e-03  7.2864573e-03]
 [ 4.7689191e-05  8.6277267e-03  8.2685323e-03]
 [-1.0887687e-03  7.4522472e-03  7.0858863e-03]] 
Episode: 263: [[ 4.1106022e-03  7.4156648e-03  7.2960942e-03]
 [ 6.4210086e-05  8.6486246e-03  8.2841972e-03]
 [-1.0842031e-03  7.4799345e-03  7.1338112e-03]] 
Episode: 264: [[ 4.1159014e-03  7.4238330e-03  7.3054433e-03]
 [ 8.0201622e-05  8.6690169e-03  8.2992362e-03]
 [-1.0797693e-03  7.5064860e-03  7.1795317e-03]] 
Episode: 265: [[ 4.1205017e-03  7.4321241e-03  7.3148301e-03]
 [ 9.5534931e-05  8.6892666e-03  8.3144447e-03]
 [-1.0756097e-03  7.5330311e-03  7.2259437e-03]] 
Episode: 266: [[ 0.00412497  0.00744044  0.00732438]
 [ 0.00011121  0.0087104   0.00832997]
 [-0.00107128  0.00756044  0.00727272]] 
Episode: 267: [[ 0.00412477  0.00744713  0.00733209]
 [ 0.0001182   0.00872739  0.00834415]
 [-0.00107086  0.00758521  0.00731843]] 
Episode: 268: [[ 0.00412214  0.00745287  0.00733868]
 [ 0.00012054  0.00874197  0.00835722]
 [-0.00107244  0.00760774  0.00736144]] 
Episode: 269: [[ 0.00412068  0.00745894  0.00734567]
 [ 0.00012442  0.00875562  0.00837016]
 [-0.00107331  0.00762974  0.00740466]] 
Episode: 270: [[ 0.00411886  0.00746508  0.00735268]
 [ 0.00012713  0.00876962  0.00838333]
 [-0.00107492  0.0076519   0.00744853]] 
Episode: 271: [[ 0.00412023  0.00747193  0.00736062]
 [ 0.00013573  0.00878481  0.00839694]
 [-0.00107373  0.00767539  0.0074927 ]] 
Episode: 272: [[ 0.00412349  0.00747931  0.0073692 ]
 [ 0.00014757  0.00880054  0.00841068]
 [-0.00107102  0.00769909  0.00753653]] 
Episode: 273: [[ 0.0041279   0.00748675  0.00737788]
 [ 0.00016061  0.00881574  0.00842387]
 [-0.00106769  0.00772165  0.00757871]] 
Episode: 274: [[ 0.00413121  0.00749408  0.00738619]
 [ 0.00017217  0.00883202  0.00843739]
 [-0.00106511  0.00774483  0.00762143]] 
Episode: 275: [[ 0.00413357  0.00750121  0.00739432]
 [ 0.00018161  0.00884788  0.00845077]
 [-0.0010636   0.00776746  0.0076638 ]] 
Episode: 276: [[ 0.00413678  0.00750855  0.00740274]
 [ 0.00019235  0.00886395  0.00846405]
 [-0.00106145  0.00778989  0.0077052 ]] 
Episode: 277: [[ 0.00414102  0.00751612  0.00741141]
 [ 0.00020488  0.00888071  0.00847748]
 [-0.00105848  0.00781274  0.00774679]] 
Episode: 278: [[ 0.00414399  0.00752308  0.00741939]
 [ 0.00021477  0.00889579  0.00849012]
 [-0.00105663  0.00783401  0.00778629]] 
Episode: 279: [[ 0.00414122  0.00752836  0.00742532]
 [ 0.00021369  0.00890895  0.00850199]
 [-0.00106003  0.00785344  0.00782504]] 
Episode: 280: [[ 0.00413938  0.00753379  0.00743135]
 [ 0.00021439  0.00892278  0.00851406]
 [-0.00106259  0.00787355  0.00786399]] 
Episode: 281: [[ 0.00413817  0.00753991  0.00743808]
 [ 0.00021628  0.00894014  0.00852743]
 [-0.00106493  0.00789594  0.00790571]] 
Episode: 282: [[ 0.00413657  0.00754589  0.00744482]
 [ 0.00021753  0.00895697  0.00854075]
 [-0.00106757  0.00791832  0.00794805]] 
Episode: 283: [[ 0.00413649  0.00755258  0.00745233]
 [ 0.00022181  0.0089748   0.00855487]
 [-0.00106891  0.00794219  0.00799255]] 
Episode: 284: [[ 0.0041398   0.00756023  0.00746102]
 [ 0.00023308  0.00899383  0.00856976]
 [-0.0010669   0.00796806  0.00803906]] 
Episode: 285: [[ 0.00413941  0.00756651  0.00746833]
 [ 0.00023652  0.00900784  0.00858295]
 [-0.00106843  0.00799011  0.00808262]] 
Episode: 286: [[ 0.00413893  0.00757275  0.00747548]
 [ 0.00024056  0.00902372  0.00859652]
 [-0.00106962  0.00801327  0.008127  ]] 
Episode: 287: [[ 0.00413713  0.00757876  0.00748257]
 [ 0.00024246  0.00904036  0.0086102 ]
 [-0.00107189  0.00803654  0.00817155]] 
Episode: 288: [[ 0.00413612  0.00758576  0.00749058]
 [ 0.00024657  0.00906277  0.00862568]
 [-0.00107348  0.00806313  0.00821778]] 
Episode: 289: [[ 0.00413095  0.00759126  0.00749691]
 [ 0.00024289  0.00908411  0.00864042]
 [-0.0010787   0.00808848  0.00826237]] 
Episode: 290: [[ 0.00412846  0.00759737  0.00750388]
 [ 0.00024432  0.009106    0.00865516]
 [-0.00108136  0.00811412  0.00830623]] 
Episode: 291: [[ 0.00412645  0.00760386  0.00751125]
 [ 0.0002466   0.00912849  0.00867052]
 [-0.00108379  0.0081408   0.0083519 ]] 
Episode: 292: [[ 0.00412511  0.00761077  0.00751908]
 [ 0.00024993  0.00915159  0.0086864 ]
 [-0.0010859   0.0081683   0.00839845]] 
Episode: 293: [[ 0.00412476  0.00761859  0.00752812]
 [ 0.00025573  0.00917574  0.00870377]
 [-0.00108713  0.00819853  0.00845011]] 
Episode: 294: [[ 0.00412433  0.00762624  0.00753693]
 [ 0.00026104  0.00919999  0.00872112]
 [-0.00108863  0.00822886  0.00850153]] 
Episode: 295: [[ 0.00412437  0.00763382  0.0075457 ]
 [ 0.00026669  0.00922443  0.0087383 ]
 [-0.00109001  0.00825901  0.00855208]] 
Episode: 296: [[ 0.00412572  0.00764171  0.00755477]
 [ 0.00027452  0.00924848  0.00875593]
 [-0.00109048  0.00829029  0.00860439]] 
Episode: 297: [[ 0.00412574  0.00764885  0.00756294]
 [ 0.00028053  0.00927126  0.00877252]
 [-0.0010914   0.00831975  0.0086547 ]] 
Episode: 298: [[ 0.0041248   0.00765579  0.00757088]
 [ 0.00028463  0.00929284  0.00878861]
 [-0.00109314  0.00834778  0.00870412]] 
Episode: 299: [[ 0.00412462  0.00766324  0.00757959]
 [ 0.00029075  0.00931524  0.00880561]
 [-0.00109405  0.00837765  0.00875712]] 
Episode: 300: [[ 0.00412666  0.00767105  0.00758881]
 [ 0.00030064  0.00933751  0.00882215]
 [-0.00109303  0.00840684  0.00880858]] 
Episode: 301: [[ 0.00412682  0.00767796  0.00759698]
 [ 0.00030676  0.00935866  0.00883801]
 [-0.0010937   0.00843485  0.00885879]] 
Episode: 302: [[ 0.00412685  0.00768473  0.00760494]
 [ 0.00031215  0.00938039  0.0088537 ]
 [-0.00109476  0.00846258  0.0089075 ]] 
Episode: 303: [[ 0.00412681  0.00769166  0.00761297]
 [ 0.0003175   0.00940258  0.00886959]
 [-0.00109588  0.0084904   0.00895662]] 
Episode: 304: [[ 0.00412953  0.00769929  0.00762171]
 [ 0.00032743  0.00942514  0.00888515]
 [-0.00109475  0.00851748  0.00900419]] 
Episode: 305: [[ 0.00413241  0.00770657  0.00763011]
 [ 0.00033729  0.00944603  0.00889994]
 [-0.0010935   0.00854328  0.00904949]] 
Episode: 306: [[ 0.00413472  0.00771398  0.00763852]
 [ 0.00034609  0.00946787  0.00891504]
 [-0.00109286  0.00856929  0.00909521]] 
Episode: 307: [[ 0.00413857  0.00772169  0.00764728]
 [ 0.00035717  0.0094888   0.00892957]
 [-0.00109103  0.00859393  0.00913951]] 
Episode: 308: [[ 0.00414082  0.00772895  0.0076555 ]
 [ 0.00036509  0.00950889  0.00894397]
 [-0.00109073  0.00861818  0.00918358]] 
Episode: 309: [[ 0.00414582  0.00773763  0.00766535]
 [ 0.00037835  0.00952994  0.00895985]
 [-0.00108822  0.008645    0.00923251]] 
Episode: 310: [[ 0.00415103  0.00774652  0.00767538]
 [ 0.00039225  0.00955267  0.00897632]
 [-0.00108553  0.00867304  0.00928209]] 
Episode: 311: [[ 0.004156    0.00775546  0.00768555]
 [ 0.00040564  0.00957557  0.00899299]
 [-0.00108316  0.00870137  0.00933272]] 
Episode: 312: [[ 0.00415752  0.00776316  0.00769446]
 [ 0.00041342  0.00959665  0.00900879]
 [-0.00108311  0.00872806  0.00938281]] 
Episode: 313: [[ 0.00415653  0.00776997  0.0077024 ]
 [ 0.00041681  0.00961567  0.00902408]
 [-0.001085    0.00875376  0.0094329 ]] 
Episode: 314: [[ 0.00415402  0.00777607  0.00770949]
 [ 0.00041679  0.00963419  0.0090387 ]
 [-0.00108846  0.00877806  0.00948105]] 
Episode: 315: [[ 0.00414705  0.0077807   0.00771493]
 [ 0.00040725  0.00965175  0.0090525 ]
 [-0.00109654  0.00880023  0.00952653]] 
Episode: 316: [[ 0.00414079  0.00778541  0.00772039]
 [ 0.00039936  0.00966916  0.00906641]
 [-0.00110379  0.00882299  0.0095717 ]] 
Episode: 317: [[ 0.00413085  0.00778891  0.00772451]
 [ 0.00038437  0.00968583  0.0090799 ]
 [-0.00111441  0.00884475  0.0096168 ]] 
Episode: 318: [[ 0.00411852  0.00779094  0.00772713]
 [ 0.00036484  0.00969859  0.00909129]
 [-0.00112665  0.0088627   0.00965705]] 
Episode: 319: [[ 0.00410672  0.00779299  0.00772979]
 [ 0.00034708  0.00971154  0.00910285]
 [-0.00113793  0.00888151  0.00969794]] 
Episode: 320: [[ 0.0040973   0.00779594  0.00773354]
 [ 0.00033399  0.00972653  0.00911531]
 [-0.00114716  0.00890228  0.00974105]] 
Episode: 321: [[ 0.00409115  0.00779992  0.00773837]
 [ 0.00032681  0.00974285  0.0091287 ]
 [-0.00115377  0.00892513  0.00978654]] 
Episode: 322: [[ 0.00408489  0.00780419  0.00774365]
 [ 0.00032042  0.00975869  0.00914298]
 [-0.00116009  0.00894982  0.00983629]] 
Episode: 323: [[ 0.00408     0.0078093   0.00774987]
 [ 0.00031694  0.00977409  0.00915783]
 [-0.00116511  0.00897525  0.00988726]] 
Episode: 324: [[ 0.00407491  0.00781398  0.00775545]
 [ 0.0003127   0.00978946  0.0091721 ]
 [-0.00117038  0.00899974  0.0099361 ]] 
Episode: 325: [[ 0.00407214  0.00781938  0.00776187]
 [ 0.00031255  0.00980658  0.00918675]
 [-0.00117382  0.00902511  0.00998519]] 
Episode: 326: [[ 0.00407053  0.0078255   0.00776908]
 [ 0.00031504  0.00982458  0.00920208]
 [-0.00117611  0.00905161  0.01003549]] 
Episode: 327: [[ 0.0040713   0.0078325   0.00777722]
 [ 0.00032281  0.00984306  0.00921792]
 [-0.00117583  0.00907924  0.01008756]] 
Episode: 328: [[ 0.0040719   0.00783933  0.00778501]
 [ 0.00032978  0.00986276  0.00923395]
 [-0.00117606  0.00910738  0.01014003]] 
Episode: 329: [[ 0.00407231  0.00784622  0.00779285]
 [ 0.0003367   0.00988412  0.0092501 ]
 [-0.00117631  0.00913569  0.01019212]] 
Episode: 330: [[ 0.0040731   0.00785363  0.00780096]
 [ 0.00034398  0.00990804  0.00926722]
 [-0.00117672  0.00916546  0.0102461 ]] 
Episode: 331: [[ 0.00407622  0.00786183  0.00780988]
 [ 0.00035541  0.009933    0.00928491]
 [-0.0011753   0.00919642  0.01030083]] 
Episode: 332: [[ 0.00407616  0.00786912  0.00781787]
 [ 0.00036169  0.00995539  0.00930192]
 [-0.00117604  0.00922574  0.01035574]] 
Episode: 333: [[ 0.00407507  0.00787568  0.00782526]
 [ 0.00036497  0.00997472  0.00931747]
 [-0.00117796  0.00925194  0.01040703]] 
Episode: 334: [[ 0.0040719   0.00788119  0.00783161]
 [ 0.00036333  0.00999159  0.00933157]
 [-0.00118206  0.00927519  0.01045419]] 
Episode: 335: [[ 0.00407216  0.00788821  0.00783957]
 [ 0.00036916  0.01001203  0.00934758]
 [-0.0011829   0.00930257  0.01050587]] 
Episode: 336: [[ 0.00407469  0.00789651  0.0078488 ]
 [ 0.00038006  0.01003527  0.00936576]
 [-0.00118175  0.00933423  0.01056409]] 
Episode: 337: [[ 0.00407796  0.00790504  0.00785832]
 [ 0.00039239  0.01005894  0.00938396]
 [-0.00117989  0.00936602  0.01062189]] 
Episode: 338: [[ 0.00408342  0.00791393  0.00786828]
 [ 0.00040867  0.01008189  0.00940158]
 [-0.00117599  0.00939699  0.01067803]] 
Episode: 339: [[ 0.00408845  0.0079227   0.00787799]
 [ 0.00042407  0.01010497  0.00941912]
 [-0.00117251  0.00942772  0.01073387]] 
Episode: 340: [[ 0.00409379  0.00793167  0.00788786]
 [ 0.00043983  0.01012895  0.00943703]
 [-0.00116899  0.00945908  0.01078995]] 
Episode: 341: [[ 0.00409939  0.00794086  0.00789801]
 [ 0.00045556  0.01015282  0.0094553 ]
 [-0.00116568  0.00949097  0.01084689]] 
Episode: 342: [[ 0.00410325  0.0079494   0.0079075 ]
 [ 0.00046808  0.01017608  0.00947322]
 [-0.00116381  0.0095222   0.01090309]] 
Episode: 343: [[ 0.00410946  0.0079585   0.00791775]
 [ 0.00048485  0.01019963  0.00949065]
 [-0.0011598   0.00955264  0.01095688]] 
Episode: 344: [[ 0.00411832  0.00796852  0.00792899]
 [ 0.00050718  0.01022576  0.00950884]
 [-0.00115321  0.00958499  0.01101164]] 
Episode: 345: [[ 0.00412643  0.00797856  0.0079405 ]
 [ 0.00052902  0.01025119  0.00952741]
 [-0.0011468   0.00961801  0.01106886]] 
Episode: 346: [[ 0.00413525  0.00798856  0.00795193]
 [ 0.00055187  0.01027617  0.00954554]
 [-0.00113986  0.00965041  0.01112408]] 
Episode: 347: [[ 0.00414336  0.00799824  0.00796291]
 [ 0.00057325  0.01029926  0.00956306]
 [-0.00113345  0.00968143  0.01117799]] 
Episode: 348: [[ 0.00415038  0.00800773  0.00797353]
 [ 0.00059239  0.01032214  0.00958054]
 [-0.00112816  0.00971191  0.01123149]] 
Episode: 349: [[ 0.00415425  0.00801556  0.00798235]
 [ 0.00060496  0.01034073  0.00959595]
 [-0.00112555  0.00973824  0.01127997]] 
Episode: 350: [[ 0.0041545   0.00802263  0.00799016]
 [ 0.00061208  0.01036015  0.00961173]
 [-0.00112547  0.00976495  0.01132944]] 
Episode: 351: [[ 0.00414943  0.00802765  0.00799589]
 [ 0.00060844  0.01037584  0.00962599]
 [-0.00113025  0.00978812  0.01137686]] 
Episode: 352: [[ 0.00414348  0.00803213  0.00800104]
 [ 0.00060321  0.01038923  0.00963922]
 [-0.00113547  0.0098092   0.01142248]] 
Episode: 353: [[ 0.00413802  0.00803693  0.00800653]
 [ 0.00059836  0.01040346  0.00965297]
 [-0.00114074  0.00983104  0.01147012]] 
Episode: 354: [[ 0.00413136  0.00804114  0.0080113 ]
 [ 0.00059073  0.0104173   0.0096663 ]
 [-0.00114731  0.00985202  0.01151672]] 
Episode: 355: [[ 0.00412484  0.00804588  0.00801643]
 [ 0.00058431  0.01043517  0.00968112]
 [-0.00115356  0.00987596  0.0115658 ]] 
Episode: 356: [[ 0.00411858  0.00805089  0.00802202]
 [ 0.00057881  0.01045186  0.00969612]
 [-0.00115937  0.00990012  0.01161636]] 
Episode: 357: [[ 0.00411233  0.00805573  0.0080274 ]
 [ 0.00057304  0.01046895  0.00971132]
 [-0.00116539  0.009925    0.01166713]] 
Episode: 358: [[ 0.00410596  0.00806037  0.00803267]
 [ 0.00056713  0.01048468  0.00972602]
 [-0.00117135  0.00994903  0.01171622]] 
Episode: 359: [[ 0.00409631  0.00806351  0.00803612]
 [ 0.00055424  0.01049815  0.00973883]
 [-0.00118025  0.0099689   0.01175965]] 
Episode: 360: [[ 0.00408679  0.00806714  0.00804017]
 [ 0.00054115  0.0105145   0.00975337]
 [-0.0011898   0.00999205  0.01180787]] 
Episode: 361: [[ 0.0040817   0.00807243  0.00804608]
 [ 0.0005366   0.01053292  0.00976875]
 [-0.00119545  0.01001702  0.01185684]] 
Episode: 362: [[ 0.00407907  0.00807864  0.00805306]
 [ 0.00053687  0.01055448  0.00978518]
 [-0.00119904  0.01004449  0.01190789]] 
Episode: 363: [[ 0.0040771   0.00808534  0.00806052]
 [ 0.00053912  0.01057635  0.00980208]
 [-0.00120168  0.01007275  0.0119609 ]] 
Episode: 364: [[ 0.00407433  0.00809154  0.00806735]
 [ 0.00053996  0.01059734  0.00981871]
 [-0.00120489  0.01010076  0.01201341]] 
Episode: 365: [[ 0.00407147  0.00809806  0.00807451]
 [ 0.00054045  0.01061973  0.00983619]
 [-0.00120855  0.01013012  0.01206777]] 
Episode: 366: [[ 0.00406515  0.00810322  0.00808032]
 [ 0.00053361  0.01063796  0.00985199]
 [-0.00121536  0.01015554  0.01211867]] 
Episode: 367: [[ 0.00406069  0.00810981  0.00808784]
 [ 0.00053185  0.01066097  0.00987019]
 [-0.00122015  0.01018578  0.01217556]] 
Episode: 368: [[ 0.0040557   0.0081163   0.00809512]
 [ 0.00052938  0.01068436  0.00988843]
 [-0.00122523  0.01021599  0.01223246]] 
Episode: 369: [[ 0.00405446  0.00812391  0.00810356]
 [ 0.0005346   0.01071012  0.0099075 ]
 [-0.00122676  0.01024869  0.01229062]] 
Episode: 370: [[ 0.00405523  0.00813206  0.00811248]
 [ 0.00054312  0.01073772  0.00992656]
 [-0.0012268   0.01028155  0.01234745]] 
Episode: 371: [[ 0.00405517  0.00814005  0.00812137]
 [ 0.00054922  0.01076468  0.00994552]
 [-0.00122812  0.01031369  0.01240427]] 
Episode: 372: [[ 0.0040526   0.00814701  0.00812907]
 [ 0.00055149  0.01079006  0.00996341]
 [-0.00123081  0.01034384  0.01245898]] 
Episode: 373: [[ 0.00404585  0.00815226  0.00813517]
 [ 0.0005455   0.01080992  0.00997942]
 [-0.00123697  0.01036982  0.01251012]] 
Episode: 374: [[ 0.00403952  0.00815794  0.00814158]
 [ 0.00053998  0.01083033  0.00999585]
 [-0.00124308  0.01039613  0.012562  ]] 
Episode: 375: [[ 0.0040374   0.00816549  0.00814972]
 [ 0.0005427   0.0108549   0.01001409]
 [-0.00124566  0.01042624  0.0126161 ]] 
Episode: 376: [[ 0.00403158  0.0081721   0.0081569 ]
 [ 0.00053763  0.01087842  0.01003273]
 [-0.0012522   0.01045634  0.01267191]] 
Episode: 377: [[ 0.00402489  0.00817854  0.0081639 ]
 [ 0.00053094  0.0109031   0.01005186]
 [-0.00125964  0.01048738  0.01272856]] 
Episode: 378: [[ 0.00401387  0.00818308  0.00816895]
 [ 0.00051533  0.01092414  0.01006879]
 [-0.00127085  0.01051371  0.01278047]] 
Episode: 379: [[ 0.00400667  0.00818893  0.00817548]
 [ 0.00050698  0.01094706  0.01008694]
 [-0.00127891  0.010543    0.01283498]] 
Episode: 380: [[ 0.00400284  0.00819621  0.00818361]
 [ 0.00050578  0.01097326  0.01010705]
 [-0.00128397  0.01057661  0.01289503]] 
Episode: 381: [[ 0.00400048  0.00820389  0.00819244]
 [ 0.00050812  0.01100156  0.01012771]
 [-0.0012874   0.01061204  0.01295708]] 
Episode: 382: [[ 0.00400159  0.00821284  0.00820238]
 [ 0.0005173   0.01103359  0.01014956]
 [-0.00128787  0.01065032  0.01302002]] 
Episode: 383: [[ 0.0040055   0.00822231  0.00821287]
 [ 0.00053163  0.01106666  0.0101715 ]
 [-0.00128595  0.01068963  0.01308231]] 
Episode: 384: [[ 0.00400996  0.00823199  0.00822348]
 [ 0.00054717  0.01109934  0.01019305]
 [-0.00128332  0.01072797  0.01314325]] 
Episode: 385: [[ 0.00401351  0.00824172  0.0082342 ]
 [ 0.00056104  0.01113292  0.01021524]
 [-0.00128165  0.01076721  0.01320541]] 
Episode: 386: [[ 0.00401935  0.00825275  0.0082465 ]
 [ 0.00058024  0.01116835  0.01023887]
 [-0.00127765  0.01080924  0.01327322]] 
Episode: 387: [[ 0.00402836  0.00826482  0.00825986]
 [ 0.00060539  0.01120593  0.01026317]
 [-0.00127101  0.01085303  0.01334175]] 
Episode: 388: [[ 0.00404064  0.00827839  0.00827487]
 [ 0.00063711  0.01124539  0.01028889]
 [-0.00126158  0.01089975  0.01341379]] 
Episode: 389: [[ 0.00405411  0.00829197  0.00828981]
 [ 0.00067058  0.0112834   0.01031352]
 [-0.0012511   0.01094448  0.01348238]] 
Episode: 390: [[ 0.00406581  0.00830398  0.00830305]
 [ 0.00069939  0.01131481  0.01033515]
 [-0.0012422   0.01098334  0.01354373]] 
Episode: 391: [[ 0.00407754  0.00831579  0.00831603]
 [ 0.00072811  0.01134563  0.01035628]
 [-0.00123323  0.01102136  0.01360324]] 
Episode: 392: [[ 0.00408506  0.00832547  0.00832685]
 [ 0.00074777  0.01137356  0.01037509]
 [-0.00122811  0.01105465  0.01365703]] 
Episode: 393: [[ 0.00409209  0.00833514  0.00833754]
 [ 0.00076514  0.01139957  0.01039306]
 [-0.00122408  0.01108508  0.0137084 ]] 
Episode: 394: [[ 0.00409673  0.00834408  0.00834745]
 [ 0.00077765  0.01142573  0.01041084]
 [-0.00122234  0.01111465  0.01375953]] 
Episode: 395: [[ 0.0040974   0.00835134  0.00835541]
 [ 0.00078267  0.01144951  0.01042729]
 [-0.00122377  0.0111413   0.0138077 ]] 
Episode: 396: [[ 0.00409262  0.00835685  0.00836156]
 [ 0.0007769   0.01146957  0.01044259]
 [-0.00123006  0.0111644   0.013854  ]] 
Episode: 397: [[ 0.00408861  0.00836258  0.00836791]
 [ 0.00077215  0.01149011  0.01045801]
 [-0.00123598  0.01118776  0.01390005]] 
Episode: 398: [[ 0.00408423  0.00836837  0.00837431]
 [ 0.00076722  0.01151148  0.01047386]
 [-0.00124201  0.01121201  0.01394749]] 
Episode: 399: [[ 0.00407981  0.00837439  0.00838109]
 [ 0.00076166  0.0115325   0.01048999]
 [-0.00124854  0.01123643  0.01399595]] 
Episode: 400: [[ 0.00407323  0.00837954  0.008387  ]
 [ 0.00075237  0.01155117  0.01050512]
 [-0.00125648  0.01125864  0.01404209]] 
Episode: 401: [[ 0.00406663  0.00838414  0.00839238]
 [ 0.00074323  0.01156781  0.0105189 ]
 [-0.00126398  0.01127878  0.01408438]] 
Episode: 402: [[ 0.00405922  0.00838864  0.00839776]
 [ 0.00073361  0.01158178  0.01053258]
 [-0.00127147  0.01129846  0.01412887]] 
Episode: 403: [[ 0.00405275  0.00839339  0.0084033 ]
 [ 0.00072571  0.01159775  0.01054651]
 [-0.0012782   0.01131897  0.01417263]] 
Episode: 404: [[ 0.00404629  0.00839849  0.00840931]
 [ 0.00071808  0.01161432  0.01056138]
 [-0.00128503  0.01134113  0.01421965]] 
Episode: 405: [[ 0.00403622  0.00840206  0.00841344]
 [ 0.0007028   0.0116299   0.01057556]
 [-0.00129538  0.0113615   0.01426584]] 
Episode: 406: [[ 0.00402895  0.00840692  0.00841895]
 [ 0.00069372  0.01164885  0.01059118]
 [-0.00130303  0.01138526  0.01431496]] 
Episode: 407: [[ 0.00402433  0.00841248  0.00842517]
 [ 0.00068966  0.01166829  0.01060705]
 [-0.0013084   0.01141021  0.01436428]] 
Episode: 408: [[ 0.00401279  0.00841547  0.00842886]
 [ 0.00067343  0.0116837   0.01062116]
 [-0.00131883  0.01143102  0.01441148]] 
Episode: 409: [[ 0.00400312  0.00841872  0.00843272]
 [ 0.00065997  0.01169888  0.01063501]
 [-0.00132802  0.01145181  0.01445756]] 
Episode: 410: [[ 0.00399128  0.00842088  0.00843541]
 [ 0.00064213  0.01171201  0.01064778]
 [-0.00133901  0.01147039  0.01450196]] 
Episode: 411: [[ 0.00398261  0.00842465  0.00843982]
 [ 0.0006309   0.01172719  0.01066215]
 [-0.00134722  0.01149224  0.01454931]] 
Episode: 412: [[ 0.00397236  0.00842781  0.00844356]
 [ 0.00061622  0.01174072  0.01067601]
 [-0.00135698  0.01151279  0.01459577]] 
Episode: 413: [[ 0.00396123  0.00843252  0.00844909]
 [ 0.00060145  0.01175859  0.01069317]
 [-0.00136739  0.01153818  0.01465128]] 
Episode: 414: [[ 0.00395307  0.00843862  0.00845612]
 [ 0.00059437  0.01178249  0.01071325]
 [-0.00137459  0.01157064  0.01471446]] 
Episode: 415: [[ 0.00394783  0.0084459   0.00846425]
 [ 0.00059237  0.01181005  0.01073447]
 [-0.0013798   0.01160554  0.01477914]] 
Episode: 416: [[ 0.00394288  0.00845274  0.00847178]
 [ 0.00059039  0.01183818  0.01075475]
 [-0.00138491  0.01163891  0.01484018]] 
Episode: 417: [[ 0.00393472  0.00845882  0.00847845]
 [ 0.00058252  0.01186532  0.01077469]
 [-0.00139264  0.01167079  0.01490068]] 
Episode: 418: [[ 0.00393199  0.00846893  0.00848917]
 [ 0.00058611  0.01190724  0.01080232]
 [-0.00139685  0.01171752  0.01497783]] 
Episode: 419: [[ 0.00393125  0.00847968  0.00850065]
 [ 0.0005938   0.01194818  0.01082966]
 [-0.001399    0.01176389  0.01505461]] 
Episode: 420: [[ 0.00393091  0.00849003  0.0085117 ]
 [ 0.0006014   0.01198642  0.01085567]
 [-0.00140097  0.01180789  0.01512807]] 
Episode: 421: [[ 0.00393179  0.00850042  0.00852309]
 [ 0.00061096  0.01202487  0.01088097]
 [-0.00140191  0.01185094  0.01519851]] 
Episode: 422: [[ 0.00393169  0.00851     0.00853368]
 [ 0.00061797  0.01205942  0.01090481]
 [-0.00140378  0.01189114  0.01526586]] 
Episode: 423: [[ 0.00393238  0.00851924  0.00854392]
 [ 0.00062577  0.01209343  0.01092764]
 [-0.00140513  0.01192993  0.01532971]] 
Episode: 424: [[ 0.00393417  0.00852885  0.00855451]
 [ 0.00063538  0.01212741  0.01095027]
 [-0.00140563  0.01196825  0.01539258]] 
Episode: 425: [[ 0.00393532  0.00853808  0.00856475]
 [ 0.00064418  0.01215961  0.01097219]
 [-0.00140622  0.01200527  0.01545428]] 
Episode: 426: [[ 0.00393931  0.00854818  0.00857573]
 [ 0.00065835  0.01219479  0.01099491]
 [-0.0014045   0.01204448  0.01551738]] 
Episode: 427: [[ 0.00394281  0.00855828  0.00858667]
 [ 0.00067169  0.01222909  0.0110179 ]
 [-0.00140319  0.01208399  0.01558169]] 
Episode: 428: [[ 0.0039462   0.00856788  0.00859712]
 [ 0.00068414  0.01226328  0.01104048]
 [-0.00140228  0.01212319  0.01564502]] 
Episode: 429: [[ 0.00395058  0.0085778   0.008608  ]
 [ 0.0006979   0.01229505  0.01106229]
 [-0.00140064  0.01216045  0.01570718]] 
Episode: 430: [[ 0.00395195  0.00858702  0.00861827]
 [ 0.00070672  0.01232713  0.01108459]
 [-0.00140129  0.01219819  0.01577092]] 
Episode: 431: [[ 0.00395334  0.00859659  0.00862887]
 [ 0.00071604  0.01235883  0.01110727]
 [-0.00140172  0.01223625  0.01583636]] 
Episode: 432: [[ 0.00395352  0.00860587  0.00863912]
 [ 0.00072325  0.01238979  0.01112938]
 [-0.00140295  0.01227285  0.01589997]] 
Episode: 433: [[ 0.00395979  0.00861732  0.00865155]
 [ 0.0007433   0.01242472  0.01115287]
 [-0.00139836  0.01231363  0.01596574]] 
Episode: 434: [[ 0.00396576  0.00862817  0.00866346]
 [ 0.00076264  0.01245926  0.01117584]
 [-0.00139398  0.01235399  0.01603061]] 
Episode: 435: [[ 0.00397201  0.00863875  0.00867505]
 [ 0.00078191  0.01249251  0.01119762]
 [-0.00138945  0.01239206  0.0160919 ]] 
Episode: 436: [[ 0.00397904  0.00864926  0.00868677]
 [ 0.00080243  0.01252336  0.01121874]
 [-0.00138417  0.01242913  0.01615254]] 
Episode: 437: [[ 0.00398506  0.00865952  0.0086987 ]
 [ 0.00082074  0.01255234  0.01123937]
 [-0.00137985  0.01246455  0.01621332]] 
Episode: 438: [[ 0.00399084  0.00866988  0.00871056]
 [ 0.00083801  0.01257976  0.01126017]
 [-0.00137615  0.01249969  0.0162754 ]] 
Episode: 439: [[ 0.00399766  0.00868048  0.00872254]
 [ 0.00085688  0.01260754  0.01128066]
 [-0.00137171  0.01253437  0.01633499]] 
Episode: 440: [[ 0.00400487  0.00869124  0.00873466]
 [ 0.00087599  0.01263621  0.01130151]
 [-0.00136735  0.01256971  0.01639533]] 
Episode: 441: [[ 0.00400828  0.00870106  0.00874585]
 [ 0.00088836  0.01266465  0.01132282]
 [-0.00136613  0.01260508  0.01645767]] 
Episode: 442: [[ 0.00400972  0.00870974  0.00875557]
 [ 0.00089661  0.0126926   0.01134303]
 [-0.00136656  0.0126382   0.01651711]] 
Episode: 443: [[ 0.00401197  0.0087187   0.00876563]
 [ 0.00090687  0.0127209   0.01136307]
 [-0.00136593  0.0126713   0.01657563]] 
Episode: 444: [[ 0.00401415  0.00872798  0.00877601]
 [ 0.00091711  0.01275026  0.01138404]
 [-0.00136555  0.01270594  0.01663722]] 
Episode: 445: [[ 0.00401265  0.0087358   0.00878468]
 [ 0.00091928  0.01277739  0.01140403]
 [-0.00136882  0.01273775  0.01669662]] 
Episode: 446: [[ 0.00401259  0.00874399  0.00879384]
 [ 0.00092474  0.01280533  0.01142418]
 [-0.00137056  0.01277072  0.01675597]] 
Episode: 447: [[ 0.00400833  0.00875033  0.00880127]
 [ 0.00092041  0.01283014  0.0114429 ]
 [-0.00137678  0.01279966  0.01681192]] 
Episode: 448: [[ 0.00400376  0.00875612  0.00880799]
 [ 0.00091498  0.01285197  0.0114604 ]
 [-0.00138328  0.01282633  0.01686521]] 
Episode: 449: [[ 0.00400091  0.00876238  0.00881506]
 [ 0.0009121   0.01287482  0.01147768]
 [-0.00138865  0.01285272  0.01691721]] 
Episode: 450: [[ 0.00399992  0.00876956  0.00882297]
 [ 0.00091301  0.01290079  0.01149618]
 [-0.00139255  0.01288186  0.01697151]] 
Episode: 451: [[ 0.00399865  0.00877689  0.00883131]
 [ 0.00091467  0.0129263   0.01151516]
 [-0.00139599  0.01291201  0.01702892]] 
Episode: 452: [[ 0.00399573  0.00878397  0.00883974]
 [ 0.00091396  0.01294992  0.01153466]
 [-0.00140048  0.01294276  0.01708936]] 
Episode: 453: [[ 0.00399537  0.00879185  0.00884882]
 [ 0.00091868  0.01297538  0.01155473]
 [-0.00140253  0.01297563  0.0171504 ]] 
Episode: 454: [[ 0.00399506  0.00879927  0.00885734]
 [ 0.00092306  0.01299994  0.01157407]
 [-0.00140461  0.01300755  0.01720923]] 
Episode: 455: [[ 0.00399327  0.00880587  0.00886516]
 [ 0.00092422  0.01302223  0.01159213]
 [-0.00140794  0.01303673  0.01726487]] 
Episode: 456: [[ 0.00399258  0.00881249  0.00887289]
 [ 0.00092743  0.01304579  0.01161076]
 [-0.00141045  0.01306804  0.01732205]] 
Episode: 457: [[ 0.00399382  0.00881965  0.00888107]
 [ 0.0009344   0.01307082  0.01162958]
 [-0.00141127  0.01310044  0.01737854]] 
Episode: 458: [[ 0.00399651  0.00882748  0.00888993]
 [ 0.00094423  0.01309706  0.01164909]
 [-0.00141095  0.01313425  0.01743657]] 
Episode: 459: [[ 0.00400131  0.00883582  0.00889939]
 [ 0.00095764  0.01312193  0.01166818]
 [-0.00140894  0.0131676   0.01749375]] 
Episode: 460: [[ 0.00400355  0.00884331  0.00890821]
 [ 0.00096618  0.01314618  0.01168696]
 [-0.00140908  0.01319984  0.01755041]] 
Episode: 461: [[ 0.00400484  0.00885101  0.00891712]
 [ 0.00097332  0.01317137  0.01170646]
 [-0.00140997  0.0132327   0.01760964]] 
Episode: 462: [[ 0.0040087   0.00885952  0.00892669]
 [ 0.00098572  0.01319846  0.01172653]
 [-0.00140854  0.0132676   0.0176698 ]] 
Episode: 463: [[ 0.00401273  0.00886831  0.00893686]
 [ 0.00099916  0.01322403  0.01174749]
 [-0.00140669  0.01330427  0.01773463]] 
Episode: 464: [[ 0.00401807  0.00887771  0.00894767]
 [ 0.00101538  0.01324981  0.01176846]
 [-0.00140354  0.013341    0.01779907]] 
Episode: 465: [[ 0.00402379  0.00888743  0.00895882]
 [ 0.00103153  0.01327671  0.01178944]
 [-0.00140058  0.01337727  0.01786195]] 
Episode: 466: [[ 0.00402758  0.00889618  0.00896872]
 [ 0.00104305  0.01330185  0.01180897]
 [-0.00139953  0.01341006  0.01792038]] 
Episode: 467: [[ 0.00402863  0.00890316  0.00897668]
 [ 0.00104854  0.01332197  0.01182616]
 [-0.00140074  0.01343806  0.01797413]] 
Episode: 468: [[ 0.00402588  0.00890861  0.00898325]
 [ 0.00104692  0.01333905  0.0118425 ]
 [-0.00140495  0.01346364  0.01802819]] 
Episode: 469: [[ 0.00402482  0.00891494  0.00899074]
 [ 0.00104876  0.01335767  0.01185985]
 [-0.00140779  0.01349146  0.01808427]] 
Episode: 470: [[ 0.00402157  0.00892066  0.00899749]
 [ 0.0010466   0.01337566  0.01187706]
 [-0.00141236  0.01351818  0.01814146]] 
Episode: 471: [[ 0.00402136  0.00892772  0.0090056 ]
 [ 0.00104978  0.01339546  0.01189505]
 [-0.00141478  0.01354653  0.0182001 ]] 
Episode: 472: [[ 0.00402214  0.00893517  0.0090141 ]
 [ 0.00105492  0.01341732  0.01191373]
 [-0.00141647  0.01357658  0.01825973]] 
Episode: 473: [[ 0.00402292  0.00894307  0.00902307]
 [ 0.00105915  0.01344024  0.01193291]
 [-0.00141887  0.0136066   0.01831977]] 
Episode: 474: [[ 0.00402312  0.00895034  0.00903156]
 [ 0.0010634   0.01345985  0.01195068]
 [-0.00142067  0.01363452  0.01837781]] 
Episode: 475: [[ 0.00402285  0.00895746  0.00903991]
 [ 0.00106658  0.01348225  0.01196897]
 [-0.0014231   0.01366356  0.01843583]] 
Episode: 476: [[ 0.00402272  0.00896459  0.00904828]
 [ 0.00106993  0.01350578  0.01198728]
 [-0.00142549  0.0136928   0.01849229]] 
Episode: 477: [[ 0.00402108  0.00897145  0.0090565 ]
 [ 0.00107033  0.01353081  0.01200619]
 [-0.00142936  0.01372264  0.01855026]] 
Episode: 478: [[ 0.00402017  0.00897851  0.00906477]
 [ 0.00107262  0.01355715  0.01202539]
 [-0.00143239  0.01375361  0.01860755]] 
Episode: 479: [[ 0.00401644  0.00898437  0.00907179]
 [ 0.00106909  0.01358219  0.01204397]
 [-0.00143798  0.0137828   0.01866411]] 
Episode: 480: [[ 0.00401143  0.00899016  0.00907871]
 [ 0.00106129  0.01360666  0.01206248]
 [-0.00144581  0.01381007  0.0187203 ]] 
Episode: 481: [[ 0.00400607  0.00899564  0.00908532]
 [ 0.0010528   0.01363012  0.01208037]
 [-0.00145379  0.01383618  0.01877506]] 
Episode: 482: [[ 0.00400376  0.00900232  0.00909329]
 [ 0.00105151  0.01365603  0.01209885]
 [-0.00145842  0.01386463  0.01883084]] 
Episode: 483: [[ 0.00400236  0.00900919  0.00910136]
 [ 0.00105218  0.01368186  0.01211734]
 [-0.00146211  0.01389362  0.01888616]] 
Episode: 484: [[ 0.0039998   0.00901555  0.00910907]
 [ 0.00105071  0.01370595  0.01213531]
 [-0.00146668  0.01392142  0.01894036]] 
Episode: 485: [[ 0.00399631  0.00902208  0.00911693]
 [ 0.0010473   0.01373119  0.01215438]
 [-0.00147242  0.01395049  0.01899788]] 
Episode: 486: [[ 0.00399811  0.00903055  0.00912659]
 [ 0.00105564  0.01375998  0.0121748 ]
 [-0.00147287  0.01398404  0.01905869]] 
Episode: 487: [[ 0.00399922  0.00903913  0.00913641]
 [ 0.00106366  0.01378868  0.01219572]
 [-0.00147341  0.01401836  0.0191212 ]] 
Episode: 488: [[ 0.00400245  0.00904886  0.00914742]
 [ 0.00107603  0.01382386  0.01221911]
 [-0.00147259  0.01405812  0.0191886 ]] 
Episode: 489: [[ 0.00400797  0.00905905  0.00915889]
 [ 0.00109302  0.01386043  0.01224252]
 [-0.00146963  0.01409916  0.01925535]] 
Episode: 490: [[ 0.00401363  0.00906914  0.00917028]
 [ 0.00111098  0.01389647  0.01226556]
 [-0.00146602  0.01413992  0.0193214 ]] 
Episode: 491: [[ 0.00401872  0.00907853  0.00918089]
 [ 0.00112668  0.01393083  0.01228732]
 [-0.00146331  0.01417811  0.01938367]] 
Episode: 492: [[ 0.00402111  0.00908674  0.00919037]
 [ 0.00113652  0.01396048  0.01230773]
 [-0.00146302  0.01421271  0.01944376]] 
Episode: 493: [[ 0.00402358  0.00909506  0.00919985]
 [ 0.00114643  0.01398805  0.01232784]
 [-0.00146263  0.01424634  0.01950399]] 
Episode: 494: [[ 0.00402718  0.00910353  0.00920948]
 [ 0.00115826  0.01401461  0.01234693]
 [-0.00146119  0.01427833  0.01956089]] 
Episode: 495: [[ 0.00402889  0.00911164  0.00921888]
 [ 0.00116519  0.0140417   0.01236657]
 [-0.00146232  0.01431004  0.01961902]] 
Episode: 496: [[ 0.00402893  0.00911935  0.00922794]
 [ 0.00116737  0.01406829  0.01238567]
 [-0.00146571  0.01433904  0.0196762 ]] 
Episode: 497: [[ 0.00402956  0.00912735  0.00923726]
 [ 0.00117152  0.01409531  0.01240512]
 [-0.00146816  0.01436921  0.01973436]] 
Episode: 498: [[ 0.00403093  0.00913511  0.0092463 ]
 [ 0.00117713  0.01412144  0.01242371]
 [-0.00146971  0.01439861  0.0197899 ]] 
Episode: 499: [[ 0.00402908  0.00914127  0.00925378]
 [ 0.00117519  0.01414517  0.0124412 ]
 [-0.00147465  0.01442483  0.01984257]] 
Episode: 500: [[ 0.00402623  0.00914705  0.00926065]
 [ 0.00117134  0.01417053  0.01245927]
 [-0.00148059  0.01445218  0.01989536]] 
