651.440002 584.898865 422.163879 429.992462 201706.734375 
635.765625 297.902527 232.483795 113.085075 185653.500000 
681.778564 388.119568 417.456940 461.550507 235939.453125 
663.981873 672.504761 664.490417 595.157898 177748.796875 
539.501587 275.726837 273.673462 208.412857 140641.921875 
619.654419 421.648926 453.050232 332.049988 213447.015625 
657.783936 401.847900 337.561554 356.950775 157365.359375 
509.446808 399.789764 420.018250 494.775146 187664.156250 
536.940735 265.986084 251.273941 241.161255 240176.234375 
584.253845 401.063629 436.556244 511.862488 129364.671875 
711.822205 1093.369507 1359.348145 1131.983521 144687.390625 
625.083740 399.236359 369.055786 410.392639 218166.671875 
643.801880 255.620987 304.045990 184.477661 173398.515625 
580.050598 402.883301 387.966339 399.261658 206778.265625 
590.287048 321.189575 275.239746 183.638229 249789.234375 
462.950684 235.365646 216.525864 170.701370 202945.140625 
602.213257 323.771179 328.326202 401.638702 236456.906250 
692.877258 433.377014 568.693787 339.973206 200774.328125 
615.474182 418.024841 386.575806 849.408020 177827.328125 
609.797974 737.640442 812.601501 770.663330 211947.250000 
609.972717 423.737946 403.940399 403.010925 178171.968750 
558.549683 280.912750 250.946960 193.358856 169406.031250 
543.643127 328.454010 270.176605 216.851440 237505.656250 
587.914246 388.411285 407.463531 375.835541 226526.531250 
516.349548 307.105957 221.108902 305.203735 190922.562500 
703.601807 419.517883 450.853333 456.933502 251224.031250 
476.051636 406.431366 344.162201 241.254868 177975.531250 
610.194092 327.663055 235.428696 204.102478 158709.718750 
602.168579 408.020294 486.429596 657.919128 168809.406250 
552.818054 276.330322 223.759399 171.663315 173926.500000 
682.236328 305.068481 251.551331 211.987610 235597.578125 
601.719177 378.353119 384.006073 373.808411 167731.625000 
578.893005 333.888824 328.043488 241.222839 223564.500000 
592.546448 978.565552 1030.300415 1176.474731 230284.000000 
434.761658 255.694244 230.537811 217.175873 155131.000000 
690.977905 536.478210 410.259735 380.672424 194914.968750 
607.132202 552.306213 663.929932 867.015320 259998.656250 
640.312256 686.879944 727.831055 448.352081 254586.671875 
650.742676 587.376953 491.678223 575.516174 168085.562500 
539.254822 270.910034 250.369919 210.465256 140708.515625 
604.970093 466.211212 514.347229 1145.193115 223131.484375 
645.210388 310.946075 277.413513 278.585724 194678.234375 
593.395203 344.547577 349.097412 443.230469 192573.062500 
569.833496 308.228790 246.459122 419.237732 155854.406250 
671.508362 350.501282 328.771637 298.814728 180821.234375 
728.129028 1153.484619 719.213440 1838.467407 196730.859375 
564.554077 327.238312 329.917297 308.386261 217507.406250 
598.516541 624.879822 692.638489 667.567688 194477.453125 
539.710266 306.409515 245.417587 327.246796 211303.093750 
505.688751 419.271027 550.667908 695.462036 159469.406250 
767.432373 604.444336 581.269409 511.300018 239743.250000 
531.307190 275.915680 200.441193 225.828339 170450.921875 
495.963867 355.638031 330.957520 273.802368 190083.593750 
655.269470 372.900238 289.952209 207.598511 241722.000000 
576.940613 462.309296 317.491821 316.402649 182012.250000 
842.846008 447.611359 1200.111450 402.028778 234614.203125 
512.289978 346.943420 243.663956 226.255188 208097.125000 
481.799530 271.196991 298.174591 290.360199 189263.843750 
640.635010 419.868622 401.314026 502.417480 165393.750000 
768.529480 574.275085 708.474854 948.693787 229774.406250 
618.602783 365.602234 431.999969 419.979401 159665.625000 
594.905273 337.921204 240.412659 218.323303 268359.281250 
554.645569 366.525208 276.427917 335.989960 237944.328125 
676.461487 551.725708 615.169006 481.452759 186603.140625 
632.675964 301.900635 238.670990 230.487518 275352.000000 
537.165039 288.646667 245.658188 169.853500 199966.968750 
717.906189 414.619568 394.061584 245.761459 213974.265625 
601.827515 328.093506 258.767212 297.675049 150701.531250 
587.549133 380.511078 264.228607 286.141724 215323.421875 
589.528442 287.009247 217.896606 224.725906 182822.375000 
746.536438 617.491455 660.433167 639.455078 185736.218750 
591.697388 418.353119 468.418030 467.456940 201139.984375 
573.938049 320.098694 335.344177 441.555176 186459.156250 
617.181702 491.561249 518.502563 395.368774 309127.593750 
613.411743 390.996063 465.738953 347.458893 249287.921875 
668.833923 338.003601 311.755890 327.914642 180392.625000 
560.762756 288.033966 227.542206 140.031921 206173.953125 
517.174622 303.544250 261.389771 256.434082 127624.054688 
672.330017 498.184601 325.876495 348.510010 227494.421875 
742.439331 370.216858 315.848785 236.515182 245501.109375 
498.157440 288.718750 271.508972 218.937347 214621.171875 
686.243835 638.152771 1104.382935 1302.641479 147700.937500 
507.574707 322.590759 224.697464 224.352936 222074.140625 
645.281616 336.130005 281.857513 228.653442 206594.156250 
576.329468 443.089447 441.940186 339.185822 177551.000000 
658.024353 729.554932 751.488770 1015.956909 167735.937500 
663.664307 494.501526 790.691956 1250.138672 528372.937500 
588.762451 378.206085 462.630554 406.304779 225193.140625 
548.625977 323.581635 248.678802 173.004562 160799.390625 
585.503784 300.343903 274.385284 294.825226 233373.796875 
504.752075 290.048523 235.585587 239.662949 198268.875000 
572.351013 354.610046 376.972260 233.800171 216142.328125 
650.767334 355.858704 308.415894 197.099457 242804.062500 
534.739258 269.802704 253.433197 185.254852 297895.562500 
552.278625 324.834961 291.513519 190.019226 173376.546875 
531.177979 301.591309 190.767380 128.100555 295893.093750 
679.497620 345.434296 324.867615 290.308533 236065.296875 
561.074707 369.316223 339.373901 281.934540 218750.203125 
504.616333 384.012970 368.385040 330.859741 211552.750000 
504.912354 475.013306 424.118805 391.208221 170628.140625 
