Episode: 1: [[0. 0. 0.]
 [0. 0. 0.]
 [0. 0. 0.]] 
Episode: 2: [[0.003      0.00299999 0.00299999]
 [0.003      0.00299844 0.00299855]
 [0.003      0.00299896 0.00299951]] 
Episode: 3: [[0.00525493 0.00524196 0.00524596]
 [0.00525381 0.0052325  0.0052344 ]
 [0.00538394 0.00523556 0.00524753]] 
Episode: 4: [[0.00444463 0.00569649 0.00489917]
 [0.00544336 0.0073386  0.0070249 ]
 [0.00375023 0.0041928  0.0038686 ]] 
Episode: 5: [[0.00384015 0.00631998 0.00469579]
 [0.00577008 0.00963986 0.00891797]
 [0.00245268 0.00350203 0.00271258]] 
Episode: 6: [[0.00333978 0.00686973 0.00459046]
 [0.00610046 0.01151335 0.01046512]
 [0.00145651 0.00300466 0.00180961]] 
Episode: 7: [[0.00308197 0.00761402 0.00468157]
 [0.00667235 0.01329666 0.01206651]
 [0.00067565 0.00274414 0.0011293 ]] 
Episode: 8: [[ 2.83511449e-03  8.22172035e-03  4.79432661e-03]
 [ 7.35034188e-03  1.47214979e-02  1.34704355e-02]
 [-2.03073723e-05  2.43680133e-03  5.47084783e-04]] 
Episode: 9: [[ 0.00250441  0.00918278  0.0051794 ]
 [ 0.00880957  0.01666714  0.01539878]
 [-0.00060898  0.00265168  0.00036155]] 
Episode: 10: [[ 0.00223995  0.01014219  0.00562153]
 [ 0.01024346  0.01850792  0.01719253]
 [-0.0010687   0.0029667   0.0002452 ]] 
Episode: 11: [[ 0.00259266  0.01178089  0.00657449]
 [ 0.0121269   0.02067131  0.01933507]
 [-0.00140081  0.00378383  0.00044447]] 
Episode: 12: [[ 0.00378333  0.01373231  0.00821053]
 [ 0.01425669  0.02269401  0.02150559]
 [-0.00103921  0.00540504  0.00146391]] 
Episode: 13: [[ 0.0051591   0.01582638  0.0099609 ]
 [ 0.0164859   0.02481046  0.02373729]
 [-0.00076718  0.00684934  0.00241156]] 
Episode: 14: [[ 0.0064351   0.01776129  0.01156425]
 [ 0.01855591  0.02678043  0.0257944 ]
 [-0.00077353  0.00780807  0.00329898]] 
Episode: 15: [[ 0.00792207  0.0198784   0.01327339]
 [ 0.02082084  0.02890036  0.02789343]
 [-0.00028075  0.00934345  0.00443174]] 
Episode: 16: [[ 0.00801948  0.02020511  0.01433507]
 [ 0.02171012  0.02917834  0.02878655]
 [-0.00045911  0.00993935  0.00576698]] 
Episode: 17: [[ 0.00770858  0.02007746  0.01486526]
 [ 0.02258709  0.02978875  0.02998649]
 [-0.00171207  0.00870852  0.00492678]] 
Episode: 18: [[ 0.00621647  0.0185958   0.01341177]
 [ 0.021137    0.02832933  0.02854208]
 [-0.0032424   0.00718612  0.00341029]] 
Episode: 19: [[ 0.00485621  0.01724683  0.01209576]
 [ 0.01981596  0.02699625  0.0272282 ]
 [-0.00464199  0.00579726  0.00203489]] 
Episode: 20: [[ 0.00362429  0.01602422  0.0109037 ]
 [ 0.01861786  0.02578746  0.02603681]
 [-0.00590327  0.00454173  0.00078163]] 
Episode: 21: [[ 0.00252958  0.01492899  0.00983199]
 [ 0.01754826  0.02469902  0.02495772]
 [-0.00704003  0.003407   -0.00035465]] 
Episode: 22: [[ 0.00155269  0.01394563  0.0088638 ]
 [ 0.01658941  0.02371997  0.02398198]
 [-0.00806865  0.00237823 -0.00139004]] 
Episode: 23: [[ 0.00068743  0.01306739  0.00799708]
 [ 0.0157356   0.02284119  0.02309966]
 [-0.00899805  0.00144735 -0.00232717]] 
Episode: 24: [[-9.1867347e-05  1.2272533e-02  7.2096405e-03]
 [ 1.4965010e-02  2.2044498e-02  2.2297241e-02]
 [-9.8431641e-03  6.0057041e-04 -3.1791741e-03]] 
Episode: 25: [[-0.00077651  0.01156299  0.00649138]
 [ 0.01428127  0.02132922  0.02156605]
 [-0.01060251 -0.00016425 -0.00395872]] 
Episode: 26: [[-0.00138075  0.01092775  0.0058357 ]
 [ 0.01367149  0.02068535  0.02090066]
 [-0.01128885 -0.00085767 -0.00467115]] 
Episode: 27: [[-0.00191693  0.01035664  0.00523687]
 [ 0.01312522  0.02010327  0.02029375]
 [-0.0119107  -0.00148762 -0.00532274]] 
Episode: 28: [[-0.00239061  0.00984375  0.00468531]
 [ 0.01263618  0.01957751  0.019739  ]
 [-0.01247335 -0.00205986 -0.00592113]] 
Episode: 29: [[-0.00281436  0.00938115  0.00418708]
 [ 0.01219584  0.0191011   0.01923439]
 [-0.0129846  -0.00258057 -0.0064674 ]] 
Episode: 30: [[-0.00318098  0.00897065  0.00373336]
 [ 0.01180704  0.01867375  0.01877323]
 [-0.01344429 -0.00305185 -0.00696672]] 
Episode: 31: [[-0.00338885  0.00868248  0.00337056]
 [ 0.0115373   0.01834056  0.01837496]
 [-0.01386891 -0.00348246 -0.00741252]] 
Episode: 32: [[-0.00355686  0.00843245  0.00304102]
 [ 0.01130296  0.01804295  0.01801111]
 [-0.01425016 -0.0038724  -0.00782296]] 
Episode: 33: [[-0.00369135  0.00821503  0.00273842]
 [ 0.01109887  0.01777707  0.01767833]
 [-0.01459377 -0.00422561 -0.00819799]] 
Episode: 34: [[-0.00379768  0.00802445  0.00245325]
 [ 0.01092006  0.01753791  0.01737096]
 [-0.01490435 -0.00454636 -0.00854289]] 
Episode: 35: [[-0.00387709  0.00785939  0.0021857 ]
 [ 0.0107647   0.01732383  0.017088  ]
 [-0.01518458 -0.00483729 -0.00886009]] 
Episode: 36: [[-0.00393909  0.00771329  0.00193791]
 [ 0.01062806  0.01713082  0.01682912]
 [-0.01543684 -0.00510088 -0.00915222]] 
Episode: 37: [[-0.00397157  0.00759195  0.001698  ]
 [ 0.01051405  0.01695967  0.01658711]
 [-0.01565803 -0.00533763 -0.0094326 ]] 
Episode: 38: [[-0.00398741  0.00748834  0.0014739 ]
 [ 0.01041604  0.01680651  0.01636378]
 [-0.01585646 -0.00555212 -0.0096933 ]] 
Episode: 39: [[-0.00398585  0.0074012   0.00126082]
 [ 0.01033363  0.0166693   0.01615594]
 [-0.01603339 -0.005746   -0.00993515]] 
Episode: 40: [[-0.00396775  0.00732842  0.00105121]
 [ 0.01026422  0.01654642  0.01596222]
 [-0.01619613 -0.00592328 -0.01015307]] 
Episode: 41: [[-0.00406866  0.00719833  0.00088374]
 [ 0.01015916  0.01641429  0.01580022]
 [-0.01632508 -0.00607209 -0.01034398]] 
Episode: 42: [[-0.00415061  0.00708361  0.00072419]
 [ 0.01006674  0.01629546  0.01565182]
 [-0.01644256 -0.00620697 -0.01051538]] 
Episode: 43: [[-0.00424826  0.00696827  0.00058825]
 [ 0.00997894  0.01618752  0.01552376]
 [-0.01652992 -0.00631718 -0.01067963]] 
Episode: 44: [[-0.00433126  0.00686551  0.00045918]
 [ 0.00990148  0.01609023  0.01540659]
 [-0.01660938 -0.0064165  -0.01082285]] 
Episode: 45: [[-0.00439878  0.00677476  0.0003351 ]
 [ 0.00983389  0.01600295  0.01529753]
 [-0.01668136 -0.00650672 -0.01095391]] 
Episode: 46: [[-0.00444451  0.00670004  0.00021333]
 [ 0.00977779  0.01592553  0.01519428]
 [-0.01674422 -0.00658782 -0.0110775 ]] 
Episode: 47: [[-4.4661365e-03  6.6405851e-03  8.6493528e-05]
 [ 9.7330799e-03  1.5857840e-02  1.5096101e-02]
 [-1.6800201e-02 -6.6611837e-03 -1.1193131e-02]] 
Episode: 48: [[-4.4793426e-03  6.5901405e-03 -2.5333204e-05]
 [ 9.6956166e-03  1.5797423e-02  1.5005902e-02]
 [-1.6845154e-02 -6.7257495e-03 -1.1306568e-02]] 
Episode: 49: [[-0.00447908  0.00654991 -0.00013417]
 [ 0.00966636  0.01574492  0.01492215]
 [-0.01688383 -0.00678257 -0.01140727]] 
Episode: 50: [[-0.00445797  0.00652305 -0.00024772]
 [ 0.00964615  0.01569971  0.01484124]
 [-0.0169174  -0.006834   -0.01150498]] 
Episode: 51: [[-0.00442013  0.0065053  -0.00037274]
 [ 0.00963278  0.01565941  0.01476141]
 [-0.01694818 -0.00688099 -0.01159215]] 
Episode: 52: [[-0.00436697  0.00649705 -0.00049925]
 [ 0.00962577  0.01562408  0.01468557]
 [-0.01697508 -0.00692387 -0.01167699]] 
Episode: 53: [[-0.00430613  0.00649533 -0.000623  ]
 [ 0.00962294  0.01559309  0.0146134 ]
 [-0.01699981 -0.00696292 -0.0117524 ]] 
Episode: 54: [[-0.00422122  0.00650751 -0.00075604]
 [ 0.00962912  0.01556782  0.01454057]
 [-0.01702036 -0.00699821 -0.01182537]] 
Episode: 55: [[-0.00412547  0.00652691 -0.00089376]
 [ 0.00964092  0.01554744  0.01446872]
 [-0.01703798 -0.00702975 -0.01189164]] 
Episode: 56: [[-0.00401346  0.00655553 -0.00103584]
 [ 0.00965901  0.01553117  0.01439724]
 [-0.01705171 -0.00705799 -0.01195843]] 
Episode: 57: [[-0.00390171  0.00658579 -0.00117385]
 [ 0.00967821  0.0155179   0.01433081]
 [-0.01706357 -0.00708342 -0.01202178]] 
Episode: 58: [[-0.00382452  0.00660729 -0.00126975]
 [ 0.00968667  0.01550218  0.01427498]
 [-0.01705323 -0.00709384 -0.01209036]] 
Episode: 59: [[-0.00373923  0.00663319 -0.00136707]
 [ 0.00969905  0.01548915  0.01422125]
 [-0.01704272 -0.00710306 -0.0121542 ]] 
Episode: 60: [[-0.00364028  0.00666753 -0.00146873]
 [ 0.00971738  0.01548039  0.01416758]
 [-0.01703274 -0.00711167 -0.01221547]] 
Episode: 61: [[-0.00352791  0.00670857 -0.00158068]
 [ 0.00974312  0.01547409  0.01410772]
 [-0.01701856 -0.00711818 -0.01228304]] 
Episode: 62: [[-0.00340298  0.00675614 -0.00169937]
 [ 0.00977376  0.01547095  0.01404734]
 [-0.01700438 -0.00712451 -0.01235253]] 
Episode: 63: [[-0.0032731   0.0068071  -0.00182021]
 [ 0.00980756  0.01547005  0.01398626]
 [-0.01698814 -0.00712931 -0.01242183]] 
Episode: 64: [[-0.00313964  0.00685998 -0.00194184]
 [ 0.00984245  0.0154712   0.0139288 ]
 [-0.01697495 -0.00713444 -0.01248423]] 
Episode: 65: [[-0.00299947  0.00691642 -0.00206563]
 [ 0.00987992  0.01547545  0.01387367]
 [-0.01696232 -0.00713905 -0.01254488]] 
Episode: 66: [[-0.00286074  0.00697323 -0.00218211]
 [ 0.00991823  0.01548114  0.01382084]
 [-0.01695021 -0.00714334 -0.01260182]] 
Episode: 67: [[-0.00272983  0.00702934 -0.00228319]
 [ 0.00995867  0.01548914  0.0137705 ]
 [-0.01692641 -0.00713927 -0.01265319]] 
Episode: 68: [[-0.00259788  0.00708584 -0.00238801]
 [ 0.00999885  0.01549826  0.01372269]
 [-0.01690604 -0.00713605 -0.01269906]] 
Episode: 69: [[-0.00245752  0.00714614 -0.00249862]
 [ 0.01004136  0.01550871  0.01367544]
 [-0.01688659 -0.00713327 -0.01274642]] 
Episode: 70: [[-0.00231124  0.0072095  -0.0026199 ]
 [ 0.01008811  0.01552215  0.01362641]
 [-0.01686592 -0.00712854 -0.01279206]] 
Episode: 71: [[-0.00217735  0.00726722 -0.00272821]
 [ 0.01013174  0.01553422  0.01358142]
 [-0.01684856 -0.00712457 -0.01282621]] 
Episode: 72: [[-0.00203701  0.00732667 -0.00284486]
 [ 0.01017737  0.0155467   0.01353547]
 [-0.01683402 -0.00712165 -0.01285582]] 
Episode: 73: [[-0.00190282  0.00738467 -0.0029524 ]
 [ 0.0102231   0.01556022  0.01349159]
 [-0.01682009 -0.00711863 -0.01288323]] 
Episode: 74: [[-0.00176469  0.00744419 -0.00306448]
 [ 0.01027     0.01557426  0.01344714]
 [-0.01680747 -0.00711628 -0.0129093 ]] 
Episode: 75: [[-0.00162219  0.00750558 -0.00318001]
 [ 0.01031758  0.01558899  0.01340275]
 [-0.01679564 -0.0071146  -0.01293695]] 
Episode: 76: [[-0.001496    0.00755994 -0.00326264]
 [ 0.01036139  0.01560067  0.01336893]
 [-0.01677853 -0.00711013 -0.01296353]] 
Episode: 77: [[-0.00136972  0.00761405 -0.0033501 ]
 [ 0.01040508  0.01561262  0.01333452]
 [-0.01676213 -0.00710592 -0.0129907 ]] 
Episode: 78: [[-0.00124184  0.00766666 -0.00345213]
 [ 0.01044858  0.01562432  0.01329986]
 [-0.01674613 -0.00710164 -0.01302243]] 
Episode: 79: [[-0.00111222  0.00772032 -0.00355746]
 [ 0.01049244  0.01563697  0.01326559]
 [-0.01673264 -0.00709815 -0.01305102]] 
Episode: 80: [[-0.00097416  0.00777777 -0.00367027]
 [ 0.01054119  0.0156506   0.01322476]
 [-0.01671498 -0.00709262 -0.01308468]] 
