666.881531 377.845612 268.962189 200.727310 110802.921875 
640.286499 363.535492 299.280273 283.884583 92602.773438 
643.103333 375.582001 219.446625 161.510483 135718.390625 
535.911865 326.085388 261.334137 207.667755 114204.312500 
537.791809 350.583710 252.194733 220.724960 78011.093750 
746.859558 459.444000 271.584290 195.281464 120201.617188 
638.916260 374.196167 259.616699 212.478439 96281.500000 
507.824066 299.689453 210.199310 162.676132 92276.726562 
642.143921 329.928375 231.929184 183.666611 126103.710938 
563.368835 321.189148 248.715408 316.046143 97352.781250 
609.603027 383.799713 257.497070 235.496964 94942.578125 
680.066101 329.846344 253.203079 176.297791 98669.281250 
729.330017 366.661713 257.734436 300.893738 95536.835938 
627.975647 394.296600 247.591812 190.238098 124430.734375 
691.913635 426.423187 342.399414 347.006439 134688.031250 
487.322327 259.435883 195.192322 178.877686 118744.976562 
735.026062 405.643402 375.156891 928.399597 150849.593750 
587.000610 387.587891 360.619507 233.061172 91083.585938 
676.567566 401.087616 269.747894 247.489471 90635.210938 
623.731567 365.591644 279.477753 325.590027 163562.046875 
756.105469 473.398102 290.857941 248.375717 111670.882812 
698.243286 358.390625 238.514526 184.255188 99679.062500 
717.897400 407.472076 308.918518 202.078262 159940.578125 
660.171082 449.110718 335.809296 212.928162 120800.835938 
635.781982 373.072998 272.392212 298.906219 108727.273438 
663.980591 405.920349 272.513367 208.574783 134558.375000 
539.900818 359.643158 244.596130 203.365829 81235.695312 
586.018677 334.689301 200.043777 153.872665 75253.187500 
610.303955 361.704407 252.567001 265.099487 106262.195312 
537.863953 282.636414 215.212906 116.813065 88494.335938 
683.862671 387.739899 353.207855 413.703888 131708.937500 
750.377808 395.004639 657.544922 2295.840820 183052.000000 
613.929443 401.464355 276.079254 283.575653 131256.875000 
589.616272 319.165161 300.441833 334.706879 115212.992188 
560.046875 333.126129 231.083969 189.519470 118879.414062 
665.791321 433.511292 318.054047 216.226639 99924.132812 
570.278015 422.317841 323.947052 293.374481 158709.250000 
598.802917 295.214996 221.154358 185.886292 113446.914062 
567.170166 333.655365 229.022797 202.488754 80351.156250 
608.326538 320.193695 229.728653 165.633713 84160.757812 
617.094116 302.306000 204.692657 129.114212 108022.171875 
632.221680 346.941559 290.469208 229.495758 107161.125000 
753.012329 495.898224 320.913086 225.143448 119654.367188 
822.216736 442.258698 311.311859 220.241287 110257.804688 
774.978088 350.831757 251.660843 183.990479 106466.046875 
652.896729 494.005066 476.989014 521.816101 157178.906250 
607.988159 336.772552 331.266632 400.094147 114544.937500 
594.866089 354.026276 354.903839 299.973145 118964.765625 
577.589966 384.574646 288.920959 265.717224 146628.140625 
531.200623 333.976654 263.440796 280.573120 83725.601562 
