86.315598 61.621399 68.040390 50.885078 40.090714 0.027976 
87.053970 72.293381 70.083588 62.873806 50.068115 0.019782 
88.255638 77.846771 69.744530 62.930244 52.768959 0.027976 
92.589165 75.326889 74.390480 68.060143 47.390724 0.000000 
90.990685 81.993080 75.101463 61.818832 48.175758 0.000000 
92.049873 66.418373 74.111679 65.107918 41.624096 0.019782 
93.203865 70.156151 79.348686 59.892410 45.166637 0.000000 
90.834656 66.593185 65.735825 56.754112 51.127068 0.000000 
91.801102 64.079681 62.402039 62.269135 45.039417 0.000000 
95.624344 77.737823 66.647705 68.150421 50.259384 0.000000 
88.611816 61.845249 68.633720 58.918247 60.697727 0.027976 
91.339752 75.017448 67.839851 69.201096 42.232769 0.019782 
87.382629 58.034294 60.340034 57.871765 43.004372 0.000000 
92.658394 55.581787 68.134583 70.917496 55.677368 0.027976 
85.916702 65.047455 70.103012 62.437187 43.471001 0.000000 
88.260818 73.953461 84.496445 78.939499 74.328400 0.000000 
87.450821 64.893066 79.201561 73.131424 58.076714 0.000000 
89.804657 61.167038 65.142059 51.891926 52.831436 0.027976 
88.515709 72.805252 78.700836 65.688797 48.014065 0.000000 
87.643082 70.072052 88.689606 70.977371 55.638885 0.000000 
89.204369 75.556114 79.193039 65.307922 57.294273 0.027976 
84.598572 82.903442 80.604187 77.661758 50.590355 0.000000 
85.937263 67.602547 56.938980 62.603764 37.722900 0.000000 
88.222580 67.996803 66.557007 68.189850 42.790199 0.000000 
86.911011 75.420013 62.235691 67.919479 57.703926 0.000000 
96.980225 82.972282 74.778206 72.161308 49.011658 0.000000 
93.079582 56.092529 57.471844 65.697876 47.602768 0.019782 
88.341187 72.491310 71.488266 72.538017 40.623486 0.027976 
83.109749 71.860718 57.064480 56.718449 39.532005 0.000000 
85.907356 79.337959 59.506943 49.714798 45.042362 0.019782 
93.678925 73.487076 68.364891 68.510941 50.484486 0.000000 
92.197357 61.724586 62.759808 57.545124 40.437279 0.027976 
87.820312 71.477272 66.953957 67.757561 41.154724 0.027976 
83.504158 70.446259 84.525803 57.432804 40.468391 0.019782 
89.419090 80.752808 69.024536 58.839909 45.565552 0.019782 
93.861908 63.401146 56.855686 55.481556 50.764904 0.000000 
87.287476 66.045113 65.923401 64.049690 57.913799 0.019782 
93.622330 84.886314 76.365486 74.214645 53.370789 0.000000 
93.779770 86.523216 78.616814 68.580765 46.171787 0.000000 
86.423096 82.027527 89.007790 70.186310 45.237461 0.000000 
87.963623 68.440491 67.066132 56.403751 41.772854 0.000000 
90.169090 79.709015 71.999062 62.606140 53.523403 0.000000 
85.628220 87.855011 85.289864 81.306236 50.101734 0.000000 
87.012703 83.097153 79.993591 73.317184 50.205933 0.034264 
93.325645 66.143707 60.021061 63.351906 53.591515 0.027976 
95.398033 74.046555 76.196037 64.795967 52.376846 0.000000 
87.004074 76.038254 76.547913 67.395859 49.434563 0.039565 
83.654541 72.719749 60.497074 48.344143 49.486923 0.019782 
87.826309 83.529732 68.488945 73.604668 61.830284 0.000000 
90.887047 63.501930 68.470291 59.925282 53.026455 0.000000 
