Episode: 1: [[0. 0. 0.]
 [0. 0. 0.]
 [0. 0. 0.]] 
Episode: 2: [[0.00038746 0.00019515 0.00038769]
 [0.00038746 0.00019515 0.00038871]
 [0.00039232 0.0002498  0.00039687]] 
Episode: 3: [[ 7.7323837e-04  4.6261307e-04  7.7619927e-04]
 [ 7.7318511e-04  4.6260879e-04  5.9865712e-04]
 [ 1.5015795e-04 -2.2326984e-05  1.2299149e-04]] 
Episode: 4: [[ 1.1462410e-03  7.5683341e-04  1.1494535e-03]
 [ 1.1472007e-03  7.5704476e-04  8.9624117e-04]
 [-4.6191642e-05 -2.6063726e-04 -1.4425728e-04]] 
Episode: 5: [[ 1.5283949e-03  1.0806710e-03  1.5316023e-03]
 [ 1.5300037e-03  1.0811059e-03  1.2302062e-03]
 [-4.7334150e-05 -1.9903165e-04 -2.8286228e-04]] 
Episode: 6: [[ 1.9159425e-03  1.4184245e-03  1.9196428e-03]
 [ 1.9181693e-03  1.4193467e-03  1.5835513e-03]
 [ 9.6800373e-05  9.2637320e-06 -2.9022855e-04]] 
Episode: 7: [[ 0.00230775  0.00176633  0.0023113 ]
 [ 0.00231043  0.00176742  0.0019357 ]
 [ 0.00033895  0.00026371 -0.00011591]] 
Episode: 8: [[2.7025202e-03 2.1212026e-03 2.7068548e-03]
 [2.7057249e-03 2.1224925e-03 2.3030867e-03]
 [6.1309797e-04 5.5233599e-04 9.0549671e-05]] 
Episode: 9: [[0.00310068 0.00248345 0.00310631]
 [0.00310427 0.00248487 0.00268165]
 [0.0008996  0.00085655 0.00030001]] 
Episode: 10: [[0.00350281 0.00285379 0.00350962]
 [0.00350666 0.00285506 0.00306988]
 [0.00120799 0.00118578 0.00053068]] 
Episode: 11: [[0.00390929 0.003232   0.00391739]
 [0.00391324 0.00323292 0.00346423]
 [0.00149179 0.00148347 0.00070071]] 
Episode: 12: [[0.00432046 0.00361788 0.00432941]
 [0.00432425 0.00361815 0.00386636]
 [0.00178281 0.00179383 0.00085767]] 
Episode: 13: [[0.00473611 0.00401055 0.00474518]
 [0.00473965 0.00401008 0.00427483]
 [0.00209895 0.00213193 0.00103898]] 
Episode: 14: [[0.00515645 0.00441007 0.00516558]
 [0.00515974 0.004409   0.00469008]
 [0.00241197 0.00246725 0.00117641]] 
Episode: 15: [[0.00558211 0.0048173  0.00559111]
 [0.00558504 0.00481542 0.00511162]
 [0.00271195 0.00278374 0.00124547]] 
Episode: 16: [[0.00600547 0.00521842 0.00601001]
 [0.00600625 0.0052149  0.00552483]
 [0.00304556 0.00311853 0.00137374]] 
Episode: 17: [[0.00643587 0.00563085 0.00643666]
 [0.00643489 0.00562602 0.00594468]
 [0.00335567 0.00341902 0.0014051 ]] 
Episode: 18: [[0.00687305 0.00605342 0.00687084]
 [0.00687064 0.0060475  0.00637338]
 [0.00369069 0.00375176 0.00145715]] 
Episode: 19: [[0.00731682 0.00648523 0.00731225]
 [0.0073133  0.00647838 0.00680988]
 [0.00405397 0.0041108  0.00158618]] 
Episode: 20: [[0.00776711 0.00692557 0.00776061]
 [0.0077627  0.0069179  0.00725413]
 [0.00443945 0.00449364 0.00176329]] 
Episode: 21: [[0.00822376 0.00737404 0.00821579]
 [0.00821868 0.00736564 0.00770595]
 [0.0048418  0.00489571 0.00196601]] 
Episode: 22: [[0.00868648 0.00783038 0.00867762]
 [0.00868098 0.00782136 0.00816505]
 [0.00525729 0.00531316 0.00218238]] 
Episode: 23: [[0.00915533 0.00829426 0.00914605]
 [0.00914963 0.00828469 0.00863124]
 [0.00568454 0.00574411 0.00240535]] 
Episode: 24: [[0.00963047 0.00876541 0.00962103]
 [0.00962471 0.00875534 0.00910439]
 [0.00612483 0.00618859 0.00265151]] 
Episode: 25: [[0.01011171 0.00924373 0.01010254]
 [0.01010607 0.00923321 0.00958428]
 [0.0065782  0.00664405 0.00294724]] 
Episode: 26: [[0.01059846 0.00972535 0.01058639]
 [0.0105922  0.00971326 0.01006922]
 [0.00703245 0.00709793 0.00307665]] 
Episode: 27: [[0.01109127 0.01021444 0.01107724]
 [0.01108456 0.01020108 0.01056115]
 [0.00749888 0.00756465 0.00324376]] 
Episode: 28: [[0.01158987 0.01071071 0.011575  ]
 [0.01158301 0.01069639 0.01105999]
 [0.00797674 0.00804049 0.00348439]] 
Episode: 29: [[0.01209409 0.01121392 0.01207942]
 [0.01208741 0.01119892 0.0115654 ]
 [0.00846303 0.00852627 0.00373685]] 
Episode: 30: [[0.0126041  0.01172396 0.01259053]
 [0.01259784 0.01170851 0.0120776 ]
 [0.00895964 0.00902208 0.00404146]] 
Episode: 31: [[0.01311981 0.01224063 0.01310829]
 [0.01311417 0.01222499 0.01259652]
 [0.00946578 0.00952748 0.00438941]] 
Episode: 32: [[0.01364145 0.01276404 0.01363275]
 [0.01363668 0.01274838 0.01312212]
 [0.00998096 0.01004159 0.00477769]] 
Episode: 33: [[0.01416908 0.01329412 0.01416399]
 [0.0141654  0.01327861 0.01365431]
 [0.01050428 0.01056246 0.00520069]] 
Episode: 34: [[0.0147026  0.01383071 0.0147017 ]
 [0.01470017 0.01381548 0.01419279]
 [0.01103343 0.01109033 0.00562863]] 
Episode: 35: [[0.0152418  0.01437359 0.01524576]
 [0.01524082 0.01435881 0.0147376 ]
 [0.01156929 0.01162594 0.00607107]] 
Episode: 36: [[0.01578614 0.01491811 0.01579244]
 [0.01578555 0.01490422 0.01528457]
 [0.0121114  0.01216639 0.00653928]] 
Episode: 37: [[0.01633484 0.01546823 0.01634501]
 [0.01633492 0.01545552 0.01583732]
 [0.01265721 0.01271171 0.00700522]] 
Episode: 38: [[0.01688821 0.01602419 0.01690414]
 [0.01688936 0.01601304 0.01639712]
 [0.0132113  0.01326585 0.00749565]] 
Episode: 39: [[0.01744615 0.01658586 0.01746933]
 [0.0174488  0.01657655 0.01696311]
 [0.01377092 0.01382657 0.00799673]] 
Episode: 40: [[0.01800886 0.01715324 0.01804019]
 [0.01801329 0.017146   0.01753388]
 [0.01432922 0.01438599 0.00844551]] 
Episode: 41: [[0.01858063 0.01772777 0.01861588]
 [0.01858617 0.01772151 0.01810893]
 [0.01489649 0.0149528  0.00892428]] 
Episode: 42: [[0.01915514 0.01830614 0.01919627]
 [0.01916217 0.01830137 0.01868899]
 [0.01546757 0.0155247  0.00940925]] 
Episode: 43: [[0.01973288 0.01888877 0.01978107]
 [0.01974175 0.01888588 0.01927266]
 [0.01603627 0.01609424 0.00983493]] 
Episode: 44: [[0.02031518 0.01947678 0.02037274]
 [0.02032622 0.01947615 0.01986447]
 [0.0166163  0.01667475 0.0102997 ]] 
Episode: 45: [[0.02090268 0.02007071 0.02097104]
 [0.02091612 0.02007252 0.02046349]
 [0.01720523 0.017265   0.01079545]] 
Episode: 46: [[0.02149466 0.02066977 0.02157524]
 [0.02151077 0.02067429 0.02106896]
 [0.01780164 0.01786365 0.0113155 ]] 
Episode: 47: [[0.02209175 0.02127452 0.02218544]
 [0.02211071 0.0212819  0.02168042]
 [0.01840343 0.01846846 0.01184472]] 
Episode: 48: [[0.02269306 0.02188409 0.0228006 ]
 [0.02271513 0.02189455 0.02229648]
 [0.01900716 0.01907571 0.01236054]] 
Episode: 49: [[0.02329983 0.02249958 0.02342179]
 [0.02332518 0.0225132  0.02291836]
 [0.01961546 0.01968809 0.01287407]] 
Episode: 50: [[0.02391152 0.02312045 0.02404907]
 [0.02394041 0.02313745 0.02354691]
 [0.02023198 0.02030925 0.01341432]] 
Episode: 51: [[0.0245278  0.02374644 0.02468208]
 [0.0245606  0.02376709 0.02418158]
 [0.0208554  0.02093786 0.01397414]] 
Episode: 52: [[0.02514891 0.02437775 0.02532068]
 [0.02518593 0.02440219 0.02482197]
 [0.02148455 0.02157268 0.01454602]] 
Episode: 53: [[0.02577487 0.02501432 0.02596486]
 [0.0258164  0.02504272 0.02546801]
 [0.0221192  0.0222134  0.01512782]] 
Episode: 54: [[0.02640575 0.02565637 0.02661553]
 [0.0264523  0.02568898 0.02612121]
 [0.02276321 0.02286302 0.01572692]] 
Episode: 55: [[0.02704754 0.02630796 0.02727387]
 [0.02709854 0.02634418 0.02678099]
 [0.02341629 0.02351963 0.0163431 ]] 
Episode: 56: [[0.02769242 0.02696318 0.02793649]
 [0.02774824 0.02700314 0.02744558]
 [0.02407471 0.02418221 0.0169736 ]] 
Episode: 57: [[0.02834072 0.0276223  0.02860363]
 [0.02840169 0.02766614 0.02811513]
 [0.02473841 0.02485059 0.01761666]] 
Episode: 58: [[0.02899858 0.0282907  0.02927867]
 [0.02906503 0.02833802 0.02879177]
 [0.02541088 0.02552643 0.01827238]] 
Episode: 59: [[0.02965861 0.02896158 0.02995566]
 [0.02973055 0.02901237 0.02946973]
 [0.0260818  0.02620092 0.01891337]] 
Episode: 60: [[0.0303218  0.02963582 0.0306359 ]
 [0.03039915 0.02969003 0.03015072]
 [0.02675412 0.02687728 0.01955155]] 
Episode: 61: [[0.03099593 0.03031669 0.03131984]
 [0.03107654 0.03037281 0.03083461]
 [0.02743361 0.02755837 0.02020518]] 
Episode: 62: [[0.03166977 0.03099771 0.03200442]
 [0.03175361 0.03105593 0.03151934]
 [0.02811254 0.02823977 0.0208585 ]] 
Episode: 63: [[0.03234276 0.03167847 0.03268861]
 [0.03243002 0.0317391  0.03220318]
 [0.02878735 0.02891733 0.0214902 ]] 
Episode: 64: [[0.03301671 0.03236089 0.03337527]
 [0.03310769 0.0324243  0.03288984]
 [0.02946384 0.02959749 0.02212481]] 
Episode: 65: [[0.0336925  0.03304586 0.0340654 ]
 [0.03378757 0.03311244 0.03358045]
 [0.0301437  0.03028199 0.02276738]] 
Episode: 66: [[0.0343709  0.03373416 0.03476118]
 [0.0344706  0.03380453 0.03427833]
 [0.03083277 0.03097673 0.02343115]] 
Episode: 67: [[0.03506328 0.03443533 0.03546878]
 [0.03516712 0.03450899 0.0349876 ]
 [0.0315349  0.03168344 0.02411292]] 
Episode: 68: [[0.03575516 0.03513674 0.03617644]
 [0.0358635  0.03521401 0.03569637]
 [0.03223369 0.03238701 0.02477685]] 
Episode: 69: [[0.03644866 0.03584051 0.03688842]
 [0.03656201 0.03592193 0.03641071]
 [0.03293925 0.03309843 0.02545987]] 
Episode: 70: [[0.03714354 0.03654636 0.03760335]
 [0.03726236 0.0366324  0.03712844]
 [0.03364773 0.03381352 0.02615014]] 
Episode: 71: [[0.03784972 0.03726416 0.0383295 ]
 [0.03797498 0.0373548  0.03785691]
 [0.0343667  0.0345387  0.02684342]] 
Episode: 72: [[0.03855622 0.03798247 0.03905605]
 [0.03868779 0.03807781 0.03858557]
 [0.03508415 0.03526273 0.0275291 ]] 
Episode: 73: [[0.03927821 0.03871349 0.03979127]
 [0.03941473 0.0388121  0.03932064]
 [0.03581132 0.03599218 0.02821667]] 
Episode: 74: [[0.04000957 0.03945329 0.04053678]
 [0.0401505  0.03955525 0.04006645]
 [0.03655031 0.03673357 0.02892463]] 
Episode: 75: [[0.04073724 0.04019021 0.04128021]
 [0.04088308 0.04029591 0.0408109 ]
 [0.03728772 0.03747444 0.02963785]] 
Episode: 76: [[0.04147353 0.04093135 0.04202707]
 [0.04162206 0.04103882 0.04155796]
 [0.03803103 0.03821893 0.03036256]] 
Episode: 77: [[0.04220105 0.04166493 0.04276852]
 [0.04235309 0.04177497 0.04230084]
 [0.03877004 0.03896061 0.03109174]] 
Episode: 78: [[0.04292301 0.0423942  0.04350837]
 [0.04307942 0.04250762 0.04304376]
 [0.03950957 0.03970446 0.03183211]] 
Episode: 79: [[0.04364125 0.04312084 0.04424796]
 [0.04380275 0.04323841 0.04378777]
 [0.04025037 0.04045101 0.03258206]] 
Episode: 80: [[0.04435504 0.04384393 0.04498348]
 [0.04452201 0.04396602 0.04452711]
 [0.04098368 0.04119034 0.03331455]] 
Episode: 81: [[0.04508178 0.04458147 0.04573363]
 [0.0452556  0.04470887 0.04528108]
 [0.04173163 0.04194438 0.03406363]] 
Episode: 82: [[0.04582309 0.04533299 0.04649747]
 [0.04600326 0.04546553 0.04604877]
 [0.04249406 0.04271258 0.03482844]] 
Episode: 83: [[0.0465593  0.04608021 0.0472572 ]
 [0.04674619 0.04621812 0.04681233]
 [0.04325072 0.04347563 0.03558545]] 
Episode: 84: [[0.04729256 0.04682533 0.048016  ]
 [0.04748669 0.04696904 0.04757562]
 [0.04400646 0.04423876 0.03634562]] 
Episode: 85: [[0.04802366 0.04756891 0.04877222]
 [0.04822515 0.04771845 0.04833551]
 [0.04475612 0.0449959  0.0370889 ]] 
Episode: 86: [[0.04875511 0.04831368 0.04953031]
 [0.04896441 0.04846944 0.04909757]
 [0.04550691 0.04575496 0.03783476]] 
Episode: 87: [[0.04948766 0.04906026 0.05029041]
 [0.04970512 0.04922251 0.0498617 ]
 [0.04625847 0.04651541 0.03858029]] 
Episode: 88: [[0.05022307 0.04981055 0.05105649]
 [0.0504494  0.04997996 0.0506331 ]
 [0.04701794 0.04728486 0.03934258]] 
Episode: 89: [[0.05096152 0.05056458 0.05182622]
 [0.05119709 0.05074139 0.05140807]
 [0.04777985 0.04805719 0.04010585]] 
Episode: 90: [[0.05172142 0.05133814 0.05261395]
 [0.05196483 0.05152147 0.05220048]
 [0.048561   0.04884752 0.04088926]] 
Episode: 91: [[0.05248229 0.05211367 0.05340549]
 [0.05273448 0.05230425 0.05299776]
 [0.04934754 0.04964409 0.04168483]] 
Episode: 92: [[0.05324409 0.05289097 0.05419988]
 [0.0535058  0.05308934 0.05379854]
 [0.05013755 0.05044477 0.04248784]] 
Episode: 93: [[0.05402504 0.05368535 0.05500958]
 [0.05429468 0.05389083 0.05461394]
 [0.05094339 0.05126012 0.04330542]] 
Episode: 94: [[0.05480411 0.05447892 0.05581874]
 [0.05508259 0.05469193 0.05542903]
 [0.05174827 0.052075   0.04412292]] 
Episode: 95: [[0.05558454 0.05527481 0.05663154]
 [0.05587275 0.05549587 0.05624846]
 [0.05255771 0.05289502 0.04494906]] 
Episode: 96: [[0.05638107 0.05608619 0.05745843]
 [0.05667873 0.05631494 0.0570812 ]
 [0.05338119 0.05372807 0.04578714]] 
Episode: 97: [[0.05719061 0.05690954 0.05829602]
 [0.05749694 0.05714514 0.05792412]
 [0.05421515 0.05457103 0.04663458]] 
Episode: 98: [[0.05801112 0.05774371 0.05914365]
 [0.05832623 0.0579862  0.0587767 ]
 [0.05505922 0.05542349 0.04749062]] 
Episode: 99: [[0.05882844 0.05857535 0.05998988]
 [0.05915297 0.05882518 0.0596287 ]
 [0.05590295 0.05627631 0.04835057]] 
Episode: 100: [[0.05964499 0.05940689 0.06083737]
 [0.05997962 0.05966454 0.06048282]
 [0.05674918 0.0571322  0.04921685]] 
Episode: 101: [[0.06045897 0.06023617 0.06168028]
 [0.06080364 0.0605014  0.06133128]
 [0.05758775 0.05798017 0.05006613]] 
Episode: 102: [[0.0612742  0.06106722 0.06252567]
 [0.06162941 0.06134038 0.06218283]
 [0.05842946 0.05883182 0.05092174]] 
Episode: 103: [[0.06209065 0.06189986 0.06337159]
 [0.06245654 0.06218094 0.06303453]
 [0.05927023 0.05968263 0.0517732 ]] 
Episode: 104: [[0.06290856 0.06273422 0.06421755]
 [0.06328509 0.06302304 0.06388552]
 [0.06010877 0.06053114 0.05261606]] 
Episode: 105: [[0.0637326  0.06357481 0.06506987]
 [0.06411986 0.06387147 0.0647432 ]
 [0.06095418 0.06138681 0.05346826]] 
Episode: 106: [[0.0645605  0.06441943 0.0659262 ]
 [0.06495865 0.06472407 0.0656051 ]
 [0.06180364 0.06224682 0.05432569]] 
Episode: 107: [[0.06539872 0.06527416 0.06679315]
 [0.06580777 0.06558679 0.066478  ]
 [0.06266527 0.06311882 0.05519794]] 
Episode: 108: [[0.06625669 0.06614589 0.06767476]
 [0.06667488 0.06646503 0.06736416]
 [0.06354261 0.06400412 0.05608241]] 
Episode: 109: [[0.06712168 0.06702419 0.06856097]
 [0.06754846 0.06734931 0.06825436]
 [0.06442375 0.06489298 0.05696785]] 
Episode: 110: [[0.06797445 0.0678853  0.06943999]
 [0.06840987 0.06821784 0.06913852]
 [0.06530236 0.06577672 0.05785774]] 
Episode: 111: [[0.06882156 0.06874188 0.07031544]
 [0.06926645 0.06908261 0.07001958]
 [0.06617662 0.06665698 0.0587441 ]] 
Episode: 112: [[0.06968576 0.06961265 0.07120331]
 [0.07013802 0.06995988 0.07091223]
 [0.06706455 0.06754927 0.0596436 ]] 
Episode: 113: [[0.07010322 0.07003028 0.0716221 ]
 [0.07055576 0.07037779 0.07133132]
 [0.06748344 0.06796831 0.0600636 ]] 
Episode: 114: [[0.0704816  0.07040887 0.07200194]
 [0.07093445 0.0707567  0.07171149]
 [0.06786335 0.06834839 0.06044462]] 
Episode: 115: [[0.07082449 0.070752   0.07234643]
 [0.07127769 0.07110018 0.07205633]
 [0.0682079  0.06869315 0.06079037]] 
Episode: 116: [[0.07113668 0.07106455 0.07266068]
 [0.07159036 0.0714132  0.07237107]
 [0.06852222 0.0690078  0.06110637]] 
Episode: 117: [[0.0714202  0.07134847 0.07294641]
 [0.07187438 0.07169762 0.07265733]
 [0.06880803 0.06929398 0.06139403]] 
Episode: 118: [[0.07167789 0.0716066  0.07320653]
 [0.07213262 0.07195631 0.07291804]
 [0.06906822 0.0695546  0.06165631]] 
Episode: 119: [[0.07191782 0.07184716 0.07344951]
 [0.07237328 0.07219759 0.07316177]
 [0.06931128 0.06979827 0.06190199]] 
Episode: 120: [[0.07218093 0.07211199 0.07371915]
 [0.07263803 0.07246394 0.07343301]
 [0.06958094 0.07006951 0.06217686]] 
Episode: 121: [[0.07242002 0.0723527  0.07396461]
 [0.0728787  0.07270616 0.07368007]
 [0.06982648 0.0703166  0.06242777]] 
Episode: 122: [[0.07276686 0.0727025  0.07432143]
 [0.07322842 0.07305909 0.07403999]
 [0.07018379 0.07067692 0.06279228]] 
Episode: 123: [[0.07311981 0.07305919 0.0746868 ]
 [0.07358503 0.07341971 0.07440915]
 [0.07054989 0.07104672 0.06316771]] 
Episode: 124: [[0.07357589 0.07351891 0.07515769]
 [0.07404447 0.07388423 0.07488494]
 [0.0710213  0.07152312 0.06365117]] 
Episode: 125: [[0.07399435 0.07394088 0.07559028]
 [0.07446616 0.07431073 0.07532215]
 [0.07145433 0.07196087 0.06409566]] 
Episode: 126: [[0.07439499 0.07434551 0.07600597]
 [0.07487053 0.07472008 0.07574273]
 [0.07187062 0.07238209 0.06452448]] 
Episode: 127: [[0.07479151 0.07474652 0.07641901]
 [0.07527123 0.07512622 0.07616103]
 [0.07228414 0.07280102 0.06495178]] 
Episode: 128: [[0.0753224  0.07528346 0.07696963]
 [0.07580779 0.07566921 0.07671748]
 [0.07283478 0.07335776 0.0655181 ]] 
Episode: 129: [[0.07594253 0.07590937 0.07760608]
 [0.07643327 0.07630073 0.07735933]
 [0.07347139 0.07400005 0.06616756]] 
Episode: 130: [[0.07657745 0.07655113 0.07825924]
 [0.07707434 0.07694849 0.07801832]
 [0.07412453 0.0746595  0.06683514]] 
Episode: 131: [[0.07722224 0.07720294 0.07892222]
 [0.07772534 0.07760654 0.07868741]
 [0.07478754 0.07532918 0.06751282]] 
Episode: 132: [[0.07795061 0.07793763 0.07966653]
 [0.07845941 0.07834677 0.07943669]
 [0.07553186 0.07607891 0.06826878]] 
Episode: 133: [[0.0787131  0.0787073  0.08045124]
 [0.07922855 0.07912351 0.08022798]
 [0.07631677 0.07687068 0.06907114]] 
Episode: 134: [[0.07953373 0.07953361 0.08128914]
 [0.08005442 0.07995532 0.08107096]
 [0.07715479 0.07771403 0.06992264]] 
Episode: 135: [[0.08036917 0.08037674 0.08214765]
 [0.08089726 0.0808059  0.08193584]
 [0.07801369 0.07857939 0.07079904]] 
Episode: 136: [[0.08121895 0.08123419 0.08301729]
 [0.08175416 0.08167008 0.0828113 ]
 [0.07888344 0.07945529 0.07168347]] 
Episode: 137: [[0.08210733 0.08212967 0.08392321]
 [0.08264916 0.08257154 0.08372194]
 [0.07978947 0.08036628 0.07260107]] 
Episode: 138: [[0.08299624 0.08302703 0.08483565]
 [0.08354613 0.0834769  0.08464065]
 [0.08070221 0.08128545 0.07352987]] 
Episode: 139: [[0.08389858 0.08393873 0.08576474]
 [0.0844574  0.08439727 0.0855768 ]
 [0.08163171 0.08222214 0.07447806]] 
Episode: 140: [[0.08479705 0.0848489  0.0866959 ]
 [0.08536702 0.08531756 0.0865161 ]
 [0.08256295 0.08316182 0.07543188]] 
Episode: 141: [[0.08569554 0.08575913 0.0876292 ]
 [0.08627661 0.08623857 0.08745842]
 [0.08349617 0.08410446 0.07639037]] 
Episode: 142: [[0.08659419 0.08667101 0.08856998]
 [0.08718766 0.08716279 0.0884096 ]
 [0.0844365  0.08505578 0.07736188]] 
Episode: 143: [[0.08749172 0.08758353 0.08951495]
 [0.08809918 0.08808933 0.08936605]
 [0.08538085 0.08601233 0.07834089]] 
Episode: 144: [[0.08838948 0.08849893 0.09046487]
 [0.08901339 0.08901971 0.09032817]
 [0.08632994 0.08697448 0.07932711]] 
Episode: 145: [[0.08928667 0.08941467 0.0914183 ]
 [0.08992776 0.08995167 0.09129477]
 [0.08728247 0.08794114 0.08031949]] 
Episode: 146: [[0.09018148 0.09032859 0.09237067]
 [0.09084007 0.09088202 0.09226082]
 [0.08823361 0.08890712 0.08131211]] 
Episode: 147: [[0.09107761 0.091244   0.09332276]
 [0.09175389 0.09181382 0.09322662]
 [0.08918428 0.08987274 0.08230269]] 
Episode: 148: [[0.09194785 0.09213489 0.09425335]
 [0.09264319 0.09272273 0.09417221]
 [0.09011357 0.09081832 0.08327559]] 
Episode: 149: [[0.09282228 0.09302995 0.09518794]
 [0.09353635 0.09363602 0.09512219]
 [0.0910466  0.09176823 0.08425263]] 
Episode: 150: [[0.09368745 0.09391845 0.09611637]
 [0.0944227  0.09454344 0.09606645]
 [0.09197292 0.09271216 0.08522404]] 
Episode: 151: [[0.09454089 0.09479439 0.09703277]
 [0.09529626 0.09543855 0.0969993 ]
 [0.09288697 0.09364464 0.08618439]] 
Episode: 152: [[0.09538992 0.09566545 0.0979434 ]
 [0.09616496 0.09632904 0.09792687]
 [0.09379527 0.09457187 0.08713882]] 
Episode: 153: [[0.09620138 0.09650034 0.09881857]
 [0.09699769 0.09718474 0.09881964]
 [0.09466846 0.09546448 0.08805909]] 
Episode: 154: [[0.09701954 0.09734111 0.09969842]
 [0.09783603 0.09804583 0.09971737]
 [0.09554586 0.09636188 0.08898449]] 
Episode: 155: [[0.09783715 0.09818289 0.10057795]
 [0.09867512 0.09890819 0.10061498]
 [0.09642252 0.09725901 0.08990858]] 
Episode: 156: [[0.0986177  0.09898818 0.10142357]
 [0.09947759 0.09973497 0.10147955]
 [0.0972654  0.09812342 0.09080139]] 
Episode: 157: [[0.09937838 0.09977137 0.10224494]
 [0.10025803 0.10053795 0.10231997]
 [0.09808401 0.09896376 0.0916728 ]] 
Episode: 158: [[0.10014518 0.10056085 0.10307202]
 [0.10104458 0.10134792 0.10316678]
 [0.09890819 0.09981049 0.09254963]] 
Episode: 159: [[0.10091317 0.10135341 0.10390192]
 [0.10183398 0.1021621  0.10401709]
 [0.09973499 0.10066066 0.09342902]] 
Episode: 160: [[0.10167288 0.10213637 0.10471792]
 [0.10261348 0.10296533 0.10485274]
 [0.10054703 0.10149571 0.09429032]] 
Episode: 161: [[0.10240246 0.10288986 0.10549529]
 [0.10336451 0.10373853 0.10564828]
 [0.1013214  0.10229048 0.09510345]] 
Episode: 162: [[0.10309409 0.10360452 0.10623098]
 [0.10407668 0.10447248 0.10640117]
 [0.10205369 0.10304242 0.09587206]] 
Episode: 163: [[0.10374822 0.10428327 0.10693201]
 [0.10475271 0.10517092 0.10711951]
 [0.10275087 0.10375954 0.09660604]] 
Episode: 164: [[0.10436399 0.10492228 0.10759103]
 [0.10538945 0.10582925 0.10779539]
 [0.10340712 0.10443487 0.09729438]] 
Episode: 165: [[0.10503157 0.10561409 0.10829402]
 [0.1060794  0.10654015 0.10851574]
 [0.1041088  0.10515561 0.09802397]] 
Episode: 166: [[0.10565309 0.10625577 0.10894293]
 [0.10671993 0.10719907 0.10918082]
 [0.10475735 0.10582148 0.09869474]] 
Episode: 167: [[0.10623326 0.10685207 0.10954457]
 [0.10731592 0.107811   0.10979806]
 [0.10536002 0.10644034 0.09931898]] 
Episode: 168: [[0.10677576 0.10741099 0.11011053]
 [0.10787432 0.10838536 0.11037946]
 [0.10592655 0.10702313 0.09990886]] 
Episode: 169: [[0.10728515 0.10793673 0.11064237]
 [0.10839973 0.10892752 0.11092642]
 [0.10645965 0.10757188 0.10046025]] 
Episode: 170: [[0.10777523 0.10844018 0.11114573]
 [0.10890299 0.10944536 0.11144346]
 [0.10696421 0.10809051 0.10097702]] 
Episode: 171: [[0.10823435 0.10891275 0.11161753]
 [0.10937582 0.10993221 0.11192856]
 [0.10743819 0.1085776  0.1014616 ]] 
Episode: 172: [[0.10864772 0.1093347  0.11203574]
 [0.10979893 0.11036676 0.11235867]
 [0.10786054 0.10901099 0.10188816]] 
Episode: 173: [[0.10903192 0.10972536 0.11242145]
 [0.11019042 0.11076812 0.11275535]
 [0.10824994 0.10941078 0.10228031]] 
Episode: 174: [[0.10939505 0.11009605 0.11278566]
 [0.11056175 0.11114952 0.11313012]
 [0.10861787 0.1097887  0.1026496 ]] 
Episode: 175: [[0.10974126 0.11044791 0.1131274 ]
 [0.11091533 0.11151195 0.11348254]
 [0.10896581 0.11014562 0.10299581]] 
Episode: 176: [[0.11007174 0.1107837  0.11345297]
 [0.11125302 0.11185898 0.11381912]
 [0.1092981  0.11048704 0.1033253 ]] 
Episode: 177: [[0.11043737 0.11115588 0.11381184]
 [0.11162768 0.11224476 0.11419205]
 [0.10966637 0.11086696 0.10369167]] 
Episode: 178: [[0.1107799  0.1115054  0.11414801]
 [0.11198007 0.11260816 0.11454216]
 [0.11001291 0.11122478 0.10403555]] 
Episode: 179: [[0.11111949 0.11185632 0.11448557]
 [0.11233475 0.1129785  0.11489607]
 [0.11036336 0.11158773 0.10438014]] 
Episode: 180: [[0.11151027 0.11226206 0.11487296]
 [0.11274366 0.1134051  0.11530147]
 [0.11076292 0.11200179 0.10477118]] 
Episode: 181: [[0.11190236 0.11267082 0.11526383]
 [0.11315622 0.11383612 0.11571198]
 [0.11116752 0.11242186 0.10516917]] 
Episode: 182: [[0.1123533  0.11313994 0.11570351]
 [0.11362987 0.11432857 0.11617282]
 [0.11162416 0.11289444 0.10561174]] 
Episode: 183: [[0.11279766 0.11360733 0.11614706]
 [0.11409995 0.11482055 0.1166391 ]
 [0.11208296 0.11337233 0.10606071]] 
Episode: 184: [[0.11325166 0.11408573 0.11660358]
 [0.11457957 0.11532468 0.11711948]
 [0.11255333 0.113864   0.10652248]] 
Episode: 185: [[0.1136988  0.1145595  0.1170496 ]
 [0.11505248 0.11582162 0.11758597]
 [0.11300895 0.11433883 0.106961  ]] 
Episode: 186: [[0.11416009 0.11505341 0.11750835]
 [0.11555179 0.11634594 0.1180703 ]
 [0.11349225 0.11483951 0.10741258]] 
Episode: 187: [[0.11467734 0.1156086  0.11801686]
 [0.11611417 0.11693496 0.11860576]
 [0.1140298  0.11539395 0.10790584]] 
Episode: 188: [[0.11520459 0.11616865 0.11852501]
 [0.11668163 0.11752677 0.11913981]
 [0.11456615 0.11594606 0.10838734]] 
Episode: 189: [[0.11574445 0.11673956 0.1190397 ]
 [0.11725736 0.11812594 0.11967763]
 [0.11510301 0.11649853 0.10886603]] 
Episode: 190: [[0.11625978 0.11728703 0.11953102]
 [0.11780568 0.11869849 0.12018827]
 [0.11560964 0.11702006 0.10931015]] 
Episode: 191: [[0.11677233 0.11783507 0.1200277 ]
 [0.118352   0.1192716  0.12070429]
 [0.11611744 0.11754468 0.10976201]] 
Episode: 192: [[0.11724901 0.11834423 0.12048368]
 [0.11886177 0.11980577 0.12117781]
 [0.11658642 0.11802711 0.11016954]] 
Episode: 193: [[0.11772328 0.11884478 0.12091854]
 [0.11936276 0.1203271  0.12162501]
 [0.11703189 0.11848065 0.11053334]] 
Episode: 194: [[0.11810544 0.11924835 0.12125124]
 [0.11976395 0.12073833 0.12195732]
 [0.11736531 0.11881198 0.11077631]] 
Episode: 195: [[0.11838125 0.11954001 0.12147405]
 [0.12005482 0.12103096 0.12217147]
 [0.11758685 0.11902266 0.11090527]] 
Episode: 196: [[0.11853406 0.11968653 0.12154045]
 [0.12019518 0.12115239 0.12220997]
 [0.11763884 0.1190502  0.11085696]] 
Episode: 197: [[0.11867486 0.11981775 0.12159114]
 [0.12031696 0.12125467 0.12222861]
 [0.11766798 0.11905381 0.11078283]] 
Episode: 198: [[0.11870363 0.11982813 0.12152418]
 [0.12032278 0.12123246 0.12212501]
 [0.11758348 0.11893643 0.11059488]] 
Episode: 199: [[0.1187593  0.11986277 0.12147231]
 [0.12035337 0.12123407 0.12203518]
 [0.11751343 0.11883238 0.11041205]] 
Episode: 200: [[0.1188819  0.11996483 0.12148087]
 [0.12044733 0.12130065 0.12200619]
 [0.11749889 0.11878663 0.11028584]] 
Episode: 201: [[0.11897457 0.12003709 0.12146178]
 [0.12050951 0.12133436 0.12194815]
 [0.11745488 0.11871085 0.11013298]] 
Episode: 202: [[0.11903248 0.12006503 0.12139336]
 [0.12052472 0.12131467 0.12183368]
 [0.11735431 0.11857423 0.10991547]] 
Episode: 203: [[0.11910743 0.1201098  0.12132448]
 [0.12055325 0.12130536 0.12171129]
 [0.11724667 0.11842552 0.10966877]] 
Episode: 204: [[0.11909967 0.12006223 0.12116347]
 [0.12048995 0.12119685 0.12149119]
 [0.11704558 0.11817812 0.10932799]] 
Episode: 205: [[0.11909539 0.1200141  0.12098708]
 [0.1204218  0.12107652 0.12124674]
 [0.1168189  0.11790057 0.10895567]] 
Episode: 206: [[0.11909194 0.1199734  0.12082587]
 [0.12035552 0.12096306 0.12101605]
 [0.11659689 0.11763133 0.10859641]] 
Episode: 207: [[0.1190106  0.1198543  0.12059399]
 [0.12021355 0.12077331 0.12071534]
 [0.11630934 0.11729492 0.10817575]] 
Episode: 208: [[0.11899554 0.11980949 0.12043121]
 [0.12014689 0.12066519 0.12048788]
 [0.1160919  0.11703222 0.10782216]] 
Episode: 209: [[0.11901578 0.1198002  0.12030385]
 [0.12011588 0.12059547 0.12029921]
 [0.11591002 0.11680883 0.10750861]] 
Episode: 210: [[0.11911979 0.11987657 0.1202554 ]
 [0.12017357 0.12061616 0.12019532]
 [0.11581413 0.11667474 0.10728132]] 
Episode: 211: [[0.11927431 0.12000891 0.12026656]
 [0.12028999 0.12070064 0.12015848]
 [0.11578441 0.11661157 0.10712777]] 
Episode: 212: [[0.11943937 0.12015333 0.1202928 ]
 [0.1204184  0.12079798 0.12013754]
 [0.11576833 0.11656309 0.10699273]] 
Episode: 213: [[0.11962449 0.12031678 0.12033822]
 [0.12055699 0.12090888 0.12013223]
 [0.11575938 0.11652502 0.10687072]] 
Episode: 214: [[0.11984777 0.12052482 0.12043004]
 [0.12074153 0.12106988 0.12017835]
 [0.11579957 0.11653942 0.10680156]] 
Episode: 215: [[0.12006838 0.1207322  0.12052426]
 [0.12092655 0.12123501 0.12023235]
 [0.11585019 0.11656742 0.10674827]] 
Episode: 216: [[0.12037589 0.12103049 0.12070924]
 [0.12120664 0.12149995 0.12038561]
 [0.11599918 0.11669822 0.10679643]] 
Episode: 217: [[0.12071598 0.12135857 0.12091982]
 [0.12151972 0.12179826 0.12056782]
 [0.11617932 0.11686075 0.10686862]] 
Episode: 218: [[0.12105179 0.1216802  0.12111355]
 [0.12183219 0.12209263 0.12073305]
 [0.11635105 0.11701029 0.10691659]] 
Episode: 219: [[0.12143    0.12204473 0.12134113]
 [0.12218908 0.12243176 0.12093312]
 [0.11656041 0.11719712 0.10698731]] 
Episode: 220: [[0.12172195 0.12232471 0.12149365]
 [0.1224647  0.12269083 0.12105821]
 [0.1166975  0.11730962 0.10698942]] 
Episode: 221: [[0.12194111 0.12253222 0.12157263]
 [0.12266713 0.12287091 0.12110286]
 [0.11675681 0.11733845 0.10691097]] 
Episode: 222: [[0.12212767 0.12270299 0.12161636]
 [0.12282904 0.12300798 0.12110774]
 [0.11677428 0.11732399 0.10679263]] 
Episode: 223: [[0.12225399 0.12282077 0.12161225]
 [0.12292744 0.1230841  0.12105706]
 [0.11672886 0.11724666 0.10661436]] 
Episode: 224: [[0.12234458 0.12289929 0.12157197]
 [0.12298191 0.1231131  0.12096585]
 [0.11663981 0.11712436 0.10639764]] 
Episode: 225: [[0.12250169 0.1230486  0.1215984 ]
 [0.12310649 0.12321521 0.12094328]
 [0.11661539 0.11706962 0.10624275]] 
Episode: 226: [[0.12262671 0.12316468 0.12159721]
 [0.12320092 0.12328771 0.12089591]
 [0.11656982 0.11699442 0.10607047]] 
Episode: 227: [[0.12271088 0.12323812 0.12156141]
 [0.12325045 0.12331468 0.12081122]
 [0.11648475 0.11687948 0.10586527]] 
Episode: 228: [[0.12270433 0.12321709 0.12143398]
 [0.12320417 0.12324147 0.12063   ]
 [0.11630826 0.11666939 0.10557117]] 
Episode: 229: [[0.12261673 0.12310283 0.12121781]
 [0.12306248 0.12306446 0.12035424]
 [0.11603761 0.1163621  0.10518874]] 
Episode: 230: [[0.12250693 0.12296735 0.12097774]
 [0.12289829 0.12286514 0.12005197]
 [0.11574075 0.11602674 0.10477721]] 
Episode: 231: [[0.12241144 0.12284903 0.1207607 ]
 [0.12275375 0.12269104 0.11977848]
 [0.11547256 0.11572334 0.10440096]] 
Episode: 232: [[0.12234124 0.1227548  0.12056778]
 [0.12264016 0.122549   0.1195351 ]
 [0.11524052 0.11545625 0.10405653]] 
Episode: 233: [[0.12230474 0.12269523 0.12040924]
 [0.12256007 0.12244254 0.11932757]
 [0.1150408  0.11522445 0.10374641]] 
Episode: 234: [[0.12225143 0.1226178  0.12024346]
 [0.12246247 0.12232026 0.11911549]
 [0.11483554 0.11498977 0.10344131]] 
Episode: 235: [[0.12227985 0.12262602 0.12015695]
 [0.12245215 0.12228847 0.11898533]
 [0.11470967 0.11483599 0.10320764]] 
Episode: 236: [[0.12238027 0.12270977 0.12014424]
 [0.12251837 0.12233842 0.11893491]
 [0.11466092 0.11476372 0.1030556 ]] 
Episode: 237: [[0.12251959 0.12284281 0.1201852 ]
 [0.12263467 0.12244391 0.11894281]
 [0.11466873 0.11475222 0.10296192]] 
Episode: 238: [[0.12262474 0.12294482 0.12020041]
 [0.12272069 0.12251833 0.11892488]
 [0.11465082 0.11471383 0.10284735]] 
Episode: 239: [[0.12275174 0.12306951 0.12023126]
 [0.12282939 0.12261502 0.11892228]
 [0.11464907 0.11469135 0.10274527]] 
Episode: 240: [[0.12293853 0.1232495  0.1203079 ]
 [0.12299097 0.1227646  0.11896531]
 [0.11469044 0.11471335 0.10267895]] 
Episode: 241: [[0.12316927 0.12347554 0.12042427]
 [0.12319706 0.12295941 0.11904765]
 [0.11477068 0.11477459 0.10264675]] 
Episode: 242: [[0.12339489 0.12369739 0.12053748]
 [0.12339509 0.12314658 0.11912467]
 [0.1148413  0.1148277  0.10260324]] 
Episode: 243: [[0.12363651 0.12394065 0.12067765]
 [0.12361526 0.1233597  0.11923283]
 [0.11494165 0.11491352 0.10259707]] 
Episode: 244: [[0.12385554 0.12416632 0.12081399]
 [0.12381859 0.12356247 0.11934165]
 [0.11504053 0.11500074 0.1025999 ]] 
Episode: 245: [[0.12416498 0.12447413 0.12100379]
 [0.12410872 0.12384133 0.11950172]
 [0.11520026 0.11514334 0.10263901]] 
Episode: 246: [[0.12442506 0.12472633 0.12114029]
 [0.12433915 0.12405787 0.11960325]
 [0.11529981 0.11522391 0.10262168]] 
Episode: 247: [[0.12463874 0.1249318  0.12123349]
 [0.12451779 0.12422096 0.11965625]
 [0.11534668 0.11525095 0.10255399]] 
Episode: 248: [[0.12485314 0.12513088 0.12132359]
 [0.12469283 0.1243784  0.1197082 ]
 [0.11539382 0.11527823 0.10249067]] 
Episode: 249: [[0.12511699 0.12538002 0.12145445]
 [0.12491926 0.1245864  0.11980091]
 [0.11548144 0.1153454  0.10245479]] 
Episode: 250: [[0.12529078 0.12554136 0.12150438]
 [0.12505777 0.12470625 0.11981004]
 [0.115487   0.11532781 0.10234042]] 
Episode: 251: [[0.12544708 0.12568325 0.12153664]
 [0.12518074 0.1248088  0.11980366]
 [0.11548013 0.11529675 0.10221408]] 
Episode: 252: [[0.12552169 0.12574236 0.12149638]
 [0.12521592 0.12482207 0.119719  ]
 [0.11538934 0.11518098 0.10201674]] 
Episode: 253: [[0.12550329 0.12570061 0.12136316]
 [0.12514636 0.12472541 0.1195344 ]
 [0.11519887 0.11496153 0.10172454]] 
Episode: 254: [[0.12547316 0.12564857 0.12122186]
 [0.12506631 0.1246189  0.11934315]
 [0.11500245 0.11473706 0.10143066]] 
Episode: 255: [[0.12545054 0.12559567 0.12107059]
 [0.1249859  0.12450749 0.11914064]
 [0.11479817 0.11450256 0.10112294]] 
Episode: 256: [[0.12547937 0.12560011 0.12097719]
 [0.12496443 0.12446076 0.11900053]
 [0.11465494 0.1143324  0.10087427]] 
Episode: 257: [[0.12551947 0.1256207  0.12090497]
 [0.124959   0.12443683 0.11888357]
 [0.11453256 0.11418512 0.10064741]] 
Episode: 258: [[0.12553792 0.125622   0.12082064]
 [0.12493534 0.12439058 0.11875475]
 [0.11439804 0.11402566 0.10041928]] 
Episode: 259: [[0.12553139 0.12559198 0.12070458]
 [0.12488164 0.12431026 0.11859246]
 [0.11423276 0.11383291 0.10016123]] 
Episode: 260: [[0.1255933  0.12564294 0.12067052]
 [0.1249078  0.1243178  0.11851665]
 [0.1141491  0.1137271  0.09998465]] 
Episode: 261: [[0.12566005 0.12570089 0.12065413]
 [0.12493648 0.12433313 0.11846048]
 [0.1140784  0.11363932 0.0998308 ]] 
Episode: 262: [[0.12578495 0.12582052 0.12069795]
 [0.12502825 0.12441453 0.1184681 ]
 [0.11407    0.11361644 0.0997362 ]] 
Episode: 263: [[0.1259155  0.12594883 0.12075065]
 [0.12513027 0.12450814 0.11848561]
 [0.11407148 0.11360333 0.09964795]] 
Episode: 264: [[0.12604749 0.12607606 0.12079757]
 [0.12522975 0.12459575 0.11849406]
 [0.11406174 0.11357723 0.0995469 ]] 
Episode: 265: [[0.1262317  0.12625746 0.12089466]
 [0.12538086 0.12473853 0.11855309]
 [0.11409869 0.11360092 0.09948951]] 
Episode: 266: [[0.12644362 0.12645969 0.12100109]
 [0.12555435 0.12489679 0.1186189 ]
 [0.11414552 0.11363144 0.09943701]] 
Episode: 267: [[0.1266431  0.12665012 0.12109251]
 [0.12571613 0.1250419  0.11866744]
 [0.11417589 0.11364344 0.09936327]] 
Episode: 268: [[0.12682384 0.12682007 0.1211701 ]
 [0.12585689 0.12516718 0.11870275]
 [0.11419092 0.11364099 0.09928225]] 
Episode: 269: [[0.12697107 0.12694974 0.12120216]
 [0.12595299 0.12524964 0.1186876 ]
 [0.11415526 0.11358554 0.09913918]] 
Episode: 270: [[0.12708326 0.12704036 0.12119364]
 [0.12600985 0.12528804 0.11862977]
 [0.11407948 0.1134875  0.09895904]] 
Episode: 271: [[0.1271383  0.12705398 0.12111457]
 [0.12599078 0.12524565 0.1185    ]
 [0.11393584 0.11332005 0.09871646]] 
Episode: 272: [[0.12718822 0.12706183 0.12102835]
 [0.12596826 0.12520167 0.11836494]
 [0.11379047 0.11315022 0.09846801]] 
Episode: 273: [[0.12708849 0.126922   0.12080317]
 [0.12579621 0.12500194 0.11808377]
 [0.11350023 0.11283032 0.09808663]] 
Episode: 274: [[0.1270562  0.12684907 0.120638  ]
 [0.12569357 0.12487263 0.11786589]
 [0.11327399 0.11257602 0.097764  ]] 
Episode: 275: [[0.12706469 0.1268231  0.12052234]
 [0.12563963 0.12479571 0.11770157]
 [0.11309944 0.11237616 0.0974934 ]] 
Episode: 276: [[0.12708695 0.12681422 0.1204276 ]
 [0.12560424 0.12473863 0.11756013]
 [0.11294686 0.11219949 0.09724913]] 
Episode: 277: [[0.12708193 0.12677813 0.12031117]
 [0.12554532 0.12465871 0.11739947]
 [0.11277781 0.11200584 0.09699275]] 
Episode: 278: [[0.12713015 0.12680215 0.12025175]
 [0.1255504  0.12464622 0.11730123]
 [0.11267382 0.11187916 0.09679706]] 
Episode: 279: [[0.12718457 0.12683712 0.12020213]
 [0.1255652  0.12464219 0.11721203]
 [0.11257748 0.11176038 0.09660941]] 
Episode: 280: [[0.12728018 0.12691745 0.12020856]
 [0.12562683 0.12468977 0.11718538]
 [0.11253999 0.11170551 0.09649004]] 
Episode: 281: [[0.1273985  0.12702458 0.1202453 ]
 [0.12571745 0.12476857 0.1171928 ]
 [0.11253683 0.11168649 0.09640922]] 
Episode: 282: [[0.127502   0.12711886 0.12027542]
 [0.12579364 0.12483698 0.11719391]
 [0.11252559 0.11166094 0.09632389]] 
Episode: 283: [[0.12765236 0.12726095 0.12035137]
 [0.12591851 0.12495557 0.11724423]
 [0.11256301 0.11168604 0.09629087]] 
Episode: 284: [[0.12787613 0.12749133 0.12050047]
 [0.12613344 0.1251688  0.11736862]
 [0.11267611 0.11178628 0.09631276]] 
Episode: 285: [[0.12807614 0.12769197 0.12062712]
 [0.12631617 0.12534852 0.11747016]
 [0.11276308 0.11186171 0.09632136]] 
Episode: 286: [[0.12829596 0.12791072 0.12076661]
 [0.1265161  0.1255434  0.11758337]
 [0.11286135 0.11194794 0.0963393 ]] 
Episode: 287: [[0.12851429 0.12812144 0.12089366]
 [0.12670833 0.1257232  0.11768413]
 [0.11294961 0.11202293 0.09635067]] 
Episode: 288: [[0.12870947 0.12830646 0.12100198]
 [0.12687576 0.12587845 0.11776736]
 [0.11302007 0.11208072 0.09635095]] 
Episode: 289: [[0.12890057 0.12847859 0.12110702]
 [0.12703063 0.12602298 0.11784849]
 [0.11308438 0.11213478 0.09635394]] 
Episode: 290: [[0.12907888 0.12863755 0.12119786]
 [0.1271707  0.12615122 0.11791377]
 [0.11313221 0.11217163 0.09634271]] 
Episode: 291: [[0.12919873 0.12873758 0.12123634]
 [0.12725034 0.12621728 0.11792418]
 [0.11312394 0.11215145 0.09628429]] 
Episode: 292: [[0.12926593 0.12878357 0.12122449]
 [0.12727699 0.12622969 0.11788265]
 [0.11306562 0.11207951 0.09617419]] 
Episode: 293: [[0.12930442 0.12880284 0.12118564]
 [0.12727997 0.12621811 0.11781419]
 [0.11298524 0.11198334 0.09603816]] 
Episode: 294: [[0.12928072 0.12875585 0.12108737]
 [0.12721585 0.12613706 0.11768425]
 [0.11284433 0.11182541 0.09584805]] 
Episode: 295: [[0.12922022 0.12867844 0.12096153]
 [0.1271218  0.12602925 0.11752614]
 [0.11267725 0.11163998 0.09562906]] 
Episode: 296: [[0.12909941 0.12853947 0.12079022]
 [0.12696584 0.12586018 0.11732449]
 [0.11246438 0.11141173 0.09538012]] 
Episode: 297: [[0.12905715 0.12848537 0.12068993]
 [0.12689462 0.12577757 0.11719431]
 [0.11232218 0.11125427 0.09518883]] 
Episode: 298: [[0.12907185 0.12849276 0.12064622]
 [0.12688173 0.12575714 0.11712221]
 [0.11223484 0.11115472 0.09504791]] 
Episode: 299: [[0.12905894 0.12847075 0.12057161]
 [0.12684065 0.1257056  0.1170171 ]
 [0.11211776 0.11102244 0.09487474]] 
Episode: 300: [[0.12910476 0.12850566 0.1205429 ]
 [0.12685548 0.12570989 0.11695678]
 [0.112044   0.11093335 0.09473696]] 
Episode: 301: [[0.12914658 0.12853372 0.12050534]
 [0.12686378 0.12570648 0.11688728]
 [0.11196148 0.11083478 0.09459014]] 
Episode: 302: [[0.12918602 0.12855266 0.12046093]
 [0.12686355 0.12569052 0.11681196]
 [0.11187486 0.11073387 0.09444172]] 
Episode: 303: [[0.12921952 0.1285646  0.12040693]
 [0.12685698 0.12566625 0.11672515]
 [0.11177652 0.11061928 0.09427986]] 
Episode: 304: [[0.12926623 0.12859915 0.1203789 ]
 [0.1268749  0.12566932 0.11666682]
 [0.11170555 0.11053348 0.09414711]] 
Episode: 305: [[0.1293299  0.12864919 0.12035881]
 [0.1269104  0.1256888  0.11661761]
 [0.11164856 0.11046041 0.09402201]] 
Episode: 306: [[0.12936535 0.1286713  0.12031389]
 [0.12691905 0.12568021 0.11654397]
 [0.1115687  0.11036383 0.09387507]] 
Episode: 307: [[0.12938899 0.12868226 0.12026016]
 [0.12691002 0.12565222 0.11645457]
 [0.11146609 0.11024325 0.09370895]] 
Episode: 308: [[0.12940903 0.12868404 0.12019333]
 [0.1268927  0.12561345 0.11634987]
 [0.11134885 0.11010526 0.09352557]] 
Episode: 309: [[0.12946747 0.12872672 0.12016065]
 [0.12691504 0.12561151 0.11627913]
 [0.11126549 0.11000099 0.09337577]] 
Episode: 310: [[0.12954867 0.12878905 0.1201425 ]
 [0.12695432 0.12562577 0.11622176]
 [0.11119404 0.10990897 0.09323514]] 
Episode: 311: [[0.12968443 0.12891209 0.12018861]
 [0.12705809 0.12571025 0.11623481]
 [0.11119268 0.1098906  0.09316213]] 
Episode: 312: [[0.12979567 0.12900881 0.12020785]
 [0.12713331 0.12576553 0.11621751]
 [0.11115886 0.10983891 0.09305631]] 
Episode: 313: [[0.12992644 0.12914085 0.12027565]
 [0.12724148 0.12586834 0.11625286]
 [0.11117209 0.1098397  0.09300003]] 
Episode: 314: [[0.1301153  0.12934269 0.12041699]
 [0.12742098 0.12605049 0.11636788]
 [0.1112639  0.10992325 0.09302306]] 
Episode: 315: [[0.13032328 0.12957169 0.12058103]
 [0.1276298  0.12626345 0.11650638]
 [0.1113815  0.11003178 0.09306432]] 
Episode: 316: [[0.13049537 0.12976126 0.12071104]
 [0.12779836 0.12643412 0.11660913]
 [0.11146158 0.1101021  0.09307369]] 
Episode: 317: [[0.13065022 0.1299153  0.12080348]
 [0.12793294 0.12656546 0.11667208]
 [0.11150374 0.1101324  0.09304357]] 
Episode: 318: [[0.13081074 0.13006148 0.12088235]
 [0.1280608  0.1266822  0.11672062]
 [0.11153551 0.11015108 0.0930056 ]] 
Episode: 319: [[0.13093843 0.13017806 0.12093909]
 [0.1281624  0.12677358 0.11675061]
 [0.11155105 0.11015435 0.09295885]] 
Episode: 320: [[0.13099325 0.13023162 0.12092829]
 [0.12819812 0.1267966  0.11670851]
 [0.11149761 0.11008575 0.09283762]] 
Episode: 321: [[0.13107383 0.13031399 0.12095029]
 [0.12826256 0.1268508  0.1167011 ]
 [0.11147591 0.11005103 0.09274985]] 
Episode: 322: [[0.13115066 0.13038394 0.12095685]
 [0.12831981 0.12689303 0.11668012]
 [0.11144795 0.11000827 0.09265379]] 
Episode: 323: [[0.1311795  0.13040966 0.12092493]
 [0.12833028 0.1268886  0.11661755]
 [0.11137491 0.10991973 0.09251474]] 
Episode: 324: [[0.1311917  0.1304088  0.12086125]
 [0.12831011 0.12684843 0.1165175 ]
 [0.11126196 0.10978904 0.09233467]] 
Episode: 325: [[0.13123357 0.1304333  0.12082087]
 [0.12831517 0.12683287 0.11644106]
 [0.11117194 0.10968166 0.09217364]] 
Episode: 326: [[0.13120613 0.13038686 0.12071297]
 [0.1282495  0.12674294 0.11629289]
 [0.11101109 0.10949978 0.09194474]] 
Episode: 327: [[0.13119188 0.13035782 0.12062428]
 [0.12820186 0.12667389 0.11616485]
 [0.1108683  0.10933689 0.09173308]] 
Episode: 328: [[0.13125812 0.13040604 0.12060102]
 [0.12822643 0.12667827 0.11610088]
 [0.11078545 0.10923536 0.09157395]] 
Episode: 329: [[0.13121124 0.13034196 0.12047989]
 [0.12813875 0.12656909 0.11593764]
 [0.11060639 0.10903628 0.09133109]] 
Episode: 330: [[0.13113436 0.13026637 0.12034547]
 [0.12804112 0.12645641 0.11576289]
 [0.11041844 0.10882726 0.09107389]] 
Episode: 331: [[0.1310461  0.13018136 0.12020501]
 [0.1279371  0.12633802 0.11558576]
 [0.11022962 0.10861798 0.09082057]] 
Episode: 332: [[0.13102672 0.13016443 0.12013673]
 [0.12789817 0.12629548 0.11548572]
 [0.11011348 0.10848758 0.09063859]] 
Episode: 333: [[0.13103397 0.1301836  0.12011345]
 [0.1278942  0.12629524 0.11543553]
 [0.11004339 0.10840817 0.09051006]] 
Episode: 334: [[0.13107945 0.13023126 0.12012045]
 [0.12792121 0.1263267  0.11541917]
 [0.11000797 0.10836532 0.09041716]] 
Episode: 335: [[0.13117033 0.13032791 0.12017915]
 [0.12799819 0.12641151 0.11545736]
 [0.11002482 0.10837687 0.09037532]] 
Episode: 336: [[0.1313249  0.13049646 0.12030407]
 [0.12814751 0.12657282 0.11556452]
 [0.11010966 0.10845843 0.09039312]] 
Episode: 337: [[0.13143927 0.1306229  0.12039482]
 [0.12825371 0.12669183 0.11563953]
 [0.11016227 0.10850999 0.09039248]] 
Episode: 338: [[0.13150989 0.13070385 0.12044329]
 [0.12831181 0.12676153 0.1156695 ]
 [0.11016804 0.10851401 0.0903482 ]] 
Episode: 339: [[0.13160148 0.13080859 0.1205134 ]
 [0.1283947  0.1268549  0.11572168]
 [0.11019716 0.10854151 0.09032648]] 
Episode: 340: [[0.13168758 0.13090783 0.12057678]
 [0.12847234 0.12694474 0.1157667 ]
 [0.11022042 0.10856237 0.09029362]] 
Episode: 341: [[0.1317371  0.13096762 0.12060395]
 [0.12851058 0.12699576 0.11577451]
 [0.11020745 0.1085466  0.09022397]] 
Episode: 342: [[0.13182184 0.131051   0.12065499]
 [0.1285712  0.12706856 0.11580619]
 [0.11021563 0.10855373 0.09017555]] 
Episode: 343: [[0.13195737 0.1311828  0.12074719]
 [0.12868208 0.12718964 0.11587982]
 [0.11026648 0.10860277 0.09016626]] 
Episode: 344: [[0.1320978  0.13133068 0.12085827]
 [0.12880555 0.12732676 0.11597233]
 [0.11033191 0.10866808 0.09017351]] 
Episode: 345: [[0.13225104 0.13149004 0.12097539]
 [0.12894227 0.12747157 0.11607048]
 [0.11040432 0.10873875 0.09018783]] 
Episode: 346: [[0.13246308 0.13170455 0.12113586]
 [0.12913692 0.12767306 0.11621347]
 [0.11052556 0.10885718 0.09024272]] 
Episode: 347: [[0.13263687 0.13188393 0.12126043]
 [0.12929797 0.12784056 0.11631972]
 [0.11061218 0.10893874 0.09026442]] 
Episode: 348: [[0.13277869 0.13203032 0.12136182]
 [0.12942633 0.12797582 0.11640473]
 [0.11067677 0.10899961 0.09027576]] 
Episode: 349: [[0.13277508 0.13203412 0.12131585]
 [0.12941822 0.12796758 0.11633684]
 [0.11060046 0.10890942 0.09013797]] 
Episode: 350: [[0.13265975 0.13190572 0.12114422]
 [0.12927891 0.12782058 0.11613981]
 [0.1103984  0.10868964 0.08988303]] 
Episode: 351: [[0.13255602 0.13179278 0.1209897 ]
 [0.12915403 0.12768994 0.11596101]
 [0.11021324 0.10848813 0.08964883]] 
Episode: 352: [[0.1324823  0.13171001 0.12086837]
 [0.12906031 0.12759069 0.11581802]
 [0.11006318 0.10832319 0.08945337]] 
Episode: 353: [[0.1323468  0.13156542 0.12069567]
 [0.12889917 0.12742576 0.11562121]
 [0.10985381 0.10810073 0.08921012]] 
Episode: 354: [[0.13224174 0.13145183 0.12055726]
 [0.12876342 0.1272961  0.11546011]
 [0.10967254 0.10791175 0.08899958]] 
Episode: 355: [[0.13214208 0.13134606 0.12042332]
 [0.12863019 0.127171   0.11529982]
 [0.10948744 0.10771928 0.08878199]] 
Episode: 356: [[0.13212729 0.13132446 0.12036701]
 [0.12858178 0.1271303  0.11521894]
 [0.10937978 0.10760612 0.08863752]] 
Episode: 357: [[0.13218218 0.13136865 0.12036675]
 [0.12860335 0.12715758 0.11519464]
 [0.10933065 0.10754953 0.08853851]] 
Episode: 358: [[0.13229312 0.13147396 0.12042567]
 [0.12868607 0.12724416 0.11523075]
 [0.10934154 0.10755445 0.08849697]] 
Episode: 359: [[0.1323962  0.13157693 0.12048698]
 [0.1287702  0.12733735 0.11527391]
 [0.10936426 0.10757273 0.08846301]] 
Episode: 360: [[0.13252528 0.13170727 0.12057513]
 [0.12888254 0.12745933 0.1153454 ]
 [0.10941547 0.10762025 0.08845779]] 
Episode: 361: [[0.13271685 0.13190524 0.12072293]
 [0.12906598 0.12765333 0.11547935]
 [0.10953198 0.10773339 0.08850983]] 
Episode: 362: [[0.13292347 0.1321142  0.12088003]
 [0.12925903 0.12785852 0.11562237]
 [0.1096564  0.107855   0.0885662 ]] 
Episode: 363: [[0.13314213 0.1323332  0.12104778]
 [0.1294619  0.128073   0.11577596]
 [0.10979048 0.10798702 0.08863526]] 
Episode: 364: [[0.13335426 0.13254544 0.12120837]
 [0.12965858 0.12827948 0.11592223]
 [0.10991847 0.10811209 0.08869918]] 
Episode: 365: [[0.13358447 0.13276725 0.12137549]
 [0.12986654 0.12849484 0.11607487]
 [0.11005578 0.10824528 0.08876485]] 
Episode: 366: [[0.13378105 0.13295253 0.12150796]
 [0.13004057 0.128673   0.11619341]
 [0.11016262 0.10834695 0.08880397]] 
Episode: 367: [[0.13396856 0.13312884 0.12163611]
 [0.13020626 0.12884192 0.1163082 ]
 [0.11026498 0.10844445 0.08884484]] 
Episode: 368: [[0.13403594 0.13318416 0.12165117]
 [0.13024445 0.12888288 0.11630404]
 [0.11024598 0.10842158 0.08877299]] 
Episode: 369: [[0.13395715 0.13308394 0.12151317]
 [0.13012621 0.12875958 0.11614022]
 [0.11007165 0.10823742 0.08855591]] 
Episode: 370: [[0.13388315 0.13297403 0.12137115]
 [0.12999426 0.12862247 0.11597057]
 [0.10988652 0.10804424 0.08833534]] 
Episode: 371: [[0.13371134 0.13276787 0.12114771]
 [0.12976278 0.12838958 0.11571949]
 [0.10961787 0.10777067 0.08804498]] 
Episode: 372: [[0.13354476 0.13257945 0.1209389 ]
 [0.12954885 0.12817296 0.1154818 ]
 [0.10936213 0.10750887 0.08776586]] 
Episode: 373: [[0.1334154  0.13245186 0.12079472]
 [0.1293987  0.12802736 0.11531378]
 [0.10917404 0.10731734 0.08755124]] 
Episode: 374: [[0.1333465  0.13238537 0.12070749]
 [0.1293101  0.12794459 0.11520446]
 [0.10904378 0.10718463 0.08739045]] 
Episode: 375: [[0.13327083 0.13230993 0.12061501]
 [0.1292154  0.12785517 0.11509141]
 [0.10891061 0.10704833 0.08722932]] 
Episode: 376: [[0.13324067 0.13228098 0.12056469]
 [0.1291657  0.12781003 0.11501952]
 [0.10881561 0.10695027 0.08710308]] 
Episode: 377: [[0.13319418 0.1322341  0.12052226]
 [0.1290937  0.12775691 0.1149613 ]
 [0.10872512 0.10686492 0.08700082]] 
Episode: 378: [[0.13320541 0.13224395 0.12053212]
 [0.12907714 0.12775975 0.11495612]
 [0.10868541 0.10683331 0.0869484 ]] 
Episode: 379: [[0.13324055 0.13227753 0.12055431]
 [0.12909015 0.12778895 0.11496446]
 [0.10866655 0.10681909 0.08690497]] 
Episode: 380: [[0.13321729 0.13224879 0.12051038]
 [0.129039   0.12774935 0.11490165]
 [0.10857797 0.10673101 0.08679085]] 
Episode: 381: [[0.13321498 0.13224128 0.1204816 ]
 [0.12901402 0.12773198 0.11485559]
 [0.10851158 0.10666295 0.08669452]] 
Episode: 382: [[0.13317282 0.13219626 0.12041576]
 [0.12894972 0.12767713 0.11477003]
 [0.10840494 0.10655345 0.08655535]] 
Episode: 383: [[0.13301207 0.13202344 0.12023085]
 [0.12875569 0.12748785 0.1145622 ]
 [0.10817628 0.10632051 0.08630773]] 
Episode: 384: [[0.13287874 0.13188154 0.12008128]
 [0.12859549 0.12733334 0.11439369]
 [0.10798854 0.10613006 0.08610553]] 
Episode: 385: [[0.1327586  0.13175596 0.11994866]
 [0.12845278 0.12719686 0.11424273]
 [0.10781813 0.10595672 0.08592015]] 
Episode: 386: [[0.13267101 0.13167131 0.1198533 ]
 [0.12835152 0.12710407 0.11412943]
 [0.10768456 0.10582018 0.08576559]] 
Episode: 387: [[0.1326238  0.1316241  0.11979093]
 [0.12828955 0.12704782 0.11404963]
 [0.10758527 0.10571724 0.08564405]] 
Episode: 388: [[0.13266347 0.13164812 0.11978915]
 [0.12829982 0.12706178 0.11403167]
 [0.10754969 0.10567864 0.08557609]] 
Episode: 389: [[0.13274764 0.13172156 0.1198351 ]
 [0.12836005 0.12712651 0.11406278]
 [0.10756271 0.10568938 0.08555204]] 
Episode: 390: [[0.13288526 0.13185391 0.11993709]
 [0.12848167 0.12725396 0.11415311]
 [0.10763746 0.10576254 0.08558313]] 
Episode: 391: [[0.1330108  0.13198416 0.12004293]
 [0.1285989  0.12738183 0.11424762]
 [0.10771485 0.10584033 0.08561901]] 
Episode: 392: [[0.13313289 0.1321009  0.12013309]
 [0.12870272 0.12749161 0.11432537]
 [0.10777767 0.10590242 0.0856394 ]] 
Episode: 393: [[0.13326573 0.13223487 0.12023159]
 [0.12882401 0.12761725 0.11441047]
 [0.10784943 0.10597224 0.08566026]] 
Episode: 394: [[0.13337316 0.13234492 0.12031309]
 [0.12891951 0.12772004 0.11447887]
 [0.1079014  0.10602376 0.08566808]] 
Episode: 395: [[0.1335195  0.13248913 0.12042122]
 [0.12905246 0.12785864 0.11457407]
 [0.10798269 0.10610271 0.08569576]] 
Episode: 396: [[0.13368632 0.13265428 0.12054729]
 [0.12920569 0.12801741 0.11468745]
 [0.10808153 0.10619967 0.08573879]] 
Episode: 397: [[0.1338112  0.13277982 0.12063947]
 [0.12931788 0.12813294 0.11476541]
 [0.10814409 0.10625963 0.0857557 ]] 
Episode: 398: [[0.13385677 0.13284257 0.12067446]
 [0.12936649 0.12818596 0.1147843 ]
 [0.1081466  0.10625824 0.08571744]] 
Episode: 399: [[0.13391197 0.1329099  0.12071385]
 [0.12941991 0.12824287 0.11480848]
 [0.10815476 0.1062631  0.08568823]] 
Episode: 400: [[0.13399473 0.13300134 0.12077544]
 [0.12949532 0.12832218 0.11485399]
 [0.10818141 0.10628744 0.08567636]] 
Episode: 401: [[0.13409366 0.13310787 0.12084804]
 [0.12958829 0.12841888 0.11491155]
 [0.10822228 0.10632482 0.08567532]] 
Episode: 402: [[0.1342229  0.1332417  0.12094655]
 [0.12971082 0.12854573 0.11499729]
 [0.10829248 0.10639211 0.08570093]] 
Episode: 403: [[0.13439159 0.13342027 0.12109465]
 [0.12987652 0.12872237 0.1151344 ]
 [0.10840857 0.10650846 0.08577188]] 
Episode: 404: [[0.13454103 0.13357206 0.12122141]
 [0.13001423 0.1288714  0.1152505 ]
 [0.10850313 0.1066036  0.08582615]] 
Episode: 405: [[0.13463159 0.13366458 0.12130193]
 [0.13008723 0.12895808 0.11531883]
 [0.10854385 0.10664813 0.08583519]] 
Episode: 406: [[0.1347191  0.13375561 0.12137525]
 [0.13015969 0.12904231 0.1153789 ]
 [0.10857835 0.10668507 0.08583127]] 
Episode: 407: [[0.13478203 0.13382271 0.12142641]
 [0.13020779 0.12909973 0.11541552]
 [0.10858933 0.10669751 0.08581022]] 
Episode: 408: [[0.13479963 0.13383923 0.12142655]
 [0.13020064 0.129096   0.11539525]
 [0.10854052 0.10664789 0.08573633]] 
Episode: 409: [[0.1347606  0.13379814 0.12137706]
 [0.13013186 0.12903124 0.11532297]
 [0.10843562 0.10654287 0.08561362]] 
Episode: 410: [[0.13476346 0.13380772 0.12137594]
 [0.1301151  0.129022   0.11530233]
 [0.10838266 0.10649191 0.08553933]] 
Episode: 411: [[0.13470718 0.13373703 0.12129329]
 [0.13001555 0.12892263 0.1151941 ]
 [0.10824307 0.10635033 0.08538269]] 
Episode: 412: [[0.13474004 0.13376443 0.12130196]
 [0.13001636 0.12893096 0.11518068]
 [0.10819892 0.10630559 0.08530649]] 
Episode: 413: [[0.13477814 0.13379385 0.12130651]
 [0.13002175 0.1289416  0.11516351]
 [0.10815552 0.10625973 0.08522715]] 
Episode: 414: [[0.13482384 0.1338311  0.12131785]
 [0.13003434 0.12895685 0.11515241]
 [0.10811696 0.10621846 0.08515587]] 
Episode: 415: [[0.13483754 0.1338387  0.1213083 ]
 [0.13001813 0.12894392 0.11512259]
 [0.1080597  0.10616042 0.08507616]] 
Episode: 416: [[0.13478838 0.13378654 0.12124518]
 [0.12993614 0.1288656  0.11503495]
 [0.10794011 0.10604075 0.0849433 ]] 
Episode: 417: [[0.1346926  0.13368808 0.12113799]
 [0.12980786 0.12874153 0.11490146]
 [0.10777432 0.10587373 0.08476698]] 
Episode: 418: [[0.13462244 0.13359182 0.12102779]
 [0.12968269 0.1286146  0.11476301]
 [0.10760568 0.10570135 0.08458569]] 
Episode: 419: [[0.13453804 0.133482   0.12090833]
 [0.12954207 0.12847319 0.11461414]
 [0.10742293 0.10551573 0.08439435]] 
Episode: 420: [[0.13440646 0.13333094 0.1207547 ]
 [0.12935834 0.12829204 0.11443076]
 [0.1072036  0.10529414 0.08417102]] 
Episode: 421: [[0.13419022 0.13313225 0.12057471]
 [0.12912866 0.12808265 0.11422757]
 [0.10696309 0.10505588 0.0839316 ]] 
Episode: 422: [[0.13400367 0.13296421 0.1204251 ]
 [0.12893018 0.1279036  0.11405679]
 [0.1067545  0.10485081 0.08372699]] 
Episode: 423: [[0.13388881 0.13287061 0.12034684]
 [0.12880546 0.1278014  0.1139597 ]
 [0.10661747 0.1047196  0.08359207]] 
Episode: 424: [[0.13381472 0.13281718 0.12030582]
 [0.12872303 0.12774336 0.11390252]
 [0.10652206 0.1046306  0.08349273]] 
Episode: 425: [[0.133809   0.1328336  0.12032653]
 [0.12870966 0.12775488 0.11390767]
 [0.10649034 0.10460562 0.0834484 ]] 
Episode: 426: [[0.13384576 0.13289039 0.12037906]
 [0.12874272 0.12781407 0.11394842]
 [0.10650136 0.10462331 0.08342993]] 
Episode: 427: [[0.13391788 0.13294658 0.12042779]
 [0.12877658 0.12786631 0.11398527]
 [0.10651068 0.10463835 0.08340817]] 
Episode: 428: [[0.13397665 0.13299413 0.12046617]
 [0.12880374 0.1279111  0.11401208]
 [0.1065122  0.10464473 0.08337763]] 
Episode: 429: [[0.13407287 0.13308445 0.12054413]
 [0.12887804 0.12799886 0.11408336]
 [0.10656031 0.10469864 0.08339856]] 
Episode: 430: [[0.13403781 0.13303012 0.12047549]
 [0.12881134 0.1279383  0.11400387]
 [0.1064677  0.10460536 0.08327443]] 
Episode: 431: [[0.13406327 0.13303785 0.12045839]
 [0.1288062  0.12793912 0.11397596]
 [0.1064263  0.10456307 0.08319407]] 
Episode: 432: [[0.13413039 0.13308153 0.12046569]
 [0.128843   0.12797394 0.11397218]
 [0.10641639 0.10454776 0.08313344]] 
Episode: 433: [[0.13414283 0.1330701  0.12041921]
 [0.12882511 0.12794964 0.11391214]
 [0.10635161 0.1044751  0.08302237]] 
Episode: 434: [[0.13417594 0.13308002 0.12039279]
 [0.128828   0.12794738 0.11387175]
 [0.10630629 0.10442158 0.08292957]] 
Episode: 435: [[0.13423124 0.13311622 0.12039654]
 [0.12885302 0.12797275 0.11386272]
 [0.10628805 0.10439847 0.08286768]] 
Episode: 436: [[0.13428669 0.13315439 0.12041128]
 [0.1288793  0.12800536 0.11386668]
 [0.10627815 0.10438654 0.08281656]] 
Episode: 437: [[0.13440344 0.13325737 0.12048679]
 [0.12896916 0.12810388 0.11393192]
 [0.10632732 0.10443531 0.08281988]] 
Episode: 438: [[0.13452701 0.13336171 0.12055994]
 [0.1290589  0.12819886 0.11399227]
 [0.10637039 0.10447711 0.08281574]] 
Episode: 439: [[0.13461785 0.13343261 0.12060902]
 [0.1291164  0.12826219 0.11403105]
 [0.10639309 0.10450038 0.08280245]] 
Episode: 440: [[0.1346861  0.13349019 0.12065361]
 [0.12915796 0.12831335 0.11406405]
 [0.10640466 0.10451376 0.08278515]] 
Episode: 441: [[0.134771   0.13355662 0.12070227]
 [0.12921071 0.12837261 0.11410077]
 [0.10642244 0.1045313  0.08276856]] 
Episode: 442: [[0.13484272 0.13360687 0.1207382 ]
 [0.12924647 0.12841305 0.11412479]
 [0.10642658 0.10453643 0.08274736]] 
Episode: 443: [[0.13485731 0.13360915 0.12073101]
 [0.12923494 0.12840766 0.114108  ]
 [0.10639349 0.10450554 0.08269399]] 
Episode: 444: [[0.13490637 0.1336522  0.12076016]
 [0.12926787 0.12844779 0.11412914]
 [0.10640119 0.10451387 0.08267499]] 
Episode: 445: [[0.13498682 0.1337268  0.12081867]
 [0.12933062 0.1285184  0.11417885]
 [0.10643362 0.10454839 0.08268119]] 
Episode: 446: [[0.13507065 0.13379847 0.12085977]
 [0.12938717 0.12857343 0.11420573]
 [0.10644364 0.10455756 0.08266015]] 
Episode: 447: [[0.13515484 0.13386633 0.12089717]
 [0.12943761 0.12862149 0.11422746]
 [0.10644604 0.1045605  0.08263332]] 
Episode: 448: [[0.1352296  0.13392502 0.12092754]
 [0.12948054 0.12866141 0.11424293]
 [0.10644332 0.1045578  0.08260036]] 
Episode: 449: [[0.13530694 0.13398118 0.12095597]
 [0.1295214  0.12869515 0.11425503]
 [0.10643719 0.10455049 0.08256301]] 
Episode: 450: [[0.13531838 0.13397083 0.12093186]
 [0.12949991 0.12866756 0.11421588]
 [0.10638147 0.10449182 0.08248392]] 
Episode: 451: [[0.13531701 0.1339491  0.12089408]
 [0.1294659  0.1286276  0.11416111]
 [0.10630966 0.10441563 0.08238576]] 
Episode: 452: [[0.13532235 0.13394204 0.12087156]
 [0.12944783 0.12860568 0.11412384]
 [0.10625712 0.10435931 0.08230799]] 
Episode: 453: [[0.13534576 0.13395478 0.1208647 ]
 [0.12944762 0.12860337 0.11410137]
 [0.10621706 0.10431573 0.08223819]] 
Episode: 454: [[0.13535239 0.13395157 0.12084212]
 [0.12942943 0.1285838  0.11406205]
 [0.10616008 0.10425507 0.08215199]] 
Episode: 455: [[0.1353645  0.13396339 0.12083624]
 [0.12942675 0.1285846  0.11404129]
 [0.10612185 0.10421423 0.08208254]] 
Episode: 456: [[0.13533017 0.13389629 0.12075537]
 [0.12934418 0.1285024  0.11394161]
 [0.10600231 0.10409009 0.08193718]] 
Episode: 457: [[0.13537218 0.13391158 0.12076209]
 [0.12934344 0.1285103  0.11393391]
 [0.10597122 0.10405851 0.08187693]] 
Episode: 458: [[0.13539903 0.13391931 0.12076098]
 [0.12933457 0.12851036 0.11391822]
 [0.1059321  0.1040189  0.08180994]] 
Episode: 459: [[0.13542642 0.13392591 0.1207586 ]
 [0.12932439 0.12850465 0.11390073]
 [0.10589112 0.10397714 0.0817458 ]] 
Episode: 460: [[0.13552822 0.13401476 0.12082665]
 [0.12939656 0.12857981 0.1139537 ]
 [0.10592155 0.10400705 0.08174391]] 
Episode: 461: [[0.1356456  0.13411409 0.12090603]
 [0.12947334 0.12866351 0.11401574]
 [0.10595562 0.1040431  0.08174361]] 
Episode: 462: [[0.13575697 0.13422169 0.1210008 ]
 [0.12956108 0.12876637 0.11409695]
 [0.10600943 0.1041002  0.08176252]] 
Episode: 463: [[0.13583769 0.13428858 0.12106523]
 [0.12961118 0.12883861 0.11415229]
 [0.10603983 0.10413439 0.0817569 ]] 
Episode: 464: [[0.1359609  0.13440378 0.12117769]
 [0.12970795 0.12895904 0.11425668]
 [0.106116   0.10421606 0.08179934]] 
Episode: 465: [[0.13602969 0.13449506 0.12127484]
 [0.12977481 0.1290577  0.1143465 ]
 [0.10617319 0.10428274 0.08183255]] 
Episode: 466: [[0.1360861  0.13457462 0.12135848]
 [0.12982883 0.12914124 0.11442039]
 [0.10621232 0.1043307  0.08184602]] 
Episode: 467: [[0.13609748 0.13460173 0.12138911]
 [0.1298273  0.12916695 0.11443821]
 [0.10619469 0.10432117 0.0818063 ]] 
Episode: 468: [[0.13613914 0.13465735 0.12144241]
 [0.12985578 0.1292202  0.11447864]
 [0.10620108 0.10433453 0.08178732]] 
Episode: 469: [[0.13606709 0.13469726 0.12148211]
 [0.12987332 0.12927313 0.11450621]
 [0.10619502 0.10433384 0.08174512]] 
Episode: 470: [[0.13605171 0.13478673 0.1215682 ]
 [0.1299432  0.12937671 0.1145834 ]
 [0.10624082 0.10438605 0.08175378]] 
Episode: 471: [[0.13602717 0.13484728 0.1216364 ]
 [0.1299846  0.12945653 0.11464492]
 [0.10627003 0.10442386 0.08175693]] 
Episode: 472: [[0.1360389  0.13494    0.12172366]
 [0.13006875 0.12957458 0.11472625]
 [0.10632856 0.104485   0.0817705 ]] 
Episode: 473: [[0.13600598 0.13497317 0.12175991]
 [0.13009104 0.1296259  0.11475397]
 [0.10632862 0.10448731 0.08173503]] 
Episode: 474: [[0.13592553 0.13493814 0.12172695]
 [0.13004601 0.12959951 0.11470965]
 [0.10626108 0.10441875 0.08163438]] 
Episode: 475: [[0.13584186 0.13488966 0.12168474]
 [0.1299857  0.12955798 0.11465764]
 [0.10618514 0.10434432 0.08153286]] 
Episode: 476: [[0.13575132 0.1348231  0.121625  ]
 [0.1299066  0.12949318 0.11458737]
 [0.1060899  0.10425007 0.08141918]] 
Episode: 477: [[0.13561976 0.13470423 0.12150459]
 [0.12977278 0.12936811 0.11445202]
 [0.10593286 0.10409056 0.08124278]] 
Episode: 478: [[0.13551591 0.13461292 0.12140863]
 [0.12966712 0.12927003 0.11434132]
 [0.10580126 0.10395614 0.08108965]] 
Episode: 479: [[0.13541138 0.13451862 0.12131121]
 [0.12955943 0.12916824 0.1142298 ]
 [0.10566979 0.10382178 0.0809413 ]] 
Episode: 480: [[0.13533893 0.13448212 0.12127043]
 [0.12951756 0.12914109 0.11418063]
 [0.10560488 0.10375424 0.08084547]] 
Episode: 481: [[0.13525869 0.13443452 0.12121849]
 [0.1294619  0.12909864 0.11411785]
 [0.10552402 0.10367041 0.08073698]] 
Episode: 482: [[0.13517295 0.13438159 0.12116373]
 [0.1293994  0.12905262 0.11405218]
 [0.10543807 0.10358235 0.08062442]] 
Episode: 483: [[0.13507935 0.13431475 0.12109762]
 [0.12932327 0.12899081 0.11397503]
 [0.10534079 0.10348266 0.08050469]] 
Episode: 484: [[0.1349866  0.13424785 0.12103041]
 [0.12924606 0.12892568 0.1138957 ]
 [0.10524048 0.10337972 0.08038311]] 
Episode: 485: [[0.13493758 0.13422874 0.12100934]
 [0.1292172  0.12891093 0.1138645 ]
 [0.10518782 0.10332561 0.08030438]] 
Episode: 486: [[0.13487372 0.13418321 0.12096169]
 [0.12916106 0.12886456 0.11380484]
 [0.10510715 0.10324242 0.08020189]] 
Episode: 487: [[0.13478678 0.13411716 0.12090072]
 [0.12908822 0.1288041  0.11373572]
 [0.10502099 0.10315461 0.08009756]] 
Episode: 488: [[0.1346422  0.13400081 0.12078015]
 [0.12896499 0.12869492 0.11360312]
 [0.10487626 0.10300397 0.07992215]] 
Episode: 489: [[0.13453493 0.13392508 0.12070519]
 [0.12888086 0.1286221  0.11351729]
 [0.10477713 0.10290097 0.07979926]] 
Episode: 490: [[0.13451618 0.13394047 0.12071557]
 [0.1288931  0.12865658 0.11352412]
 [0.10477703 0.10290015 0.07975777]] 
Episode: 491: [[0.13450417 0.13395795 0.12072591]
 [0.12890504 0.12868832 0.11352871]
 [0.10477173 0.10289406 0.07971258]] 
Episode: 492: [[0.13453527 0.13401419 0.12076898]
 [0.12895499 0.12875526 0.11356507]
 [0.10479701 0.1029182  0.07969555]] 
Episode: 493: [[0.13453941 0.1340451  0.12079735]
 [0.12898213 0.1288022  0.11359081]
 [0.10481637 0.10293777 0.07967959]] 
Episode: 494: [[0.13460515 0.13413425 0.12087712]
 [0.12906656 0.12890819 0.11366929]
 [0.10488747 0.1030117  0.0797054 ]] 
Episode: 495: [[0.13469206 0.13423994 0.12096975]
 [0.12916714 0.12902722 0.11376004]
 [0.10497094 0.10309783 0.07974261]] 
Episode: 496: [[0.13478252 0.13434829 0.12106138]
 [0.12926792 0.12914333 0.11384677]
 [0.10504755 0.10317613 0.0797727 ]] 
Episode: 497: [[0.13484646 0.13443665 0.12113547]
 [0.12934774 0.12924239 0.11391462]
 [0.10510402 0.1032334  0.07978174]] 
Episode: 498: [[0.13489126 0.13448238 0.12117546]
 [0.1293815  0.12929484 0.11394655]
 [0.10512064 0.10325154 0.07976318]] 
Episode: 499: [[0.13487944 0.13446586 0.12115947]
 [0.12935068 0.12928054 0.11392025]
 [0.10507639 0.10320902 0.0796916 ]] 
Episode: 500: [[0.13486542 0.1344515  0.12114749]
 [0.1293226  0.1292699  0.11389855]
 [0.10503564 0.10317013 0.07962696]] 
