7.692609 10.905026 14.837426 12.711626 1.880031 0.000000 
7.928107 9.391764 8.455866 8.797052 2.489864 0.039565 
11.149435 9.799221 14.488608 18.783230 4.048446 0.027976 
8.571115 11.320303 8.079972 11.753543 4.541829 0.000000 
7.729718 7.211452 6.665504 5.689339 3.184322 0.000000 
7.324908 9.121883 11.366677 6.519839 2.812159 0.027976 
7.938153 9.256609 8.585837 7.426397 2.976903 0.019782 
6.071086 5.576189 5.419638 6.497605 1.969607 0.027976 
5.833816 8.598660 6.478171 4.355456 2.531959 0.000000 
11.507405 11.843984 11.827849 8.538883 3.528643 0.034264 
7.385145 7.711034 10.128655 6.147460 2.308934 0.000000 
9.135725 9.297940 8.572971 7.885356 2.590876 0.027976 
8.066428 11.560626 6.085182 5.347823 2.890492 0.027976 
9.247285 11.494661 15.855884 13.055797 5.025156 0.000000 
7.941490 8.942899 10.869932 10.000735 2.385893 0.000000 
5.954435 5.144641 8.766318 11.971494 5.925924 0.000000 
13.788379 13.615252 16.242491 15.992665 1.534804 0.000000 
6.273980 8.991845 10.775247 8.403893 3.685465 0.000000 
9.811132 8.993375 6.111477 5.067089 2.841865 0.019782 
6.780787 10.285145 5.557953 8.316047 3.142986 0.000000 
5.996230 8.499370 6.864842 4.132564 2.572073 0.027976 
7.433896 10.490399 13.732600 17.644892 2.835865 0.000000 
7.255743 6.988590 8.321663 7.974126 2.249685 0.034264 
6.660971 8.393629 12.225806 7.455668 2.961740 0.000000 
7.036675 6.979069 7.860150 8.718257 2.314606 0.000000 
6.352399 4.856033 4.478902 4.050912 2.867988 0.019782 
7.968709 7.313005 6.700541 6.248616 2.004474 0.000000 
11.279485 17.568096 12.346734 15.304945 2.910604 0.027976 
8.098466 9.623919 9.899920 12.977012 2.928506 0.019782 
8.115806 12.373408 11.259457 15.306651 4.111851 0.019782 
7.116373 8.300802 7.618214 5.580475 2.848126 0.000000 
6.258022 6.700015 5.427261 8.423849 2.180321 0.048457 
8.170415 13.694338 13.349731 13.485189 3.452300 0.000000 
9.004727 6.948648 6.751104 6.181583 2.437349 0.027976 
6.996249 5.592788 4.350956 3.604131 3.675569 0.027976 
9.073591 11.068254 8.011802 8.921256 3.750715 0.000000 
6.663385 6.700893 8.052788 12.708926 3.596027 0.000000 
8.251143 12.996888 5.681341 5.092353 2.619129 0.000000 
8.639929 12.003934 11.560387 18.239357 3.953591 0.000000 
6.787725 8.265741 6.585319 4.393067 3.044333 0.027976 
8.834245 9.638453 12.505048 20.720051 2.987669 0.000000 
7.913361 13.345573 8.884734 5.320344 2.068006 0.019782 
6.157083 6.621905 5.232180 4.493965 2.631803 0.019782 
9.996861 11.023124 14.965446 8.242859 3.901388 0.000000 
7.753600 10.040205 11.899729 9.982056 2.199091 0.000000 
8.081917 8.569397 9.017984 4.974569 2.457821 0.027976 
14.806735 19.545076 16.498674 9.117510 3.834358 0.034264 
6.111894 5.403995 5.466369 4.912668 2.210808 0.019782 
7.495435 7.041468 9.660091 4.103603 2.240007 0.027976 
6.836899 7.204267 6.558374 3.045425 1.637575 0.027976 
