22.363338 0.061672 0.056504 0.110072 0.213041 
136.458923 49.350754 0.550971 0.229324 0.301623 
51.403088 0.094373 0.173514 0.384773 0.524057 
20.223869 0.013712 0.162949 0.589061 1.223841 
26.199127 0.009189 0.240298 1.105050 2.036721 
62.072792 0.005859 0.257404 1.724397 4.271648 
100.235733 0.002166 0.319118 1.475453 5.779716 
111.088203 0.001651 0.474615 1.962344 19.070902 
107.513557 0.001305 0.723488 1.286215 39.429031 
104.963737 0.004583 0.587856 4.655781 265.882629 
50.744190 0.016579 0.377670 30.279507 433.604401 
19.034321 0.085845 0.215878 77.714088 849.822693 
7.406589 0.241909 0.447696 599.870911 3013.257080 
58.650120 3.443610 14.487491 2046.459351 12945.856445 
348.846863 91.334663 173.092834 1060.293091 40004.917969 
199.223022 8.997910 74.051880 275.441559 353027.812500 
98.029427 28.570276 55.737839 155.512115 261423.468750 
59.898186 3.362330 57.734924 361.670013 539194.500000 
54.856163 3.330435 9.913773 268.073608 252897.750000 
57.759361 7.663694 42.222939 863.930908 246847.218750 
90.998878 8.970627 33.091431 4763.884277 212877.109375 
75.566704 17.340254 267.124084 9010.304688 519616.406250 
122.996521 49.020115 897.208557 29872.603516 355033.781250 
90.120110 22.232859 1512.389038 58461.398438 419003.437500 
92.973076 30.297987 2499.718506 38840.546875 342888.375000 
114.008835 22.452642 4562.452637 93232.640625 325053.875000 
76.326080 12.321419 2094.035645 7715.939941 269821.156250 
105.312561 30.603748 6360.368164 23637.439453 197636.406250 
114.614891 74.573540 14407.858398 17871.662109 232987.953125 
76.485718 36.546265 8444.541992 16325.162109 283144.812500 
56.516109 122.571815 5598.330566 13163.876953 161986.281250 
69.275566 95.500153 19440.335938 4772.142578 190874.515625 
106.228180 49.060673 34402.003906 21367.943359 162110.312500 
96.736137 79.961739 87364.445312 13675.645508 159349.875000 
53.235268 50.950016 97608.968750 23954.000000 87377.796875 
107.531654 63.498402 236064.312500 40846.171875 122331.937500 
46.856346 19.551279 517922.875000 58289.414062 69180.914062 
85.236855 127.357635 2273459.500000 237132.671875 102520.937500 
76.564369 53.500595 5504158.000000 185207.671875 97797.367188 
85.832047 133.259705 14961365.000000 613829.687500 66094.148438 
96.928635 58.970387 33481762.000000 2608149.000000 93944.921875 
147.984924 241.399933 95332472.000000 1518095.000000 156473.843750 
118.979385 309.399384 135040000.000000 2716435.000000 93107.414062 
229.610458 1404.449829 563257856.000000 1659102.500000 135035.750000 
207.800751 1104.806641 711831872.000000 2208863.500000 62762.648438 
319.062408 1295.108887 2101533312.000000 4072199.750000 161419.125000 
572.886780 1922.242310 7468933632.000000 4985036.500000 65286.339844 
366.560181 1904.613403 3949169920.000000 495562.281250 159246.062500 
323.108246 647.672241 1613447808.000000 96904.507812 99204.625000 
138.984787 252.699493 1068263616.000000 100326.640625 55097.453125 
114.114784 577.820801 444529536.000000 5830.564453 27897.445312 
79.181580 482.140045 361854080.000000 13751.499023 58401.039062 
74.075104 539.055237 118179064.000000 3610.682617 35111.902344 
80.009590 307.188202 110599336.000000 4241.604492 37351.554688 
66.840454 37.643715 54496288.000000 2839.364502 26432.792969 
66.907707 199.380127 55589708.000000 1822.662720 33116.472656 
63.435947 164.146744 37146472.000000 1788.196411 23821.607422 
90.371262 42.568192 27008428.000000 651.045776 23904.322266 
91.291176 55.140663 18061052.000000 1069.943481 21024.160156 
80.393921 209.962967 28129754.000000 1718.915405 26616.759766 
86.612656 132.801788 30793714.000000 2201.046631 25040.396484 
74.325592 132.274704 6808035.000000 332.567291 14300.205078 
101.722038 40.179115 17352830.000000 277.739410 25073.216797 
73.016197 31.717104 18126476.000000 577.240173 17084.347656 
69.780312 94.789940 11967025.000000 1061.252686 21121.314453 
104.079628 58.024166 10076988.000000 805.679321 23296.408203 
93.423653 53.156803 13871513.000000 572.825928 27315.091797 
122.505074 43.002270 16070394.000000 502.058258 26018.021484 
69.903755 19.622152 6232039.500000 635.649048 20468.328125 
63.186356 79.050117 8836195.000000 1572.824829 31526.853516 
80.890396 40.718201 6030354.500000 956.791260 25943.906250 
88.885429 47.008945 5746983.000000 207.527649 49290.578125 
71.590965 34.778545 7279569.000000 817.493713 31685.244141 
50.246872 67.810913 9404021.000000 539.483826 39243.738281 
61.492821 24.002390 8193917.500000 664.808472 31491.582031 
71.692802 27.064154 20175314.000000 5923.468750 42435.207031 
28.963434 127.184013 18103866.000000 665.344238 72188.382812 
102.638077 95.941071 11546069.000000 1840.087158 48725.949219 
77.472115 48.991741 37391820.000000 7355.556641 82694.789062 
79.883240 30.894258 19631904.000000 15689.918945 48202.933594 
65.676361 83.960854 28997042.000000 4866.832520 65980.640625 
104.993637 53.859146 30277242.000000 9262.416016 67746.453125 
41.407642 61.057613 132794408.000000 17916.828125 134058.437500 
43.131439 147.414536 27060256.000000 3260.972168 162069.343750 
71.703011 80.112961 33648776.000000 11304.013672 105656.960938 
91.134377 53.438004 168383296.000000 43550.980469 155195.078125 
54.381741 68.748055 100957120.000000 12168.800781 191538.046875 
60.840538 62.110470 34024568.000000 6042.170410 116092.070312 
87.448082 66.244667 71710016.000000 5175.540527 116952.476562 
62.115116 199.424896 78815952.000000 6497.002930 206993.812500 
55.358845 71.518005 76772624.000000 6538.079590 258617.625000 
67.746773 155.342117 22026270.000000 5152.969727 166823.015625 
103.285835 124.570847 66597728.000000 3843.475830 144246.968750 
58.689281 76.849205 6141495.500000 3669.760498 91061.531250 
98.386421 210.923172 9207580.000000 7850.729004 172797.296875 
71.986237 67.422394 56482836.000000 36976.738281 143471.218750 
69.367592 116.493774 18865318.000000 6129.417480 109395.664062 
48.030457 92.389214 11898385.000000 8287.062500 61754.125000 
63.603748 69.371613 42506108.000000 8214.382812 57029.152344 
63.922005 153.662582 12732122.000000 43155.632812 86201.625000 
90.858070 108.636093 85274008.000000 9959.919922 60963.074219 
67.520515 97.767746 16209024.000000 16882.671875 49895.210938 
89.188240 125.097260 8371571.000000 41088.687500 50718.761719 
91.048866 144.798828 11499292.000000 22632.910156 65090.339844 
75.136887 121.790268 12614361.000000 42956.843750 71716.539062 
129.077332 106.316032 11587610.000000 160493.640625 40070.625000 
72.985672 154.172913 7659103.500000 15130.856445 76545.523438 
71.746704 203.800766 38595076.000000 27130.597656 80017.882812 
99.836494 238.512604 18130814.000000 21381.363281 81712.164062 
78.690231 176.506622 44495324.000000 12666.658203 65270.980469 
149.631439 228.971222 45597036.000000 38545.660156 85228.414062 
107.859283 212.208191 17599766.000000 51065.675781 89679.195312 
105.498787 116.647339 7047504.500000 9068.140625 78991.703125 
113.063393 228.643265 5271001.500000 33764.656250 68079.476562 
88.556374 144.397491 7024049.000000 36789.390625 71780.250000 
154.159958 165.028168 11810826.000000 30372.736328 51894.984375 
78.058655 246.839096 4670428.500000 33191.921875 47042.656250 
92.891457 108.203758 3269669.250000 7261.186035 37805.082031 
208.514389 666.223633 459727.781250 56225.160156 58626.910156 
146.975937 225.036652 883420.687500 14478.360352 44150.187500 
103.925850 407.799255 464188.562500 5905.166016 35683.132812 
144.363113 490.551331 993056.750000 9298.265625 42705.921875 
97.793526 206.848373 527660.375000 13674.143555 24366.869141 
132.894958 291.959686 118690.976562 8749.680664 36157.027344 
104.746567 280.130341 230762.812500 32649.197266 21783.595703 
138.324081 245.736572 77715.750000 3023.893066 26033.484375 
152.761734 595.824280 479363.375000 35055.429688 27237.091797 
136.060455 565.984314 95412.117188 1639.972534 27049.568359 
175.913071 213.326096 604497.500000 14411.188477 35809.843750 
195.584808 276.756500 49120.164062 4926.610840 36409.246094 
113.289825 248.401352 101110.742188 3380.251465 36906.632812 
221.868622 727.612244 208700.156250 8431.108398 45916.585938 
238.987488 341.354889 106185.085938 6019.992188 30722.595703 
171.882172 230.507355 65664.375000 11106.397461 30226.636719 
227.002350 378.728241 62315.421875 5301.512207 41315.808594 
175.414215 303.911499 93825.312500 21152.771484 35916.656250 
376.240173 977.709167 131278.765625 94551.273438 44278.484375 
358.757874 1410.208740 141589.093750 25640.591797 45835.906250 
424.707275 736.173706 118342.742188 41943.273438 49306.515625 
479.801727 473.875275 61153.859375 6240.794922 42527.882812 
285.779510 310.739197 171076.656250 18482.447266 38675.941406 
443.532013 1489.769653 116988.882812 73415.382812 59901.441406 
283.344055 338.444946 77081.265625 112093.242188 40234.398438 
305.638397 448.907806 48916.945312 20018.683594 49854.054688 
557.423950 774.367920 264371.906250 156771.046875 60595.648438 
345.948792 435.055206 39217.507812 9188.824219 35761.316406 
625.571472 948.482178 221661.109375 94185.617188 53637.699219 
482.259979 577.047180 98461.335938 73277.406250 59065.796875 
315.816986 437.198334 50262.613281 241292.750000 52813.664062 
420.390320 588.288513 192878.078125 29812.267578 55175.054688 
305.682037 247.989655 28399.382812 35036.976562 53970.687500 
909.600159 1084.143188 121586.742188 64011.476562 122929.500000 
755.553833 867.138733 139092.437500 107976.601562 67766.218750 
466.526306 550.480469 53422.093750 102634.468750 61347.027344 
539.618164 401.962616 28983.986328 105305.679688 74012.375000 
731.312134 508.049225 29483.083984 25096.199219 74247.882812 
387.888275 441.704285 77609.921875 86695.343750 50688.398438 
1042.161377 818.198120 127952.375000 32883.656250 79387.914062 
688.794067 634.589478 133348.765625 22781.447266 78544.796875 
636.222900 497.842133 47736.828125 56720.136719 69662.234375 
782.717957 583.274414 25178.570312 24141.314453 53629.664062 
1155.582153 735.740051 55382.628906 57581.316406 79602.523438 
906.543091 723.106323 342885.156250 105333.867188 89051.390625 
820.323181 655.260986 24864.193359 143450.500000 50399.257812 
1078.283447 1143.041138 78664.382812 353089.093750 66597.515625 
667.384277 381.676575 120599.218750 184073.578125 47862.550781 
1132.760132 800.641113 23550.525391 49383.042969 62129.000000 
987.306763 582.045471 59198.105469 43813.714844 46649.250000 
494.374817 312.893463 25180.609375 19411.335938 28740.617188 
1028.757935 1592.420532 104192.835938 321341.093750 56390.109375 
494.487030 374.941833 164805.578125 57330.402344 38597.468750 
401.471619 261.056458 67906.382812 58822.148438 24730.935547 
278.944885 243.392807 48219.101562 31030.175781 29846.906250 
736.931519 437.333862 63229.210938 103177.210938 45830.273438 
665.483765 535.123413 32053.691406 87157.445312 41774.011719 
580.367920 329.522614 72212.718750 101819.203125 40332.703125 
1588.697998 2131.478516 176991.921875 37856.757812 78034.906250 
921.258118 657.385681 60645.503906 73762.953125 53986.441406 
767.984131 578.270386 131124.828125 87082.984375 50390.800781 
399.947754 390.616669 25190.115234 9908.480469 26158.570312 
1114.054077 973.387695 131821.640625 44216.292969 48702.031250 
622.946228 261.519165 68161.695312 25436.896484 45641.816406 
1168.166504 677.714661 197034.312500 57953.273438 54929.980469 
872.851440 1322.659668 304802.781250 199019.000000 69370.203125 
455.086060 366.293732 69270.890625 100565.031250 41825.503906 
1094.429077 827.478210 105284.742188 33498.820312 56075.875000 
452.280029 324.848480 594246.375000 159158.437500 58046.761719 
313.580566 534.834412 557609.125000 76061.320312 59362.351562 
579.955444 492.406372 105415.476562 33060.718750 56794.738281 
607.093506 360.028198 154670.312500 17159.824219 48107.972656 
434.777313 427.609955 162710.437500 43990.960938 47410.914062 
528.153992 284.302338 65262.933594 13215.731445 60963.933594 
612.591980 322.736511 29245.210938 46612.410156 58633.050781 
338.651367 201.290466 90900.078125 63890.113281 43352.714844 
598.015137 286.194122 30834.482422 7096.995605 32175.533203 
617.823364 320.560028 39964.210938 45932.183594 41293.855469 
660.830078 460.974640 301915.250000 9642.196289 49812.109375 
760.898743 599.730774 91447.953125 53544.941406 50428.671875 
682.384277 574.623840 44397.789062 94380.437500 53262.867188 
976.600159 653.050415 124448.773438 23116.498047 64813.992188 
