90.783096 90.056488 87.045242 85.549538 82.988365 0.000000 
91.728966 83.362663 88.473930 87.851234 92.293259 0.000000 
82.807693 82.139404 90.003571 97.354370 93.093964 0.027976 
89.596199 84.341034 91.932861 90.981033 93.366463 0.027976 
86.492889 87.525063 88.410629 97.246117 96.335472 0.000000 
82.841774 93.303154 96.942307 99.398521 94.517906 0.000000 
78.994308 82.546097 97.211594 97.346840 89.930473 0.000000 
95.671951 71.552940 84.509155 92.988930 95.802025 0.000000 
95.135719 87.060219 82.280975 85.815399 89.729309 0.000000 
78.376892 91.424164 96.780464 94.228485 85.600761 0.000000 
87.878540 86.697304 90.341415 89.322464 91.283112 0.000000 
89.990036 85.836624 93.179016 91.708961 89.948608 0.000000 
90.389862 86.119133 91.480263 86.796082 88.792442 0.000000 
81.012848 89.250114 88.412354 91.254051 102.945038 0.019782 
90.381493 98.438522 88.795082 83.328819 92.593697 0.000000 
83.444290 90.286293 96.934303 104.069122 103.701149 0.034264 
93.348488 68.187325 90.936546 99.807938 93.113800 0.019782 
73.897804 78.174820 82.334801 84.584290 89.872551 0.019782 
89.982407 91.109840 97.317154 88.430969 95.233467 0.027976 
88.750328 86.450226 93.079117 96.069275 93.671959 0.000000 
