94.870979 89.450096 92.012955 94.277649 95.078102 0.000000 
97.927193 93.812035 93.372986 95.612404 91.961258 0.027976 
89.910316 81.250328 88.810448 85.876656 99.756630 0.019782 
89.966736 82.755630 84.386864 86.357475 87.433624 0.019782 
81.492424 86.164970 88.966034 93.943939 93.602165 0.019782 
98.435226 79.971710 80.994644 85.180901 89.746201 0.000000 
104.429070 82.494507 87.829056 84.949081 96.507011 0.034264 
86.334572 79.408394 84.639946 94.003403 89.154167 0.000000 
100.147301 91.105568 92.969261 93.920563 97.048424 0.027976 
86.260284 67.861130 76.886238 80.275879 82.492149 0.000000 
80.581429 69.822754 71.608612 78.015251 82.894867 0.000000 
95.254913 63.623848 70.795288 79.111649 84.210320 0.048457 
94.019577 79.846962 84.539406 85.628098 94.106361 0.000000 
83.037758 90.243790 91.230217 89.903664 92.137283 0.000000 
111.518257 97.257584 96.590263 104.011703 101.307701 0.027976 
86.693336 91.000137 92.264191 96.293816 95.635498 0.000000 
87.600021 87.900398 87.527946 90.767616 87.040054 0.000000 
86.826218 87.108795 82.679161 87.190620 89.154907 0.027976 
107.274078 83.761841 88.659370 91.167786 93.724808 0.000000 
88.849571 84.408241 86.503662 87.290604 95.654610 0.000000 
