0.421987 
0.494479 
0.580826 
1.094736 
0.412498 
0.551236 
0.524950 
0.455411 
0.509172 
0.397725 
0.685080 
0.593320 
0.397678 
0.405974 
0.342169 
0.544170 
0.322501 
0.616228 
0.635615 
0.591718 
0.233623 
0.308588 
0.560609 
0.535652 
0.518468 
0.785413 
0.551562 
0.759430 
0.627238 
0.372809 
0.652779 
0.354489 
0.649275 
0.579150 
0.407568 
0.785537 
0.512007 
0.465428 
0.792620 
0.423452 
0.366071 
0.424768 
0.515736 
0.724307 
0.392270 
0.588374 
0.756575 
0.549456 
0.765462 
0.637094 
0.665419 
0.437306 
0.716311 
0.276512 
0.841769 
0.463873 
0.318421 
0.566558 
0.426136 
0.561061 
0.620490 
0.400662 
0.427134 
0.830789 
0.781928 
0.429005 
0.644603 
0.336574 
1.620978 
0.324339 
0.386876 
0.609473 
0.825152 
0.406124 
0.904924 
0.517986 
0.376387 
0.504701 
1.487429 
0.387537 
0.509288 
0.593222 
0.335737 
0.434898 
0.555148 
0.391346 
0.770105 
0.463338 
0.626135 
0.850570 
0.419687 
0.727214 
0.601746 
0.582230 
0.534691 
0.144257 
0.311618 
0.839506 
0.471291 
0.460110 
