88.048973 87.765602 86.790428 85.792244 86.913422 0.000000 
99.777382 80.754005 87.137192 88.482567 93.985077 0.000000 
103.285820 72.082527 80.395210 84.995972 94.234756 0.000000 
88.311478 82.932594 87.257210 96.306915 86.486389 0.027976 
77.772316 86.648895 87.927795 93.345108 87.822594 0.019782 
82.183929 72.850067 79.027451 89.239922 90.276588 0.019782 
88.890045 75.037636 86.223984 85.905090 92.180450 0.000000 
93.019585 79.333168 84.237869 89.710625 90.506638 0.000000 
66.113823 80.419228 81.820869 90.345825 94.017815 0.034264 
110.557823 80.888481 92.919853 85.362915 92.974281 0.019782 
102.830116 81.328117 83.747139 96.917160 89.210999 0.019782 
96.298424 85.887230 88.521729 94.816475 91.298119 0.019782 
72.937332 84.809998 87.095856 87.887001 93.636948 0.000000 
63.232891 78.423218 78.830460 85.013458 87.578087 0.027976 
68.369759 90.331924 96.429512 94.470001 94.943535 0.000000 
105.322510 87.702850 88.050468 91.775650 91.693069 0.000000 
116.272385 92.447502 94.492302 93.050362 96.932556 0.000000 
99.241150 87.679634 88.721741 88.730530 89.732613 0.027976 
86.884705 76.104027 80.539070 89.825363 87.640610 0.000000 
94.444191 81.454773 90.946915 90.775566 90.572777 0.000000 
