78.328545 44.629704 54.630428 34.511013 28.857134 0.000000 
74.397339 45.934662 48.427311 32.551899 30.562782 0.027976 
76.216347 24.439407 37.615421 27.204941 40.255444 0.019782 
72.016174 44.618595 35.086525 37.912758 22.138391 0.034264 
78.989227 32.359032 26.628365 36.410290 29.350847 0.000000 
85.781693 54.163605 50.864937 46.568638 29.253519 0.044235 
74.035988 41.043819 46.244244 53.368656 36.713169 0.034264 
80.082703 44.991505 34.938881 41.317127 47.523666 0.000000 
73.506157 42.103802 38.574295 41.825562 19.871767 0.000000 
73.434288 56.669422 52.620281 39.388645 37.275539 0.000000 
