92.947609 83.688950 90.998604 89.615189 90.588799 0.000000 
101.277092 92.060806 94.151939 93.841553 96.023628 0.000000 
108.926399 83.470177 83.233360 85.556053 83.507286 0.000000 
104.781380 88.414810 90.900261 92.575844 96.300255 0.000000 
94.345985 79.157608 86.137726 84.748375 92.578644 0.000000 
91.654449 82.951324 84.737877 82.925713 88.244324 0.027976 
84.803001 95.801498 92.555962 92.117226 94.809647 0.027976 
78.717537 88.262039 86.406578 85.966194 87.582649 0.019782 
85.541290 87.188408 87.067802 89.384941 94.045074 0.019782 
69.581406 93.992966 86.386177 96.369949 89.716339 0.019782 
100.695930 87.924973 92.584404 93.979294 92.668663 0.000000 
65.703453 89.443161 85.220284 88.531418 86.159416 0.000000 
100.152069 85.116692 88.097763 88.925079 90.574135 0.019782 
105.796776 84.548828 86.260666 90.313919 95.867264 0.027976 
101.773491 84.874229 83.749069 81.998993 81.351189 0.000000 
89.736427 78.417999 76.624969 80.132530 77.482925 0.000000 
85.440575 82.510284 82.794014 83.627312 88.418724 0.019782 
79.246933 89.889771 89.953827 92.798210 94.284576 0.000000 
75.806862 86.365822 82.784302 88.553856 89.722229 0.019782 
100.742966 86.137665 90.456276 93.666588 95.934380 0.034264 
