609.676758 298.444855 224.221558 231.578217 955708.250000 
643.230225 304.993256 215.467072 171.006256 977446.875000 
638.864197 317.715271 224.513031 220.684189 1301460.125000 
593.626648 276.836121 218.957611 222.903458 1090726.000000 
545.847473 248.651764 240.144821 237.173904 751362.625000 
650.618347 367.233795 314.299713 263.045074 1052394.750000 
765.892151 343.575562 314.333069 213.677948 870713.750000 
479.121979 216.435638 163.047989 104.863419 782534.812500 
530.072876 249.353729 186.829239 138.089691 1147426.125000 
597.301208 262.144104 244.800323 264.052643 1084045.500000 
749.105225 415.741638 408.229218 750.076111 990358.562500 
659.605957 281.367981 222.956711 235.090164 905106.812500 
662.879150 259.027649 221.638504 205.483124 977835.250000 
675.989868 386.914154 256.291046 300.834442 920210.437500 
702.925049 374.844940 367.354736 482.249847 1192549.375000 
619.317566 331.922089 258.980804 194.620636 863327.625000 
691.951660 300.093201 234.264313 160.334900 1225257.625000 
694.749084 347.510742 353.483582 399.926910 1032593.250000 
762.456543 347.952698 287.888245 319.714294 882463.250000 
620.878906 273.244202 264.863892 199.357559 1344799.500000 
654.715637 303.700134 272.899017 192.386841 984329.437500 
620.161377 276.019379 266.759918 179.062836 930066.562500 
595.477478 402.787201 315.039001 236.008026 1082096.750000 
647.212524 281.487213 264.615356 167.332687 1210090.000000 
648.930481 336.326019 625.458008 1270.744141 1003891.625000 
703.577637 306.756439 213.926102 232.705948 1297040.375000 
576.424072 347.478729 298.469360 263.756317 942024.250000 
582.112366 259.633148 161.190521 165.990570 687733.187500 
616.314880 257.581970 190.028717 172.192688 877372.937500 
562.810181 247.614792 184.964111 156.524368 831862.250000 
952.934937 301.303131 239.245880 281.260437 1326094.750000 
589.144409 244.706894 202.791687 187.003174 1088999.250000 
584.981750 231.643356 184.855377 153.492584 1083333.125000 
557.619019 291.789551 354.916718 262.574524 947435.625000 
534.262329 235.571899 199.540146 156.506836 886628.437500 
634.635986 263.516785 257.789856 199.364059 949336.125000 
669.167114 271.180023 212.271332 220.609726 1304228.625000 
604.814087 264.996887 221.576157 174.459854 1024145.750000 
684.770752 330.076752 279.716888 275.474091 893749.687500 
649.896484 267.919983 232.720032 194.621307 800067.000000 
565.025330 261.942169 228.142365 217.813583 833222.625000 
660.299744 286.208435 236.531998 253.766983 1009611.875000 
648.786865 282.154938 270.616943 184.682846 1318572.500000 
653.819641 354.134521 241.787170 310.779602 1084678.500000 
668.387573 332.392212 289.659119 292.051819 1000083.250000 
766.252197 298.495331 226.052658 216.161026 1110211.000000 
588.075195 300.047791 232.286987 226.000580 929779.500000 
581.212402 399.478546 354.245300 430.652252 682855.500000 
712.785156 381.360657 350.558289 237.918869 1597711.125000 
497.482819 242.510330 196.461838 185.847549 812475.250000 
736.245850 350.012451 253.069565 182.545868 1189756.625000 
564.746216 284.171509 282.158081 388.176300 867724.562500 
557.080139 311.953278 354.422882 323.629791 1130237.625000 
654.961670 301.584961 247.028473 175.866180 1213213.000000 
663.537842 402.672058 542.806946 501.488892 739626.750000 
818.892578 344.842621 328.298767 282.499969 1079266.625000 
617.787476 304.706787 182.691895 176.772186 1145485.500000 
493.652100 227.959183 232.598862 154.742538 815611.187500 
699.325195 299.461334 213.119720 211.106293 763687.250000 
744.694580 463.101135 343.294556 407.948120 1397575.625000 
650.144775 272.101593 251.089355 169.857941 877078.312500 
777.719849 337.121826 251.818008 231.927185 1360227.375000 
552.292969 250.962677 216.021591 184.891724 1091148.875000 
675.421997 306.945862 270.106384 209.332993 1105820.625000 
659.957092 290.424622 259.365173 217.113632 1414882.125000 
576.188721 311.090118 299.303314 341.043793 1036277.000000 
639.710266 312.125183 254.859543 198.961929 1092792.750000 
667.031555 333.381989 267.964996 331.559113 935541.625000 
644.849487 354.970184 227.959930 200.896652 1039968.250000 
671.004944 294.872314 207.080704 158.741119 935425.125000 
710.686646 263.387817 187.569107 155.146973 1025421.000000 
668.306458 306.964600 218.539963 201.671356 1021282.562500 
643.321594 300.249573 270.399872 280.854187 898617.562500 
591.578918 332.634766 181.605499 253.333603 1354681.750000 
702.269531 355.866760 407.373383 218.789520 1056284.625000 
702.745239 326.748199 244.093964 191.058105 977075.062500 
642.247681 395.119263 329.887573 354.179535 1585259.875000 
550.345337 278.975830 205.982971 225.541397 754894.125000 
579.652771 299.172180 237.268509 210.892960 1083431.125000 
677.550781 295.039886 222.534500 197.120132 1330165.250000 
821.694824 848.882568 824.548584 1602.935303 795730.937500 
597.775024 267.502350 197.408752 205.192291 781960.562500 
532.030396 274.251709 184.088547 196.052155 839627.500000 
661.792114 319.875061 226.336243 185.559525 1182365.750000 
638.987915 360.740143 183.338516 168.001480 939142.562500 
613.280945 293.472687 226.157852 149.390015 920917.062500 
626.710449 324.938141 319.630585 336.391907 1665331.000000 
676.216614 301.550049 217.583908 161.549973 1161990.625000 
627.050537 272.283356 213.833893 158.274063 667220.437500 
675.824463 351.116821 269.501282 294.924988 1051157.375000 
548.771973 250.744629 181.630997 186.827896 842197.500000 
611.465698 289.720215 267.501617 207.453766 1279981.250000 
670.696045 313.100525 235.741333 240.375168 1177646.750000 
671.613647 288.882233 252.288483 253.373932 1573512.375000 
660.429749 422.876801 449.794067 452.799957 972304.687500 
659.775452 300.211975 199.867981 148.226837 1478578.500000 
710.628906 300.422913 253.166183 193.186401 1211397.750000 
614.673828 346.135925 268.898682 207.316574 1053271.250000 
527.854919 247.700943 241.792511 216.380447 889143.000000 
449.961792 230.950180 191.354431 188.866241 663095.625000 
