1480.761475 793.381897 554.161743 439.736633 317511.750000 
3738.491943 1286.705566 979.820557 1216.875854 451269.062500 
4352.739746 1351.490479 1010.848389 4581.264160 102952.304688 
3561.201660 1119.851074 938.325867 803.640015 336047.375000 
1801.857178 986.659851 654.605042 465.499329 366610.218750 
3431.310059 1216.540527 830.147949 1102.347412 177205.203125 
4337.639160 1166.928223 1480.001709 2169.138428 384073.500000 
3638.761475 1000.187561 715.357727 616.675415 326815.562500 
2165.336426 992.148560 970.615295 2112.180664 389507.937500 
3163.865967 1221.166382 1401.810303 1018.619507 310371.343750 
2872.814209 1142.639282 911.575623 6178.384277 169398.312500 
2151.889648 859.247375 613.221375 476.157074 355326.375000 
4839.584473 992.377014 718.570007 651.846191 405882.375000 
2243.878174 841.171936 606.862183 465.177582 344056.500000 
2736.885742 887.683838 922.966003 1424.692383 201586.718750 
2074.909180 989.501831 787.113647 582.853210 444626.875000 
2902.897461 1117.114746 828.181274 660.483398 369213.031250 
1838.043823 952.629700 609.898621 525.368835 407091.968750 
2285.631104 1001.982178 622.462769 459.295441 349187.000000 
2830.595947 1118.696899 770.218567 667.860962 341027.343750 
