0.299361 
0.553342 
0.623248 
1.059938 
0.469085 
1.203398 
0.354956 
0.579275 
0.767834 
0.948441 
0.534434 
0.561232 
0.732563 
0.914381 
0.630756 
0.598678 
0.658023 
0.578238 
0.496298 
0.982128 
0.822568 
0.517653 
1.123482 
0.867401 
1.114156 
0.907428 
1.026711 
0.522897 
0.730921 
0.697425 
1.068149 
0.584650 
0.663462 
0.652162 
0.344774 
0.678131 
0.358643 
0.578628 
0.713238 
0.496174 
0.946056 
0.452397 
0.508355 
0.365869 
0.878537 
0.917712 
0.344782 
0.401240 
0.772637 
0.973837 
0.954723 
0.888252 
0.796460 
0.737587 
0.524191 
0.699404 
0.826334 
0.427638 
0.788616 
0.301616 
0.236267 
0.546533 
0.616928 
0.662149 
0.997749 
0.407482 
1.653335 
0.340632 
0.731013 
0.502340 
0.612650 
0.555857 
0.319940 
0.509080 
0.564316 
0.340201 
1.123993 
0.546581 
0.731862 
0.338573 
0.435648 
0.866833 
0.158360 
0.568060 
0.837194 
0.725216 
0.717407 
0.428656 
0.456487 
0.374402 
0.646370 
0.752163 
0.652717 
0.633234 
0.809656 
0.753459 
1.021520 
0.557723 
0.803001 
0.439840 
0.191454 
0.543602 
0.436332 
0.536391 
0.395148 
0.887446 
0.684028 
0.811424 
1.485195 
0.296810 
0.370681 
1.021815 
0.785802 
0.503321 
0.399200 
0.633557 
0.732856 
0.538005 
0.765075 
0.492568 
0.454869 
0.663874 
0.623571 
0.931880 
0.651475 
1.143449 
0.480587 
0.365588 
0.377032 
0.564257 
0.214546 
0.777518 
0.528596 
0.788413 
1.111298 
0.915445 
0.538881 
0.487869 
0.930606 
0.620941 
0.439268 
0.685343 
0.936653 
0.530202 
0.466953 
0.594189 
0.828654 
0.672285 
0.419151 
0.915619 
0.281815 
0.394180 
0.613092 
0.739285 
0.890405 
0.429015 
0.918131 
0.538889 
0.507582 
0.464292 
0.747023 
0.651537 
0.342286 
1.185270 
0.340739 
0.302902 
0.416287 
0.628260 
0.550983 
0.760838 
0.612480 
0.870041 
0.423355 
0.567789 
0.661447 
0.752152 
0.543930 
0.432015 
0.434857 
1.013265 
0.337960 
0.348032 
0.940308 
0.885764 
0.399690 
0.379697 
0.684918 
0.985634 
0.560014 
0.432860 
0.447417 
0.642742 
0.471951 
0.996079 
0.210698 
0.639662 
0.772633 
0.982779 
0.795060 
0.599100 
0.667584 
0.397060 
0.552414 
0.686436 
0.943606 
0.672020 
0.659181 
1.017616 
0.707739 
1.210424 
0.840228 
0.693069 
0.648904 
0.735050 
0.847215 
0.426655 
0.683917 
0.592706 
0.678541 
0.627443 
0.721939 
0.424771 
0.463975 
0.245305 
0.732549 
0.656943 
0.474147 
0.673935 
0.604799 
0.390767 
0.710696 
1.078012 
0.542956 
0.310294 
0.491373 
0.928573 
0.490420 
0.814074 
0.885059 
0.717574 
0.655301 
0.502066 
0.460816 
0.575362 
1.074798 
0.775884 
0.870291 
0.946961 
1.251859 
0.444950 
1.095814 
0.394150 
0.565932 
0.668214 
1.230905 
0.512677 
0.814798 
0.958369 
0.554630 
1.036162 
0.249334 
0.534025 
0.390112 
0.521877 
0.461481 
0.277237 
0.235184 
0.494686 
0.760606 
0.941722 
0.479407 
0.502005 
0.684432 
0.624075 
0.582433 
0.548636 
0.444933 
0.644372 
0.316287 
0.614254 
0.341793 
0.380452 
0.668220 
0.542550 
0.610714 
0.558833 
0.769441 
0.364966 
0.750738 
0.344968 
0.617843 
0.505469 
0.629481 
0.368194 
0.548053 
0.411794 
0.437869 
0.521108 
0.707094 
0.662483 
