7045.391113 2841.552734 1819.496460 1094.433472 113990.703125 
7743.769043 3883.554688 2162.715088 1256.580322 99530.023438 
8424.074219 3272.677490 2900.909424 1853.274902 90715.601562 
7968.735840 3526.377197 2515.602051 1642.616821 78079.328125 
6744.827637 2958.268799 2239.743896 1156.237915 100846.250000 
8052.707031 3861.851807 2369.626221 15578.186523 78200.890625 
7705.318848 2970.015381 2086.863281 1595.428711 81343.085938 
7466.275879 4038.375000 2578.537109 1996.086304 101620.414062 
7447.989258 2725.591553 2072.883301 1914.464111 94529.296875 
8581.713867 3065.420654 2240.735352 1296.108521 104475.429688 
7852.905762 3317.754639 2222.970459 1560.961548 105618.734375 
8258.644531 3357.410889 2616.073242 1826.221558 88859.468750 
8843.303711 3765.815674 2805.645264 1786.763550 89692.078125 
8512.376953 2965.834229 3334.974854 1493.662842 99060.453125 
7983.334961 2711.632080 1758.391357 1197.933472 94158.109375 
6415.739746 3636.989258 2600.153076 1958.665894 104983.929688 
8079.478027 3136.960938 1932.370117 1395.082764 89958.125000 
9480.268555 3315.300781 2636.804443 2317.786377 81193.218750 
9312.667969 4040.124023 2343.429199 1508.685425 98400.421875 
8567.674805 3924.541260 3462.780029 2200.811768 86529.804688 
