88.325722 83.314270 74.041412 88.745049 77.205078 0.019782 
93.397888 85.633186 84.974037 96.005699 92.105453 0.000000 
88.654877 88.176208 87.445778 85.209038 84.457901 0.039565 
86.723244 85.099998 92.304741 98.291115 96.190819 0.000000 
92.251869 93.266029 96.048393 79.989792 100.612282 0.027976 
93.454636 90.324333 93.938339 78.911591 96.183144 0.019782 
89.528107 90.364517 83.185059 91.541336 94.864204 0.000000 
86.233467 93.584061 99.789467 85.766464 95.465996 0.000000 
93.323181 95.162422 83.950401 79.351517 97.779037 0.000000 
89.238701 82.004356 86.916283 91.799110 83.065887 0.000000 
87.561783 83.545998 90.700249 99.961075 89.258995 0.000000 
90.948166 82.160461 94.776978 82.498795 67.126793 0.000000 
83.707153 82.844711 98.163780 94.923370 102.030556 0.019782 
85.907562 90.893204 94.940582 94.814049 93.352478 0.000000 
91.237198 94.529709 102.754921 82.422905 82.326317 0.000000 
87.623276 92.701973 98.319504 80.860756 100.180916 0.000000 
88.759727 87.133141 80.735870 98.027534 83.457222 0.027976 
89.205383 86.659515 89.940712 95.798889 97.410988 0.000000 
95.409149 87.529289 97.671356 96.094681 95.777534 0.027976 
86.318375 91.756714 84.972107 94.924255 93.455978 0.000000 
