Episode: 1: [[0.001 0.    0.    0.    0.    0.    0.    0.    0.    0.   ]] 
Episode: 2: [[ 0.002  0.    -0.001  0.     0.     0.     0.     0.     0.     0.001]] 
Episode: 3: [[ 0.00277523  0.         -0.0017677   0.          0.          0.
   0.          0.          0.          0.00174539]] 
Episode: 4: [[ 0.00362748  0.         -0.00259033  0.          0.          0.
   0.          0.          0.          0.0023758 ]] 
Episode: 5: [[ 0.00441056  0.         -0.0034631   0.          0.          0.
   0.          0.          0.          0.00293418]] 
Episode: 6: [[ 0.00509789  0.         -0.00423992  0.          0.          0.
   0.          0.          0.          0.00339218]] 
Episode: 7: [[ 0.00575151  0.         -0.00503602  0.          0.          0.
   0.          0.          0.          0.0037948 ]] 
Episode: 8: [[ 0.00628093  0.         -0.00589549  0.          0.          0.
   0.          0.          0.          0.00420078]] 
Episode: 9: [[ 0.00678657  0.         -0.00679236  0.          0.          0.
   0.          0.          0.          0.00455133]] 
Episode: 10: [[ 0.00728095  0.         -0.00772546  0.          0.          0.
   0.          0.          0.          0.00493472]] 
Episode: 11: [[ 0.00774078  0.         -0.00868866  0.          0.          0.
   0.          0.          0.          0.00528878]] 
Episode: 12: [[ 0.00813435  0.         -0.00962368  0.          0.          0.
   0.          0.          0.          0.00561517]] 
Episode: 13: [[ 0.00851074  0.         -0.01059172  0.          0.          0.
   0.          0.          0.          0.00592996]] 
Episode: 14: [[ 0.00885664  0.         -0.01147843  0.          0.          0.
   0.          0.          0.          0.00621624]] 
Episode: 15: [[ 0.00913201  0.         -0.01235361  0.          0.          0.
   0.          0.          0.          0.00647094]] 
Episode: 16: [[ 0.00944939  0.         -0.01323762  0.          0.          0.
   0.          0.          0.          0.00664563]] 
Episode: 17: [[ 0.0097233   0.         -0.01407654  0.          0.          0.
   0.          0.          0.          0.00675866]] 
Episode: 18: [[ 0.00988798  0.         -0.01486089  0.          0.          0.
   0.          0.          0.          0.00683849]] 
Episode: 19: [[ 0.0099916   0.         -0.0157233   0.          0.          0.
   0.          0.          0.          0.00696197]] 
Episode: 20: [[ 0.0100573   0.         -0.01660421  0.          0.          0.
   0.          0.          0.          0.0070966 ]] 
Episode: 21: [[ 0.01011144  0.         -0.01749745  0.          0.          0.
   0.          0.          0.          0.00723356]] 
Episode: 22: [[ 0.01013521  0.         -0.01834781  0.          0.          0.
   0.          0.          0.          0.0073687 ]] 
Episode: 23: [[ 0.01009695  0.         -0.019145    0.          0.          0.
   0.          0.          0.          0.00746537]] 
Episode: 24: [[ 0.0101      0.         -0.01989506  0.          0.          0.
   0.          0.          0.          0.0075233 ]] 
Episode: 25: [[ 0.01009764  0.         -0.02060564  0.          0.          0.
   0.          0.          0.          0.00757293]] 
Episode: 26: [[ 0.01017867  0.         -0.02130262  0.          0.          0.
   0.          0.          0.          0.00753808]] 
Episode: 27: [[ 0.01027774  0.         -0.02199365  0.          0.          0.
   0.          0.          0.          0.00746677]] 
Episode: 28: [[ 0.01036036  0.         -0.02264735  0.          0.          0.
   0.          0.          0.          0.0073731 ]] 
Episode: 29: [[ 0.01042441  0.         -0.02333094  0.          0.          0.
   0.          0.          0.          0.00723716]] 
Episode: 30: [[ 0.01048375  0.         -0.02396103  0.          0.          0.
   0.          0.          0.          0.0071026 ]] 
Episode: 31: [[ 0.01042343  0.         -0.02447288  0.          0.          0.
   0.          0.          0.          0.00696851]] 
Episode: 32: [[ 0.01029935  0.         -0.02490804  0.          0.          0.
   0.          0.          0.          0.00679095]] 
Episode: 33: [[ 0.00995502  0.         -0.02521906  0.          0.          0.
   0.          0.          0.          0.00671595]] 
Episode: 34: [[ 0.009692    0.         -0.02552274  0.          0.          0.
   0.          0.          0.          0.00658132]] 
Episode: 35: [[ 0.00936301  0.         -0.02596485  0.          0.          0.
   0.          0.          0.          0.00646983]] 
Episode: 36: [[ 0.00907447  0.         -0.026361    0.          0.          0.
   0.          0.          0.          0.0063714 ]] 
Episode: 37: [[ 0.00878347  0.         -0.02673559  0.          0.          0.
   0.          0.          0.          0.00631738]] 
Episode: 38: [[ 0.00847387  0.         -0.02709897  0.          0.          0.
   0.          0.          0.          0.00629816]] 
Episode: 39: [[ 0.00821852  0.         -0.02741211  0.          0.          0.
   0.          0.          0.          0.00629383]] 
Episode: 40: [[ 0.00792035  0.         -0.02764553  0.          0.          0.
   0.          0.          0.          0.00626308]] 
Episode: 41: [[ 0.00768666  0.         -0.02788173  0.          0.          0.
   0.          0.          0.          0.00618609]] 
Episode: 42: [[ 0.00747922  0.         -0.02814662  0.          0.          0.
   0.          0.          0.          0.00614002]] 
Episode: 43: [[ 0.00736703  0.         -0.02840431  0.          0.          0.
   0.          0.          0.          0.00603084]] 
Episode: 44: [[ 0.00729894  0.         -0.02860973  0.          0.          0.
   0.          0.          0.          0.0058794 ]] 
Episode: 45: [[ 0.00732404  0.         -0.02878913  0.          0.          0.
   0.          0.          0.          0.00563071]] 
Episode: 46: [[ 0.00735342  0.         -0.02895035  0.          0.          0.
   0.          0.          0.          0.00538219]] 
Episode: 47: [[ 0.00735703  0.         -0.02911738  0.          0.          0.
   0.          0.          0.          0.00518407]] 
Episode: 48: [[ 0.00737302  0.         -0.02934056  0.          0.          0.
   0.          0.          0.          0.0049903 ]] 
Episode: 49: [[ 0.00741334  0.         -0.02956569  0.          0.          0.
   0.          0.          0.          0.00482503]] 
Episode: 50: [[ 0.00744424  0.         -0.02977733  0.          0.          0.
   0.          0.          0.          0.00468963]] 
Episode: 51: [[ 0.00725969  0.         -0.02998311  0.          0.          0.
   0.          0.          0.          0.00460294]] 
Episode: 52: [[ 0.00709921  0.         -0.03016193  0.          0.          0.
   0.          0.          0.          0.0045008 ]] 
Episode: 53: [[ 0.00692577  0.         -0.03034023  0.          0.          0.
   0.          0.          0.          0.00445273]] 
Episode: 54: [[ 0.00673802  0.         -0.0305168   0.          0.          0.
   0.          0.          0.          0.00443206]] 
Episode: 55: [[ 0.0065952   0.         -0.03063157  0.          0.          0.
   0.          0.          0.          0.00438625]] 
Episode: 56: [[ 0.00646808  0.         -0.03078714  0.          0.          0.
   0.          0.          0.          0.00432433]] 
Episode: 57: [[ 0.00634564  0.         -0.03097813  0.          0.          0.
   0.          0.          0.          0.00427961]] 
Episode: 58: [[ 0.00625688  0.         -0.03130235  0.          0.          0.
   0.          0.          0.          0.004257  ]] 
Episode: 59: [[ 0.00615217  0.         -0.03165717  0.          0.          0.
   0.          0.          0.          0.00428737]] 
Episode: 60: [[ 0.006065    0.         -0.03196908  0.          0.          0.
   0.          0.          0.          0.00428427]] 
Episode: 61: [[ 0.00599986  0.         -0.0322311   0.          0.          0.
   0.          0.          0.          0.00424637]] 
Episode: 62: [[ 0.00595516  0.         -0.03252643  0.          0.          0.
   0.          0.          0.          0.00429201]] 
Episode: 63: [[ 0.00591626  0.         -0.03280142  0.          0.          0.
   0.          0.          0.          0.00428517]] 
Episode: 64: [[ 0.00590377  0.         -0.03307579  0.          0.          0.
   0.          0.          0.          0.00426889]] 
Episode: 65: [[ 0.00589595  0.         -0.03336033  0.          0.          0.
   0.          0.          0.          0.00429448]] 
Episode: 66: [[ 0.00596512  0.         -0.03362704  0.          0.          0.
   0.          0.          0.          0.00435893]] 
Episode: 67: [[ 0.00604408  0.         -0.03385088  0.          0.          0.
   0.          0.          0.          0.00440753]] 
Episode: 68: [[ 0.00615344  0.         -0.03405223  0.          0.          0.
   0.          0.          0.          0.00442324]] 
Episode: 69: [[ 0.00627159  0.         -0.03427428  0.          0.          0.
   0.          0.          0.          0.00448731]] 
Episode: 70: [[ 0.00642107  0.         -0.03444499  0.          0.          0.
   0.          0.          0.          0.00449902]] 
Episode: 71: [[ 0.00658399  0.         -0.0345227   0.          0.          0.
   0.          0.          0.          0.00453256]] 
Episode: 72: [[ 0.00675137  0.         -0.03461612  0.          0.          0.
   0.          0.          0.          0.00457825]] 
Episode: 73: [[ 0.00683745  0.         -0.03472332  0.          0.          0.
   0.          0.          0.          0.00462837]] 
Episode: 74: [[ 0.00696524  0.         -0.03476858  0.          0.          0.
   0.          0.          0.          0.00475118]] 
Episode: 75: [[ 0.00709747  0.         -0.03478896  0.          0.          0.
   0.          0.          0.          0.00489875]] 
Episode: 76: [[ 0.00726681  0.         -0.03494226  0.          0.          0.
   0.          0.          0.          0.00503121]] 
Episode: 77: [[ 0.00743398  0.         -0.03508159  0.          0.          0.
   0.          0.          0.          0.00513905]] 
Episode: 78: [[ 0.00768609  0.         -0.03525574  0.          0.          0.
   0.          0.          0.          0.00513762]] 
Episode: 79: [[ 0.00787387  0.         -0.03544353  0.          0.          0.
   0.          0.          0.          0.00507228]] 
Episode: 80: [[ 0.00797661  0.         -0.03552468  0.          0.          0.
   0.          0.          0.          0.00492384]] 
Episode: 81: [[ 0.00808506  0.         -0.03558034  0.          0.          0.
   0.          0.          0.          0.00474018]] 
Episode: 82: [[ 0.00810526  0.         -0.03569328  0.          0.          0.
   0.          0.          0.          0.00467848]] 
Episode: 83: [[ 0.00812387  0.         -0.03582934  0.          0.          0.
   0.          0.          0.          0.00471264]] 
Episode: 84: [[ 0.00817424  0.         -0.03584237  0.          0.          0.
   0.          0.          0.          0.00458939]] 
Episode: 85: [[ 0.00818103  0.         -0.03591253  0.          0.          0.
   0.          0.          0.          0.00452921]] 
Episode: 86: [[ 0.00818175  0.         -0.03590496  0.          0.          0.
   0.          0.          0.          0.00453448]] 
Episode: 87: [[ 0.00817776  0.         -0.03591978  0.          0.          0.
   0.          0.          0.          0.00454353]] 
Episode: 88: [[ 0.0081908   0.         -0.03589333  0.          0.          0.
   0.          0.          0.          0.00451486]] 
Episode: 89: [[ 0.008339    0.         -0.03580534  0.          0.          0.
   0.          0.          0.          0.0043663 ]] 
Episode: 90: [[ 0.00858463  0.         -0.03555404  0.          0.          0.
   0.          0.          0.          0.00413457]] 
Episode: 91: [[ 0.0087625   0.         -0.03536294  0.          0.          0.
   0.          0.          0.          0.00396243]] 
Episode: 92: [[ 0.00895379  0.         -0.03521436  0.          0.          0.
   0.          0.          0.          0.00375945]] 
Episode: 93: [[ 0.00912339  0.         -0.03510814  0.          0.          0.
   0.          0.          0.          0.00361953]] 
Episode: 94: [[ 0.00917896  0.         -0.03500212  0.          0.          0.
   0.          0.          0.          0.00343087]] 
Episode: 95: [[ 0.00919081  0.         -0.03481964  0.          0.          0.
   0.          0.          0.          0.00327498]] 
Episode: 96: [[ 0.00920075  0.         -0.03470325  0.          0.          0.
   0.          0.          0.          0.00315228]] 
Episode: 97: [[ 0.00925316  0.         -0.0346088   0.          0.          0.
   0.          0.          0.          0.00301401]] 
Episode: 98: [[ 0.00922693  0.         -0.03456924  0.          0.          0.
   0.          0.          0.          0.00302908]] 
Episode: 99: [[ 0.0091664   0.         -0.03465817  0.          0.          0.
   0.          0.          0.          0.0032204 ]] 
Episode: 100: [[ 0.00903084  0.         -0.03486744  0.          0.          0.
   0.          0.          0.          0.00361823]] 
Episode: 101: [[ 0.0088503   0.         -0.03515243  0.          0.          0.
   0.          0.          0.          0.00408157]] 
Episode: 102: [[ 0.00865169  0.         -0.03542989  0.          0.          0.
   0.          0.          0.          0.00451487]] 
Episode: 103: [[ 0.00848753  0.         -0.03566404  0.          0.          0.
   0.          0.          0.          0.00493518]] 
Episode: 104: [[ 0.00837917  0.         -0.03586943  0.          0.          0.
   0.          0.          0.          0.00531115]] 
Episode: 105: [[ 0.00825261  0.         -0.03596793  0.          0.          0.
   0.          0.          0.          0.00565595]] 
Episode: 106: [[ 0.00820225  0.         -0.03601214  0.          0.          0.
   0.          0.          0.          0.0058102 ]] 
Episode: 107: [[ 0.0081214   0.         -0.03602737  0.          0.          0.
   0.          0.          0.          0.00594609]] 
Episode: 108: [[ 0.00817435  0.         -0.03612157  0.          0.          0.
   0.          0.          0.          0.00604628]] 
Episode: 109: [[ 0.00821311  0.         -0.03610081  0.          0.          0.
   0.          0.          0.          0.00598282]] 
Episode: 110: [[ 0.00833745  0.         -0.03606958  0.          0.          0.
   0.          0.          0.          0.00585796]] 
Episode: 111: [[ 0.00846518  0.         -0.03604385  0.          0.          0.
   0.          0.          0.          0.00573999]] 
Episode: 112: [[ 0.00848251  0.         -0.03591029  0.          0.          0.
   0.          0.          0.          0.00548751]] 
Episode: 113: [[ 0.00853128  0.         -0.035739    0.          0.          0.
   0.          0.          0.          0.00518973]] 
Episode: 114: [[ 0.00856365  0.         -0.03560739  0.          0.          0.
   0.          0.          0.          0.00493226]] 
Episode: 115: [[ 0.00860134  0.         -0.03554844  0.          0.          0.
   0.          0.          0.          0.00477748]] 
Episode: 116: [[ 0.00866054  0.         -0.03557754  0.          0.          0.
   0.          0.          0.          0.00465431]] 
Episode: 117: [[ 0.00871869  0.         -0.03562234  0.          0.          0.
   0.          0.          0.          0.00450982]] 
Episode: 118: [[ 0.00867702  0.         -0.0357574   0.          0.          0.
   0.          0.          0.          0.00430035]] 
Episode: 119: [[ 0.00867752  0.         -0.03582321  0.          0.          0.
   0.          0.          0.          0.00405992]] 
Episode: 120: [[ 0.00860838  0.         -0.03593888  0.          0.          0.
   0.          0.          0.          0.00389939]] 
Episode: 121: [[ 0.00853642  0.         -0.03614296  0.          0.          0.
   0.          0.          0.          0.00388275]] 
Episode: 122: [[ 0.00846323  0.         -0.03632442  0.          0.          0.
   0.          0.          0.          0.0037967 ]] 
Episode: 123: [[ 0.00850873  0.         -0.03639869  0.          0.          0.
   0.          0.          0.          0.00369971]] 
Episode: 124: [[ 0.00851384  0.         -0.03648922  0.          0.          0.
   0.          0.          0.          0.00352316]] 
Episode: 125: [[ 0.00857982  0.         -0.03656993  0.          0.          0.
   0.          0.          0.          0.00332286]] 
Episode: 126: [[ 0.00861093  0.         -0.03668344  0.          0.          0.
   0.          0.          0.          0.00316926]] 
Episode: 127: [[ 0.00861647  0.         -0.03684277  0.          0.          0.
   0.          0.          0.          0.00305834]] 
Episode: 128: [[ 0.00846499  0.         -0.03708437  0.          0.          0.
   0.          0.          0.          0.00343275]] 
Episode: 129: [[ 0.00833923  0.         -0.03731846  0.          0.          0.
   0.          0.          0.          0.00376973]] 
Episode: 130: [[ 0.00818425  0.         -0.03757058  0.          0.          0.
   0.          0.          0.          0.00413462]] 
Episode: 131: [[ 0.008013    0.         -0.03774852  0.          0.          0.
   0.          0.          0.          0.00448779]] 
Episode: 132: [[ 0.00787407  0.         -0.03791306  0.          0.          0.
   0.          0.          0.          0.00476597]] 
Episode: 133: [[ 0.00776868  0.         -0.03804268  0.          0.          0.
   0.          0.          0.          0.0048808 ]] 
Episode: 134: [[ 0.00770807  0.         -0.03814397  0.          0.          0.
   0.          0.          0.          0.00495442]] 
Episode: 135: [[ 0.00761537  0.         -0.03826987  0.          0.          0.
   0.          0.          0.          0.00502781]] 
Episode: 136: [[ 0.00758878  0.         -0.03833178  0.          0.          0.
   0.          0.          0.          0.00503712]] 
Episode: 137: [[ 0.00755823  0.         -0.03837439  0.          0.          0.
   0.          0.          0.          0.00501072]] 
Episode: 138: [[ 0.00760644  0.         -0.0383527   0.          0.          0.
   0.          0.          0.          0.00496757]] 
Episode: 139: [[ 0.00759957  0.         -0.03830986  0.          0.          0.
   0.          0.          0.          0.00472168]] 
Episode: 140: [[ 0.00764643  0.         -0.03824879  0.          0.          0.
   0.          0.          0.          0.00442502]] 
Episode: 141: [[ 0.0076641   0.         -0.03822815  0.          0.          0.
   0.          0.          0.          0.00418044]] 
Episode: 142: [[ 0.00762371  0.         -0.03825859  0.          0.          0.
   0.          0.          0.          0.00399899]] 
Episode: 143: [[ 0.00757251  0.         -0.03837515  0.          0.          0.
   0.          0.          0.          0.00388993]] 
Episode: 144: [[ 0.00752631  0.         -0.03832946  0.          0.          0.
   0.          0.          0.          0.00348089]] 
Episode: 145: [[ 0.00736552  0.         -0.03835937  0.          0.          0.
   0.          0.          0.          0.00323351]] 
Episode: 146: [[ 0.00717726  0.         -0.03839468  0.          0.          0.
   0.          0.          0.          0.00296354]] 
Episode: 147: [[ 0.00698986  0.         -0.03848192  0.          0.          0.
   0.          0.          0.          0.00275745]] 
Episode: 148: [[ 0.00676971  0.         -0.03856287  0.          0.          0.
   0.          0.          0.          0.00261193]] 
Episode: 149: [[ 0.00649354  0.         -0.03874031  0.          0.          0.
   0.          0.          0.          0.00270775]] 
Episode: 150: [[ 0.00616654  0.         -0.03902285  0.          0.          0.
   0.          0.          0.          0.00295825]] 
Episode: 151: [[ 0.00582166  0.         -0.03930635  0.          0.          0.
   0.          0.          0.          0.00320392]] 
Episode: 152: [[ 0.00544049  0.         -0.03959919  0.          0.          0.
   0.          0.          0.          0.00360558]] 
Episode: 153: [[ 0.00525677  0.         -0.03981902  0.          0.          0.
   0.          0.          0.          0.00383515]] 
Episode: 154: [[ 0.00515133  0.         -0.03998536  0.          0.          0.
   0.          0.          0.          0.00398215]] 
Episode: 155: [[ 0.00500522  0.         -0.04015851  0.          0.          0.
   0.          0.          0.          0.00411775]] 
Episode: 156: [[ 0.00498823  0.         -0.04027658  0.          0.          0.
   0.          0.          0.          0.00407875]] 
Episode: 157: [[ 0.00493576  0.         -0.04042159  0.          0.          0.
   0.          0.          0.          0.00407237]] 
Episode: 158: [[ 0.00501713  0.         -0.04060618  0.          0.          0.
   0.          0.          0.          0.00407043]] 
Episode: 159: [[ 0.00500648  0.         -0.04082384  0.          0.          0.
   0.          0.          0.          0.00406719]] 
Episode: 160: [[ 0.00487215  0.         -0.0410537   0.          0.          0.
   0.          0.          0.          0.00412962]] 
Episode: 161: [[ 0.00476385  0.         -0.04124532  0.          0.          0.
   0.          0.          0.          0.00411615]] 
Episode: 162: [[ 0.00462613  0.         -0.04139802  0.          0.          0.
   0.          0.          0.          0.00398742]] 
Episode: 163: [[ 0.00449547  0.         -0.04153572  0.          0.          0.
   0.          0.          0.          0.00386135]] 
Episode: 164: [[ 0.00447595  0.         -0.0415284   0.          0.          0.
   0.          0.          0.          0.00367518]] 
Episode: 165: [[ 0.00444093  0.         -0.04150408  0.          0.          0.
   0.          0.          0.          0.00351259]] 
Episode: 166: [[ 0.00431743  0.         -0.04150965  0.          0.          0.
   0.          0.          0.          0.00330335]] 
Episode: 167: [[ 0.00421798  0.         -0.04154335  0.          0.          0.
   0.          0.          0.          0.00312585]] 
Episode: 168: [[ 0.00425767  0.         -0.04149682  0.          0.          0.
   0.          0.          0.          0.00294666]] 
Episode: 169: [[ 0.0042013   0.         -0.04158576  0.          0.          0.
   0.          0.          0.          0.00297585]] 
Episode: 170: [[ 0.00421164  0.         -0.04165553  0.          0.          0.
   0.          0.          0.          0.00303589]] 
Episode: 171: [[ 0.00414923  0.         -0.04177665  0.          0.          0.
   0.          0.          0.          0.00314889]] 
Episode: 172: [[ 0.00426425  0.         -0.04184252  0.          0.          0.
   0.          0.          0.          0.00334928]] 
Episode: 173: [[ 0.00440346  0.         -0.04187695  0.          0.          0.
   0.          0.          0.          0.00348739]] 
Episode: 174: [[ 0.00440575  0.         -0.04188836  0.          0.          0.
   0.          0.          0.          0.00363849]] 
Episode: 175: [[ 0.00442598  0.         -0.04191694  0.          0.          0.
   0.          0.          0.          0.0038941 ]] 
Episode: 176: [[ 0.00454313  0.         -0.04181217  0.          0.          0.
   0.          0.          0.          0.00389657]] 
Episode: 177: [[ 0.00472884  0.         -0.04169717  0.          0.          0.
   0.          0.          0.          0.00387632]] 
Episode: 178: [[ 0.00501353  0.         -0.04151024  0.          0.          0.
   0.          0.          0.          0.00372015]] 
Episode: 179: [[ 0.00547574  0.         -0.0411873   0.          0.          0.
   0.          0.          0.          0.00346492]] 
Episode: 180: [[ 0.00594684  0.         -0.04092415  0.          0.          0.
   0.          0.          0.          0.00325305]] 
Episode: 181: [[ 0.00639569  0.         -0.04053681  0.          0.          0.
   0.          0.          0.          0.00281639]] 
Episode: 182: [[ 0.00678113  0.         -0.04027183  0.          0.          0.
   0.          0.          0.          0.00255301]] 
Episode: 183: [[ 0.00710971  0.         -0.04009327  0.          0.          0.
   0.          0.          0.          0.00240814]] 
Episode: 184: [[ 0.00740801  0.         -0.04003429  0.          0.          0.
   0.          0.          0.          0.00242246]] 
Episode: 185: [[ 0.00766234  0.         -0.0401899   0.          0.          0.
   0.          0.          0.          0.00267317]] 
Episode: 186: [[ 0.0077578   0.         -0.04029587  0.          0.          0.
   0.          0.          0.          0.00282171]] 
Episode: 187: [[ 0.00781362  0.         -0.04048406  0.          0.          0.
   0.          0.          0.          0.00304064]] 
Episode: 188: [[ 0.00786256  0.         -0.04068241  0.          0.          0.
   0.          0.          0.          0.00327644]] 
Episode: 189: [[ 0.00785252  0.         -0.04085236  0.          0.          0.
   0.          0.          0.          0.00349741]] 
Episode: 190: [[ 0.00794966  0.         -0.04085403  0.          0.          0.
   0.          0.          0.          0.00349574]] 
Episode: 191: [[ 0.00807312  0.         -0.04062778  0.          0.          0.
   0.          0.          0.          0.00328121]] 
Episode: 192: [[ 0.00801117  0.         -0.04056269  0.          0.          0.
   0.          0.          0.          0.00338048]] 
Episode: 193: [[ 0.00789142  0.         -0.04053513  0.          0.          0.
   0.          0.          0.          0.00345727]] 
Episode: 194: [[ 0.0079426   0.         -0.04022874  0.          0.          0.
   0.          0.          0.          0.00340628]] 
Episode: 195: [[ 0.00796194  0.         -0.03990063  0.          0.          0.
   0.          0.          0.          0.00336368]] 
Episode: 196: [[ 0.00797225  0.         -0.03969229  0.          0.          0.
   0.          0.          0.          0.00340654]] 
Episode: 197: [[ 0.00797674  0.         -0.03953587  0.          0.          0.
   0.          0.          0.          0.00348349]] 
Episode: 198: [[ 0.00792328  0.         -0.03941604  0.          0.          0.
   0.          0.          0.          0.00345126]] 
Episode: 199: [[ 0.0078682   0.         -0.03931249  0.          0.          0.
   0.          0.          0.          0.00336774]] 
Episode: 200: [[ 0.0077398   0.         -0.03925072  0.          0.          0.
   0.          0.          0.          0.0033729 ]] 
Episode: 201: [[ 0.00763771  0.         -0.03930539  0.          0.          0.
   0.          0.          0.          0.00355026]] 
Episode: 202: [[ 0.00752256  0.         -0.03938439  0.          0.          0.
   0.          0.          0.          0.00379271]] 
Episode: 203: [[ 0.00744077  0.         -0.03946936  0.          0.          0.
   0.          0.          0.          0.00400475]] 
Episode: 204: [[ 0.00744714  0.         -0.03950358  0.          0.          0.
   0.          0.          0.          0.00405205]] 
Episode: 205: [[ 0.00744136  0.         -0.03953972  0.          0.          0.
   0.          0.          0.          0.00404734]] 
Episode: 206: [[ 0.00746842  0.         -0.03954681  0.          0.          0.
   0.          0.          0.          0.00398954]] 
Episode: 207: [[ 0.00750018  0.         -0.0395454   0.          0.          0.
   0.          0.          0.          0.00389102]] 
Episode: 208: [[ 0.0075921   0.         -0.0394885   0.          0.          0.
   0.          0.          0.          0.00366859]] 
Episode: 209: [[ 0.00757183  0.         -0.03939686  0.          0.          0.
   0.          0.          0.          0.00350923]] 
Episode: 210: [[ 0.00747374  0.         -0.03925375  0.          0.          0.
   0.          0.          0.          0.00348458]] 
Episode: 211: [[ 0.00729588  0.         -0.03905246  0.          0.          0.
   0.          0.          0.          0.00342246]] 
Episode: 212: [[ 0.00709789  0.         -0.03893892  0.          0.          0.
   0.          0.          0.          0.00344777]] 
Episode: 213: [[ 0.006889    0.         -0.03885734  0.          0.          0.
   0.          0.          0.          0.00357808]] 
Episode: 214: [[ 0.00669086  0.         -0.03882404  0.          0.          0.
   0.          0.          0.          0.00370583]] 
Episode: 215: [[ 0.00662288  0.         -0.03878841  0.          0.          0.
   0.          0.          0.          0.00363829]] 
Episode: 216: [[ 0.00657274  0.         -0.03882099  0.          0.          0.
   0.          0.          0.          0.00360792]] 
Episode: 217: [[ 0.00651619  0.         -0.03893987  0.          0.          0.
   0.          0.          0.          0.00371834]] 
Episode: 218: [[ 0.00642083  0.         -0.03907334  0.          0.          0.
   0.          0.          0.          0.00384397]] 
Episode: 219: [[ 0.0063505   0.         -0.03924006  0.          0.          0.
   0.          0.          0.          0.00392719]] 
Episode: 220: [[ 0.00638169  0.         -0.0389541   0.          0.          0.
   0.          0.          0.          0.00364275]] 
Episode: 221: [[ 0.00615907  0.         -0.03868979  0.          0.          0.
   0.          0.          0.          0.00355513]] 
Episode: 222: [[ 0.00594966  0.         -0.03844014  0.          0.          0.
   0.          0.          0.          0.00347596]] 
Episode: 223: [[ 0.0057333   0.         -0.03824025  0.          0.          0.
   0.          0.          0.          0.00344558]] 
Episode: 224: [[ 0.00553141  0.         -0.03801157  0.          0.          0.
   0.          0.          0.          0.00328876]] 
Episode: 225: [[ 0.0053141   0.         -0.03792994  0.          0.          0.
   0.          0.          0.          0.00324385]] 
Episode: 226: [[ 0.00502176  0.         -0.03797115  0.          0.          0.
   0.          0.          0.          0.00330417]] 
Episode: 227: [[ 0.00470585  0.         -0.03807469  0.          0.          0.
   0.          0.          0.          0.00342413]] 
Episode: 228: [[ 0.00445451  0.         -0.03820494  0.          0.          0.
   0.          0.          0.          0.00353279]] 
Episode: 229: [[ 0.00424481  0.         -0.03841106  0.          0.          0.
   0.          0.          0.          0.00372353]] 
Episode: 230: [[ 0.00408734  0.         -0.0387294   0.          0.          0.
   0.          0.          0.          0.00398533]] 
Episode: 231: [[ 0.00393608  0.         -0.03900071  0.          0.          0.
   0.          0.          0.          0.00420476]] 
Episode: 232: [[ 0.00382763  0.         -0.0391525   0.          0.          0.
   0.          0.          0.          0.00437598]] 
Episode: 233: [[ 0.00375738  0.         -0.03940745  0.          0.          0.
   0.          0.          0.          0.00454124]] 
Episode: 234: [[ 0.00389087  0.         -0.03950143  0.          0.          0.
   0.          0.          0.          0.00450669]] 
Episode: 235: [[ 0.0040731   0.         -0.03962241  0.          0.          0.
   0.          0.          0.          0.00449459]] 
Episode: 236: [[ 0.00445701  0.         -0.0398155   0.          0.          0.
   0.          0.          0.          0.00445119]] 
Episode: 237: [[ 0.00494583  0.         -0.04002189  0.          0.          0.
   0.          0.          0.          0.0044483 ]] 
Episode: 238: [[ 0.00543464  0.         -0.04010521  0.          0.          0.
   0.          0.          0.          0.00428081]] 
Episode: 239: [[ 0.00610302  0.         -0.04002981  0.          0.          0.
   0.          0.          0.          0.00406562]] 
Episode: 240: [[ 0.006987    0.         -0.03989206  0.          0.          0.
   0.          0.          0.          0.00378349]] 
Episode: 241: [[ 0.00747878  0.         -0.0398648   0.          0.          0.
   0.          0.          0.          0.00370422]] 
Episode: 242: [[ 0.00794509  0.         -0.03985692  0.          0.          0.
   0.          0.          0.          0.00365548]] 
Episode: 243: [[ 0.00818958  0.         -0.03970673  0.          0.          0.
   0.          0.          0.          0.00351641]] 
Episode: 244: [[ 0.00846417  0.         -0.03952485  0.          0.          0.
   0.          0.          0.          0.00328314]] 
Episode: 245: [[ 0.00870185  0.         -0.03931969  0.          0.          0.
   0.          0.          0.          0.00308484]] 
Episode: 246: [[ 0.00888665  0.         -0.03913106  0.          0.          0.
   0.          0.          0.          0.00300948]] 
Episode: 247: [[ 0.008971    0.         -0.03897976  0.          0.          0.
   0.          0.          0.          0.003048  ]] 
Episode: 248: [[ 0.00901429  0.         -0.03879185  0.          0.          0.
   0.          0.          0.          0.00304195]] 
Episode: 249: [[ 0.00904901  0.         -0.03864712  0.          0.          0.
   0.          0.          0.          0.00305407]] 
Episode: 250: [[ 0.00903257  0.         -0.03865279  0.          0.          0.
   0.          0.          0.          0.00332381]] 
Episode: 251: [[ 0.00902244  0.         -0.03871127  0.          0.          0.
   0.          0.          0.          0.00354766]] 
Episode: 252: [[ 0.00899558  0.         -0.03879651  0.          0.          0.
   0.          0.          0.          0.00371817]] 
Episode: 253: [[ 0.0087098   0.         -0.03881064  0.          0.          0.
   0.          0.          0.          0.00420677]] 
Episode: 254: [[ 0.00842393  0.         -0.0388942   0.          0.          0.
   0.          0.          0.          0.00471622]] 
Episode: 255: [[ 0.00812098  0.         -0.03902037  0.          0.          0.
   0.          0.          0.          0.00518267]] 
Episode: 256: [[ 0.00783465  0.         -0.03912355  0.          0.          0.
   0.          0.          0.          0.0056168 ]] 
Episode: 257: [[ 0.00759152  0.         -0.03916368  0.          0.          0.
   0.          0.          0.          0.00599438]] 
Episode: 258: [[ 0.00737236  0.         -0.03910626  0.          0.          0.
   0.          0.          0.          0.00623897]] 
Episode: 259: [[ 0.00732599  0.         -0.03904453  0.          0.          0.
   0.          0.          0.          0.0063138 ]] 
Episode: 260: [[ 0.00726688  0.         -0.03904052  0.          0.          0.
   0.          0.          0.          0.00633783]] 
Episode: 261: [[ 0.00721871  0.         -0.03885673  0.          0.          0.
   0.          0.          0.          0.0063969 ]] 
Episode: 262: [[ 0.00715469  0.         -0.03863047  0.          0.          0.
   0.          0.          0.          0.00641183]] 
Episode: 263: [[ 0.00711245  0.         -0.03840772  0.          0.          0.
   0.          0.          0.          0.00642367]] 
Episode: 264: [[ 0.00714571  0.         -0.03814473  0.          0.          0.
   0.          0.          0.          0.00632039]] 
Episode: 265: [[ 0.00735558  0.         -0.03776447  0.          0.          0.
   0.          0.          0.          0.00612007]] 
Episode: 266: [[ 0.00751522  0.         -0.03737033  0.          0.          0.
   0.          0.          0.          0.00592016]] 
Episode: 267: [[ 0.00775431  0.         -0.0369531   0.          0.          0.
   0.          0.          0.          0.00570414]] 
Episode: 268: [[ 0.00785114  0.         -0.03657432  0.          0.          0.
   0.          0.          0.          0.00562583]] 
Episode: 269: [[ 0.00797478  0.         -0.03625557  0.          0.          0.
   0.          0.          0.          0.00554498]] 
Episode: 270: [[ 0.00806458  0.         -0.03576771  0.          0.          0.
   0.          0.          0.          0.00532031]] 
Episode: 271: [[ 0.00826275  0.         -0.0351189   0.          0.          0.
   0.          0.          0.          0.00493799]] 
Episode: 272: [[ 0.00837316  0.         -0.03460836  0.          0.          0.
   0.          0.          0.          0.00465616]] 
Episode: 273: [[ 0.00850697  0.         -0.03393953  0.          0.          0.
   0.          0.          0.          0.00430849]] 
Episode: 274: [[ 0.00857045  0.         -0.03342417  0.          0.          0.
   0.          0.          0.          0.00409904]] 
Episode: 275: [[ 0.00859042  0.         -0.03301461  0.          0.          0.
   0.          0.          0.          0.00392024]] 
Episode: 276: [[ 0.00863351  0.         -0.03267895  0.          0.          0.
   0.          0.          0.          0.00373232]] 
Episode: 277: [[ 0.00866625  0.         -0.03245539  0.          0.          0.
   0.          0.          0.          0.00364031]] 
Episode: 278: [[ 0.00861774  0.         -0.03220801  0.          0.          0.
   0.          0.          0.          0.00351992]] 
Episode: 279: [[ 0.00844971  0.         -0.03217075  0.          0.          0.
   0.          0.          0.          0.00345868]] 
Episode: 280: [[ 0.0082335   0.         -0.03228177  0.          0.          0.
   0.          0.          0.          0.00351727]] 
Episode: 281: [[ 0.00797601  0.         -0.03238766  0.          0.          0.
   0.          0.          0.          0.00356451]] 
Episode: 282: [[ 0.00766124  0.         -0.03244249  0.          0.          0.
   0.          0.          0.          0.0034469 ]] 
Episode: 283: [[ 0.00732773  0.         -0.03250827  0.          0.          0.
   0.          0.          0.          0.0033935 ]] 
Episode: 284: [[ 0.00694526  0.         -0.03274107  0.          0.          0.
   0.          0.          0.          0.00350489]] 
Episode: 285: [[ 0.00663113  0.         -0.03304154  0.          0.          0.
   0.          0.          0.          0.00367763]] 
Episode: 286: [[ 0.00633347  0.         -0.03337194  0.          0.          0.
   0.          0.          0.          0.00390979]] 
Episode: 287: [[ 0.00609211  0.         -0.03371652  0.          0.          0.
   0.          0.          0.          0.00414563]] 
Episode: 288: [[ 0.00593028  0.         -0.03408662  0.          0.          0.
   0.          0.          0.          0.00438399]] 
Episode: 289: [[ 0.0056814   0.         -0.0342068   0.          0.          0.
   0.          0.          0.          0.00429073]] 
Episode: 290: [[ 0.00544692  0.         -0.03436689  0.          0.          0.
   0.          0.          0.          0.00422873]] 
Episode: 291: [[ 0.00522512  0.         -0.03441426  0.          0.          0.
   0.          0.          0.          0.00407115]] 
Episode: 292: [[ 0.00506569  0.         -0.03446707  0.          0.          0.
   0.          0.          0.          0.00396698]] 
Episode: 293: [[ 0.00492796  0.         -0.03468646  0.          0.          0.
   0.          0.          0.          0.00401283]] 
Episode: 294: [[ 0.00494237  0.         -0.0348345   0.          0.          0.
   0.          0.          0.          0.0040137 ]] 
Episode: 295: [[ 0.00507658  0.         -0.03485869  0.          0.          0.
   0.          0.          0.          0.0039042 ]] 
Episode: 296: [[ 0.00517737  0.         -0.03483656  0.          0.          0.
   0.          0.          0.          0.00367905]] 
Episode: 297: [[ 0.00522205  0.         -0.03487875  0.          0.          0.
   0.          0.          0.          0.0035497 ]] 
Episode: 298: [[ 0.00526052  0.         -0.03492451  0.          0.          0.
   0.          0.          0.          0.00342992]] 
Episode: 299: [[ 0.00531785  0.         -0.03480483  0.          0.          0.
   0.          0.          0.          0.00321343]] 
Episode: 300: [[ 0.00543055  0.         -0.03474583  0.          0.          0.
   0.          0.          0.          0.00305778]] 
Episode: 301: [[ 0.00548581  0.         -0.03473737  0.          0.          0.
   0.          0.          0.          0.00296267]] 
Episode: 302: [[ 0.00561529  0.         -0.03463677  0.          0.          0.
   0.          0.          0.          0.00285798]] 
Episode: 303: [[ 0.00564393  0.         -0.03467398  0.          0.          0.
   0.          0.          0.          0.00291041]] 
Episode: 304: [[ 0.00565368  0.         -0.03480389  0.          0.          0.
   0.          0.          0.          0.0031248 ]] 
Episode: 305: [[ 0.00573749  0.         -0.03488027  0.          0.          0.
   0.          0.          0.          0.00320685]] 
Episode: 306: [[ 0.00566287  0.         -0.03490573  0.          0.          0.
   0.          0.          0.          0.00328177]] 
Episode: 307: [[ 0.00568637  0.         -0.03498222  0.          0.          0.
   0.          0.          0.          0.00326283]] 
Episode: 308: [[ 0.00558742  0.         -0.03525346  0.          0.          0.
   0.          0.          0.          0.00353816]] 
Episode: 309: [[ 0.00563955  0.         -0.03550094  0.          0.          0.
   0.          0.          0.          0.00370046]] 
Episode: 310: [[ 0.00573692  0.         -0.0356781   0.          0.          0.
   0.          0.          0.          0.0037869 ]] 
Episode: 311: [[ 0.00590747  0.         -0.03588433  0.          0.          0.
   0.          0.          0.          0.00385891]] 
Episode: 312: [[ 0.00590395  0.         -0.03607291  0.          0.          0.
   0.          0.          0.          0.00404222]] 
Episode: 313: [[ 0.00618884  0.         -0.03616779  0.          0.          0.
   0.          0.          0.          0.00398328]] 
Episode: 314: [[ 0.00632695  0.         -0.03617602  0.          0.          0.
   0.          0.          0.          0.00392966]] 
Episode: 315: [[ 0.00639323  0.         -0.03626498  0.          0.          0.
   0.          0.          0.          0.00404867]] 
Episode: 316: [[ 0.00640353  0.         -0.03640516  0.          0.          0.
   0.          0.          0.          0.00411701]] 
Episode: 317: [[ 0.0063878   0.         -0.03662078  0.          0.          0.
   0.          0.          0.          0.00428496]] 
Episode: 318: [[ 0.00631121  0.         -0.03680434  0.          0.          0.
   0.          0.          0.          0.00446355]] 
Episode: 319: [[ 0.00629383  0.         -0.03695477  0.          0.          0.
   0.          0.          0.          0.00463263]] 
Episode: 320: [[ 0.00641817  0.         -0.03705964  0.          0.          0.
   0.          0.          0.          0.00468993]] 
Episode: 321: [[ 0.00659588  0.         -0.03704601  0.          0.          0.
   0.          0.          0.          0.00468736]] 
Episode: 322: [[ 0.00684213  0.         -0.03695344  0.          0.          0.
   0.          0.          0.          0.00463565]] 
Episode: 323: [[ 0.00712182  0.         -0.03687777  0.          0.          0.
   0.          0.          0.          0.00452047]] 
Episode: 324: [[ 0.00728827  0.         -0.03688262  0.          0.          0.
   0.          0.          0.          0.00447736]] 
Episode: 325: [[ 0.00750462  0.         -0.03693715  0.          0.          0.
   0.          0.          0.          0.00443937]] 
Episode: 326: [[ 0.00764222  0.         -0.03702623  0.          0.          0.
   0.          0.          0.          0.00443148]] 
Episode: 327: [[ 0.00773332  0.         -0.03712441  0.          0.          0.
   0.          0.          0.          0.00438478]] 
Episode: 328: [[ 0.00776861  0.         -0.03719021  0.          0.          0.
   0.          0.          0.          0.00429579]] 
Episode: 329: [[ 0.00778155  0.         -0.03712057  0.          0.          0.
   0.          0.          0.          0.00397567]] 
Episode: 330: [[ 0.00778989  0.         -0.03712133  0.          0.          0.
   0.          0.          0.          0.00367883]] 
Episode: 331: [[ 0.00773356  0.         -0.03715965  0.          0.          0.
   0.          0.          0.          0.00343888]] 
Episode: 332: [[ 0.00762604  0.         -0.03730633  0.          0.          0.
   0.          0.          0.          0.00331676]] 
Episode: 333: [[ 0.00755408  0.         -0.03746441  0.          0.          0.
   0.          0.          0.          0.00315765]] 
Episode: 334: [[ 0.00756095  0.         -0.03760849  0.          0.          0.
   0.          0.          0.          0.00303106]] 
Episode: 335: [[ 0.00747248  0.         -0.03774697  0.          0.          0.
   0.          0.          0.          0.00305117]] 
Episode: 336: [[ 0.00727873  0.         -0.03803744  0.          0.          0.
   0.          0.          0.          0.00321985]] 
Episode: 337: [[ 0.00707033  0.         -0.03836537  0.          0.          0.
   0.          0.          0.          0.0034354 ]] 
Episode: 338: [[ 0.00688764  0.         -0.03868838  0.          0.          0.
   0.          0.          0.          0.00367446]] 
Episode: 339: [[ 0.00678171  0.         -0.03891578  0.          0.          0.
   0.          0.          0.          0.00388151]] 
Episode: 340: [[ 0.00671204  0.         -0.0391011   0.          0.          0.
   0.          0.          0.          0.00404461]] 
Episode: 341: [[ 0.00673109  0.         -0.03920183  0.          0.          0.
   0.          0.          0.          0.00411686]] 
Episode: 342: [[ 0.00691747  0.         -0.03920496  0.          0.          0.
   0.          0.          0.          0.0041384 ]] 
Episode: 343: [[ 0.00701773  0.         -0.03931818  0.          0.          0.
   0.          0.          0.          0.00419073]] 
Episode: 344: [[ 0.00706691  0.         -0.03933505  0.          0.          0.
   0.          0.          0.          0.00417303]] 
Episode: 345: [[ 0.00712062  0.         -0.03932092  0.          0.          0.
   0.          0.          0.          0.004141  ]] 
Episode: 346: [[ 0.00710708  0.         -0.03938539  0.          0.          0.
   0.          0.          0.          0.0041229 ]] 
Episode: 347: [[ 0.00730868  0.         -0.03932714  0.          0.          0.
   0.          0.          0.          0.00398498]] 
Episode: 348: [[ 0.00748614  0.         -0.03926709  0.          0.          0.
   0.          0.          0.          0.00387835]] 
Episode: 349: [[ 0.00760842  0.         -0.03927694  0.          0.          0.
   0.          0.          0.          0.00370741]] 
Episode: 350: [[ 0.00763692  0.         -0.03936683  0.          0.          0.
   0.          0.          0.          0.00363364]] 
Episode: 351: [[ 0.00769864  0.         -0.03949801  0.          0.          0.
   0.          0.          0.          0.00358076]] 
Episode: 352: [[ 0.00776926  0.         -0.03970296  0.          0.          0.
   0.          0.          0.          0.00362508]] 
Episode: 353: [[ 0.00782737  0.         -0.0399469   0.          0.          0.
   0.          0.          0.          0.00365269]] 
Episode: 354: [[ 0.00786768  0.         -0.04003496  0.          0.          0.
   0.          0.          0.          0.0036944 ]] 
Episode: 355: [[ 0.00785034  0.         -0.04019348  0.          0.          0.
   0.          0.          0.          0.00377131]] 
Episode: 356: [[ 0.00783343  0.         -0.04041781  0.          0.          0.
   0.          0.          0.          0.00392345]] 
Episode: 357: [[ 0.00753283  0.         -0.04059022  0.          0.          0.
   0.          0.          0.          0.00392159]] 
Episode: 358: [[ 0.00724448  0.         -0.04065114  0.          0.          0.
   0.          0.          0.          0.00385693]] 
Episode: 359: [[ 0.00692987  0.         -0.04067324  0.          0.          0.
   0.          0.          0.          0.003617  ]] 
Episode: 360: [[ 0.00654137  0.         -0.04071622  0.          0.          0.
   0.          0.          0.          0.00350645]] 
Episode: 361: [[ 0.00625419  0.         -0.04080682  0.          0.          0.
   0.          0.          0.          0.00346789]] 
Episode: 362: [[ 0.00600016  0.         -0.04093115  0.          0.          0.
   0.          0.          0.          0.00350996]] 
Episode: 363: [[ 0.00578223  0.         -0.04097303  0.          0.          0.
   0.          0.          0.          0.00344649]] 
Episode: 364: [[ 0.00559075  0.         -0.04101068  0.          0.          0.
   0.          0.          0.          0.00338861]] 
Episode: 365: [[ 0.00530075  0.         -0.04115509  0.          0.          0.
   0.          0.          0.          0.00353143]] 
Episode: 366: [[ 0.00491252  0.         -0.04123995  0.          0.          0.
   0.          0.          0.          0.00363269]] 
Episode: 367: [[ 0.00458544  0.         -0.04130879  0.          0.          0.
   0.          0.          0.          0.00369536]] 
Episode: 368: [[ 0.00449125  0.         -0.04127478  0.          0.          0.
   0.          0.          0.          0.0037508 ]] 
Episode: 369: [[ 0.00440648  0.         -0.04130182  0.          0.          0.
   0.          0.          0.          0.00393127]] 
Episode: 370: [[ 0.00428794  0.         -0.04133462  0.          0.          0.
   0.          0.          0.          0.00408376]] 
Episode: 371: [[ 0.00425637  0.         -0.04137195  0.          0.          0.
   0.          0.          0.          0.00414499]] 
Episode: 372: [[ 0.00448056  0.         -0.04110745  0.          0.          0.
   0.          0.          0.          0.00408947]] 
Episode: 373: [[ 0.00493771  0.         -0.04079042  0.          0.          0.
   0.          0.          0.          0.00406049]] 
Episode: 374: [[ 0.00530106  0.         -0.04046858  0.          0.          0.
   0.          0.          0.          0.00401489]] 
Episode: 375: [[ 0.00564479  0.         -0.04017548  0.          0.          0.
   0.          0.          0.          0.00402101]] 
Episode: 376: [[ 0.00603672  0.         -0.03993698  0.          0.          0.
   0.          0.          0.          0.00404926]] 
Episode: 377: [[ 0.00636864  0.         -0.03969828  0.          0.          0.
   0.          0.          0.          0.00402577]] 
Episode: 378: [[ 0.00673202  0.         -0.03956424  0.          0.          0.
   0.          0.          0.          0.00405969]] 
Episode: 379: [[ 0.00698322  0.         -0.03946602  0.          0.          0.
   0.          0.          0.          0.00413134]] 
Episode: 380: [[ 0.00725746  0.         -0.03939386  0.          0.          0.
   0.          0.          0.          0.00418372]] 
Episode: 381: [[ 0.00752802  0.         -0.0393509   0.          0.          0.
   0.          0.          0.          0.00421051]] 
Episode: 382: [[ 0.00773153  0.         -0.03935776  0.          0.          0.
   0.          0.          0.          0.00439837]] 
Episode: 383: [[ 0.00795769  0.         -0.03938568  0.          0.          0.
   0.          0.          0.          0.00463067]] 
Episode: 384: [[ 0.00821483  0.         -0.03938942  0.          0.          0.
   0.          0.          0.          0.00480803]] 
Episode: 385: [[ 0.0084573   0.         -0.03941274  0.          0.          0.
   0.          0.          0.          0.0049206 ]] 
Episode: 386: [[ 0.00871635  0.         -0.03949245  0.          0.          0.
   0.          0.          0.          0.00505317]] 
Episode: 387: [[ 0.00898031  0.         -0.03955595  0.          0.          0.
   0.          0.          0.          0.00511328]] 
Episode: 388: [[ 0.00919132  0.         -0.03953053  0.          0.          0.
   0.          0.          0.          0.0051292 ]] 
Episode: 389: [[ 0.00920131  0.         -0.03953975  0.          0.          0.
   0.          0.          0.          0.00515228]] 
Episode: 390: [[ 0.00909012  0.         -0.03959797  0.          0.          0.
   0.          0.          0.          0.00526186]] 
Episode: 391: [[ 0.00888158  0.         -0.03952369  0.          0.          0.
   0.          0.          0.          0.00534253]] 
Episode: 392: [[ 0.00870797  0.         -0.03946358  0.          0.          0.
   0.          0.          0.          0.0054622 ]] 
Episode: 393: [[ 0.00848045  0.         -0.03947195  0.          0.          0.
   0.          0.          0.          0.00562898]] 
Episode: 394: [[ 0.00829658  0.         -0.03944807  0.          0.          0.
   0.          0.          0.          0.00572962]] 
Episode: 395: [[ 0.00820238  0.         -0.03940407  0.          0.          0.
   0.          0.          0.          0.00573826]] 
Episode: 396: [[ 0.00807227  0.         -0.03925902  0.          0.          0.
   0.          0.          0.          0.00568475]] 
Episode: 397: [[ 0.00796777  0.         -0.03905606  0.          0.          0.
   0.          0.          0.          0.00557811]] 
Episode: 398: [[ 0.00781462  0.         -0.03883817  0.          0.          0.
   0.          0.          0.          0.00542306]] 
Episode: 399: [[ 0.00768805  0.         -0.03857908  0.          0.          0.
   0.          0.          0.          0.00527571]] 
Episode: 400: [[ 0.00747208  0.         -0.03833325  0.          0.          0.
   0.          0.          0.          0.00503652]] 
Episode: 401: [[ 0.00723673  0.         -0.03814469  0.          0.          0.
   0.          0.          0.          0.00486673]] 
Episode: 402: [[ 0.00709101  0.         -0.03787246  0.          0.          0.
   0.          0.          0.          0.00460689]] 
Episode: 403: [[ 0.00700101  0.         -0.03758314  0.          0.          0.
   0.          0.          0.          0.00425286]] 
Episode: 404: [[ 0.00695728  0.         -0.03721348  0.          0.          0.
   0.          0.          0.          0.00389528]] 
Episode: 405: [[ 0.00688864  0.         -0.03693752  0.          0.          0.
   0.          0.          0.          0.00363579]] 
Episode: 406: [[ 0.00681366  0.         -0.03674591  0.          0.          0.
   0.          0.          0.          0.00344528]] 
Episode: 407: [[ 0.00669901  0.         -0.03653704  0.          0.          0.
   0.          0.          0.          0.00327407]] 
Episode: 408: [[ 0.00649084  0.         -0.03645544  0.          0.          0.
   0.          0.          0.          0.00317705]] 
Episode: 409: [[ 0.00627323  0.         -0.03639267  0.          0.          0.
   0.          0.          0.          0.00307989]] 
Episode: 410: [[ 0.00618696  0.         -0.03635731  0.          0.          0.
   0.          0.          0.          0.00294547]] 
Episode: 411: [[ 0.00593308  0.         -0.03622651  0.          0.          0.
   0.          0.          0.          0.00269154]] 
Episode: 412: [[ 0.00571878  0.         -0.03609779  0.          0.          0.
   0.          0.          0.          0.00248556]] 
Episode: 413: [[ 0.00547979  0.         -0.03613945  0.          0.          0.
   0.          0.          0.          0.00252058]] 
Episode: 414: [[ 0.0052356  0.        -0.0363046  0.         0.         0.
   0.         0.         0.         0.0027764]] 
Episode: 415: [[ 0.0051764   0.         -0.0364902   0.          0.          0.
   0.          0.          0.          0.00307673]] 
Episode: 416: [[ 0.00513131  0.         -0.03672206  0.          0.          0.
   0.          0.          0.          0.00338427]] 
Episode: 417: [[ 0.00509937  0.         -0.03705911  0.          0.          0.
   0.          0.          0.          0.00381138]] 
Episode: 418: [[ 0.00502617  0.         -0.03721685  0.          0.          0.
   0.          0.          0.          0.00404893]] 
Episode: 419: [[ 0.00489005  0.         -0.03742942  0.          0.          0.
   0.          0.          0.          0.00431358]] 
Episode: 420: [[ 0.00479877  0.         -0.03761039  0.          0.          0.
   0.          0.          0.          0.00454348]] 
Episode: 421: [[ 0.00476875  0.         -0.03766206  0.          0.          0.
   0.          0.          0.          0.00467596]] 
Episode: 422: [[ 0.00468826  0.         -0.03769389  0.          0.          0.
   0.          0.          0.          0.00476288]] 
Episode: 423: [[ 0.00463768  0.         -0.03771687  0.          0.          0.
   0.          0.          0.          0.00479438]] 
Episode: 424: [[ 0.00465564  0.         -0.03773363  0.          0.          0.
   0.          0.          0.          0.00481301]] 
Episode: 425: [[ 0.00450415  0.         -0.03775036  0.          0.          0.
   0.          0.          0.          0.00481096]] 
Episode: 426: [[ 0.00427096  0.         -0.0376345   0.          0.          0.
   0.          0.          0.          0.00474937]] 
Episode: 427: [[ 0.004268    0.         -0.03741954  0.          0.          0.
   0.          0.          0.          0.00456573]] 
Episode: 428: [[ 0.00439914  0.         -0.03712392  0.          0.          0.
   0.          0.          0.          0.00432616]] 
Episode: 429: [[ 0.00426837  0.         -0.03674181  0.          0.          0.
   0.          0.          0.          0.00405835]] 
Episode: 430: [[ 0.00428834  0.         -0.03624126  0.          0.          0.
   0.          0.          0.          0.00367669]] 
Episode: 431: [[ 0.00441694  0.         -0.03591233  0.          0.          0.
   0.          0.          0.          0.00327309]] 
Episode: 432: [[ 0.00450847  0.         -0.03565007  0.          0.          0.
   0.          0.          0.          0.00300057]] 
Episode: 433: [[ 0.00460888  0.         -0.03549763  0.          0.          0.
   0.          0.          0.          0.00280459]] 
Episode: 434: [[ 0.00465393  0.         -0.03541456  0.          0.          0.
   0.          0.          0.          0.00269824]] 
Episode: 435: [[ 0.00468714  0.         -0.03542767  0.          0.          0.
   0.          0.          0.          0.00263662]] 
Episode: 436: [[ 0.0047335   0.         -0.03550567  0.          0.          0.
   0.          0.          0.          0.00267878]] 
Episode: 437: [[ 0.00467836  0.         -0.03574282  0.          0.          0.
   0.          0.          0.          0.00304397]] 
Episode: 438: [[ 0.00463192  0.         -0.03607173  0.          0.          0.
   0.          0.          0.          0.00346066]] 
Episode: 439: [[ 0.00470519  0.         -0.03629055  0.          0.          0.
   0.          0.          0.          0.00377865]] 
Episode: 440: [[ 0.00482012  0.         -0.03651047  0.          0.          0.
   0.          0.          0.          0.00402213]] 
Episode: 441: [[ 0.0051118   0.         -0.03660497  0.          0.          0.
   0.          0.          0.          0.00420947]] 
Episode: 442: [[ 0.00538432  0.         -0.03677411  0.          0.          0.
   0.          0.          0.          0.00444657]] 
Episode: 443: [[ 0.0056003   0.         -0.03694118  0.          0.          0.
   0.          0.          0.          0.00463454]] 
Episode: 444: [[ 0.00599352  0.         -0.0369736   0.          0.          0.
   0.          0.          0.          0.00473397]] 
Episode: 445: [[ 0.00645064  0.         -0.03699046  0.          0.          0.
   0.          0.          0.          0.00484604]] 
Episode: 446: [[ 0.00680995  0.         -0.03718757  0.          0.          0.
   0.          0.          0.          0.00512031]] 
Episode: 447: [[ 0.00703067  0.         -0.03726088  0.          0.          0.
   0.          0.          0.          0.00525326]] 
Episode: 448: [[ 0.0072339   0.         -0.03732635  0.          0.          0.
   0.          0.          0.          0.00530978]] 
Episode: 449: [[ 0.00739739  0.         -0.03731529  0.          0.          0.
   0.          0.          0.          0.00529206]] 
Episode: 450: [[ 0.00745637  0.         -0.03719965  0.          0.          0.
   0.          0.          0.          0.00532058]] 
Episode: 451: [[ 0.007549    0.         -0.03704489  0.          0.          0.
   0.          0.          0.          0.00530063]] 
Episode: 452: [[ 0.00785501  0.         -0.03668464  0.          0.          0.
   0.          0.          0.          0.00511933]] 
Episode: 453: [[ 0.00811422  0.         -0.03638945  0.          0.          0.
   0.          0.          0.          0.00493538]] 
Episode: 454: [[ 0.00835476  0.         -0.03612186  0.          0.          0.
   0.          0.          0.          0.00474625]] 
Episode: 455: [[ 0.00852943  0.         -0.03590368  0.          0.          0.
   0.          0.          0.          0.00452283]] 
Episode: 456: [[ 0.00884541  0.         -0.03567329  0.          0.          0.
   0.          0.          0.          0.00412923]] 
Episode: 457: [[ 0.00910016  0.         -0.03552888  0.          0.          0.
   0.          0.          0.          0.00386309]] 
Episode: 458: [[ 0.00948381  0.         -0.03525196  0.          0.          0.
   0.          0.          0.          0.00345498]] 
Episode: 459: [[ 0.00988463  0.         -0.03502156  0.          0.          0.
   0.          0.          0.          0.00310049]] 
Episode: 460: [[ 0.01024667  0.         -0.03486997  0.          0.          0.
   0.          0.          0.          0.00279797]] 
Episode: 461: [[ 0.0104604   0.         -0.03475191  0.          0.          0.
   0.          0.          0.          0.0025961 ]] 
Episode: 462: [[ 0.01051543  0.         -0.0344459   0.          0.          0.
   0.          0.          0.          0.00272981]] 
Episode: 463: [[ 0.01047026  0.         -0.03431227  0.          0.          0.
   0.          0.          0.          0.00293634]] 
Episode: 464: [[ 0.01035707  0.         -0.03426058  0.          0.          0.
   0.          0.          0.          0.00327143]] 
Episode: 465: [[ 0.01027817  0.         -0.03418507  0.          0.          0.
   0.          0.          0.          0.00357722]] 
Episode: 466: [[ 0.01010073  0.         -0.03423783  0.          0.          0.
   0.          0.          0.          0.00400885]] 
Episode: 467: [[ 0.00988321  0.         -0.03433724  0.          0.          0.
   0.          0.          0.          0.00440711]] 
Episode: 468: [[ 0.00960294  0.         -0.03439561  0.          0.          0.
   0.          0.          0.          0.00479415]] 
Episode: 469: [[ 0.00931904  0.         -0.03434544  0.          0.          0.
   0.          0.          0.          0.00503722]] 
Episode: 470: [[ 0.00906324  0.         -0.03433577  0.          0.          0.
   0.          0.          0.          0.00526006]] 
Episode: 471: [[ 0.00884215  0.         -0.03428702  0.          0.          0.
   0.          0.          0.          0.00534332]] 
Episode: 472: [[ 0.0087926   0.         -0.03403479  0.          0.          0.
   0.          0.          0.          0.00521188]] 
Episode: 473: [[ 0.00875925  0.         -0.03386633  0.          0.          0.
   0.          0.          0.          0.00507657]] 
Episode: 474: [[ 0.00874082  0.         -0.03374438  0.          0.          0.
   0.          0.          0.          0.0049455 ]] 
Episode: 475: [[ 0.00874903  0.         -0.0336797   0.          0.          0.
   0.          0.          0.          0.0048329 ]] 
Episode: 476: [[ 0.00869411  0.         -0.03368997  0.          0.          0.
   0.          0.          0.          0.00471725]] 
Episode: 477: [[ 0.00868486  0.         -0.03368812  0.          0.          0.
   0.          0.          0.          0.00458792]] 
Episode: 478: [[ 0.00871486  0.         -0.03373014  0.          0.          0.
   0.          0.          0.          0.00450983]] 
Episode: 479: [[ 0.00874894  0.         -0.03377406  0.          0.          0.
   0.          0.          0.          0.00442757]] 
Episode: 480: [[ 0.0087045   0.         -0.03388526  0.          0.          0.
   0.          0.          0.          0.00437387]] 
Episode: 481: [[ 0.00858903  0.         -0.03395027  0.          0.          0.
   0.          0.          0.          0.00426466]] 
Episode: 482: [[ 0.008362    0.         -0.03392431  0.          0.          0.
   0.          0.          0.          0.00429737]] 
Episode: 483: [[ 0.00812796  0.         -0.03395995  0.          0.          0.
   0.          0.          0.          0.00435269]] 
Episode: 484: [[ 0.00796496  0.         -0.0340396   0.          0.          0.
   0.          0.          0.          0.00445667]] 
Episode: 485: [[ 0.00776473  0.         -0.03414793  0.          0.          0.
   0.          0.          0.          0.00462105]] 
Episode: 486: [[ 0.00758442  0.         -0.03424614  0.          0.          0.
   0.          0.          0.          0.00472707]] 
Episode: 487: [[ 0.00743716  0.         -0.03412659  0.          0.          0.
   0.          0.          0.          0.00481879]] 
Episode: 488: [[ 0.00729153  0.         -0.03393801  0.          0.          0.
   0.          0.          0.          0.0049532 ]] 
Episode: 489: [[ 0.00708148  0.         -0.03368596  0.          0.          0.
   0.          0.          0.          0.00502111]] 
Episode: 490: [[ 0.00693507  0.         -0.03337909  0.          0.          0.
   0.          0.          0.          0.0050272 ]] 
Episode: 491: [[ 0.00681281  0.         -0.03311344  0.          0.          0.
   0.          0.          0.          0.00501248]] 
Episode: 492: [[ 0.00677504  0.         -0.03274259  0.          0.          0.
   0.          0.          0.          0.00491751]] 
Episode: 493: [[ 0.00672416  0.         -0.03224701  0.          0.          0.
   0.          0.          0.          0.00474406]] 
Episode: 494: [[ 0.00670229  0.         -0.03191627  0.          0.          0.
   0.          0.          0.          0.00463043]] 
Episode: 495: [[ 0.00672995  0.         -0.0314667   0.          0.          0.
   0.          0.          0.          0.00442564]] 
Episode: 496: [[ 0.00678146  0.         -0.03108124  0.          0.          0.
   0.          0.          0.          0.00424708]] 
Episode: 497: [[ 0.00679029  0.         -0.03042577  0.          0.          0.
   0.          0.          0.          0.00397116]] 
Episode: 498: [[ 0.0067583   0.         -0.02980342  0.          0.          0.
   0.          0.          0.          0.00370821]] 
Episode: 499: [[ 0.00671894  0.         -0.02933156  0.          0.          0.
   0.          0.          0.          0.00356111]] 
Episode: 500: [[ 0.0066364   0.         -0.02892482  0.          0.          0.
   0.          0.          0.          0.00349107]] 
