985.668823 388.600830 362.147736 365.666412 1650862.375000 
944.943481 513.648865 442.426605 334.033203 1828600.250000 
895.341187 421.905884 332.988068 373.778320 2525445.250000 
838.211304 420.634674 353.000061 287.996399 1848176.500000 
759.828918 389.207947 324.697937 290.331268 1335413.000000 
928.155518 463.154510 387.325012 355.474976 1884613.500000 
982.575806 500.510895 398.250519 299.763458 1747367.375000 
821.410706 385.210114 266.214417 225.160965 1722762.625000 
855.559570 517.082153 389.075562 367.895020 2600752.750000 
822.636414 417.513519 423.015747 400.498138 2085083.875000 
878.264771 451.485748 398.851929 294.123016 1518977.375000 
986.736328 482.666718 418.461487 448.892059 1740667.000000 
1062.316528 446.384338 380.131592 341.483795 2023774.750000 
891.227844 546.272766 464.202057 384.790039 1759921.250000 
963.947388 500.983307 395.137695 433.785675 2332255.000000 
761.482605 423.216614 303.820129 332.161072 1063621.875000 
917.154785 423.495178 380.867584 296.330231 1919363.625000 
933.163452 443.670197 385.213165 313.570892 1794545.375000 
1003.801147 453.894501 405.195435 321.378906 1640733.000000 
878.501953 460.523956 504.490631 370.989044 2562403.000000 
873.652527 442.971100 358.139557 290.699677 2218986.000000 
942.891174 406.501038 422.474091 385.581177 1471499.875000 
905.539978 518.712830 436.957977 343.084747 2290114.000000 
968.840332 444.642975 440.285706 464.040161 2456360.500000 
864.098999 439.165436 306.473480 414.943787 1512731.875000 
950.642639 438.152344 446.840210 530.424438 2955135.250000 
754.652222 354.477600 270.408081 246.199249 1485968.750000 
852.592712 448.131683 325.639160 334.082489 1302044.500000 
872.112061 413.290833 354.440460 338.971497 2013866.625000 
834.278992 398.481293 337.809509 268.411346 1610703.375000 
1168.448975 470.499634 336.752625 478.637299 1820092.750000 
997.670105 489.487091 379.246155 356.706329 1938614.375000 
823.797668 348.200653 303.665955 295.599335 2472244.250000 
856.369873 372.050201 315.704193 265.750092 1998322.500000 
840.144775 565.769470 516.643494 433.807068 1195488.875000 
938.603516 457.354797 390.669617 282.273163 1659608.875000 
908.655640 447.890503 388.233582 346.035309 2362791.500000 
906.899170 545.762695 629.231628 479.364655 2018042.250000 
896.240540 431.460114 346.705505 454.681702 1719438.375000 
919.647888 392.302094 307.835999 255.633804 1437619.500000 
888.938599 466.281647 430.113251 423.228088 1791605.125000 
918.897156 445.570282 414.532501 519.308777 1833575.500000 
865.859680 441.241089 351.195374 338.184937 2766033.000000 
914.613770 432.048950 367.320953 353.183502 1800887.625000 
954.309326 466.368866 471.068848 401.381042 1800693.750000 
1060.251343 473.851959 357.269684 347.375641 2127588.000000 
812.806519 402.580292 344.755493 309.556274 1716069.625000 
886.124695 430.969696 379.788940 323.012665 1702682.875000 
859.287537 425.186554 343.982819 268.729553 2481270.750000 
682.417236 347.868011 286.589081 281.537445 1440092.250000 
980.980164 529.416077 417.271606 463.729095 2768548.750000 
807.713013 454.996155 367.877686 474.705231 1870826.875000 
775.886230 459.332642 510.180756 482.135925 2390264.250000 
974.802185 436.955963 324.011536 283.211395 2346197.000000 
831.375916 426.646149 308.571869 306.096802 1649083.250000 
1077.087036 471.529297 484.715027 343.965210 2228013.500000 
922.871826 430.467926 291.147064 327.887848 2263720.000000 
742.697632 412.864166 400.429413 340.886139 1789215.500000 
889.354797 423.330658 289.785034 345.929352 1406697.000000 
1130.461304 638.238831 715.452698 1168.043945 2406378.750000 
829.508606 394.389862 417.195557 284.261230 1327758.000000 
1072.347412 481.636932 368.141479 368.031067 2067881.875000 
775.375732 385.555847 335.563324 320.082306 1962028.750000 
1006.388855 537.803833 580.627014 527.468506 2335256.000000 
926.950256 478.339569 455.068329 363.830994 2311231.750000 
756.408813 389.016357 323.525360 309.786804 1917949.125000 
876.309509 452.899475 448.834656 449.130737 2229975.750000 
848.710999 365.936218 304.187561 390.818909 1807932.000000 
871.861755 448.646393 341.829041 399.502411 1921167.500000 
991.639771 478.944794 360.726013 279.877045 1814381.375000 
1056.389160 435.053619 337.156158 313.480408 2034791.125000 
992.037292 492.672363 474.583893 377.843475 1938011.000000 
908.111816 429.464447 364.219940 342.951141 1671482.500000 
745.675659 497.030121 333.544373 272.150299 2652011.750000 
993.046692 593.332764 447.552612 505.916016 2163683.750000 
929.885376 447.009827 401.934326 290.480011 1673939.375000 
923.575806 469.195587 392.827332 314.622131 1983628.125000 
834.134033 463.184784 365.277496 315.054840 1433516.250000 
928.507690 442.691101 452.694366 473.610931 1869520.750000 
961.643921 522.825806 434.954803 379.423126 2620344.500000 
1023.312256 387.811035 294.241058 366.431366 1654482.125000 
828.700439 452.560699 305.664764 270.472321 1428935.750000 
757.200500 337.099701 244.188019 228.862747 1651795.375000 
970.602600 470.001984 393.090546 341.856964 2291987.250000 
964.300171 455.983063 372.153229 389.330994 1440001.500000 
869.250854 415.735443 302.339905 241.978775 1643304.000000 
838.784058 468.529083 490.783051 522.223389 2494142.500000 
989.871704 478.727509 382.446075 329.755249 1867812.000000 
857.978027 370.615021 296.225891 242.000107 1135373.500000 
973.900452 395.505249 311.022766 305.592804 1782700.875000 
858.253113 376.174255 311.266083 280.437653 1466802.125000 
803.653503 415.807526 428.446045 342.551819 2361882.250000 
949.479736 408.672668 380.219788 369.115387 2381617.250000 
866.285706 442.710449 404.565735 455.942169 3039098.000000 
831.116089 360.170441 301.981842 233.616470 1869713.000000 
969.780457 492.483917 448.775116 513.135254 2243267.750000 
994.985229 412.237579 322.263947 313.358704 2384570.000000 
1112.235107 618.850159 468.362152 435.064026 2218967.000000 
844.905334 431.282562 423.765503 374.760132 2623808.000000 
673.362915 303.348083 271.165009 216.690979 1127637.875000 
