94.110252 64.582932 60.355145 49.294552 37.406887 0.000000 
94.978447 69.449364 60.836601 51.503632 37.930984 0.019782 
89.404083 69.993629 69.822495 58.424206 56.381203 0.000000 
89.599586 65.950996 52.787247 40.972206 22.892166 0.000000 
91.625061 59.255795 58.496593 47.370430 33.869816 0.000000 
88.003891 64.006996 60.184090 45.415539 21.638456 0.027976 
90.405991 66.902222 58.075607 48.402824 30.189432 0.000000 
89.836334 55.443504 66.533020 43.428345 33.178711 0.000000 
88.944298 60.730625 54.759373 37.882294 30.035421 0.000000 
91.874512 71.911293 70.641426 51.031700 38.391479 0.000000 
89.836868 67.539330 59.353741 50.517544 34.187092 0.000000 
87.147079 60.088978 55.600880 52.882008 31.166855 0.000000 
89.637321 68.645592 66.880104 46.477642 31.612814 0.000000 
92.433182 63.859112 45.773533 38.720932 27.752909 0.000000 
88.102478 70.526306 66.538460 47.769409 32.172333 0.000000 
90.266823 73.971947 75.061401 59.009453 47.317116 0.000000 
89.202965 76.516678 95.623276 82.430122 75.323662 0.000000 
85.697136 64.317200 55.439720 44.877884 35.772110 0.019782 
92.166550 76.174797 65.897942 53.902912 32.169231 0.019782 
89.265045 73.620995 63.084415 60.729652 45.810532 0.000000 
86.834343 58.590527 50.769829 37.155529 35.756092 0.019782 
87.339989 69.447891 63.322754 54.148792 43.212910 0.000000 
88.810417 61.324932 50.802280 46.703896 27.062780 0.000000 
89.473305 56.515259 63.896992 52.605827 47.731682 0.000000 
90.793396 70.248474 54.877659 41.802914 32.412865 0.019782 
91.454094 64.234612 56.242416 68.242676 49.774166 0.000000 
95.614151 68.918640 71.174149 54.875759 31.002617 0.000000 
90.712067 63.149307 56.116100 35.871330 27.286467 0.000000 
89.516090 63.802654 66.740273 48.627243 27.825642 0.019782 
87.467888 72.451881 61.917290 38.091599 27.871243 0.019782 
92.624573 61.296810 53.594654 51.392345 35.150314 0.000000 
94.483261 58.816818 53.688129 51.721657 45.007729 0.000000 
87.360458 52.387657 49.802052 40.234680 30.499111 0.000000 
89.665817 66.743950 60.441872 51.698620 46.794933 0.000000 
87.109001 85.300774 77.817673 73.367508 51.082420 0.000000 
92.911865 61.978619 52.673767 42.672932 26.967325 0.019782 
92.966698 68.699409 66.655533 49.237545 45.480217 0.027976 
86.769081 80.137932 62.719673 60.919598 33.692764 0.000000 
92.930412 68.547340 65.320351 49.858627 26.059437 0.027976 
88.134308 60.346291 58.643265 48.546997 42.477215 0.000000 
89.753242 59.433601 53.150948 47.558102 34.184319 0.019782 
86.144432 58.899231 47.188213 49.306087 19.003717 0.000000 
91.312325 61.359528 56.584023 46.600151 33.881966 0.019782 
88.759865 71.402061 62.497299 57.912201 33.612068 0.000000 
91.035873 75.820274 79.421600 58.264969 40.595699 0.000000 
86.428902 73.113686 70.461853 55.144402 36.375790 0.000000 
81.681549 58.328503 51.108887 45.837963 32.931114 0.000000 
87.455048 73.135094 64.486816 59.954811 67.006630 0.000000 
84.978333 58.920326 58.660217 48.743633 50.419167 0.000000 
93.509285 79.779434 79.021545 68.865273 54.314632 0.027976 
86.693367 57.378834 50.951355 45.502098 27.094122 0.000000 
91.646637 70.301674 64.569504 59.457798 50.649132 0.000000 
93.265602 69.533249 56.815739 51.556351 35.052994 0.000000 
87.137764 56.588051 55.814594 44.248749 39.510242 0.000000 
96.117050 68.505852 48.919365 40.912582 27.459339 0.019782 
91.474510 68.478806 60.708809 46.511929 30.795092 0.027976 
86.064156 70.994118 54.999218 45.671104 35.422821 0.027976 
90.927185 87.252274 76.746323 64.297089 34.771957 0.019782 
95.187317 70.335060 56.772171 54.448002 51.932793 0.019782 
90.733185 58.160900 45.958473 38.209690 34.529594 0.019782 
87.171638 59.022697 60.623882 42.954678 27.955843 0.000000 
89.848991 81.482895 64.390877 46.741348 37.478619 0.027976 
88.800285 62.848106 51.882294 47.367889 28.652008 0.000000 
85.713631 61.317627 52.454208 51.315022 24.636141 0.000000 
88.714867 77.657394 70.846085 61.775085 36.166531 0.000000 
84.900154 64.692093 57.133263 49.094479 35.529518 0.000000 
83.605270 66.549515 52.611870 49.059307 29.967382 0.000000 
86.639282 59.685326 52.868340 55.623932 42.872379 0.000000 
84.530037 63.986481 54.180340 51.313473 49.019993 0.000000 
91.342384 74.411224 57.451530 53.039185 32.623234 0.000000 
86.548737 60.683567 46.548176 38.476433 23.596106 0.000000 
87.377060 68.828598 57.315899 47.532001 22.622049 0.000000 
93.038391 65.175743 52.212811 44.888744 30.569645 0.000000 
90.130577 65.537285 52.297482 45.152706 30.725620 0.000000 
92.201065 72.465103 57.466843 55.098076 29.679470 0.000000 
89.349686 64.893738 54.113804 39.400513 30.734592 0.000000 
86.237251 81.249840 87.286301 73.752342 73.228676 0.000000 
88.883003 70.333481 49.351460 49.960026 34.825073 0.000000 
83.777596 60.984966 51.664249 41.245930 23.137312 0.019782 
91.889778 59.580631 49.770187 38.317390 35.838169 0.000000 
91.781876 91.047943 76.711037 77.565697 86.946678 0.027976 
89.180550 71.817307 59.921738 40.453186 20.732983 0.019782 
84.426208 60.149979 58.081856 57.808655 39.752129 0.000000 
94.508430 58.691326 53.407452 58.452099 27.639032 0.027976 
86.364723 70.717415 54.029797 50.083065 32.500965 0.027976 
87.678520 70.823730 58.854424 49.280918 28.451866 0.019782 
88.359245 59.650169 45.618168 45.776661 41.450317 0.000000 
96.031616 59.762257 52.708290 44.868778 28.262449 0.019782 
91.366623 52.062538 45.673607 39.043221 26.929117 0.027976 
83.426933 71.692390 58.678478 54.074463 25.780598 0.000000 
95.729027 80.178604 60.940750 46.677990 38.277576 0.027976 
90.623405 62.903118 58.140549 49.164806 27.178022 0.000000 
86.312569 51.131741 45.465649 36.084549 25.443779 0.000000 
90.018494 81.872429 72.298302 65.031960 38.034046 0.000000 
91.140556 71.097733 56.778568 42.607502 27.112535 0.019782 
92.091560 63.402596 65.914902 62.368443 57.584961 0.019782 
91.421181 80.713028 77.191483 52.796104 48.000847 0.019782 
91.662079 73.893684 61.814888 53.093903 27.488173 0.000000 
90.029785 78.313126 64.302887 66.323013 47.621277 0.000000 
89.056046 59.384815 52.691177 39.308460 37.969635 0.019782 
