89.205070 33.769230 30.977985 31.225428 41.731640 0.027976 
93.753036 47.624031 48.449196 48.601250 47.581501 0.019782 
84.838043 44.254139 38.756897 41.200321 33.949493 0.000000 
85.799858 44.611156 41.337456 41.555340 45.328320 0.000000 
86.747719 44.405479 46.152699 41.255333 46.934242 0.000000 
93.423439 50.838200 50.576820 47.903461 44.294643 0.000000 
93.402161 36.589001 43.703995 44.573727 42.266281 0.027976 
80.721176 39.245975 34.849228 39.267193 42.402134 0.000000 
83.584518 39.202652 42.752174 39.128525 45.890575 0.000000 
89.605667 41.999252 32.963417 40.789154 40.930676 0.027976 
81.682541 40.590252 31.097776 31.942389 39.576061 0.000000 
86.997253 43.807796 39.218204 46.533691 37.496876 0.000000 
85.500168 40.501873 39.431919 38.916214 41.482746 0.000000 
95.063515 69.507614 64.835800 59.882275 49.183750 0.019782 
89.683891 46.477501 39.977783 43.864182 43.184620 0.000000 
80.943329 58.830833 54.353626 52.046036 49.978588 0.000000 
87.558800 37.723736 37.704895 40.138172 45.088211 0.000000 
83.551414 46.076771 41.164398 37.130562 35.835884 0.000000 
87.026474 46.525761 45.788036 42.177029 38.085522 0.000000 
88.902786 52.828468 50.325562 67.713173 45.749317 0.000000 
91.520882 48.068428 41.811001 40.282299 45.428005 0.039565 
72.409340 38.509922 42.360527 43.654175 42.077156 0.000000 
88.280357 51.784401 47.268768 48.086391 44.082558 0.000000 
92.508568 33.299118 35.227505 28.858065 33.984306 0.000000 
89.854424 41.985451 39.680645 40.288052 52.367226 0.000000 
86.291145 60.199482 48.546272 46.951523 51.375572 0.000000 
84.585442 36.044937 34.731178 34.011406 38.801514 0.027976 
87.696739 47.300549 47.027740 46.615688 45.749599 0.027976 
93.031174 43.332504 37.720306 36.692196 36.364883 0.000000 
86.270622 43.387444 48.368786 48.620041 46.217030 0.034264 
91.585213 47.943798 43.078236 35.635792 32.080566 0.000000 
90.862022 54.236160 46.660324 48.829578 40.185478 0.000000 
85.460518 36.035526 41.365162 48.027447 45.767017 0.027976 
93.185410 51.746216 49.712311 51.170193 46.758957 0.034264 
93.204788 68.976822 76.451004 76.024017 52.096844 0.000000 
91.764595 63.951481 59.950481 56.044609 48.073742 0.000000 
89.796257 33.255009 38.627426 36.876228 56.250088 0.000000 
82.939461 31.611965 26.621376 28.269627 33.335728 0.000000 
88.951591 42.449490 41.945900 40.095211 41.536102 0.044235 
91.087173 43.522881 45.156807 43.809658 37.263065 0.019782 
79.774483 43.629353 40.751820 40.668270 42.753124 0.000000 
93.781258 39.751190 36.512661 30.673693 34.730278 0.027976 
84.221878 58.534119 49.339775 49.228142 43.999157 0.027976 
83.089424 43.268379 43.448841 41.260559 41.345348 0.019782 
89.256706 45.091259 44.293739 41.725643 41.416138 0.027976 
97.994102 78.013054 70.480591 69.320335 49.920650 0.019782 
86.155937 36.420853 33.499901 38.589993 40.337154 0.019782 
85.190742 40.690441 40.892178 40.512512 45.621506 0.000000 
90.152802 45.932117 40.123810 35.305099 40.253475 0.019782 
86.881729 41.073708 34.094738 36.718754 40.535099 0.000000 
