2.130056 
2.087530 
2.314799 
2.087828 
2.657191 
2.275167 
2.059869 
2.204012 
2.293191 
2.426871 
2.354053 
2.235339 
2.152929 
2.140077 
2.225223 
1.659053 
2.165786 
2.179485 
2.225381 
2.317506 
2.418139 
2.161632 
2.427676 
2.097386 
2.304902 
2.486289 
2.666830 
2.350691 
2.348963 
2.121238 
2.054759 
1.894720 
2.194626 
2.233952 
2.363446 
2.101472 
2.316091 
2.253119 
2.416223 
2.360700 
2.304747 
2.394756 
2.350291 
2.303888 
2.561523 
2.007523 
2.045351 
1.912458 
1.728981 
2.420309 
