85.052521 61.936302 46.514740 47.849674 34.259731 0.000000 
87.711235 64.477806 50.419827 52.064087 44.469898 0.000000 
90.933762 58.862049 54.552967 45.275757 23.721851 0.019782 
90.384293 50.886299 51.627285 42.477257 28.664516 0.019782 
88.893326 64.633408 55.166080 41.580681 25.487654 0.000000 
84.455788 64.111282 53.167835 48.975040 28.648333 0.000000 
88.720520 70.469429 61.363514 42.660736 23.414515 0.000000 
87.670212 69.101593 59.036400 47.435856 46.725300 0.000000 
88.345161 51.960804 44.237244 28.937086 26.405588 0.000000 
90.488350 57.533741 64.347656 55.956055 47.527424 0.000000 
90.171211 64.052666 46.123089 46.489208 34.004246 0.034264 
87.664810 69.544006 48.473953 42.037182 24.995745 0.019782 
90.993271 66.382950 51.209297 37.102890 29.376337 0.000000 
93.251274 61.987148 49.806793 45.250675 26.973999 0.000000 
88.845161 56.382080 52.173424 49.631016 28.046732 0.019782 
96.384743 73.353271 60.839607 34.957100 20.492456 0.019782 
88.959023 71.354149 64.542976 62.707325 48.887150 0.019782 
83.613724 56.964226 49.796692 33.514515 30.899302 0.000000 
94.716209 73.604996 71.369209 52.492767 23.769073 0.027976 
91.920280 65.443878 51.328979 39.839668 32.737957 0.000000 
94.650703 60.992699 50.714664 43.082375 40.551422 0.000000 
88.857849 63.674797 54.146950 50.483196 36.119175 0.000000 
79.965546 52.016575 43.496883 36.292751 21.480959 0.000000 
88.637093 56.752193 52.548920 44.168652 29.582479 0.000000 
89.481804 70.907097 75.540993 72.068947 41.703785 0.000000 
91.957535 61.713871 60.741470 58.302773 47.425625 0.000000 
94.166344 65.796310 58.306767 46.763599 29.529627 0.000000 
89.265648 55.972538 42.688061 36.083019 25.076483 0.034264 
93.515602 61.991142 47.964249 35.516914 30.289328 0.000000 
90.832367 63.706425 54.636230 50.339424 32.415321 0.000000 
91.770157 55.773518 68.288956 63.246140 65.499565 0.000000 
93.213753 57.998589 52.862724 45.277534 41.906654 0.027976 
95.211693 60.593330 48.614456 42.374542 31.968857 0.019782 
90.267593 58.833797 54.887520 45.190308 35.224510 0.000000 
88.167587 82.420616 67.388664 58.535278 56.221077 0.027976 
82.400253 56.040863 53.002571 49.615910 24.583138 0.027976 
90.269402 63.616032 55.723003 50.157494 40.738033 0.000000 
81.834305 56.463139 43.463161 33.911976 24.768404 0.027976 
93.342133 68.790283 56.608696 49.988705 33.564480 0.027976 
87.652817 57.414608 43.524685 42.448101 24.201586 0.000000 
89.531303 72.998421 64.720978 60.307327 45.579559 0.034264 
95.491142 71.247009 53.107647 46.856663 36.406097 0.019782 
90.536736 54.392570 49.764294 49.624367 38.879532 0.019782 
88.064201 77.944641 63.020832 44.815166 28.603401 0.000000 
92.711395 68.462097 72.079834 65.927719 32.801956 0.027976 
86.770256 61.518089 65.917793 60.195377 49.279968 0.000000 
85.170601 55.296856 41.481636 45.334908 21.813284 0.034264 
90.686798 65.883636 63.302834 60.139652 49.102871 0.000000 
92.691010 62.709595 55.564541 54.265411 26.764423 0.019782 
92.708656 53.200596 47.135666 42.562134 32.682770 0.000000 
88.857765 66.779190 61.983105 47.274372 29.036922 0.000000 
86.933266 53.739510 55.517509 39.667870 26.300381 0.000000 
85.687515 72.407211 58.621628 45.600945 28.355858 0.000000 
90.512123 68.744774 56.334595 55.707588 32.002895 0.000000 
89.584648 41.174801 42.234863 45.928127 41.676983 0.000000 
85.938210 41.113964 42.372902 29.669128 27.797232 0.000000 
90.929604 62.624569 53.244785 50.960934 34.355080 0.000000 
88.087929 79.904427 63.528305 42.126537 19.931610 0.027976 
97.565170 76.158943 65.540985 48.642277 40.742947 0.000000 
95.186241 50.323109 43.334999 31.092484 21.893600 0.000000 
90.218224 70.632355 57.862675 53.696056 37.336739 0.000000 
88.035858 43.792458 47.969517 44.392731 38.882652 0.000000 
84.242882 55.376873 51.823662 48.078991 44.304066 0.000000 
90.726280 66.052406 51.683895 46.412632 26.550087 0.000000 
91.818535 73.657631 64.240372 56.584618 41.847057 0.019782 
88.347824 54.902199 50.836761 36.893661 30.619675 0.000000 
85.309212 52.599537 40.692848 45.539070 41.692822 0.000000 
91.288818 64.332291 52.143837 53.322231 32.946766 0.000000 
88.022926 59.725925 59.550369 50.660324 35.788139 0.000000 
91.658150 65.495659 53.407379 54.759266 32.232979 0.000000 
90.569183 65.422089 53.069088 47.445488 28.910460 0.000000 
91.933670 54.189716 43.933903 34.101894 30.654913 0.000000 
90.494156 72.120132 58.666035 42.589424 21.923960 0.000000 
88.021751 61.388767 55.689621 58.917267 55.495487 0.000000 
92.308968 70.834129 62.297565 44.912628 24.884415 0.027976 
82.655785 51.088161 41.179138 33.622341 20.903526 0.000000 
89.855812 67.556541 77.207359 76.308128 79.649483 0.000000 
96.846413 73.423477 59.524494 54.901356 31.467779 0.000000 
95.762604 61.203136 54.210396 38.975529 22.805386 0.000000 
91.029823 66.337502 52.606911 55.015079 35.242203 0.000000 
92.182777 73.394814 79.284714 76.579422 73.286324 0.000000 
94.593002 55.404301 50.418270 42.666801 32.609604 0.019782 
85.711266 55.251526 56.057880 51.487068 60.475735 0.000000 
87.243271 70.860657 62.169991 55.797981 36.818695 0.027976 
86.603882 55.139938 53.994827 41.602730 30.246817 0.000000 
89.945633 54.144386 49.229359 41.147991 25.173145 0.019782 
88.851685 75.441193 67.861443 49.048878 39.263927 0.000000 
96.405823 60.734158 61.111519 50.753563 30.656822 0.000000 
93.404434 61.782665 56.054443 43.176464 23.291763 0.000000 
87.843346 69.821449 61.956932 55.805901 32.090370 0.019782 
92.995819 58.224560 50.608604 36.839760 31.187988 0.027976 
90.498871 66.580406 57.328289 45.853176 27.982473 0.000000 
89.548157 54.323109 49.440891 35.010815 19.610447 0.000000 
89.320824 64.754829 64.441475 47.420246 31.081591 0.034264 
93.294365 63.985748 50.880280 44.507923 33.318310 0.019782 
92.162132 59.868687 59.394497 53.302830 48.207081 0.019782 
90.322220 66.955238 53.025425 42.938908 33.555252 0.019782 
90.118286 72.619888 57.960636 47.569252 32.014656 0.019782 
88.781914 61.311356 55.572704 55.216320 39.899979 0.027976 
88.376312 60.793491 42.326340 41.306412 34.037281 0.027976 
