5.000516 0.007382 0.010408 0.024426 0.043846 
306.003510 3.581415 0.029555 0.030731 0.062288 
316.963623 6.781286 0.037575 0.032285 0.082811 
137.149155 15.534716 0.074047 0.058676 0.113213 
117.727768 8.358219 0.061393 0.070716 0.147119 
26.600901 107.783607 2.804246 0.193112 0.222583 
98.058769 228.929398 85.711487 46.356632 242.546463 
60.272533 151.848236 43.624134 26.483332 752.785400 
116.017914 36.315746 20.038177 16.206015 1378.946655 
65.213188 104.580452 63.947872 19.940937 1559.702515 
165.197052 53.987984 35.917728 13.089229 1641.751709 
225.482910 81.946007 16.242504 6.473887 3126.980469 
293.139557 98.125610 0.306410 0.158114 4929.215820 
121.410225 52.777756 13.583462 5.315362 5273.687012 
335.187836 73.710068 19.465513 0.161560 9407.789062 
938.097900 3566.559082 806.176697 328.719147 44636.515625 
317.755676 96.292175 3.221689 5.443880 17266.103516 
239.711060 60.852829 19.013277 0.037536 28985.904297 
978.281433 61.969177 2.446915 5.506395 49211.269531 
176.798645 41.815624 11.856384 16.530041 35724.718750 
252.072952 70.307991 17.501400 5.467241 55847.695312 
298.635864 47.706177 14.279704 3.942674 109519.023438 
230.515747 92.621658 57.741837 10.366377 81324.390625 
495.929382 61.585461 2.576226 6.493653 225061.093750 
392.751038 67.625687 17.956299 16.956730 172530.578125 
1495.869751 125.622749 16.834970 7.114232 296272.968750 
207.978012 94.450470 3.998084 3.596918 227740.968750 
270.604156 63.385120 73.389816 6.674498 262906.062500 
193.966537 100.945732 58.499477 18.890776 340016.968750 
214.599716 81.146408 61.044804 57.306232 382652.625000 
212.343201 79.749588 83.679131 19.461378 282321.187500 
315.762482 122.393341 64.574783 38.605675 385099.781250 
417.646576 186.957413 119.687454 104.116623 232640.296875 
666.322754 336.840118 97.187813 155.665115 233766.046875 
2808.199951 2567.762695 481.735718 1410.025635 161111.468750 
5200.565430 19028.484375 2624.689453 7406.701172 140378.375000 
5406.101074 94196.765625 10108.330078 29609.966797 98816.789062 
2377.310547 38613.277344 2560.330566 23908.013672 126391.796875 
788.820557 5685.705566 181.081192 15808.910156 42328.847656 
464.615570 1134.392822 146.231018 15879.653320 16021.303711 
269.660126 331.566406 173.749786 21325.705078 16122.713867 
468.451813 225.380386 119.052963 52283.640625 16002.208984 
363.995819 115.492241 99.554482 67071.468750 17020.628906 
319.015747 98.768349 59.064972 97723.421875 9657.113281 
151.553680 57.005554 44.592110 322530.812500 10464.491211 
247.967133 70.615074 27.031736 446831.218750 11664.957031 
244.622086 94.137604 146.524597 1493586.500000 14370.267578 
398.028015 55.528839 34.069523 1402933.875000 17668.298828 
304.626495 57.417500 25.127176 1204667.250000 19488.988281 
417.095520 104.909164 17.450708 1342212.750000 8387.256836 
212.976532 76.546165 47.080513 913953.500000 16583.773438 
300.754730 80.336983 46.492542 1231144.875000 19712.753906 
222.668564 52.842804 68.422028 1663448.750000 22707.632812 
608.174316 58.123356 51.037239 2693790.000000 26003.093750 
315.581573 53.722237 66.013504 3293877.250000 38809.699219 
330.222931 67.509575 35.810947 4449331.000000 32858.980469 
266.182220 64.392937 40.963665 15954876.000000 48856.750000 
390.248016 60.424084 26.042509 39353024.000000 41345.945312 
289.216644 85.798141 119.522392 196785776.000000 80116.117188 
333.366302 112.382751 37.152046 313717504.000000 58807.183594 
214.833923 93.997330 46.636848 63397808.000000 129672.539062 
311.523895 77.530983 57.844032 30205614.000000 54192.203125 
1077.928467 117.134872 498.468597 35333940.000000 104027.414062 
416.642761 61.819283 59.230816 4319555.500000 79104.773438 
455.731232 78.046104 61.896145 1609183.000000 76263.976562 
408.004364 102.967186 62.354675 1167853.500000 55205.113281 
381.500580 65.793678 104.458466 516224.187500 73185.523438 
870.312256 66.333794 203.533386 367661.187500 79307.625000 
285.573639 111.223213 73.802895 252734.796875 35644.800781 
1019.241760 153.268555 83.355408 233315.093750 61136.480469 
2732.838623 125.636887 286.269867 176568.281250 63266.941406 
288.581604 111.248444 97.659576 190509.093750 46788.984375 
393.166046 105.152313 159.347794 105477.945312 26918.041016 
354.228516 132.846252 108.780785 120048.585938 48814.058594 
173.943832 91.545670 37.754589 106348.218750 32157.628906 
282.607697 146.886093 62.438377 152147.687500 36043.761719 
535.765381 230.814697 169.618225 228319.015625 72781.328125 
312.383362 199.112869 106.360222 433109.250000 50178.125000 
393.012726 302.430908 111.405052 595939.875000 54282.921875 
467.909668 402.101288 213.061142 1271555.750000 31697.255859 
620.225830 718.542725 102.486214 1771839.125000 45894.105469 
1268.663940 962.228943 299.169678 2947866.750000 47128.648438 
1137.020508 1364.526001 131.755493 4258673.000000 78393.320312 
1862.927856 1668.077271 176.628693 5587631.500000 65123.417969 
3494.670898 2451.133057 418.042938 8848756.000000 49218.875000 
3700.186035 2805.864746 161.301422 9769532.000000 54134.292969 
4372.141113 3186.795166 210.376053 16287402.000000 42837.195312 
4612.524902 3197.948975 149.929138 11430611.000000 43059.183594 
9381.424805 3276.539551 285.017120 15641027.000000 33309.785156 
10390.000000 2349.019043 212.743790 5945475.000000 44257.359375 
11848.884766 1739.000122 191.695282 3802446.250000 40523.121094 
17082.632812 2082.334473 174.375854 4208871.500000 32753.289062 
17314.453125 1713.944336 148.866272 2078831.375000 26696.845703 
25698.621094 1488.385620 350.084839 2419354.000000 24068.533203 
24295.912109 1228.764282 154.460052 1765023.125000 23129.417969 
31970.007812 1011.045166 167.499100 1354368.875000 31710.166016 
31611.966797 812.013245 137.794434 1207700.875000 32889.558594 
25286.716797 640.291382 127.654877 916056.625000 19287.935547 
23398.869141 404.287476 120.727882 601820.625000 18406.646484 
33203.351562 561.031982 175.339142 888612.875000 34936.609375 
35987.500000 475.593628 219.125183 731424.812500 20586.207031 
18598.298828 300.096161 113.183205 478195.718750 20439.496094 
18873.166016 366.047791 123.128197 607931.625000 25486.380859 
16731.550781 279.156006 110.522942 593292.187500 30991.437500 
16302.159180 352.033081 96.137505 765075.562500 33003.437500 
18801.181641 292.683716 138.544449 1312080.750000 33997.867188 
19765.259766 412.501740 112.463005 1979632.875000 52619.234375 
17709.869141 363.980957 121.441505 2789874.000000 52270.031250 
18766.312500 403.557617 95.457794 4275999.000000 59380.675781 
18291.460938 261.399078 83.995392 5386360.000000 58056.289062 
22055.695312 290.007080 99.083435 5833070.500000 58983.113281 
32828.515625 406.098816 73.376373 5071354.500000 72566.460938 
40682.968750 325.743317 126.310265 4949435.500000 45478.843750 
44001.980469 355.074493 167.192581 5029766.500000 48113.386719 
44721.437500 302.862610 85.872803 5437927.000000 51829.179688 
52388.730469 319.868103 106.119354 5226084.000000 38446.625000 
37458.046875 264.309906 60.457924 3303680.000000 33248.941406 
40564.343750 214.357697 57.387436 3784821.000000 34434.589844 
40689.437500 438.366119 82.706696 4362528.000000 48878.183594 
44368.925781 392.040344 102.498146 1886605.875000 32056.083984 
29016.078125 240.240829 62.991371 1675042.875000 27223.117188 
21270.404297 211.969650 56.932941 1418433.375000 33047.011719 
16461.837891 255.714615 66.045891 1113499.750000 22279.433594 
18743.605469 285.232208 70.675224 1481142.125000 32703.468750 
14281.936523 214.622375 54.082321 1062628.000000 28841.597656 
12219.414062 237.237244 58.078571 1164041.125000 28467.232422 
11299.166992 202.738861 53.482197 1405584.750000 29492.056641 
11885.151367 205.784943 56.740261 1404827.750000 30650.095703 
10765.333984 244.627487 69.936813 2498174.250000 44177.425781 
8089.837891 211.904785 63.579216 1552234.625000 51804.410156 
6777.386230 200.943237 55.328983 1613651.375000 57411.996094 
5873.784180 202.315506 70.309784 1650627.750000 44845.171875 
3998.519531 182.306808 34.882675 1471173.250000 40557.304688 
2850.362549 181.607925 65.034187 1377075.375000 39394.035156 
1886.007202 165.044586 50.396378 1120791.875000 50965.027344 
1572.636597 139.953888 53.353714 1776432.125000 41169.136719 
1390.511475 209.945862 53.774956 2568797.000000 38828.621094 
1279.161377 191.159332 72.114883 3443628.750000 44766.937500 
804.817749 147.407806 45.205887 2833831.500000 47305.175781 
848.418762 177.101715 46.446873 3199412.500000 61812.160156 
861.402954 183.475555 86.061760 5760840.500000 48495.988281 
801.419128 195.872009 74.307228 6033641.500000 43836.531250 
757.745605 257.038025 62.175987 5982676.000000 36801.476562 
621.098022 168.548431 62.473953 5223671.000000 40125.585938 
1238.195068 288.528351 104.478386 5542999.000000 57363.093750 
450.845856 123.348167 40.123890 3792005.500000 37874.746094 
500.464813 147.597092 68.392433 2945467.250000 43838.953125 
405.183380 160.496201 56.432453 2209852.500000 50355.187500 
390.877197 162.836563 68.341164 1710032.250000 36598.019531 
509.742706 157.829376 58.473858 1900375.000000 45059.500000 
537.692017 147.292786 80.786491 2298424.500000 62206.394531 
640.089478 225.588043 60.917896 3294414.250000 90733.710938 
679.552490 290.554321 95.897545 1807591.625000 80928.375000 
449.219757 113.453651 73.329361 1016994.062500 47061.867188 
459.645813 125.951286 46.608452 977239.062500 57230.953125 
630.869263 205.856995 51.273457 585559.437500 63712.613281 
581.812927 147.552002 65.089424 429314.968750 62449.144531 
811.374268 309.961060 89.790726 519328.093750 67280.945312 
1200.601685 445.312653 80.765694 351905.937500 57820.367188 
1217.284058 238.990875 58.768131 326979.312500 47438.390625 
1601.531738 175.911362 63.022091 236808.343750 39076.492188 
1792.997070 303.017059 60.186127 203668.078125 43054.148438 
1939.388916 218.381760 65.808495 314025.468750 67376.585938 
2633.349365 354.670319 57.859200 259220.875000 34252.750000 
5548.762207 347.189880 82.596535 484704.500000 46652.277344 
7587.990234 347.247314 99.402824 521090.906250 45784.312500 
9927.964844 346.858948 130.446228 610184.750000 43700.597656 
10348.532227 329.685913 105.533035 595019.125000 35027.843750 
14966.787109 313.497894 75.735222 792481.187500 27372.691406 
24967.220703 842.098450 149.788315 941431.750000 44321.164062 
39448.015625 675.613220 144.358063 1418026.000000 40940.394531 
36368.058594 596.398438 116.163475 1817075.375000 32596.810547 
45142.679688 793.366211 145.597626 2046990.000000 37045.863281 
37164.023438 666.692993 133.689514 2627499.250000 51358.753906 
44032.003906 668.244385 141.974716 2175543.000000 56207.281250 
40508.718750 470.385315 108.755981 1357935.625000 62395.156250 
26495.699219 603.682251 161.903229 1093656.875000 51066.187500 
21899.691406 512.371460 140.794266 624465.625000 56391.320312 
13352.462891 360.470734 93.996277 514859.937500 56508.464844 
12317.295898 357.726532 83.521881 358785.281250 45252.449219 
13040.429688 316.893066 243.018600 511165.125000 73005.937500 
12440.805664 594.698120 95.155731 345305.781250 64005.710938 
12271.997070 499.421661 103.645821 256973.718750 48440.902344 
12783.477539 331.079041 76.597298 295712.312500 56508.464844 
16354.150391 513.446289 105.551826 382656.500000 57932.160156 
19003.587891 842.667542 79.814888 455886.406250 51446.222656 
16849.894531 528.582092 82.466110 625855.125000 51197.011719 
13123.652344 756.681458 112.356590 1133700.375000 30580.603516 
9396.456055 690.946960 65.416458 397052.906250 40034.179688 
11155.398438 1690.011475 100.181908 182496.046875 57986.617188 
10105.662109 226.180832 168.584686 40648.449219 16141.660156 
10053.183594 432.676147 69.934425 136312.000000 50972.652344 
10913.764648 523.185181 153.274124 184926.250000 43284.503906 
9583.516602 1017.680420 104.856560 183871.437500 44294.847656 
8596.851562 475.126862 114.290428 167534.093750 30496.853516 
7422.166992 371.273804 85.920570 179932.750000 27978.902344 
8015.406250 688.191406 124.450531 219637.281250 35040.003906 
9302.385742 680.803833 104.011261 315719.281250 36630.226562 
11490.990234 1331.325317 159.741806 259367.171875 35085.441406 
12602.542969 2038.881592 234.615036 405105.218750 53157.949219 
8984.315430 2512.808838 165.950989 477693.843750 36941.437500 
6393.141602 2643.710938 190.267776 311488.812500 32645.507812 
7298.458496 3031.548828 163.621597 391666.562500 38283.367188 
5032.233887 3085.599854 164.995483 346679.750000 47867.339844 
2752.842529 2189.526855 125.911133 235529.875000 41506.195312 
2906.417969 2866.979736 367.298004 338130.468750 47862.109375 
1380.707397 1831.711914 171.261780 138237.562500 34494.136719 
1459.038086 2316.132812 183.543396 166765.953125 31253.941406 
1625.650391 2997.246826 194.016052 160955.468750 56576.515625 
998.879517 2013.583862 125.680054 102983.585938 33151.078125 
922.023254 2156.171387 251.128616 51409.882812 37263.636719 
1079.830322 2266.164062 167.557114 37048.062500 30070.818359 
688.065308 1806.287964 113.577209 17103.552734 24932.683594 
734.065918 1756.446167 139.628906 13315.355469 23754.125000 
1269.999146 2252.806641 164.783051 16047.251953 34754.578125 
1184.203735 2459.848877 315.460632 13443.904297 42471.691406 
979.284607 2025.532227 177.856583 6043.480957 22755.107422 
722.342529 1461.493774 125.747162 5105.617676 23535.031250 
864.676270 1448.914795 111.040199 4708.901855 16303.423828 
1029.658691 1706.264038 126.689796 4510.730469 16972.945312 
1286.376343 2441.642822 169.877975 4882.473145 18445.105469 
1839.271973 3376.019043 233.186829 7032.206543 22069.546875 
1733.462280 2445.759521 186.578918 4762.636230 24404.121094 
2029.716553 2760.022461 139.907974 7432.344238 22365.267578 
3174.924561 3501.846191 195.263245 12430.775391 20716.041016 
4159.428223 3151.464844 231.945068 8385.636719 22367.453125 
4829.658203 3249.630127 262.889374 6258.667480 30429.783203 
6466.409180 3261.143555 212.714767 8686.550781 30278.527344 
7623.403320 3862.778809 219.790283 13230.215820 34610.199219 
8511.286133 3063.849854 353.501068 10020.417969 43498.750000 
8596.187500 2430.738281 255.898361 5987.170410 43800.429688 
10651.056641 2320.683105 368.795837 10389.291016 66221.187500 
6048.768066 938.148682 132.358444 4009.984619 67778.468750 
3601.301025 618.779175 139.357101 5657.782227 55192.832031 
1890.488770 383.915100 125.393173 1435.153442 55582.257812 
1189.393921 328.616302 175.980652 858.295471 100928.257812 
1030.687378 179.615128 83.150604 1152.683594 58274.714844 
759.292847 168.583572 62.355270 805.137390 111780.132812 
639.657776 163.780960 81.007294 485.450867 109905.601562 
630.657471 301.444122 87.140228 839.992615 110506.679688 
551.651978 151.017563 42.055763 391.032135 138703.125000 
584.124207 343.791748 76.116615 785.093933 177925.687500 
412.165100 181.537338 57.822571 1406.369263 86075.710938 
436.410248 335.333252 194.977066 434.801575 123924.734375 
276.578308 137.491776 50.475555 405.919800 48787.128906 
483.568481 219.550003 119.392929 575.371948 70826.039062 
528.365479 205.324631 94.635780 296.802429 47687.359375 
835.046509 419.350372 133.645340 1083.965698 51874.414062 
550.197144 156.379730 48.136112 265.165253 28543.318359 
685.597534 157.799774 43.060913 353.812347 36192.277344 
971.547729 283.512512 84.104767 526.190186 18742.152344 
1637.141235 233.442810 100.489586 1172.854004 30003.466797 
1496.181396 190.701202 107.151054 1237.517578 21109.041016 
1914.087158 223.428253 105.046761 1146.069580 24879.810547 
2880.757812 360.487396 149.746277 2161.635254 20023.494141 
3879.872559 271.173492 163.489090 1932.720337 29635.804688 
4894.128418 348.713287 219.309387 3224.741943 26808.470703 
8822.466797 287.150726 220.821945 5091.525391 42091.320312 
12429.553711 310.187225 417.822784 6831.696289 41913.675781 
11907.001953 208.739548 656.445068 8413.920898 28225.896484 
15713.360352 256.278442 527.117737 8946.220703 38858.867188 
21682.566406 382.448700 628.093994 16426.750000 50403.703125 
24602.781250 345.450043 781.108521 17000.812500 47756.453125 
27921.376953 506.825989 960.116577 18994.253906 30327.210938 
27880.285156 387.490875 768.461731 18980.767578 45955.445312 
22530.777344 344.828796 645.431580 9287.582031 51279.980469 
22022.779297 653.594604 1153.136719 12928.002930 83271.437500 
14711.006836 333.686920 711.080139 11905.045898 57648.519531 
11515.853516 298.412628 377.503937 7960.788574 60303.460938 
9256.271484 329.378174 380.010590 5957.475586 46248.703125 
7476.480469 398.372314 344.665253 6889.096191 59423.808594 
7041.653320 466.670349 515.214844 7819.338867 68948.921875 
5431.582520 483.848694 365.453308 5428.778320 32162.160156 
4157.045898 282.541321 137.003937 1674.843018 37166.550781 
3094.387939 242.648712 90.216949 1832.106445 46173.195312 
2556.618408 402.573853 156.044556 2136.255371 39591.835938 
2096.390625 190.148270 74.998650 1166.956909 29939.908203 
2474.064453 281.178802 108.711433 2113.472412 44305.238281 
1799.042969 371.360931 179.493958 2259.396973 46200.042969 
1917.984131 266.431610 93.830292 1521.377930 45973.441406 
2044.433838 255.749603 92.608002 1787.961548 50701.781250 
1671.102173 441.335236 150.649445 2318.658203 68363.820312 
2066.343506 515.738098 134.280731 3044.537842 65385.625000 
2189.273926 533.146667 137.459839 2299.926270 61293.453125 
2309.593262 425.678467 107.147835 2446.690430 55939.699219 
3709.622803 564.869507 104.519005 2697.751221 63697.523438 
3865.790283 549.072021 156.883240 3276.857910 60673.679688 
7824.466797 1156.554199 282.972015 7734.842285 55331.207031 
11800.605469 1297.109253 276.281250 8155.347168 55072.687500 
10925.029297 933.325500 223.233231 5098.249023 46487.726562 
8822.418945 722.805481 175.358353 3786.131836 35890.175781 
10573.925781 1444.711792 824.526672 5015.430176 62886.902344 
11995.610352 758.515747 406.692963 4851.353516 44770.171875 
13825.675781 874.040527 448.095673 6919.465820 66812.578125 
15268.758789 805.452698 700.921509 4837.432129 49951.355469 
13865.368164 653.476929 517.693115 9262.353516 70028.085938 
7788.416504 507.621033 511.255341 5848.119629 37646.628906 
5811.611328 271.332764 428.518372 4664.606934 39441.230469 
6759.630371 310.962006 406.976959 4010.606445 44176.660156 
5862.651855 291.320740 656.517639 6844.075684 47263.867188 
5198.729004 252.305664 407.068848 3484.299316 40052.847656 
6151.746094 313.534424 520.022949 3475.332764 47790.503906 
6167.022949 263.892792 584.945129 4926.975098 49982.593750 
6623.158203 226.725891 429.712494 4580.578125 39957.000000 
6674.519043 265.756012 696.279541 7043.982422 51017.531250 
9897.279297 300.708221 1327.762817 5697.019043 48193.601562 
9339.948242 207.011078 920.713318 8342.669922 44816.460938 
10583.245117 584.024170 1461.169800 16741.976562 67463.671875 
9106.208984 232.011337 1076.478882 9326.346680 35124.449219 
9024.888672 286.935760 1339.448486 9112.152344 60218.781250 
8204.757812 222.050262 1668.881348 6868.218750 52066.144531 
8140.751465 227.144241 604.842896 4308.703613 41438.921875 
5909.564941 311.224274 527.749573 3017.498047 42809.917969 
4257.480957 165.861923 202.250534 1478.845825 50210.984375 
3697.816895 198.270065 213.310638 883.206604 63236.894531 
3601.790527 131.440216 130.792175 681.608704 43443.734375 
3946.458740 252.457352 128.599319 389.260468 74156.039062 
4280.487793 220.872284 160.774963 534.059937 66843.914062 
4485.594238 203.309662 74.713181 461.873718 73001.617188 
4729.390137 168.801590 107.363289 469.128571 55109.812500 
5380.420410 157.473190 75.976799 538.060669 67848.757812 
6170.461426 186.568970 115.306854 441.201263 68110.484375 
6314.668457 192.803009 97.908920 289.917511 62986.699219 
9143.688477 334.341156 173.876450 565.420471 101848.750000 
8776.993164 145.982376 69.350693 363.664673 83140.601562 
13858.101562 222.724060 111.179527 724.071899 95004.593750 
14189.718750 326.435425 160.465424 819.692017 127148.523438 
14436.723633 238.292114 175.724640 859.140137 94198.585938 
15295.985352 238.674911 150.715744 944.929749 113895.023438 
11388.388672 181.806717 107.222282 739.174683 101692.726562 
20380.748047 232.667343 132.541809 967.832703 85195.328125 
26131.238281 330.058105 199.896896 1546.215698 101874.656250 
31947.978516 237.261124 103.700165 1238.385986 124731.796875 
45386.312500 516.177856 219.203400 1641.446655 167961.125000 
53722.160156 247.760681 162.051437 1673.721680 156203.015625 
75867.835938 354.048309 157.739243 3245.115234 181174.703125 
113697.039062 445.219025 278.441772 3187.391602 251617.453125 
147256.656250 434.994110 254.480682 3293.827393 148298.000000 
181039.453125 532.267212 216.830887 1286.569824 123987.031250 
243351.343750 552.092346 307.434357 1819.869995 96324.664062 
271370.031250 751.917358 255.008011 908.084106 96716.460938 
180000.984375 640.821533 288.871033 957.767822 97372.226562 
284925.687500 657.835999 220.192581 614.136658 66405.429688 
248106.531250 832.145813 287.974274 658.019470 67229.867188 
211415.500000 756.321228 310.540985 527.293091 40769.832031 
278771.125000 974.048950 667.802429 734.300781 46341.265625 
192103.515625 1057.795044 458.090027 726.487732 33217.304688 
278984.343750 1065.503296 536.759521 701.794983 36176.214844 
215624.921875 1377.789795 597.112793 663.676697 22853.757812 
131559.531250 1183.217651 590.288574 768.215515 30826.992188 
80156.929688 1713.159546 963.959961 1032.543823 23581.244141 
41887.183594 1194.938232 549.156799 558.518127 16504.023438 
31869.789062 1038.695190 497.526917 1650.427490 24593.960938 
23682.109375 1183.839600 363.519836 1247.624512 20202.890625 
17849.398438 824.431946 347.192139 842.266235 20748.236328 
12771.569336 1366.668701 538.243469 1593.330933 20023.722656 
7635.674805 747.786865 500.692017 1428.375977 23513.089844 
5745.069336 707.032043 317.053162 1317.577515 30767.513672 
4824.249512 909.405396 304.621094 942.903625 28747.115234 
3112.994873 367.976898 211.508987 1093.557495 35613.746094 
3742.378174 588.903198 195.440170 1530.009888 25231.617188 
3612.416504 521.427490 259.607208 2059.909180 37320.070312 
3233.707031 571.741882 204.671936 1960.797729 33201.539062 
3803.253662 741.675842 222.347031 2478.481934 41588.816406 
5083.086426 1275.239746 305.902893 4775.845215 49291.230469 
4347.748047 704.776978 189.572281 5099.449707 88979.312500 
4950.666016 924.644287 282.299835 6636.324219 66222.710938 
4268.244629 873.448303 186.982422 3951.764893 116669.320312 
4842.002930 979.118469 215.855469 6682.279297 108838.539062 
4258.283203 712.413574 223.574493 5267.759277 181517.234375 
5674.127441 866.598877 245.255280 8545.365234 202124.000000 
5280.935059 631.802063 204.244629 12912.537109 150350.531250 
4825.050781 399.294220 179.212921 10252.225586 109957.773438 
3705.069092 386.460327 157.248749 9298.740234 190025.546875 
4072.207520 422.199860 112.005768 15207.844727 88430.968750 
3147.380615 335.334320 111.810997 16253.944336 64540.234375 
4391.347656 326.448364 139.462387 20324.757812 81839.328125 
4309.807617 349.309418 313.231140 51449.156250 66924.937500 
4731.111328 350.868744 159.519958 42808.101562 68082.710938 
3744.910156 311.586731 127.802063 28969.000000 66373.468750 
5322.761719 361.584930 196.830292 96547.984375 59376.140625 
5163.066895 454.707092 120.217636 31773.759766 58540.304688 
4426.995117 239.910782 87.316872 21274.337891 40562.570312 
5701.907715 301.786499 113.227043 23639.039062 50748.398438 
7739.498535 286.974792 92.428215 47816.007812 58364.414062 
8591.109375 253.745987 85.680801 29783.615234 51960.277344 
11093.854492 383.151611 90.516960 29115.994141 79036.789062 
10762.655273 265.490662 81.223213 21948.216797 55041.230469 
11580.457031 253.944000 117.541847 28944.669922 51240.769531 
12394.348633 492.669312 100.156654 11374.834961 59880.015625 
13767.326172 589.017395 108.263542 18576.546875 109605.773438 
17567.744141 1901.734009 120.509674 9579.644531 101994.445312 
11821.542969 282.608978 59.083992 5571.175293 98028.460938 
9890.936523 463.705780 94.124878 1376.000366 83254.875000 
9093.323242 297.691223 62.320438 1202.059326 90776.773438 
7816.164062 218.596451 35.095467 301.897797 93573.500000 
7720.117188 326.124603 29.124426 412.943085 74435.554688 
6889.639648 302.919922 30.581182 119.334816 103546.375000 
9376.480469 426.786957 67.794846 152.181381 106438.960938 
8242.314453 146.514664 54.509033 161.214935 49506.214844 
19445.736328 597.949707 102.003960 101.524010 92911.367188 
22280.072266 327.260803 57.623493 169.412994 92913.546875 
23140.589844 184.715973 36.491604 73.779976 70662.953125 
29104.263672 329.669556 67.970024 73.231033 90313.695312 
38729.726562 449.237305 54.134682 92.265030 68678.562500 
64832.726562 412.714813 49.745716 71.131500 78309.156250 
161033.125000 920.306030 74.549194 152.729843 95839.562500 
226274.906250 273.042969 31.415693 35.590874 76911.546875 
816574.187500 1128.395752 84.781418 188.391632 137786.078125 
822694.500000 510.731476 78.482376 334.694397 151427.843750 
832783.125000 472.057434 97.976402 443.474182 119499.976562 
784318.000000 372.534943 89.249748 172.270905 89127.992188 
911826.687500 502.385162 73.387138 331.660614 115942.804688 
984107.500000 573.237854 154.623474 979.984985 134653.125000 
636628.500000 751.030273 107.628868 512.902161 172773.234375 
598254.750000 518.842407 100.138046 1509.728149 154097.093750 
151460.562500 665.730713 112.442146 953.477539 79765.773438 
38685.425781 1147.765869 52.814987 819.064941 64964.570312 
8457.898438 257.695007 50.344955 397.655029 50877.972656 
3080.145508 732.926392 36.280594 272.215515 48590.820312 
1101.558594 301.100159 35.252960 262.371307 43400.796875 
874.296692 890.742188 57.374981 616.797241 46518.031250 
584.164673 401.770233 42.824520 723.545959 50947.843750 
506.612091 546.755493 32.498363 481.862488 23585.429688 
509.395599 502.170990 43.376732 491.381134 64731.515625 
440.050018 1612.143921 55.747902 455.361267 76267.632812 
449.875641 2446.786621 30.042034 360.667542 46118.769531 
559.602295 1224.551147 41.407894 722.264160 53721.804688 
528.882874 774.732788 57.839115 406.135406 53041.167969 
599.412354 1756.948853 81.523003 807.276123 60789.222656 
617.048828 882.760559 54.447365 1386.979370 45208.367188 
860.493835 2651.105225 53.311977 1292.042725 45462.000000 
963.203430 1869.300537 42.377140 1449.130859 41649.468750 
1206.372681 4615.525879 151.421783 2287.563721 62384.710938 
1517.207153 2643.306885 63.870770 892.958191 53993.175781 
1990.896973 4648.550781 66.390991 1158.410522 37939.707031 
2842.303711 1955.656128 77.624069 849.082520 36861.652344 
4773.129395 1952.789673 113.100288 1639.827026 35804.750000 
5270.575684 2019.800659 66.211037 882.038025 13965.661133 
8838.126953 4628.481445 133.229889 1734.219360 50111.484375 
11434.362305 3445.041748 187.439880 1081.495605 36088.773438 
16276.345703 2882.050781 150.139404 744.190918 34281.894531 
25071.302734 1232.587646 138.680359 852.976807 40848.089844 
39552.593750 1331.140503 212.289612 1185.038818 49294.449219 
46748.125000 1347.234741 185.487152 930.245789 61188.765625 
69423.164062 1009.616882 340.937836 1437.722290 62945.675781 
83361.039062 1493.433105 215.377274 697.515991 49674.007812 
80753.031250 1107.326050 223.901886 406.493805 49048.644531 
109302.234375 1273.835083 206.974106 447.753418 63754.125000 
127967.726562 1543.694336 170.351318 347.686615 58601.414062 
165811.546875 1862.523804 266.087646 539.949646 68745.664062 
163517.765625 1532.141724 241.696960 371.727905 73871.250000 
157298.843750 1579.419678 194.648239 245.735596 76412.867188 
197706.343750 631.740173 176.595840 200.761414 65764.023438 
153712.531250 3593.366943 194.820023 493.567505 78786.468750 
133307.359375 1260.388672 134.365204 193.490036 69252.015625 
100202.445312 1620.004761 404.820282 228.608231 77998.117188 
81167.453125 1016.538452 168.764008 249.733673 108186.609375 
71003.578125 871.129761 146.957657 182.678253 103780.242188 
51903.027344 1136.538696 121.958405 177.789627 103187.429688 
40368.105469 986.058655 134.118988 544.004395 97595.453125 
29156.083984 1445.963989 121.784630 185.080627 117628.523438 
16712.478516 700.423767 386.368988 132.382446 99238.632812 
11851.227539 390.672699 81.567421 85.089516 97868.710938 
8835.915039 953.806335 103.203934 146.461243 139398.843750 
6220.306641 993.298584 104.002060 211.114044 136836.937500 
6898.046875 1325.250854 98.999420 89.102066 151768.140625 
5279.256836 1633.618652 76.636353 260.190582 90709.500000 
4429.917480 1203.721558 87.905685 92.277229 115484.523438 
4107.033691 1762.037842 99.826050 70.487831 67021.070312 
3568.315918 2982.024658 60.085777 96.457832 144745.203125 
3395.752686 1551.474121 107.983818 93.814713 152367.484375 
3138.278076 2648.906250 65.120850 65.254807 120270.250000 
7742.043945 16604.935547 608.062988 226.708893 110130.015625 
86981.054688 86351028463283868794880.000000 2551106240512.000000 7656.045898 81.556450 
972531.500000 67707531129053754949632.000000 18012715352064.000000 7929.333496 72.684418 
10726255.000000 406716479468127597363200.000000 36804325539840.000000 3192.405518 2320.211182 
32687731507200.000000 9070331904.000000 9969985536.000000 11320.158203 19678.798828 
1253950.750000 268221567554447990587392.000000 5709381500928.000000 1992.866455 2978.378174 
25053.388672 42780728688306636718080.000000 7009830699008.000000 7512.412109 13437.315430 
797.938782 24145772430769831018496.000000 1060157915136.000000 344665.468750 39368.484375 
298.046631 13453692928.000000 2042732416.000000 108864120.000000 7375373.500000 
nan nan nan nan nan 
